2458346.727899 20.634591 0.004366
2458347.220966 20.631694 0.004355
2458347.714033 20.631850 0.004355
2458348.217627 20.631850 0.004355
2458348.710694 20.632883 0.004359
2458349.203761 20.629647 0.004346
2458349.707355 20.633087 0.004360
2458350.200422 20.635202 0.004369
2458350.693489 20.644388 0.004406
2458351.197082 20.633008 0.004360
2458351.690150 20.636961 0.004376
2458352.183217 20.635893 0.004371
2458352.686810 20.630194 0.004349
2458353.179877 20.640345 0.004389
2458353.672944 20.634105 0.004364
2458354.176538 20.634450 0.004366
2458354.669605 20.639904 0.004388
2458355.162672 20.629616 0.004346
2458355.666266 20.632836 0.004359
2458356.159333 20.639825 0.004387
2458356.652400 20.637165 0.004377
2458357.155994 20.633087 0.004360
2458357.649061 20.628727 0.004343
2458358.142128 20.630693 0.004351
2458358.645721 20.636615 0.004374
2458359.138788 20.627277 0.004337
2458359.631856 20.633415 0.004361
2458360.135449 20.634215 0.004365
2458360.628516 20.634936 0.004368
2458361.121583 20.642127 0.004397
2458361.625177 20.634277 0.004365
2458362.118244 20.638014 0.004380
2458362.611311 20.632899 0.004359
2458363.114905 20.640140 0.004389
2458363.607972 20.634136 0.004364
2458364.101039 20.630693 0.004351
2458364.604632 20.629444 0.004346
2458365.097700 20.631365 0.004353
2458365.590767 20.634716 0.004367
2458366.094360 20.635249 0.004369
2458366.587427 20.638628 0.004382
2458367.080494 20.634669 0.004366
2458367.584088 20.634967 0.004368
2458368.077155 20.635909 0.004371
2458368.570222 20.631006 0.004352
2458369.073816 20.632335 0.004357
2458369.566883 20.636772 0.004375
2458370.059950 20.630240 0.004349
2458370.563544 20.636128 0.004372
2458371.056611 20.635532 0.004370
2458371.549678 20.637653 0.004378
2458372.053271 20.633243 0.004361
2458372.546338 20.624276 0.004325
2458373.039406 20.637747 0.004379
2458373.542999 20.636144 0.004372
2458374.036066 20.630287 0.004349
2458374.529133 20.636380 0.004373
2458375.032727 20.634763 0.004367
2458375.525794 20.632179 0.004356
2458376.018861 20.630475 0.004350
2458376.522455 20.632304 0.004357
2458377.015522 20.636128 0.004372
2458377.508589 20.635532 0.004370
2458378.012182 20.633462 0.004362
2458378.505250 20.627651 0.004338
2458378.998317 20.636914 0.004376
2458379.501910 20.636914 0.004376
2458379.994977 20.635642 0.004370
2458380.488044 20.650385 0.004430
2458380.991638 20.638203 0.004381
2458381.484705 20.630256 0.004349
2458381.977772 20.634450 0.004366
2458382.481366 20.632398 0.004357
2458382.974433 20.636160 0.004372
2458383.467500 20.631882 0.004355
2458383.971094 20.637008 0.004376
2458384.464161 20.635736 0.004371
2458384.957228 20.639053 0.004384
2458385.460821 20.639588 0.004386
2458385.953888 20.637999 0.004380
2458386.446956 20.631053 0.004352
2458386.950549 20.635971 0.004372
2458387.443616 20.632867 0.004359
2458387.936683 20.637134 0.004376
2458388.440277 20.632288 0.004357
2458388.933344 20.637212 0.004377
2458389.426411 20.639368 0.004385
2458389.930005 19.618223 0.002829
2458390.423072 18.853848 0.002124
2458390.916139 18.854125 0.002125
2458391.419732 18.857345 0.002131
2458391.912800 18.857269 0.002131
2458392.405867 18.852882 0.002122
2458392.909460 18.858633 0.002133
2458393.402527 18.853264 0.002123
2458393.895594 18.854901 0.002126
2458394.399188 18.854165 0.002125
2458394.892255 18.858346 0.002133
2458395.385322 18.852010 0.002120
2458395.888916 18.851245 0.002119
2458396.381983 18.855821 0.002128
2458396.875050 18.850990 0.002118
2458397.378644 18.856244 0.002129
2458397.871711 18.854146 0.002125
2458398.364778 18.849659 0.002116
2458398.868371 18.854867 0.002126
2458399.361438 18.857275 0.002131
2458399.854506 18.851218 0.002119
2458400.358099 18.855431 0.002127
2458400.851166 18.856235 0.002129
2458401.344233 18.850172 0.002117
2458401.847827 18.853745 0.002124
2458402.340894 18.856247 0.002129
2458402.833961 18.854435 0.002125
2458403.337555 18.856445 0.002129
2458403.830622 18.854521 0.002125
2458404.323689 18.852772 0.002122
2458404.827282 18.851242 0.002119
2458405.320350 18.853690 0.002124
2458405.813417 18.856881 0.002130
2458406.317010 18.855175 0.002127
2458406.810077 18.854496 0.002125
2458407.303144 18.852727 0.002122
2458407.806738 18.856659 0.002130
2458408.299805 18.853699 0.002124
2458408.792872 18.853550 0.002123
2458409.296466 18.853410 0.002123
2458409.789533 18.856430 0.002129
2458410.282600 18.854950 0.002126
2458410.786194 18.853982 0.002124
2458411.279261 18.856857 0.002130
2458411.772328 18.855412 0.002127
2458412.275921 18.863296 0.002132
2458412.768988 18.889819 0.002148
2458413.262056 18.921454 0.002176
2458413.765649 18.950310 0.002197
2458414.258716 18.981669 0.002225
2458414.751783 19.002194 0.002231
2458415.255377 19.034824 0.002261
2458415.748444 19.063087 0.002284
2458416.241511 19.093625 0.002312
2458416.745105 19.124774 0.002341
2458417.238172 19.148166 0.002354
2458417.731239 19.179675 0.002386
2458418.234832 19.204319 0.002401
2458526.481367 20.635626 0.004370
2458526.984960 20.631678 0.004354
2458527.478027 20.631569 0.004354
2458527.971094 20.633588 0.004362
2458528.474688 20.633807 0.004363
2458528.967755 20.635830 0.004371
2458529.460822 20.636725 0.004375
2458529.964416 20.628586 0.004342
2458530.457483 20.634105 0.004364
2458530.950550 20.634105 0.004364
2458531.454144 20.634152 0.004364
2458531.947211 20.639919 0.004388
2458532.440278 20.640613 0.004390
2458532.943871 20.635140 0.004368
2458533.436938 20.631975 0.004356
2458533.930006 20.634230 0.004365
2458534.433599 20.634795 0.004367
2458534.926666 20.633823 0.004363
2458535.419733 20.638109 0.004380
2458535.923327 20.635940 0.004372
2458536.416394 20.628243 0.004341
2458536.909461 20.642696 0.004399
2458537.413055 20.634183 0.004365
2458537.906122 20.632711 0.004359
2458538.399189 20.638187 0.004381
2458538.902782 20.632742 0.004359
2458539.395850 20.639982 0.004388
2458539.888917 20.641701 0.004395
2458540.392510 20.638014 0.004380
2458540.885577 20.635501 0.004370
2458541.378644 20.635579 0.004370
2458541.882238 20.634167 0.004364
2458542.375305 20.635391 0.004369
2458542.868372 20.634951 0.004368
2458543.371966 20.632413 0.004357
2458543.865033 20.630959 0.004352
2458544.358100 20.630834 0.004351
2458544.861694 20.631240 0.004353
2458545.354761 20.637590 0.004378
2458545.847828 20.635909 0.004371
2458546.351421 20.629460 0.004346
2458546.844488 20.633165 0.004360
2458547.337556 20.641054 0.004392
2458547.841149 20.633227 0.004361
2458548.334216 20.641228 0.004393
2458548.827283 20.636505 0.004374
2458549.330877 20.633149 0.004360
2458549.823944 20.634685 0.004367
2458550.317011 20.647208 0.004417
2458550.820605 20.633227 0.004361
2458551.313672 20.638880 0.004383
2458551.806739 20.639305 0.004385
2458552.310332 20.634183 0.004365
2458552.803400 20.632007 0.004356
2458553.296467 20.635077 0.004368
2458553.800060 20.635579 0.004370
2458554.293127 20.636992 0.004376
2458554.786194 20.637794 0.004379
2458555.289788 20.636191 0.004373
2458555.782855 20.633541 0.004362
2458556.275922 20.630615 0.004350
2458556.779516 20.636380 0.004373
2458557.272583 20.642917 0.004400
2458557.765650 20.631475 0.004354
2458558.269244 20.637134 0.004376
2458558.762311 20.627729 0.004339
2458559.255378 20.636443 0.004374
2458559.758971 20.638250 0.004381
2458560.252038 20.636804 0.004375
2458560.745106 20.638612 0.004382
2458561.248699 20.633462 0.004362
2458561.741766 20.630287 0.004349
2458562.234833 20.639273 0.004385
2458562.738427 20.632398 0.004357
2458563.231494 20.635720 0.004371
2458563.724561 20.635909 0.004371
2458564.228155 20.634011 0.004364
2458564.721222 20.634904 0.004367
2458565.214289 20.632382 0.004357
2458565.717882 20.630303 0.004349
2458566.210950 20.635422 0.004370
2458566.704017 20.634246 0.004365
2458567.207610 20.636898 0.004375
2458567.700677 20.635924 0.004372
2458568.193744 20.636301 0.004373
2458568.697338 20.635799 0.004371
2458569.190405 20.636003 0.004372
2458569.683472 20.633807 0.004363
2458570.187066 20.637322 0.004377
2458570.680133 20.633415 0.004361
2458571.173200 20.636301 0.004373
2458571.676794 20.634685 0.004367
2458572.169861 20.635030 0.004368
2458572.662928 20.641165 0.004393
2458573.166521 20.635909 0.004371
2458573.659588 20.634967 0.004368
2458574.152656 20.628758 0.004343
2458574.656249 20.628929 0.004343
2458575.149316 20.626110 0.004332
2458575.642383 20.637621 0.004378
2458576.145977 20.644293 0.004405
2458576.639044 20.638203 0.004381
2458577.132111 20.634418 0.004365
2458577.635705 20.634403 0.004365
2458578.128772 20.635438 0.004370
2458578.621839 20.638423 0.004382
2458579.125432 20.644372 0.004406
2458579.618500 20.640187 0.004389
2458580.111567 20.639210 0.004385
2458580.615160 20.631897 0.004355
2458581.108227 20.627044 0.004336
2458581.601294 20.637841 0.004379
2458582.104888 20.629991 0.004348
2458582.597955 20.632398 0.004357
2458583.091022 20.641875 0.004396
2458583.594616 20.636820 0.004375
2458584.087683 20.638313 0.004381
2458584.580750 20.639667 0.004387
2458585.084344 20.636914 0.004376
2458585.577411 20.637307 0.004377
2458586.070478 20.636144 0.004372
2458586.574071 20.639069 0.004384
2458587.067138 20.627620 0.004338
2458587.560206 20.637983 0.004380
2458588.063799 20.634293 0.004365
2458588.556866 20.634403 0.004365
2458589.049933 20.631334 0.004353
2458589.553527 20.629538 0.004346
2458590.046594 20.638093 0.004380
2458590.539661 20.636851 0.004375
2458591.043255 20.639305 0.004385
2458591.536322 20.639494 0.004386
2458592.029389 20.638282 0.004381
2458592.532982 20.634199 0.004365
2458593.026050 20.635657 0.004370
2458593.519117 20.633525 0.004362
2458594.022710 20.630693 0.004351
2458594.515777 20.635061 0.004368
2458595.008844 20.636144 0.004372
2458595.512438 20.633870 0.004363
2458596.005505 20.642443 0.004398
2458596.498572 20.635453 0.004370
2458597.002166 20.634810 0.004367
2458597.495233 20.633807 0.004363
2458597.988300 20.641812 0.004395
2458712.204272 20.642380 0.004398
2458712.697339 20.629491 0.004346
2458713.200932 20.631272 0.004353
2458713.694000 20.635312 0.004369
2458714.187067 20.634277 0.004365
2458714.690660 20.632773 0.004359
2458715.183727 20.633431 0.004362
2458715.676794 20.633165 0.004360
2458716.180388 20.642064 0.004396
2458716.673455 20.634763 0.004367
2458717.166522 20.639021 0.004384
2458717.670116 20.636395 0.004373
2458718.163183 20.636647 0.004374
2458718.656250 20.644688 0.004407
2458719.159844 20.635265 0.004369
2458719.652911 20.630756 0.004351
2458720.145978 20.639478 0.004386
2458720.649571 20.642349 0.004397
2458721.142638 20.637495 0.004378
2458721.635706 20.638077 0.004380
2458722.139299 20.637307 0.004377
2458722.632366 20.637102 0.004376
2458723.125433 20.637700 0.004379
2458723.629027 20.631006 0.004352
2458724.122094 20.632085 0.004356
2458724.615161 20.629819 0.004347
2458725.118755 20.639714 0.004387
2458725.611822 20.632445 0.004358
2458726.104889 20.644578 0.004407
2458726.608482 20.634951 0.004368
2458727.101550 20.631756 0.004355
2458727.594617 20.633807 0.004363
2458728.098210 20.634309 0.004365
2458728.591277 20.632398 0.004357
2458729.084344 20.632977 0.004360
2458729.587938 20.631537 0.004354
2458730.081005 20.640140 0.004389
2458730.574072 20.633008 0.004360
2458731.077666 20.634716 0.004367
2458731.570733 20.643613 0.004403
2458732.063800 20.640865 0.004391
2458732.567394 20.645559 0.004410
2458733.060461 20.638093 0.004380
2458733.553528 20.638250 0.004381
2458734.057121 20.635046 0.004368
2458734.550188 20.639683 0.004387
2458735.043256 20.633149 0.004360
2458735.546849 20.628508 0.004342
2458736.039916 20.629663 0.004346
2458736.532983 20.633964 0.004364
2458737.036577 20.636395 0.004373
2458737.529644 20.634842 0.004367
2458738.022711 20.637150 0.004376
2458738.526305 20.632304 0.004357
2458739.019372 20.633509 0.004362
2458739.512439 20.634277 0.004365
2458740.016032 20.636176 0.004373
2458740.509100 20.632914 0.004359
2458741.002167 20.632820 0.004359
2458741.505760 20.641054 0.004392
2458741.998827 20.632226 0.004357
2458742.491894 20.634889 0.004367
2458742.995488 20.637716 0.004379
2458743.488555 20.637291 0.004377
2458743.981622 20.635610 0.004370
2458744.485216 20.636851 0.004375
2458744.978283 20.634481 0.004366
2458745.471350 20.641417 0.004394
2458745.974944 20.640014 0.004388
2458746.468011 20.634183 0.004365
2458746.961078 20.632867 0.004359
2458747.464671 20.628649 0.004342
2458747.957738 20.632492 0.004358
2458748.450806 20.636223 0.004373
2458748.954399 20.639714 0.004387
2458749.447466 20.624477 0.004326
2458749.940533 20.634936 0.004368
2458750.444127 20.637794 0.004379
2458750.937194 20.626717 0.004335
2458751.430261 20.632226 0.004357
2458751.933855 20.627900 0.004339
2458752.426922 20.627589 0.004338
2458752.919989 20.645417 0.004410
2458753.423582 20.631147 0.004352
2458753.916650 20.631272 0.004353
2458754.409717 20.638549 0.004382
2458754.913310 20.635406 0.004369
2458755.406377 20.627807 0.004339
2458755.899444 20.635108 0.004368
2458756.403038 20.633588 0.004362
2458756.896105 20.631162 0.004352
2458757.389172 20.632993 0.004360
2458757.892766 20.629991 0.004348
2458758.385833 20.633509 0.004362
2458758.878900 20.640234 0.004389
2458759.382494 20.634261 0.004365
2458759.875561 20.637228 0.004377
2458760.368628 20.633118 0.004360
2458760.872221 20.630115 0.004348
2458761.365288 20.636898 0.004375
2458761.858356 20.639069 0.004384
2458762.361949 20.640376 0.004389
2458762.855016 20.635563 0.004370
2458763.348083 20.639305 0.004385
2458763.851677 20.633087 0.004360
2458764.344744 20.635814 0.004371
2458764.837811 20.639699 0.004387
2458765.341405 20.635297 0.004369
2458765.834472 20.627480 0.004338
2458766.327539 20.632398 0.004357
2458766.831132 20.634591 0.004366
2458767.324200 20.632993 0.004360
2458767.817267 20.637731 0.004379
2458768.320860 20.636113 0.004372
2458768.813927 20.638990 0.004384
2458769.306994 20.637684 0.004379
2458769.810588 20.637040 0.004376
2458770.303655 20.633008 0.004360
2458770.796722 20.628165 0.004340
2458771.300316 20.634199 0.004365
2458771.793383 20.633697 0.004363
2458772.286450 20.632946 0.004360
2458772.790044 20.627433 0.004337
2458773.283111 20.631209 0.004353
2458773.776178 20.628789 0.004343
2458774.279771 20.635438 0.004370
2458774.772838 20.635689 0.004371
2458775.265906 20.636380 0.004373
2458775.769499 20.638974 0.004384
2458776.262566 20.642854 0.004400
2458776.755633 20.638235 0.004381
2458777.259227 20.638282 0.004381
2458777.752294 20.641685 0.004395
2458778.245361 20.635877 0.004371
2458778.748955 20.637605 0.004378
2458779.242022 20.632132 0.004356
2458779.735089 20.631944 0.004356
2458780.238682 20.638172 0.004381
2458780.731750 20.652870 0.004440
2458781.224817 20.640250 0.004389
2458781.728410 20.639730 0.004387
2458782.221477 20.635359 0.004369
2458782.714544 20.629694 0.004347
2458783.218138 20.636097 0.004372
2458783.711205 20.635359 0.004369
2459622.427944 20.633118 0.004360
2459622.921011 20.630475 0.004350
2459623.424605 20.636615 0.004374
2459623.917672 20.635297 0.004369
2459624.410739 20.644514 0.004406
2459624.914332 20.642870 0.004400
2459625.407400 20.635862 0.004371
2459625.900467 20.636961 0.004376
2459626.404060 20.631819 0.004355
2459626.897127 20.640707 0.004391
2459627.390194 20.633400 0.004361
2459627.893788 20.640297 0.004389
2459628.386855 20.644720 0.004407
2459628.879922 20.642364 0.004398
2459629.383516 20.629600 0.004346
2459629.876583 20.634999 0.004368
2459630.369650 20.632351 0.004357
2459630.873244 20.631459 0.004354
2459631.366311 20.639982 0.004388
2459631.859378 20.639305 0.004385
2459632.362971 20.628820 0.004343
2459632.856038 20.641259 0.004393
2459633.349106 20.626312 0.004333
2459633.852699 20.635548 0.004370
2459634.345766 20.642222 0.004397
2459634.838833 20.632445 0.004358
2459635.342427 20.642522 0.004398
2459635.835494 20.632961 0.004360
2459636.328561 20.631006 0.004352
2459636.832155 20.637150 0.004376
2459637.325222 20.630600 0.004350
2459637.818289 20.634042 0.004364
2459638.321882 20.632664 0.004358
2459638.814950 20.631960 0.004356
2459639.308017 20.634497 0.004366
2459639.811610 20.638833 0.004383
2459640.304677 20.638644 0.004382
2459640.797744 20.637999 0.004380
2459641.301338 20.642838 0.004399
2459641.794405 20.629273 0.004345
2459642.287472 20.634167 0.004364
2459642.791066 20.635328 0.004369
2459643.284133 20.634889 0.004367
2459643.777200 20.638817 0.004383
2459644.280794 20.641543 0.004394
2459644.773861 20.636050 0.004372
2459645.266928 20.631365 0.004353
2459645.770521 20.639273 0.004385
2459646.263588 20.631600 0.004354
2459646.756656 20.634951 0.004368
2459647.260249 20.637951 0.004380
2459647.753316 20.632366 0.004357
2459648.246383 20.636144 0.004372
2459648.749977 20.637920 0.004380
2459649.243044 20.643613 0.004403
2459649.736111 20.635956 0.004372
2459650.239705 20.636678 0.004375
2459650.732772 20.636851 0.004375
2459651.225839 20.633650 0.004362
2459651.729432 20.637558 0.004378
2459652.222500 20.632476 0.004358
2459652.715567 20.640361 0.004389
2459653.219160 20.630459 0.004350
2459653.712227 20.629678 0.004346
2459654.205294 20.636443 0.004374
2459654.708888 20.636882 0.004375
2459655.201955 20.630943 0.004352
2459655.695022 20.636144 0.004372
2459656.198616 20.631553 0.004354
2459656.691683 20.641370 0.004394
2459657.184750 20.642949 0.004400
2459657.688344 20.630740 0.004351
2459658.181411 20.633337 0.004361
2459658.674478 20.636128 0.004372
2459659.178071 20.633149 0.004360
2459659.671138 20.634685 0.004367
2459660.164206 20.629647 0.004346
2459660.667799 20.629085 0.004344
2459661.160866 20.630897 0.004351
2459661.653933 20.637118 0.004376
2459662.157527 20.635689 0.004371
2459662.650594 20.636144 0.004372
2459663.143661 20.629397 0.004345
2459663.647255 20.637574 0.004378
2459664.140322 20.639021 0.004384
2459664.633389 20.638439 0.004382
2459665.136982 20.636490 0.004374
2459665.630050 20.637841 0.004379
2459666.123117 20.634309 0.004365
2459666.626710 20.630428 0.004349
2459667.119777 20.640865 0.004391
2459667.612844 20.633760 0.004363
2459668.116438 20.633838 0.004363
2459668.609505 20.630834 0.004351
2459669.102572 20.639116 0.004384
2459669.606166 20.634309 0.004365
2459670.099233 20.633556 0.004362
2459670.592300 20.637999 0.004380
2459671.095894 20.636380 0.004373
2459671.588961 20.643486 0.004402
2459672.082028 20.631772 0.004355
2459672.585621 20.622941 0.004320
2459673.078688 20.632069 0.004356
2459673.571756 20.640723 0.004391
2459674.075349 20.631569 0.004354
2459674.568416 20.633259 0.004361
2459675.061483 20.638109 0.004380
2459675.565077 20.634920 0.004367
2459676.058144 20.636820 0.004375
2459676.551211 20.639195 0.004385
2459677.054805 20.645464 0.004410
2459677.547872 20.632836 0.004359
2459678.040939 20.638219 0.004381
2459678.544532 20.631459 0.004354
2459679.037600 20.633353 0.004361
2459679.530667 20.634873 0.004367
2459680.034260 20.639746 0.004387
2459680.527327 20.636443 0.004374
2459681.020394 20.640834 0.004391
2459681.523988 20.640171 0.004389
2459682.017055 20.634920 0.004367
2459682.510122 20.626110 0.004332
2459683.013716 20.633384 0.004361
2459683.506783 20.638124 0.004380
2459683.999850 20.637841 0.004379
2459684.503444 20.632679 0.004358
2459684.996511 20.637731 0.004379
2459685.489578 20.630631 0.004350
2459685.993171 20.635328 0.004369
2459686.486238 20.641638 0.004395
2459686.979306 20.625954 0.004332
2459687.482899 20.634199 0.004365
2459687.975966 20.636788 0.004375
2459688.469033 20.637794 0.004379
2459688.972627 20.638927 0.004384
2459689.465694 20.638423 0.004382
2459689.958761 20.630756 0.004351
2459690.462355 20.634120 0.004364
2459690.955422 20.638093 0.004380
2459691.448489 20.638313 0.004381
2459691.952082 20.645638 0.004411
2459692.445150 20.630209 0.004349
2459692.938217 20.630615 0.004350
2459693.441810 20.629210 0.004345
2459693.934877 20.643123 0.004401
2459807.647256 20.634403 0.004365
2459808.150849 20.641717 0.004395
2459808.643916 20.641954 0.004396
2459809.136983 20.637857 0.004379
2459809.640577 20.636427 0.004374
2459810.133644 20.634481 0.004366
2459810.626711 20.634591 0.004366
2459811.130305 20.632319 0.004357
2459811.623372 20.631850 0.004355
2459812.116439 20.635249 0.004369
2459812.620032 20.634842 0.004367
2459813.113100 20.638297 0.004381
2459813.606167 20.633995 0.004364
2459814.109760 20.626156 0.004332
2459814.602827 20.636694 0.004375
2459815.095894 20.640203 0.004389
2459815.599488 20.641212 0.004393
2459816.092555 20.641575 0.004394
2459816.585622 20.631741 0.004355
2459817.089216 20.631412 0.004353
2459817.582283 20.632789 0.004359
2459818.075350 20.642049 0.004396
2459818.578944 20.634701 0.004367
2459819.072011 20.632022 0.004356
2459819.565078 20.636694 0.004375
2459820.068671 20.636443 0.004374
2459820.561738 20.636584 0.004374
2459821.054806 20.641670 0.004395
2459821.558399 20.624555 0.004326
2459822.051466 20.639840 0.004387
2459822.544533 20.634089 0.004364
2459823.048127 20.632664 0.004358
2459823.541194 20.628462 0.004342
2459824.034261 20.635093 0.004368
2459824.537855 20.634371 0.004365
2459825.030922 20.637999 0.004380
2459825.523989 20.632993 0.004360
2459826.027582 20.630100 0.004348
2459826.520650 20.629007 0.004344
2459827.013717 20.634277 0.004365
2459827.517310 20.642917 0.004400
2459828.010377 20.628087 0.004340
2459828.503444 20.635783 0.004371
2459829.007038 20.639573 0.004386
2459829.500105 20.634246 0.004365
2459829.993172 20.632116 0.004356
2459830.496766 20.633525 0.004362
2459830.989833 20.625768 0.004331
2459831.482900 20.640250 0.004389
2459831.986494 20.639399 0.004386
2459832.479561 20.636820 0.004375
2459832.972628 20.633885 0.004363
2459833.476221 20.636050 0.004372
2459833.969288 20.643913 0.004404
2459834.462356 20.635673 0.004371
2459834.965949 20.637826 0.004379
2459835.459016 20.628430 0.004341
2459835.952083 20.627340 0.004337
2459836.455677 20.634826 0.004367
2459836.948744 20.639840 0.004387
2459837.441811 20.628836 0.004343
2459837.945405 20.638534 0.004382
2459838.438472 20.630756 0.004351
2459838.931539 20.630787 0.004351
2459839.435132 20.646700 0.004415
2459839.928200 20.627511 0.004338
2459840.421267 20.641701 0.004395
2459840.924860 20.631710 0.004355
2459841.417927 20.631913 0.004355
2459841.910994 20.630928 0.004351
2459842.414588 20.637307 0.004377
2459842.907655 20.634277 0.004365
2459843.400722 20.634120 0.004364
2459843.904316 20.636144 0.004372
2459844.397383 20.636772 0.004375
2459844.890450 20.634011 0.004364
2459845.394044 20.630662 0.004350
2459845.887111 20.633212 0.004361
2459846.380178 20.637087 0.004376
2459846.883771 20.631882 0.004355
2459847.376838 20.636930 0.004376
2459847.869906 20.638471 0.004382
2459848.373499 20.632867 0.004359
2459848.866566 20.641859 0.004395
2459849.359633 20.632226 0.004357
2459849.863227 20.628851 0.004343
2459850.356294 20.632852 0.004359
2459850.849361 20.644198 0.004405
2459851.352955 20.633666 0.004362
2459851.846022 20.636317 0.004373
2459852.339089 20.634167 0.004364
2459852.842682 20.642096 0.004396
2459853.335750 20.637417 0.004378
2459853.828817 20.628695 0.004343
2459854.332410 20.633979 0.004364
2459854.825477 20.637244 0.004377
2459855.318544 20.627184 0.004336
2459855.822138 20.636851 0.004375
2459856.315205 20.635501 0.004370
2459856.808272 20.637322 0.004377
2459857.311866 20.628150 0.004340
2459857.804933 20.633040 0.004360
2459858.298000 20.630162 0.004348
2459858.801594 20.636034 0.004372
2459859.294661 20.632993 0.004360
2459859.787728 20.636238 0.004373
2459860.291321 20.639730 0.004387
2459860.784388 20.640565 0.004390
2459861.277456 20.633227 0.004361
2459861.781049 20.630459 0.004350
2459862.274116 20.635406 0.004369
2459862.767183 20.634983 0.004368
2459863.270777 20.640266 0.004389
2459863.763844 20.640897 0.004392
2459864.256911 20.637543 0.004378
2459864.760505 20.627994 0.004340
2459865.253572 20.631537 0.004354
2459865.746639 20.636804 0.004375
2459866.250232 20.624710 0.004327
2459866.743300 20.636081 0.004372
2459867.236367 20.642033 0.004396
2459867.739960 20.635312 0.004369
2459868.233027 20.634575 0.004366
2459868.726094 20.639982 0.004388
2459869.229688 20.636961 0.004376
2459869.722755 20.639226 0.004385
2459870.215822 20.631209 0.004353
2459870.719416 20.634889 0.004367
2459871.212483 20.628415 0.004341
2459871.705550 20.628508 0.004342
2459872.209144 20.638172 0.004381
2459872.702211 20.640266 0.004389
2459873.195278 20.634324 0.004365
2459873.698871 20.642080 0.004396
2459874.191938 20.630568 0.004350
2459874.685006 20.632273 0.004357
2459875.188599 20.638549 0.004382
2459875.681666 20.639100 0.004384
2459876.174733 20.641023 0.004392
2459876.678327 20.627106 0.004336
2459877.171394 20.634403 0.004365
2459877.664461 20.635626 0.004370
2459878.168055 20.638408 0.004382
2459878.661122 20.636207 0.004373
2459879.154189 20.627417 0.004337
2459987.411250 20.627713 0.004339
2459987.904317 20.628976 0.004344
2459988.407910 20.637401 0.004377
2459988.900977 20.642333 0.004397
2459989.394044 20.630568 0.004350
2459989.897638 20.632179 0.004356
2459990.390705 20.634559 0.004366
2459990.883772 20.637118 0.004376
2459991.387366 20.645908 0.004412
2459991.880433 20.632319 0.004357
2459992.373500 20.632241 0.004357
2459992.877094 20.633948 0.004364
2459993.370161 20.629632 0.004346
2459993.863228 20.635516 0.004370
2459994.366821 20.641417 0.004394
2459994.859888 20.630678 0.004350
2459995.352956 20.635202 0.004369
2459995.856549 20.640944 0.004392
2459996.349616 20.629710 0.004347
2459996.842683 20.634011 0.004364
2459997.346277 20.635140 0.004368
2459997.839344 20.632382 0.004357
2459998.332411 20.640471 0.004390
2459998.836005 20.635375 0.004369
2459999.329072 20.638093 0.004380
2459999.822139 20.637558 0.004378
2460000.325732 20.640707 0.004391
2460000.818800 20.641480 0.004394
2460001.311867 20.636647 0.004374
2460001.815460 20.633447 0.004362
2460002.308527 20.635720 0.004371
2460002.801594 20.631506 0.004354
2460003.305188 20.632116 0.004356
2460003.798255 20.633713 0.004363
2460004.291322 20.634842 0.004367
2460004.794916 20.635579 0.004370
2460005.287983 20.639258 0.004385
2460005.781050 20.642175 0.004397
2460006.284644 20.637495 0.004378
2460006.777711 20.640502 0.004390
2460007.270778 20.643455 0.004402
2460007.774371 20.638235 0.004381
2460008.267438 20.642001 0.004396
2460008.760506 20.649256 0.004426
2460009.264099 20.637873 0.004379
2460009.757166 20.633055 0.004360
2460010.250233 20.635548 0.004370
2460010.753827 20.634199 0.004365
2460011.246894 20.633040 0.004360
2460011.739961 20.632805 0.004359
2460012.243555 20.635391 0.004369
2460012.736622 20.635438 0.004370
2460013.229689 20.634152 0.004364
2460013.733282 20.628321 0.004341
2460014.226350 20.625752 0.004331
2460014.719417 20.637370 0.004377
2460015.223010 20.636945 0.004376
2460015.716077 20.636977 0.004376
2460016.209144 20.635093 0.004368
2460016.712738 20.635579 0.004370
2460017.205805 20.632101 0.004356
2460017.698872 20.632273 0.004357
2460018.202466 20.639683 0.004387
2460018.695533 20.638502 0.004382
2460019.188600 20.638250 0.004381
2460019.692194 20.639084 0.004384
2460020.185261 20.636348 0.004373
2460020.678328 20.634293 0.004365
2460021.181921 20.632179 0.004356
2460021.674988 20.636552 0.004374
2460022.168056 20.634073 0.004364
2460022.671649 20.641401 0.004394
2460023.164716 20.634512 0.004366
2460023.657783 20.637716 0.004379
2460024.161377 20.641749 0.004395
2460024.654444 20.630928 0.004351
2460025.147511 20.632899 0.004359
2460025.651105 20.635626 0.004370
2460026.144172 20.629351 0.004345
2460026.637239 20.641654 0.004395
2460027.140832 20.632288 0.004357
2460027.633900 20.635830 0.004371
2460028.126967 20.636395 0.004373
2460028.630560 20.635155 0.004368
2460029.123627 20.632273 0.004357
2460029.616694 20.637071 0.004376
2460030.120288 20.636977 0.004376
2460030.613355 20.638801 0.004383
2460031.106422 20.628898 0.004343
2460031.610016 20.643154 0.004401
2460032.103083 20.626328 0.004333
2460032.596150 20.630490 0.004350
2460033.099744 20.635563 0.004370
2460033.592811 20.633337 0.004361
2460034.085878 20.639494 0.004386
2460034.589471 20.644942 0.004408
2460035.082538 20.640045 0.004388
2460035.575606 20.637102 0.004376
2460036.079199 20.627464 0.004338
2460036.572266 20.631084 0.004352
2460037.065333 20.644150 0.004405
2460037.568927 20.625301 0.004329
2460038.061994 20.636066 0.004372
2460038.555061 20.634215 0.004365
2460039.058655 20.638439 0.004382
2460039.551722 20.637307 0.004377
2460040.044789 20.645132 0.004409
2460040.548382 20.635595 0.004370
2460041.041450 20.627044 0.004336
2460041.534517 20.632101 0.004356
2460042.038110 20.645971 0.004412
2460042.531177 20.633635 0.004362
2460043.024244 20.631037 0.004352
2460043.527838 20.633870 0.004363
2460044.020905 20.630740 0.004351
2460044.513972 20.630381 0.004349
2460045.017566 20.639399 0.004386
2460045.510633 20.633744 0.004363
2460046.003700 20.630287 0.004349
2460046.507294 20.628617 0.004342
2460047.000361 20.636019 0.004372
2460047.493428 20.631756 0.004355
2460047.997021 20.636019 0.004372
2460048.490088 20.637495 0.004378
2460048.983156 20.630615 0.004350
2460049.486749 20.633635 0.004362
2460049.979816 20.643233 0.004401
2460050.472883 20.633368 0.004361
2460050.976477 20.638376 0.004381
2460051.469544 20.633337 0.004361
2460051.962611 20.635469 0.004370
2460052.466205 20.631319 0.004353
2460052.959272 20.636003 0.004372
2460053.452339 20.626188 0.004332
2460053.955932 20.637464 0.004378
2460054.449000 20.636631 0.004374
2460054.942067 20.635595 0.004370
2460055.445660 20.626016 0.004332
2460055.938727 20.630537 0.004350
2460056.431794 20.633227 0.004361
2460056.935388 20.634826 0.004367
2460057.428455 20.639604 0.004386
2460057.921522 20.627340 0.004337
2460058.425116 20.635218 0.004369
2460058.918183 20.635312 0.004369
