2458346.727899 22.929076 0.010751
2458347.220966 22.929575 0.010756
2458347.714033 22.903797 0.010504
2458348.217627 22.925346 0.010714
2458348.710694 22.920721 0.010669
2458349.203761 22.930239 0.010762
2458349.707355 22.924849 0.010709
2458350.200422 22.928495 0.010745
2458350.693489 22.934654 0.010806
2458351.197082 22.937496 0.010835
2458351.690150 22.931903 0.010779
2458352.183217 22.943285 0.010893
2458352.686810 22.901366 0.010480
2458353.179877 22.928495 0.010745
2458353.672944 22.925429 0.010715
2458354.176538 22.929741 0.010758
2458354.669605 22.921876 0.010680
2458355.162672 22.932819 0.010788
2458355.666266 22.918663 0.010648
2458356.159333 22.950460 0.010965
2458356.652400 22.934404 0.010804
2458357.155994 22.939338 0.010853
2458357.649061 22.934571 0.010806
2458358.142128 22.930905 0.010769
2458358.645721 22.939674 0.010856
2458359.138788 22.938500 0.010845
2458359.631856 22.913085 0.010594
2458360.135449 22.936492 0.010825
2458360.628516 22.936910 0.010829
2458361.121583 22.941184 0.010872
2458361.625177 22.920062 0.010662
2458362.118244 22.916445 0.010627
2458362.611311 22.945559 0.010915
2458363.114905 22.934487 0.010805
2458363.607972 22.934404 0.010804
2458364.101039 22.923692 0.010698
2458364.604632 22.937077 0.010830
2458365.097700 22.944632 0.010906
2458365.590767 22.941520 0.010875
2458366.094360 22.919898 0.010660
2458366.587427 22.923362 0.010695
2458367.080494 22.929159 0.010752
2458367.584088 22.935907 0.010819
2458368.077155 22.919898 0.010660
2458368.570222 22.934404 0.010804
2458369.073816 22.935823 0.010818
2458369.566883 22.937747 0.010837
2458370.059950 22.917266 0.010635
2458370.563544 22.938082 0.010841
2458371.056611 22.938249 0.010842
2458371.549678 22.921546 0.010677
2458372.053271 22.922701 0.010688
2458372.546338 22.916609 0.010628
2458373.039406 22.946487 0.010925
2458373.542999 22.939925 0.010859
2458374.036066 22.918828 0.010650
2458374.529133 22.921134 0.010673
2458375.032727 22.922949 0.010690
2458375.525794 22.914231 0.010605
2458376.018861 22.923775 0.010699
2458376.522455 22.935990 0.010820
2458377.015522 22.930821 0.010768
2458377.508589 22.928163 0.010742
2458378.012182 22.920227 0.010664
2458378.505250 22.927168 0.010732
2458378.998317 22.928744 0.010748
2458379.501910 22.959902 0.011061
2458379.994977 22.914477 0.010607
2458380.488044 22.945391 0.010914
2458380.991638 22.922041 0.010682
2458381.484705 22.935239 0.010812
2458381.977772 22.933570 0.010796
2458382.481366 22.929741 0.010758
2458382.974433 22.923692 0.010698
2458383.467500 22.920639 0.010668
2458383.971094 22.942024 0.010880
2458384.464161 22.939506 0.010855
2458384.957228 22.908431 0.010548
2458385.460821 22.941352 0.010873
2458385.953888 22.923279 0.010694
2458386.446956 22.924932 0.010710
2458386.950549 22.933653 0.010796
2458387.443616 22.932153 0.010781
2458387.936683 22.934404 0.010804
2458388.440277 22.926919 0.010730
2458388.933344 22.927251 0.010733
2458389.426411 22.927748 0.010738
2458389.930005 22.928163 0.010742
2458390.423072 22.930323 0.010763
2458390.916139 22.936743 0.010827
2458391.419732 22.936826 0.010828
2458391.912800 22.918992 0.010652
2458392.405867 22.922866 0.010690
2458392.909460 22.939841 0.010858
2458393.402527 22.924271 0.010703
2458393.895594 22.927334 0.010734
2458394.399188 22.932320 0.010783
2458394.892255 22.944632 0.010906
2458395.385322 22.918417 0.010646
2458395.888916 22.927168 0.010732
2458396.381983 22.912104 0.010584
2458396.875050 22.920969 0.010671
2458397.378644 22.921546 0.010677
2458397.871711 22.940932 0.010869
2458398.364778 22.928910 0.010749
2458398.868371 22.951223 0.010973
2458399.361438 22.930073 0.010761
2458399.854506 22.905420 0.010519
2458400.358099 22.947331 0.010933
2458400.851166 22.927831 0.010739
2458401.344233 22.926919 0.010730
2458401.847827 22.940680 0.010866
2458402.340894 22.924436 0.010705
2458402.833961 22.933236 0.010792
2458403.337555 22.919157 0.010653
2458403.830622 22.937412 0.010834
2458404.323689 22.937747 0.010837
2458404.827282 22.926091 0.010721
2458405.320350 22.899263 0.010460
2458405.813417 22.917266 0.010635
2458406.317010 22.944043 0.010900
2458406.810077 22.937496 0.010835
2458407.303144 22.937830 0.010838
2458407.806738 22.921958 0.010681
2458408.299805 22.938165 0.010841
2458408.792872 22.922949 0.010690
2458409.296466 22.925677 0.010717
2458409.789533 22.919733 0.010659
2458410.282600 22.933403 0.010794
2458410.786194 22.929325 0.010753
2458411.279261 22.926339 0.010724
2458411.772328 22.906640 0.010531
2458412.275921 22.926174 0.010722
2458412.768988 22.929990 0.010760
2458413.262056 22.926505 0.010726
2458413.765649 22.935573 0.010815
2458414.258716 22.933319 0.010793
2458414.751783 22.922536 0.010686
2458415.255377 22.930323 0.010763
2458415.748444 22.957172 0.011033
2458416.241511 22.936910 0.010829
2458416.745105 22.942697 0.010887
2458417.238172 22.935406 0.010814
2458417.731239 22.921628 0.010677
2458418.234832 22.926754 0.010728
2458526.481367 22.920145 0.010663
2458526.984960 22.938668 0.010846
2458527.478027 22.916609 0.010628
2458527.971094 22.935656 0.010816
2458528.474688 22.916855 0.010631
2458528.967755 22.940680 0.010866
2458529.460822 22.945475 0.010915
2458529.964416 22.945728 0.010917
2458530.457483 22.915461 0.010617
2458530.950550 22.920886 0.010670
2458531.454144 22.941772 0.010877
2458531.947211 22.926505 0.010726
2458532.440278 22.922453 0.010686
2458532.943871 22.937830 0.010838
2458533.436938 22.930073 0.010761
2458533.930006 22.934654 0.010806
2458534.433599 22.936325 0.010823
2458534.926666 22.949529 0.010955
2458535.419733 22.922866 0.010690
2458535.923327 22.922371 0.010685
2458536.416394 22.945559 0.010915
2458536.909461 22.937830 0.010838
2458537.413055 22.936994 0.010830
2458537.906122 22.924932 0.010710
2458538.399189 22.921628 0.010677
2458538.902782 22.908431 0.010548
2458539.395850 22.936241 0.010822
2458539.888917 22.926091 0.010721
2458540.392510 22.941100 0.010871
2458540.885577 22.929325 0.010753
2458541.378644 22.926422 0.010725
2458541.882238 22.940093 0.010861
2458542.375305 22.946656 0.010926
2458542.868372 22.919157 0.010653
2458543.371966 22.942192 0.010882
2458543.865033 22.940345 0.010863
2458544.358100 22.931154 0.010772
2458544.861694 22.931321 0.010773
2458545.354761 22.944548 0.010905
2458545.847828 22.939003 0.010850
2458546.351421 22.927831 0.010739
2458546.844488 22.935489 0.010815
2458547.337556 22.917348 0.010635
2458547.841149 22.943538 0.010895
2458548.334216 22.946909 0.010929
2458548.827283 22.943959 0.010899
2458549.330877 22.924601 0.010707
2458549.823944 22.948261 0.010943
2458550.317011 22.935322 0.010813
2458550.820605 22.953853 0.010999
2458551.313672 22.930905 0.010769
2458551.806739 22.943117 0.010891
2458552.310332 22.941604 0.010876
2458552.803400 22.924767 0.010708
2458553.296467 22.925925 0.010720
2458553.800060 22.944295 0.010903
2458554.293127 22.931737 0.010777
2458554.786194 22.932153 0.010781
2458555.289788 22.936826 0.010828
2458555.782855 22.934654 0.010806
2458556.275922 22.938165 0.010841
2458556.779516 22.937245 0.010832
2458557.272583 22.944969 0.010910
2458557.765650 22.941604 0.010876
2458558.269244 22.958536 0.011047
2458558.762311 22.942024 0.010880
2458559.255378 22.927251 0.010733
2458559.758971 22.929741 0.010758
2458560.252038 22.936158 0.010821
2458560.745106 22.928412 0.010744
2458561.248699 22.950460 0.010965
2458561.741766 22.933319 0.010793
2458562.234833 22.932736 0.010787
2458562.738427 22.926588 0.010726
2458563.231494 22.919980 0.010661
2458563.724561 22.932070 0.010781
2458564.228155 22.936158 0.010821
2458564.721222 22.919075 0.010652
2458565.214289 22.929575 0.010756
2458565.717882 22.936994 0.010830
2458566.210950 22.927914 0.010739
2458566.704017 22.921298 0.010674
2458567.207610 22.936241 0.010822
2458567.700677 22.927251 0.010733
2458568.193744 22.919815 0.010660
2458568.697338 22.937663 0.010836
2458569.190405 22.904040 0.010506
2458569.683472 22.954533 0.011006
2458570.187066 22.941688 0.010877
2458570.680133 22.936492 0.010825
2458571.173200 22.934320 0.010803
2458571.676794 22.933570 0.010796
2458572.169861 22.920309 0.010665
2458572.662928 22.931071 0.010771
2458573.166521 22.924271 0.010703
2458573.659588 22.945475 0.010915
2458574.152656 22.935823 0.010818
2458574.656249 22.952156 0.010982
2458575.149316 22.926257 0.010723
2458575.642383 22.931903 0.010779
2458576.145977 22.937496 0.010835
2458576.639044 22.926754 0.010728
2458577.132111 22.922453 0.010686
2458577.635705 22.918910 0.010651
2458578.128772 22.938249 0.010842
2458578.621839 22.923362 0.010695
2458579.125432 22.939338 0.010853
2458579.618500 22.930489 0.010765
2458580.111567 22.928661 0.010747
2458580.615160 22.926588 0.010726
2458581.108227 22.935990 0.010820
2458581.601294 22.953344 0.010994
2458582.104888 22.936659 0.010826
2458582.597955 22.930489 0.010765
2458583.091022 22.939003 0.010850
2458583.594616 22.926091 0.010721
2458584.087683 22.925925 0.010720
2458584.580750 22.926754 0.010728
2458585.084344 22.940009 0.010860
2458585.577411 22.937579 0.010836
2458586.070478 22.924436 0.010705
2458586.574071 22.938500 0.010845
2458587.067138 22.933403 0.010794
2458587.560206 22.934571 0.010806
2458588.063799 22.931487 0.010775
2458588.556866 22.922123 0.010682
2458589.049933 22.941268 0.010872
2458589.553527 22.945812 0.010918
2458590.046594 22.933820 0.010798
2458590.539661 22.950884 0.010969
2458591.043255 22.925346 0.010714
2458591.536322 22.944127 0.010901
2458592.029389 22.937579 0.010836
2458592.532982 22.925346 0.010714
2458593.026050 22.952156 0.010982
2458593.519117 22.933069 0.010791
2458594.022710 22.933069 0.010791
2458594.515777 22.925015 0.010711
2458595.008844 22.935489 0.010815
2458595.512438 22.940261 0.010862
2458596.005505 22.941772 0.010877
2458596.498572 22.930738 0.010767
2458597.002166 22.905502 0.010520
2458597.495233 22.950037 0.010961
2458597.988300 22.911531 0.010579
2458712.204272 22.947416 0.010934
2458712.697339 22.933820 0.010798
2458713.200932 22.934487 0.010805
2458713.694000 22.936158 0.010821
2458714.187067 22.944043 0.010900
2458714.690660 22.904284 0.010508
2458715.183727 22.928827 0.010749
2458715.676794 22.922701 0.010688
2458716.180388 22.918910 0.010651
2458716.673455 22.914969 0.010612
2458717.166522 22.940177 0.010861
2458717.670116 22.924188 0.010703
2458718.163183 22.921711 0.010678
2458718.656250 22.919815 0.010660
2458719.159844 22.924023 0.010701
2458719.652911 22.914559 0.010608
2458720.145978 22.942781 0.010888
2458720.649571 22.929741 0.010758
2458721.142638 22.946572 0.010926
2458721.635706 22.938919 0.010849
2458722.139299 22.924932 0.010710
2458722.632366 22.935072 0.010811
2458723.125433 22.917266 0.010635
2458723.629027 22.935740 0.010817
2458724.122094 22.934821 0.010808
2458724.615161 22.905664 0.010522
2458725.118755 22.941268 0.010872
2458725.611822 22.930572 0.010766
2458726.104889 22.922536 0.010686
2458726.608482 22.932653 0.010786
2458727.101550 22.944464 0.010904
2458727.594617 22.945222 0.010912
2458728.098210 22.923857 0.010699
2458728.591277 22.930572 0.010766
2458729.084344 22.948768 0.010948
2458729.587938 22.931154 0.010772
2458730.081005 22.934320 0.010803
2458730.574072 22.949614 0.010956
2458731.077666 22.919651 0.010658
2458731.570733 22.936492 0.010825
2458732.063800 22.905746 0.010522
2458732.567394 22.911286 0.010576
2458733.060461 22.939841 0.010858
2458733.553528 22.946825 0.010928
2458734.057121 22.924436 0.010705
2458734.550188 22.946487 0.010925
2458735.043256 22.941940 0.010879
2458735.546849 22.923114 0.010692
2458736.039916 22.927417 0.010735
2458736.532983 22.921628 0.010677
2458737.036577 22.939087 0.010851
2458737.529644 22.921463 0.010676
2458738.022711 22.921628 0.010677
2458738.526305 22.905664 0.010522
2458739.019372 22.948852 0.010949
2458739.512439 22.934404 0.010804
2458740.016032 22.916445 0.010627
2458740.509100 22.933486 0.010795
2458741.002167 22.918910 0.010651
2458741.505760 22.941856 0.010878
2458741.998827 22.938417 0.010844
2458742.491894 22.954533 0.011006
2458742.995488 22.928495 0.010745
2458743.488555 22.922536 0.010686
2458743.981622 22.933570 0.010796
2458744.485216 22.953768 0.010998
2458744.978283 22.917184 0.010634
2458745.471350 22.936158 0.010821
2458745.974944 22.937077 0.010830
2458746.468011 22.935239 0.010812
2458746.961078 22.931820 0.010778
2458747.464671 22.935072 0.010811
2458747.957738 22.939925 0.010859
2458748.450806 22.931820 0.010778
2458748.954399 22.918499 0.010647
2458749.447466 22.935322 0.010813
2458749.940533 22.938752 0.010847
2458750.444127 22.935406 0.010814
2458750.937194 22.953514 0.010996
2458751.430261 22.935990 0.010820
2458751.933855 22.907291 0.010537
2458752.426922 22.936241 0.010822
2458752.919989 22.928246 0.010743
2458753.423582 22.913822 0.010601
2458753.916650 22.925925 0.010720
2458754.409717 22.931237 0.010772
2458754.913310 22.914723 0.010610
2458755.406377 22.910960 0.010573
2458755.899444 22.938584 0.010846
2458756.403038 22.928827 0.010749
2458756.896105 22.925346 0.010714
2458757.389172 22.937328 0.010833
2458757.892766 22.919157 0.010653
2458758.385833 22.915379 0.010616
2458758.878900 22.949783 0.010958
2458759.382494 22.926671 0.010727
2458759.875561 22.924353 0.010704
2458760.368628 22.917677 0.010639
2458760.872221 22.913330 0.010596
2458761.365288 22.919239 0.010654
2458761.858356 22.926588 0.010726
2458762.361949 22.941016 0.010870
2458762.855016 22.931321 0.010773
2458763.348083 22.937830 0.010838
2458763.851677 22.943959 0.010899
2458764.344744 22.967532 0.011139
2458764.837811 22.902175 0.010488
2458765.341405 22.923527 0.010696
2458765.834472 22.915379 0.010616
2458766.327539 22.925760 0.010718
2458766.831132 22.943370 0.010893
2458767.324200 22.926091 0.010721
2458767.817267 22.932403 0.010784
2458768.320860 22.936826 0.010828
2458768.813927 22.909817 0.010562
2458769.306994 22.935322 0.010813
2458769.810588 22.931321 0.010773
2458770.303655 22.928827 0.010749
2458770.796722 22.933903 0.010799
2458771.300316 22.937077 0.010830
2458771.793383 22.927665 0.010737
2458772.286450 22.928827 0.010749
2458772.790044 22.940345 0.010863
2458773.283111 22.939506 0.010855
2458773.776178 22.942865 0.010888
2458774.279771 22.931737 0.010777
2458774.772838 22.922701 0.010688
2458775.265906 22.942949 0.010889
2458775.769499 22.917020 0.010632
2458776.262566 22.914477 0.010607
2458776.755633 22.925015 0.010711
2458777.259227 22.931404 0.010774
2458777.752294 22.933820 0.010798
2458778.245361 22.936408 0.010824
2458778.748955 22.919569 0.010657
2458779.242022 22.949106 0.010951
2458779.735089 22.941604 0.010876
2458780.238682 22.927997 0.010740
2458780.731750 22.933570 0.010796
2458781.224817 22.917759 0.010639
2458781.728410 22.943538 0.010895
2458782.221477 22.925015 0.010711
2458782.714544 22.917923 0.010641
2458783.218138 22.946234 0.010922
2458783.711205 22.936408 0.010824
2459622.427944 22.920639 0.010669
2459622.921011 22.927002 0.010732
2459623.424605 22.921958 0.010682
2459623.917672 22.929575 0.010757
2459624.410739 22.949275 0.010954
2459624.914332 22.937412 0.010835
2459625.407400 22.938919 0.010851
2459625.900467 22.930738 0.010769
2459626.404060 22.959902 0.011062
2459626.897127 22.908757 0.010553
2459627.390194 22.926422 0.010727
2459627.893788 22.965727 0.011122
2459628.386855 22.920639 0.010670
2459628.879922 22.932986 0.010792
2459629.383516 22.907861 0.010545
2459629.876583 22.931154 0.010774
2459630.369650 22.928910 0.010752
2459630.873244 22.942360 0.010886
2459631.366311 22.929824 0.010761
2459631.859378 22.936492 0.010827
2459632.362971 22.933069 0.010793
2459632.856038 22.929990 0.010763
2459633.349106 22.934654 0.010809
2459633.852699 22.927583 0.010739
2459634.345766 22.926174 0.010726
2459634.838833 22.924023 0.010704
2459635.342427 22.935072 0.010814
2459635.835494 22.921216 0.010677
2459636.328561 22.923857 0.010703
2459636.832155 22.919980 0.010665
2459637.325222 22.931820 0.010782
2459637.818289 22.951392 0.010979
2459638.321882 22.952495 0.010990
2459638.814950 22.917513 0.010642
2459639.308017 22.942528 0.010890
2459639.811610 22.923362 0.010700
2459640.304677 22.907047 0.010540
2459640.797744 22.940680 0.010872
2459641.301338 22.916855 0.010637
2459641.794405 22.923857 0.010706
2459642.287472 22.935155 0.010818
2459642.791066 22.920969 0.010678
2459643.284133 22.921463 0.010683
2459643.777200 22.932153 0.010789
2459644.280794 22.921546 0.010685
2459644.773861 22.917348 0.010644
2459645.266928 22.924684 0.010717
2459645.770521 22.932653 0.010796
2459646.263588 22.940345 0.010873
2459646.756656 22.929491 0.010766
2459647.260249 22.918252 0.010656
2459647.753316 22.928080 0.010753
2459648.246383 22.904527 0.010523
2459648.749977 22.939171 0.010865
2459649.243044 22.929741 0.010772
2459649.736111 22.928993 0.010765
2459650.239705 22.936910 0.010845
2459650.732772 22.928910 0.010766
2459651.225839 22.936743 0.010845
2459651.729432 22.919815 0.010679
2459652.222500 22.915953 0.010642
2459652.715567 22.942444 0.010906
2459653.219160 22.925346 0.010737
2459653.712227 22.918088 0.010667
2459654.205294 22.939171 0.010878
2459654.708888 22.921298 0.010702
2459655.201955 22.927334 0.010764
2459655.695022 22.911450 0.010609
2459656.198616 22.932153 0.010816
2459656.691683 22.922866 0.010726
2459657.184750 22.915871 0.010660
2459657.688344 22.927334 0.010776
2459658.181411 22.929907 0.010805
2459658.674478 22.901770 0.010532
2459659.178071 22.921134 0.010725
2459659.671138 22.906233 0.010583
2459660.164206 22.918992 0.010712
2459660.667799 22.912022 0.010649
2459661.160866 22.905746 0.010593
2459661.653933 22.921793 0.010756
2459662.157527 22.925263 0.010797
2459662.650594 22.915379 0.010707
2459663.143661 22.897003 0.010535
2459663.647255 22.898940 0.010562
2459664.140322 22.908349 0.010664
2459664.633389 22.899021 0.010583
2459665.136982 22.885057 0.010460
2459665.630050 22.906965 0.010686
2459666.123117 22.883383 0.010471
2459666.626710 22.870876 0.010368
2459667.119777 22.873792 0.010414
2459667.612844 22.878538 0.010480
2459668.116438 22.866634 0.010389
2459668.609505 22.848365 0.010242
2459669.102572 22.856801 0.010351
2459669.606166 22.846594 0.010288
2459670.099233 22.830020 0.010170
2459670.592300 22.828505 0.010199
2459671.095894 22.821939 0.010189
2459671.588961 22.796803 0.010013
2459672.082028 22.764215 0.009783
2459672.585621 22.760725 0.009830
2459673.078688 22.730985 0.009656
2459673.571756 22.695053 0.009449
2459674.075349 22.672071 0.009383
2459674.568416 22.612027 0.009033
2459675.061483 22.580854 0.008970
2459675.565077 22.479340 0.008409
2459676.058144 22.400200 0.008117
2459676.551211 22.271826 0.007595
2459677.054805 22.092020 0.006943
2459677.547872 21.839940 0.006123
2459678.040939 21.573102 0.005383
2459678.544532 21.597647 0.005449
2459679.037600 21.868919 0.006190
2459679.530667 22.115040 0.007010
2459680.034260 22.281753 0.007604
2459680.527327 22.400047 0.008070
2459681.020394 22.498105 0.008520
2459681.523988 22.558844 0.008763
2459682.017055 22.621681 0.009092
2459682.510122 22.697399 0.009586
2459683.013716 22.705681 0.009527
2459683.506783 22.725119 0.009592
2459683.999850 22.758736 0.009803
2459684.503444 22.770224 0.009829
2459684.996511 22.786559 0.009912
2459685.489578 22.798642 0.009967
2459685.993171 22.806179 0.009987
2459686.486238 22.838390 0.010245
2459686.979306 22.846440 0.010283
2459687.482899 22.843366 0.010221
2459687.975966 22.867105 0.010418
2459688.469033 22.879013 0.010506
2459688.972627 22.871979 0.010415
2459689.465694 22.858901 0.010271
2459689.958761 22.867889 0.010338
2459690.462355 22.900880 0.010641
2459690.955422 22.894990 0.010569
2459691.448489 22.891374 0.010521
2459691.952082 22.899344 0.010586
2459692.445150 22.896036 0.010543
2459692.938217 22.907291 0.010644
2459693.441810 22.887691 0.010445
2459693.934877 22.916199 0.010715
2459807.647256 22.914805 0.010611
2459808.150849 22.925925 0.010720
2459808.643916 22.923196 0.010693
2459809.136983 22.938752 0.010847
2459809.640577 22.915051 0.010613
2459810.133644 22.932903 0.010789
2459810.626711 22.944380 0.010904
2459811.130305 22.907535 0.010540
2459811.623372 22.920227 0.010664
2459812.116439 22.925594 0.010717
2459812.620032 22.909898 0.010563
2459813.113100 22.945138 0.010911
2459813.606167 22.928661 0.010747
2459814.109760 22.940513 0.010865
2459814.602827 22.924023 0.010701
2459815.095894 22.931237 0.010772
2459815.599488 22.923196 0.010693
2459816.092555 22.934487 0.010805
2459816.585622 22.921546 0.010677
2459817.089216 22.926836 0.010729
2459817.582283 22.913904 0.010602
2459818.075350 22.937328 0.010833
2459818.578944 22.924601 0.010707
2459819.072011 22.918663 0.010648
2459819.565078 22.953514 0.010996
2459820.068671 22.927997 0.010740
2459820.561738 22.941436 0.010874
2459821.054806 22.928993 0.010750
2459821.558399 22.910633 0.010570
2459822.051466 22.926754 0.010728
2459822.544533 22.928495 0.010745
2459823.048127 22.932153 0.010782
2459823.541194 22.928827 0.010749
2459824.034261 22.927665 0.010737
2459824.537855 22.941940 0.010879
2459825.030922 22.943622 0.010896
2459825.523989 22.934654 0.010806
2459826.027582 22.935907 0.010819
2459826.520650 22.904933 0.010515
2459827.013717 22.917841 0.010640
2459827.517310 22.927583 0.010736
2459828.010377 22.913576 0.010599
2459828.503444 22.920145 0.010663
2459829.007038 22.927831 0.010739
2459829.500105 22.947078 0.010931
2459829.993172 22.942528 0.010885
2459830.496766 22.931154 0.010772
2459830.989833 22.926671 0.010727
2459831.482900 22.931737 0.010777
2459831.986494 22.933987 0.010800
2459832.479561 22.920474 0.010666
2459832.972628 22.920145 0.010663
2459833.476221 22.919815 0.010660
2459833.969288 22.937161 0.010831
2459834.462356 22.931487 0.010775
2459834.965949 22.951816 0.010979
2459835.459016 22.950037 0.010961
2459835.952083 22.950376 0.010964
2459836.455677 22.927417 0.010735
2459836.948744 22.916855 0.010631
2459837.441811 22.930905 0.010769
2459837.945405 22.935990 0.010820
2459838.438472 22.938752 0.010847
2459838.931539 22.943959 0.010899
2459839.435132 22.936074 0.010821
2459839.928200 22.922123 0.010682
2459840.421267 22.930905 0.010769
2459840.924860 22.943622 0.010896
2459841.417927 22.925925 0.010720
2459841.910994 22.954618 0.011007
2459842.414588 22.931404 0.010774
2459842.907655 22.938668 0.010846
2459843.400722 22.920804 0.010669
2459843.904316 22.931820 0.010778
2459844.397383 22.928246 0.010743
2459844.890450 22.922701 0.010688
2459845.394044 22.925098 0.010712
2459845.887111 22.930323 0.010763
2459846.380178 22.932320 0.010783
2459846.883771 22.925925 0.010720
2459847.376838 22.932236 0.010782
2459847.869906 22.934404 0.010804
2459848.373499 22.935907 0.010819
2459848.866566 22.926174 0.010722
2459849.359633 22.929491 0.010755
2459849.863227 22.937496 0.010835
2459850.356294 22.923775 0.010699
2459850.849361 22.911613 0.010579
2459851.352955 22.923031 0.010691
2459851.846022 22.920145 0.010663
2459852.339089 22.925015 0.010711
2459852.842682 22.933903 0.010799
2459853.335750 22.929824 0.010758
2459853.828817 22.938752 0.010847
2459854.332410 22.926422 0.010725
2459854.825477 22.927334 0.010734
2459855.318544 22.922041 0.010682
2459855.822138 22.927417 0.010735
2459856.315205 22.913085 0.010594
2459856.808272 22.901042 0.010477
2459857.311866 22.933319 0.010793
2459857.804933 22.931154 0.010772
2459858.298000 22.937830 0.010838
2459858.801594 22.935489 0.010815
2459859.294661 22.918252 0.010644
2459859.787728 22.939674 0.010856
2459860.291321 22.930406 0.010764
2459860.784388 22.931404 0.010774
2459861.277456 22.921381 0.010675
2459861.781049 22.935072 0.010811
2459862.274116 22.938249 0.010842
2459862.767183 22.932819 0.010788
2459863.270777 22.928578 0.010746
2459863.763844 22.919486 0.010656
2459864.256911 22.931903 0.010779
2459864.760505 22.931321 0.010773
2459865.253572 22.930572 0.010766
2459865.746639 22.922206 0.010683
2459866.250232 22.934070 0.010801
2459866.743300 22.936158 0.010821
2459867.236367 22.934821 0.010808
2459867.739960 22.930738 0.010767
2459868.233027 22.923692 0.010698
2459868.726094 22.917677 0.010639
2459869.229688 22.941268 0.010872
2459869.722755 22.933319 0.010793
2459870.215822 22.911858 0.010582
2459870.719416 22.942360 0.010883
2459871.212483 22.934571 0.010806
2459871.705550 22.925594 0.010717
2459872.209144 22.941436 0.010874
2459872.702211 22.937747 0.010837
2459873.195278 22.918581 0.010648
2459873.698871 22.933486 0.010795
2459874.191938 22.929907 0.010759
2459874.685006 22.918992 0.010652
2459875.188599 22.930905 0.010769
2459875.681666 22.924601 0.010707
2459876.174733 22.926836 0.010729
2459876.678327 22.926919 0.010730
2459877.171394 22.950630 0.010967
2459877.664461 22.940177 0.010861
2459878.168055 22.929824 0.010758
2459878.661122 22.934404 0.010804
2459879.154189 22.933570 0.010796
2459987.411250 22.926091 0.010721
2459987.904317 22.921051 0.010672
2459988.407910 22.945812 0.010918
2459988.900977 22.921876 0.010680
2459989.394044 22.938333 0.010843
2459989.897638 22.933903 0.010799
2459990.390705 22.929575 0.010756
2459990.883772 22.939506 0.010855
2459991.387366 22.928246 0.010743
2459991.880433 22.932486 0.010785
2459992.373500 22.916363 0.010626
2459992.877094 22.936659 0.010826
2459993.370161 22.930489 0.010765
2459993.863228 22.932736 0.010787
2459994.366821 22.926257 0.010723
2459994.859888 22.924436 0.010705
2459995.352956 22.950545 0.010966
2459995.856549 22.925925 0.010720
2459996.349616 22.933069 0.010791
2459996.842683 22.922123 0.010682
2459997.346277 22.928246 0.010743
2459997.839344 22.936826 0.010828
2459998.332411 22.932236 0.010782
2459998.836005 22.930988 0.010770
2459999.329072 22.942024 0.010880
2459999.822139 22.942865 0.010888
2460000.325732 22.930489 0.010765
2460000.818800 22.948176 0.010942
2460001.311867 22.924601 0.010707
2460001.815460 22.948176 0.010942
2460002.308527 22.921051 0.010672
2460002.801594 22.918334 0.010645
2460003.305188 22.931404 0.010774
2460003.798255 22.907047 0.010535
2460004.291322 22.936743 0.010827
2460004.794916 22.904852 0.010514
2460005.287983 22.916445 0.010627
2460005.781050 22.937496 0.010835
2460006.284644 22.932569 0.010786
2460006.777711 22.944211 0.010902
2460007.270778 22.942528 0.010885
2460007.774371 22.917595 0.010638
2460008.267438 22.939841 0.010858
2460008.760506 22.921051 0.010672
2460009.264099 22.939841 0.010858
2460009.757166 22.937663 0.010836
2460010.250233 22.937328 0.010833
2460010.753827 22.931321 0.010773
2460011.246894 22.927583 0.010736
2460011.739961 22.936074 0.010820
2460012.243555 22.940345 0.010863
2460012.736622 22.946740 0.010927
2460013.229689 22.910388 0.010568
2460013.733282 22.921216 0.010673
2460014.226350 22.939422 0.010854
2460014.719417 22.931653 0.010777
2460015.223010 22.914641 0.010609
2460015.716077 22.936074 0.010820
2460016.209144 22.925925 0.010720
2460016.712738 22.923857 0.010699
2460017.205805 22.911205 0.010575
2460017.698872 22.916445 0.010627
2460018.202466 22.935656 0.010816
2460018.695533 22.932736 0.010787
2460019.188600 22.920721 0.010669
2460019.692194 22.920721 0.010669
2460020.185261 22.917595 0.010638
2460020.678328 22.928246 0.010743
2460021.181921 22.939841 0.010858
2460021.674988 22.922371 0.010685
2460022.168056 22.942192 0.010882
2460022.671649 22.949106 0.010951
2460023.164716 22.924684 0.010708
2460023.657783 22.925263 0.010713
2460024.161377 22.929990 0.010760
2460024.654444 22.950545 0.010966
2460025.147511 22.923196 0.010693
2460025.651105 22.904771 0.010513
2460026.144172 22.928246 0.010743
2460026.637239 22.928993 0.010750
2460027.140832 22.921298 0.010674
2460027.633900 22.935239 0.010812
2460028.126967 22.939506 0.010855
2460028.630560 22.939506 0.010855
2460029.123627 22.921216 0.010673
2460029.616694 22.928495 0.010745
2460030.120288 22.936408 0.010824
2460030.613355 22.931653 0.010777
2460031.106422 22.936241 0.010822
2460031.610016 22.953174 0.010992
2460032.103083 22.926919 0.010730
2460032.596150 22.935239 0.010812
2460033.099744 22.907372 0.010538
2460033.592811 22.924105 0.010702
2460034.085878 22.928827 0.010749
2460034.589471 22.937496 0.010835
2460035.082538 22.903472 0.010500
2460035.575606 22.945054 0.010910
2460036.079199 22.940345 0.010863
2460036.572266 22.904202 0.010507
2460037.065333 22.923857 0.010699
2460037.568927 22.937579 0.010836
2460038.061994 22.926505 0.010726
2460038.555061 22.954873 0.011009
2460039.058655 22.947078 0.010931
2460039.551722 22.929907 0.010759
2460040.044789 22.924188 0.010703
2460040.548382 22.933820 0.010798
2460041.041450 22.942781 0.010888
2460041.534517 22.934404 0.010804
2460042.038110 22.937412 0.010834
2460042.531177 22.943033 0.010890
2460043.024244 22.916609 0.010628
2460043.527838 22.904446 0.010510
2460044.020905 22.941772 0.010877
2460044.513972 22.919404 0.010656
2460045.017566 22.920804 0.010669
2460045.510633 22.918910 0.010651
2460046.003700 22.938836 0.010848
2460046.507294 22.930489 0.010765
2460047.000361 22.926422 0.010725
2460047.493428 22.928412 0.010744
2460047.997021 22.936743 0.010827
2460048.490088 22.915706 0.010619
2460048.983156 22.942276 0.010882
2460049.486749 22.928744 0.010748
2460049.979816 22.911940 0.010583
2460050.472883 22.927168 0.010732
2460050.976477 22.927665 0.010737
2460051.469544 22.915789 0.010620
2460051.962611 22.924932 0.010710
2460052.466205 22.946994 0.010930
2460052.959272 22.939255 0.010852
2460053.452339 22.922618 0.010687
2460053.955932 22.912022 0.010583
2460054.449000 22.923609 0.010697
2460054.942067 22.932819 0.010788
2460055.445660 22.930406 0.010764
2460055.938727 22.944043 0.010900
2460056.431794 22.924932 0.010710
2460056.935388 22.931487 0.010775
2460057.428455 22.930572 0.010766
2460057.921522 22.939338 0.010853
2460058.425116 22.931321 0.010773
2460058.918183 22.933903 0.010799
