2458346.727899 26.225642 0.038072
2458347.220966 26.188566 0.036794
2458347.714033 26.195391 0.037026
2458348.217627 26.184685 0.036662
2458348.710694 26.209668 0.037516
2458349.203761 26.266637 0.039537
2458349.707355 26.155539 0.035691
2458350.200422 26.161685 0.035894
2458350.693489 26.174082 0.036306
2458351.197082 26.194902 0.037009
2458351.690150 26.247998 0.038864
2458352.183217 26.193925 0.036976
2458352.686810 26.140091 0.035187
2458353.179877 26.150365 0.035521
2458353.672944 26.233718 0.038356
2458354.176538 26.247998 0.038864
2458354.669605 26.188080 0.036777
2458355.162672 26.233718 0.038356
2458355.666266 26.195880 0.037042
2458356.159333 26.290930 0.040431
2458356.652400 26.235747 0.038428
2458357.155994 26.252112 0.039011
2458357.649061 26.187109 0.036744
2458358.142128 26.200293 0.037193
2458358.645721 26.238287 0.038518
2458359.138788 26.230177 0.038231
2458359.631856 26.168343 0.036115
2458360.135449 26.206698 0.037413
2458360.628516 26.247484 0.038845
2458361.121583 26.273448 0.039785
2458361.625177 26.222629 0.037966
2458362.118244 26.250053 0.038937
2458362.611311 26.243387 0.038699
2458363.114905 26.218624 0.037826
2458363.607972 26.216627 0.037757
2458364.101039 26.177445 0.036419
2458364.604632 26.180335 0.036516
2458365.097700 26.232199 0.038302
2458365.590767 26.223130 0.037984
2458366.094360 26.146150 0.035384
2458366.587427 26.192461 0.036926
2458367.080494 26.240834 0.038608
2458367.584088 26.171209 0.036210
2458368.077155 26.164533 0.035988
2458368.570222 26.161685 0.035894
2458369.073816 26.200784 0.037210
2458369.566883 26.235239 0.038410
2458370.059950 26.216627 0.037757
2458370.563544 26.204230 0.037328
2458371.056611 26.206204 0.037396
2458371.549678 26.226145 0.038089
2458372.053271 26.181783 0.036564
2458372.546338 26.183233 0.036613
2458373.039406 26.232199 0.038302
2458373.542999 26.277660 0.039940
2458374.036066 26.152714 0.035598
2458374.529133 26.274499 0.039824
2458375.032727 26.199311 0.037159
2458375.525794 26.263508 0.039423
2458376.018861 26.206204 0.037396
2458376.522455 26.228663 0.038178
2458377.015522 26.191973 0.036909
2458377.508589 26.229168 0.038195
2458378.012182 26.303283 0.040894
2458378.505250 26.178407 0.036451
2458378.998317 26.228159 0.038160
2458379.501910 26.208677 0.037481
2458379.994977 26.199802 0.037176
2458380.488044 26.170731 0.036194
2458380.991638 26.219124 0.037844
2458381.484705 26.237779 0.038500
2458381.977772 26.187109 0.036744
2458382.481366 26.179853 0.036499
2458382.974433 26.241855 0.038644
2458383.467500 26.212148 0.037601
2458383.971094 26.261947 0.039366
2458384.464161 26.190025 0.036843
2458384.957228 26.171687 0.036226
2458385.460821 26.213142 0.037636
2458385.953888 26.198329 0.037126
2458386.446956 26.264550 0.039461
2458386.950549 26.171209 0.036210
2458387.443616 26.229168 0.038195
2458387.936683 26.267160 0.039556
2458388.440277 26.212148 0.037601
2458388.933344 26.215132 0.037705
2458389.426411 26.261427 0.039347
2458389.930005 26.229168 0.038195
2458390.423072 26.230177 0.038231
2458390.916139 26.257795 0.039216
2458391.419732 26.197349 0.037092
2458391.912800 26.251082 0.038974
2458392.405867 26.151304 0.035552
2458392.909460 26.297895 0.040691
2458393.402527 26.183716 0.036630
2458393.895594 26.154596 0.035660
2458394.399188 26.266115 0.039518
2458394.892255 26.198329 0.037126
2458395.385322 26.195880 0.037042
2458395.888916 26.193437 0.036959
2458396.381983 26.230177 0.038231
2458396.875050 26.218125 0.037809
2458397.378644 26.208677 0.037481
2458397.871711 26.140556 0.035202
2458398.364778 26.213639 0.037653
2458398.868371 26.206204 0.037396
2458399.361438 26.175522 0.036354
2458399.854506 26.284009 0.040174
2458400.358099 26.254692 0.039104
2458400.851166 26.231188 0.038267
2458401.344233 26.142418 0.035262
2458401.847827 26.181783 0.036564
2458402.340894 26.224134 0.038019
2458402.833961 26.170253 0.036178
2458403.337555 26.161211 0.035878
2458403.830622 26.297358 0.040671
2458404.323689 26.186138 0.036711
2458404.827282 26.204230 0.037328
2458405.320350 26.200784 0.037210
2458405.813417 26.232705 0.038320
2458406.317010 26.237270 0.038482
2458406.810077 26.182266 0.036581
2458407.303144 26.238287 0.038518
2458407.806738 26.242365 0.038663
2458408.299805 26.123945 0.034668
2458408.792872 26.164058 0.035972
2458409.296466 26.200293 0.037193
2458409.789533 26.187109 0.036744
2458410.282600 26.232199 0.038302
2458410.786194 26.229672 0.038213
2458411.279261 26.252628 0.039030
2458411.772328 26.229672 0.038213
2458412.275921 26.247998 0.038864
2458412.768988 26.240834 0.038608
2458413.262056 26.244922 0.038754
2458413.765649 26.164058 0.035972
2458414.258716 26.145683 0.035369
2458414.751783 26.173603 0.036290
2458415.255377 26.183716 0.036630
2458415.748444 26.188566 0.036794
2458416.241511 26.249025 0.038900
2458416.745105 26.245946 0.038790
2458417.238172 26.183716 0.036630
2458417.731239 26.218125 0.037809
2458418.234832 26.192461 0.036926
2458526.481367 26.196370 0.037059
2458526.984960 26.258832 0.039253
2458527.478027 26.299509 0.040752
2458527.971094 26.251597 0.038993
2458528.474688 26.222127 0.037949
2458528.967755 26.211155 0.037567
2458529.460822 26.224637 0.038036
2458529.964416 26.179853 0.036499
2458530.457483 26.200293 0.037193
2458530.950550 26.233718 0.038356
2458531.454144 26.266115 0.039518
2458531.947211 26.145683 0.035369
2458532.440278 26.190025 0.036843
2458532.943871 26.195391 0.037026
2458533.436938 26.159317 0.035816
2458533.930006 26.141952 0.035247
2458534.433599 26.113917 0.034349
2458534.926666 26.266637 0.039537
2458535.419733 26.281359 0.040076
2458535.923327 26.155067 0.035676
2458536.416394 26.187594 0.036761
2458536.909461 26.210659 0.037550
2458537.413055 26.185653 0.036695
2458537.906122 26.209172 0.037498
2458538.399189 26.290396 0.040411
2458538.902782 26.165009 0.036004
2458539.395850 26.229168 0.038195
2458539.888917 26.217126 0.037774
2458540.392510 26.266637 0.039537
2458540.885577 26.254692 0.039104
2458541.378644 26.174562 0.036322
2458541.882238 26.257277 0.039197
2458542.375305 26.147554 0.035430
2458542.868372 26.208182 0.037464
2458543.371966 26.193925 0.036976
2458543.865033 26.232199 0.038302
2458544.358100 26.204723 0.037345
2458544.861694 26.186623 0.036728
2458545.354761 26.155539 0.035691
2458545.847828 26.163108 0.035941
2458546.351421 26.208677 0.037481
2458546.844488 26.192948 0.036942
2458547.337556 26.239815 0.038572
2458547.841149 26.158371 0.035784
2458548.334216 26.233718 0.038356
2458548.827283 26.195880 0.037042
2458549.330877 26.220625 0.037896
2458549.823944 26.240324 0.038590
2458550.317011 26.196370 0.037059
2458550.820605 26.211652 0.037584
2458551.313672 26.163108 0.035941
2458551.806739 26.179371 0.036483
2458552.310332 26.261427 0.039347
2458552.803400 26.190025 0.036843
2458553.296467 26.134991 0.035022
2458553.800060 26.284540 0.040194
2458554.293127 26.211652 0.037584
2458554.786194 26.204230 0.037328
2458555.289788 26.271348 0.039709
2458555.782855 26.160737 0.035862
2458556.275922 26.239306 0.038554
2458556.779516 26.178889 0.036467
2458557.272583 26.209668 0.037516
2458557.765650 26.231188 0.038267
2458558.269244 26.231188 0.038267
2458558.762311 26.210163 0.037533
2458559.255378 26.147086 0.035414
2458559.758971 26.153184 0.035614
2458560.252038 26.180335 0.036516
2458560.745106 26.203737 0.037311
2458561.248699 26.185653 0.036695
2458561.741766 26.256242 0.039160
2458562.234833 26.228663 0.038178
2458562.738427 26.170731 0.036194
2458563.231494 26.235747 0.038428
2458563.724561 26.210163 0.037533
2458564.228155 26.211155 0.037567
2458564.721222 26.228159 0.038160
2458565.214289 26.219624 0.037861
2458565.717882 26.216129 0.037740
2458566.210950 26.179853 0.036499
2458566.704017 26.216129 0.037740
2458567.207610 26.164058 0.035972
2458567.700677 26.211652 0.037584
2458568.193744 26.225642 0.038072
2458568.697338 26.119375 0.034522
2458569.190405 26.165960 0.036035
2458569.683472 26.228159 0.038160
2458570.187066 26.279244 0.039998
2458570.680133 26.230682 0.038249
2458571.173200 26.208677 0.037481
2458571.676794 26.123945 0.034668
2458572.169861 26.231188 0.038267
2458572.662928 26.207687 0.037447
2458573.166521 26.219124 0.037844
2458573.659588 26.177926 0.036435
2458574.152656 26.235747 0.038428
2458574.656249 26.146150 0.035384
2458575.149316 26.247998 0.038864
2458575.642383 26.180335 0.036516
2458576.145977 26.275025 0.039843
2458576.639044 26.190511 0.036859
2458577.132111 26.297895 0.040691
2458577.635705 26.173603 0.036290
2458578.128772 26.231188 0.038267
2458578.621839 26.190998 0.036876
2458579.125432 26.198329 0.037126
2458579.618500 26.320708 0.041555
2458580.111567 26.308156 0.041078
2458580.615160 26.186138 0.036711
2458581.108227 26.206698 0.037413
2458581.601294 26.207687 0.037447
2458582.104888 26.153655 0.035629
2458582.597955 26.219124 0.037844
2458583.091022 26.221626 0.037931
2458583.594616 26.223632 0.038001
2458584.087683 26.266115 0.039518
2458584.580750 26.168343 0.036115
2458585.084344 26.299509 0.040752
2458585.577411 26.218624 0.037826
2458586.070478 26.186138 0.036711
2458586.574071 26.201768 0.037244
2458587.067138 26.245434 0.038772
2458587.560206 26.209668 0.037516
2458588.063799 26.194413 0.036992
2458588.556866 26.236762 0.038464
2458589.049933 26.272397 0.039747
2458589.553527 26.293604 0.040531
2458590.046594 26.264550 0.039461
2458590.539661 26.235239 0.038410
2458591.043255 26.193925 0.036976
2458591.536322 26.193437 0.036959
2458592.029389 26.190025 0.036843
2458592.532982 26.202752 0.037277
2458593.026050 26.249025 0.038900
2458593.519117 26.242365 0.038663
2458594.022710 26.210659 0.037550
2458594.515777 26.125778 0.034726
2458595.008844 26.244410 0.038735
2458595.512438 26.207687 0.037447
2458596.005505 26.207193 0.037430
2458596.498572 26.190511 0.036859
2458597.002166 26.224637 0.038036
2458597.495233 26.233718 0.038356
2458597.988300 26.177926 0.036435
2458712.204272 26.152244 0.035583
2458712.697339 26.206698 0.037413
2458713.200932 26.182749 0.036597
2458713.694000 26.244410 0.038735
2458714.187067 26.190025 0.036843
2458714.690660 26.199802 0.037176
2458715.183727 26.183233 0.036613
2458715.676794 26.259350 0.039272
2458716.180388 26.264550 0.039461
2458716.673455 26.232199 0.038302
2458717.166522 26.312505 0.041243
2458717.670116 26.212645 0.037619
2458718.163183 26.215630 0.037722
2458718.656250 26.170731 0.036194
2458719.159844 26.210659 0.037550
2458719.652911 26.199311 0.037159
2458720.145978 26.222127 0.037949
2458720.649571 26.222127 0.037949
2458721.142638 26.170253 0.036178
2458721.635706 26.184200 0.036646
2458722.139299 26.176483 0.036386
2458722.632366 26.317967 0.041451
2458723.125433 26.154125 0.035645
2458723.629027 26.199311 0.037159
2458724.122094 26.200784 0.037210
2458724.615161 26.185169 0.036679
2458725.118755 26.216627 0.037757
2458725.611822 26.218125 0.037809
2458726.104889 26.190998 0.036876
2458726.608482 26.229672 0.038213
2458727.101550 26.259350 0.039272
2458727.594617 26.200784 0.037210
2458728.098210 26.219624 0.037861
2458728.591277 26.211155 0.037567
2458729.084344 26.155067 0.035676
2458729.587938 26.211652 0.037584
2458730.081005 26.171209 0.036210
2458730.574072 26.156482 0.035722
2458731.077666 26.241344 0.038626
2458731.570733 26.219624 0.037861
2458732.063800 26.292533 0.040491
2458732.567394 26.244410 0.038735
2458733.060461 26.217625 0.037792
2458733.553528 26.175522 0.036354
2458734.057121 26.192948 0.036942
2458734.550188 26.148022 0.035445
2458735.043256 26.217126 0.037774
2458735.546849 26.219624 0.037861
2458736.039916 26.243899 0.038717
2458736.532983 26.266115 0.039518
2458737.036577 26.217126 0.037774
2458737.529644 26.169297 0.036146
2458738.022711 26.158371 0.035784
2458738.526305 26.240834 0.038608
2458739.019372 26.193925 0.036976
2458739.512439 26.247484 0.038845
2458740.016032 26.219624 0.037861
2458740.509100 26.209172 0.037498
2458741.002167 26.153655 0.035629
2458741.505760 26.213639 0.037653
2458741.998827 26.276079 0.039882
2458742.491894 26.268728 0.039613
2458742.995488 26.224134 0.038019
2458743.488555 26.236254 0.038446
2458743.981622 26.227655 0.038142
2458744.485216 26.239815 0.038572
2458744.978283 26.247998 0.038864
2458745.471350 26.221626 0.037931
2458745.974944 26.254175 0.039085
2458746.468011 26.165009 0.036004
2458746.961078 26.220124 0.037879
2458747.464671 26.220124 0.037879
2458747.957738 26.201276 0.037227
2458748.450806 26.228663 0.038178
2458748.954399 26.250567 0.038956
2458749.447466 26.218125 0.037809
2458749.940533 26.200784 0.037210
2458750.444127 26.226145 0.038089
2458750.937194 26.271872 0.039728
2458751.430261 26.242365 0.038663
2458751.933855 26.243899 0.038717
2458752.426922 26.237270 0.038482
2458752.919989 26.181300 0.036548
2458753.423582 26.218624 0.037826
2458753.916650 26.221125 0.037914
2458754.409717 26.180817 0.036532
2458754.913310 26.213142 0.037636
2458755.406377 26.112103 0.034291
2458755.899444 26.235747 0.038428
2458756.403038 26.244922 0.038754
2458756.896105 26.227152 0.038125
2458757.389172 26.243899 0.038717
2458757.892766 26.183716 0.036630
2458758.385833 26.165009 0.036004
2458758.878900 26.203245 0.037294
2458759.382494 26.185653 0.036695
2458759.875561 26.238287 0.038518
2458760.368628 26.279244 0.039998
2458760.872221 26.219124 0.037844
2458761.365288 26.167866 0.036099
2458761.858356 26.268728 0.039613
2458762.361949 26.205710 0.037379
2458762.855016 26.229672 0.038213
2458763.348083 26.250053 0.038937
2458763.851677 26.177926 0.036435
2458764.344744 26.189052 0.036810
2458764.837811 26.202752 0.037277
2458765.341405 26.186138 0.036711
2458765.834472 26.191973 0.036909
2458766.327539 26.191973 0.036909
2458766.831132 26.199802 0.037176
2458767.324200 26.234732 0.038392
2458767.817267 26.246971 0.038827
2458768.320860 26.178407 0.036451
2458768.813927 26.187594 0.036761
2458769.306994 26.215132 0.037705
2458769.810588 26.168820 0.036130
2458770.303655 26.188566 0.036794
2458770.796722 26.206698 0.037413
2458771.300316 26.214137 0.037670
2458771.793383 26.224637 0.038036
2458772.286450 26.193437 0.036959
2458772.790044 26.209668 0.037516
2458773.283111 26.234732 0.038392
2458773.776178 26.199311 0.037159
2458774.279771 26.115733 0.034406
2458774.772838 26.287730 0.040312
2458775.265906 26.246459 0.038809
2458775.769499 26.201768 0.037244
2458776.262566 26.221626 0.037931
2458776.755633 26.226145 0.038089
2458777.259227 26.189052 0.036810
2458777.752294 26.185653 0.036695
2458778.245361 26.211652 0.037584
2458778.748955 26.112556 0.034306
2458779.242022 26.219124 0.037844
2458779.735089 26.229168 0.038195
2458780.238682 26.214137 0.037670
2458780.731750 26.197349 0.037092
2458781.224817 26.172166 0.036242
2458781.728410 26.205217 0.037362
2458782.221477 26.239306 0.038554
2458782.714544 26.193925 0.036976
2458783.218138 26.248511 0.038882
2458783.711205 26.224637 0.038036
2459622.427944 26.225139 0.038054
2459622.921011 26.167866 0.036099
2459623.424605 26.252628 0.039030
2459623.917672 26.231188 0.038267
2459624.410739 26.257795 0.039216
2459624.914332 26.267682 0.039575
2459625.407400 26.240834 0.038608
2459625.900467 26.149896 0.035506
2459626.404060 26.246459 0.038809
2459626.897127 26.193437 0.036959
2459627.390194 26.250053 0.038937
2459627.893788 26.218125 0.037809
2459628.386855 26.206698 0.037413
2459628.879922 26.195391 0.037026
2459629.383516 26.221125 0.037914
2459629.876583 26.181783 0.036564
2459630.369650 26.227655 0.038142
2459630.873244 26.217625 0.037792
2459631.366311 26.202752 0.037277
2459631.859378 26.186623 0.036728
2459632.362971 26.246971 0.038827
2459632.856038 26.233718 0.038356
2459633.349106 26.229168 0.038195
2459633.852699 26.169775 0.036162
2459634.345766 26.181300 0.036548
2459634.838833 26.288796 0.040352
2459635.342427 26.192948 0.036942
2459635.835494 26.215630 0.037722
2459636.328561 26.155539 0.035691
2459636.832155 26.196370 0.037059
2459637.325222 26.268205 0.039594
2459637.818289 26.185169 0.036679
2459638.321882 26.181783 0.036564
2459638.814950 26.270299 0.039670
2459639.308017 26.151774 0.035568
2459639.811610 26.190511 0.036859
2459640.304677 26.244410 0.038735
2459640.797744 26.280830 0.040057
2459641.301338 26.207687 0.037447
2459641.794405 26.220625 0.037896
2459642.287472 26.245946 0.038790
2459642.791066 26.214634 0.037688
2459643.284133 26.212645 0.037619
2459643.777200 26.204723 0.037345
2459644.280794 26.162633 0.035925
2459644.773861 26.185653 0.036695
2459645.266928 26.181300 0.036548
2459645.770521 26.265072 0.039480
2459646.263588 26.200784 0.037210
2459646.756656 26.119831 0.034536
2459647.260249 26.174082 0.036306
2459647.753316 26.129914 0.034859
2459648.246383 26.148022 0.035445
2459648.749977 26.206204 0.037396
2459649.243044 26.216129 0.037740
2459649.736111 26.198820 0.037143
2459650.239705 26.116642 0.034435
2459650.732772 26.206204 0.037396
2459651.225839 26.201276 0.037227
2459651.729432 26.198820 0.037143
2459652.222500 26.194902 0.037009
2459652.715567 26.159790 0.035831
2459653.219160 26.181783 0.036564
2459653.712227 26.205217 0.037362
2459654.205294 26.169297 0.036146
2459654.708888 26.257277 0.039197
2459655.201955 26.210659 0.037550
2459655.695022 26.160737 0.035862
2459656.198616 26.195880 0.037042
2459656.691683 26.239306 0.038554
2459657.184750 26.190511 0.036859
2459657.688344 26.222127 0.037949
2459658.181411 26.221125 0.037914
2459658.674478 26.246971 0.038827
2459659.178071 26.207193 0.037430
2459659.671138 26.232199 0.038302
2459660.164206 26.177445 0.036419
2459660.667799 26.174082 0.036306
2459661.160866 26.230682 0.038249
2459661.653933 26.227152 0.038125
2459662.157527 26.228159 0.038160
2459662.650594 26.210163 0.037533
2459663.143661 26.225139 0.038054
2459663.647255 26.248511 0.038882
2459664.140322 26.320708 0.041555
2459664.633389 26.294675 0.040571
2459665.136982 26.259869 0.039291
2459665.630050 26.147554 0.035430
2459666.123117 26.206204 0.037396
2459666.626710 26.185653 0.036695
2459667.119777 26.168343 0.036115
2459667.612844 26.207193 0.037430
2459668.116438 26.267160 0.039556
2459668.609505 26.217126 0.037774
2459669.102572 26.211155 0.037567
2459669.606166 26.226145 0.038089
2459670.099233 26.271348 0.039709
2459670.592300 26.252112 0.039011
2459671.095894 26.230177 0.038231
2459671.588961 26.277660 0.039940
2459672.082028 26.286666 0.040273
2459672.585621 26.225642 0.038072
2459673.078688 26.225139 0.038054
2459673.571756 26.182266 0.036581
2459674.075349 26.208677 0.037481
2459674.568416 26.197839 0.037109
2459675.061483 26.210163 0.037533
2459675.565077 26.218125 0.037809
2459676.058144 26.222629 0.037966
2459676.551211 26.164533 0.035988
2459677.054805 26.202752 0.037277
2459677.547872 26.252112 0.039011
2459678.040939 26.208182 0.037464
2459678.544532 26.264550 0.039461
2459679.037600 26.190511 0.036859
2459679.530667 26.226648 0.038107
2459680.034260 26.241855 0.038644
2459680.527327 26.251082 0.038974
2459681.020394 26.230177 0.038231
2459681.523988 26.196859 0.037076
2459682.017055 26.222629 0.037966
2459682.510122 26.326763 0.041788
2459683.013716 26.189052 0.036810
2459683.506783 26.186138 0.036711
2459683.999850 26.251597 0.038993
2459684.503444 26.217126 0.037774
2459684.996511 26.209172 0.037498
2459685.489578 26.165960 0.036035
2459685.993171 26.222629 0.037966
2459686.486238 26.214634 0.037688
2459686.979306 26.216129 0.037740
2459687.482899 26.185653 0.036695
2459687.975966 26.210659 0.037550
2459688.469033 26.228159 0.038160
2459688.972627 26.229672 0.038213
2459689.465694 26.256242 0.039160
2459689.958761 26.225139 0.038054
2459690.462355 26.169775 0.036162
2459690.955422 26.207687 0.037447
2459691.448489 26.190025 0.036843
2459691.952082 26.167866 0.036099
2459692.445150 26.217126 0.037774
2459692.938217 26.214137 0.037670
2459693.441810 26.219624 0.037861
2459693.934877 26.243899 0.038717
2459807.647256 26.246971 0.038827
2459808.150849 26.256242 0.039160
2459808.643916 26.245434 0.038772
2459809.136983 26.169775 0.036162
2459809.640577 26.225642 0.038072
2459810.133644 26.181783 0.036564
2459810.626711 26.177445 0.036419
2459811.130305 26.187594 0.036761
2459811.623372 26.232199 0.038302
2459812.116439 26.257795 0.039216
2459812.620032 26.219624 0.037861
2459813.113100 26.123945 0.034668
2459813.606167 26.300586 0.040792
2459814.109760 26.251597 0.038993
2459814.602827 26.194902 0.037009
2459815.095894 26.195391 0.037026
2459815.599488 26.163108 0.035941
2459816.092555 26.175522 0.036354
2459816.585622 26.162159 0.035909
2459817.089216 26.208677 0.037481
2459817.582283 26.188080 0.036777
2459818.075350 26.178407 0.036451
2459818.578944 26.205217 0.037362
2459819.072011 26.199802 0.037176
2459819.565078 26.134991 0.035022
2459820.068671 26.194413 0.036992
2459820.561738 26.249025 0.038900
2459821.054806 26.256242 0.039160
2459821.558399 26.137770 0.035112
2459822.051466 26.218624 0.037826
2459822.544533 26.199311 0.037159
2459823.048127 26.214137 0.037670
2459823.541194 26.232705 0.038320
2459824.034261 26.235747 0.038428
2459824.537855 26.214137 0.037670
2459825.030922 26.205217 0.037362
2459825.523989 26.214137 0.037670
2459826.027582 26.287198 0.040292
2459826.520650 26.257277 0.039197
2459827.013717 26.207687 0.037447
2459827.517310 26.228159 0.038160
2459828.010377 26.184200 0.036646
2459828.503444 26.280301 0.040037
2459829.007038 26.215630 0.037722
2459829.500105 26.152714 0.035598
2459829.993172 26.212148 0.037601
2459830.496766 26.225642 0.038072
2459830.989833 26.187109 0.036744
2459831.482900 26.264029 0.039442
2459831.986494 26.252628 0.039030
2459832.479561 26.239815 0.038572
2459832.972628 26.183716 0.036630
2459833.476221 26.262467 0.039385
2459833.969288 26.176002 0.036370
2459834.462356 26.153184 0.035614
2459834.965949 26.139627 0.035172
2459835.459016 26.220625 0.037896
2459835.952083 26.207687 0.037447
2459836.455677 26.174562 0.036322
2459836.948744 26.223130 0.037984
2459837.441811 26.227655 0.038142
2459837.945405 26.185653 0.036695
2459838.438472 26.254692 0.039104
2459838.931539 26.217625 0.037792
2459839.435132 26.227152 0.038125
2459839.928200 26.249025 0.038900
2459840.421267 26.309242 0.041119
2459840.924860 26.197839 0.037109
2459841.417927 26.222629 0.037966
2459841.910994 26.171687 0.036226
2459842.414588 26.204723 0.037345
2459842.907655 26.177926 0.036435
2459843.400722 26.147554 0.035430
2459843.904316 26.226648 0.038107
2459844.397383 26.204723 0.037345
2459844.890450 26.219624 0.037861
2459845.394044 26.224637 0.038036
2459845.887111 26.232705 0.038320
2459846.380178 26.219124 0.037844
2459846.883771 26.185169 0.036679
2459847.376838 26.223632 0.038001
2459847.869906 26.156010 0.035707
2459848.373499 26.226648 0.038107
2459848.866566 26.237270 0.038482
2459849.359633 26.186623 0.036728
2459849.863227 26.218624 0.037826
2459850.356294 26.226145 0.038089
2459850.849361 26.243387 0.038699
2459851.352955 26.273448 0.039785
2459851.846022 26.224134 0.038019
2459852.339089 26.227152 0.038125
2459852.842682 26.218125 0.037809
2459853.335750 26.252112 0.039011
2459853.828817 26.235747 0.038428
2459854.332410 26.218624 0.037826
2459854.825477 26.215132 0.037705
2459855.318544 26.209172 0.037498
2459855.822138 26.172166 0.036242
2459856.315205 26.196370 0.037059
2459856.808272 26.219624 0.037861
2459857.311866 26.256242 0.039160
2459857.804933 26.230682 0.038249
2459858.298000 26.229168 0.038195
2459858.801594 26.166436 0.036051
2459859.294661 26.206698 0.037413
2459859.787728 26.161685 0.035894
2459860.291321 26.202752 0.037277
2459860.784388 26.259869 0.039291
2459861.277456 26.234225 0.038374
2459861.781049 26.293604 0.040531
2459862.274116 26.171209 0.036210
2459862.767183 26.259350 0.039272
2459863.270777 26.118463 0.034493
2459863.763844 26.203737 0.037311
2459864.256911 26.223632 0.038001
2459864.760505 26.181783 0.036564
2459865.253572 26.207193 0.037430
2459865.746639 26.223632 0.038001
2459866.250232 26.141952 0.035247
2459866.743300 26.203245 0.037294
2459867.236367 26.256760 0.039179
2459867.739960 26.229672 0.038213
2459868.233027 26.222629 0.037966
2459868.726094 26.247484 0.038845
2459869.229688 26.241855 0.038644
2459869.722755 26.169297 0.036146
2459870.215822 26.214137 0.037670
2459870.719416 26.228663 0.038178
2459871.212483 26.182749 0.036597
2459871.705550 26.249539 0.038919
2459872.209144 26.240834 0.038608
2459872.702211 26.204230 0.037328
2459873.195278 26.173124 0.036274
2459873.698871 26.173124 0.036274
2459874.191938 26.171209 0.036210
2459874.685006 26.179853 0.036499
2459875.188599 26.216627 0.037757
2459875.681666 26.196859 0.037076
2459876.174733 26.235747 0.038428
2459876.678327 26.301125 0.040813
2459877.171394 26.289329 0.040372
2459877.664461 26.253143 0.039048
2459878.168055 26.238287 0.038518
2459878.661122 26.245434 0.038772
2459879.154189 26.211652 0.037584
2459987.411250 26.163583 0.035959
2459987.904317 26.183233 0.036616
2459988.407910 26.226145 0.038092
2459988.900977 26.253143 0.039051
2459989.394044 26.276605 0.039904
2459989.897638 26.220625 0.037899
2459990.390705 26.192461 0.036929
2459990.883772 26.164533 0.035991
2459991.387366 26.244410 0.038739
2459991.880433 26.156954 0.035741
2459992.373500 26.140091 0.035190
2459992.877094 26.211155 0.037571
2459993.370161 26.223130 0.037988
2459993.863228 26.191485 0.036896
2459994.366821 26.185653 0.036699
2459994.859888 26.213142 0.037640
2459995.352956 26.231188 0.038271
2459995.856549 26.195880 0.037047
2459996.349616 26.128074 0.034804
2459996.842683 26.192461 0.036931
2459997.346277 26.286666 0.040279
2459997.839344 26.265593 0.039505
2459998.332411 26.177926 0.036441
2459998.836005 26.169775 0.036168
2459999.329072 26.182749 0.036603
2459999.822139 26.231188 0.038274
2460000.325732 26.250053 0.038945
2460000.818800 26.156482 0.035730
2460001.311867 26.222127 0.037957
2460001.815460 26.198329 0.037134
2460002.308527 26.212148 0.037611
2460002.801594 26.274499 0.039834
2460003.305188 26.236762 0.038474
2460003.798255 26.224637 0.038047
2460004.291322 26.161685 0.035905
2460004.794916 26.213142 0.037648
2460005.287983 26.246971 0.038840
2460005.781050 26.189052 0.036823
2460006.284644 26.233718 0.038371
2460006.777711 26.169775 0.036177
2460007.270778 26.190511 0.036876
2460007.774371 26.243387 0.038717
2460008.267438 26.264550 0.039480
2460008.760506 26.255208 0.039144
2460009.264099 26.154125 0.035665
2460009.757166 26.237779 0.038523
2460010.250233 26.185653 0.036719
2460010.753827 26.184685 0.036688
2460011.246894 26.261947 0.039396
2460011.739961 26.201276 0.037257
2460012.243555 26.208677 0.037514
2460012.736622 26.229168 0.038231
2460013.229689 26.249025 0.038940
2460013.733282 26.239815 0.038614
2460014.226350 26.189052 0.036854
2460014.719417 26.262988 0.039454
2460015.223010 26.239306 0.038607
2460015.716077 26.231188 0.038324
2460016.209144 26.229672 0.038276
2460016.712738 26.177445 0.036484
2460017.205805 26.224134 0.038093
2460017.698872 26.193925 0.037054
2460018.202466 26.231693 0.038373
2460018.695533 26.212645 0.037714
2460019.188600 26.223632 0.038107
2460019.692194 26.142884 0.035386
2460020.185261 26.169297 0.036268
2460020.678328 26.167866 0.036233
2460021.181921 26.228663 0.038335
2460021.674988 26.217625 0.037964
2460022.168056 26.180335 0.036700
2460022.671649 26.211652 0.037796
2460023.164716 26.178889 0.036696
2460023.657783 26.152244 0.035832
2460024.161377 26.170731 0.036479
2460024.654444 26.120287 0.034856
2460025.147511 26.109841 0.034560
2460025.651105 26.162633 0.036329
2460026.144172 26.116642 0.034874
2460026.637239 26.082172 0.033842
2460027.140832 26.095472 0.034329
2460027.633900 26.099046 0.034523
2460028.126967 26.107583 0.034892
2460028.630560 26.050900 0.033228
2460029.123627 26.064688 0.033786
2460029.616694 26.038978 0.033152
2460030.120288 25.973654 0.031400
2460030.613355 25.924161 0.030214
2460031.106422 25.982060 0.032152
2460031.610016 25.848745 0.028763
2460032.103083 25.826931 0.028603
2460032.596150 25.692452 0.025762
2460033.099744 25.591155 0.024113
2460033.592811 25.450177 0.022012
2460034.085878 25.232302 0.019132
2460034.589471 24.851552 0.015053
2460035.082538 24.098623 0.009756
2460035.575606 22.496832 0.004416
2460036.079199 24.439198 0.011727
2460036.572266 25.031499 0.016921
2460037.065333 25.299396 0.019863
2460037.568927 25.519035 0.023083
2460038.061994 25.641356 0.024985
2460038.555061 25.718300 0.026194
2460039.058655 25.798399 0.027704
2460039.551722 25.843428 0.028500
2460040.044789 25.949990 0.031118
2460040.548382 26.033488 0.033327
2460041.041450 25.968880 0.031196
2460041.534517 26.042796 0.033215
2460042.038110 26.050044 0.033286
2460042.531177 26.028024 0.032498
2460043.024244 26.095472 0.034474
2460043.527838 26.135916 0.035687
2460044.020905 26.094135 0.034264
2460044.513972 26.133604 0.035465
2460045.017566 26.212148 0.038063
2460045.510633 26.186623 0.037126
2460046.003700 26.188566 0.037148
2460046.507294 26.141487 0.035533
2460047.000361 26.165960 0.036310
2460047.493428 26.139627 0.035412
2460047.997021 26.231693 0.038518
2460048.490088 26.207687 0.037653
2460048.983156 26.218125 0.037996
2460049.486749 26.133604 0.035133
2460049.979816 26.148958 0.035618
2460050.472883 26.192461 0.037061
2460050.976477 26.253659 0.039196
2460051.469544 26.243899 0.038834
2460051.962611 26.216627 0.037860
2460052.466205 26.183233 0.036705
2460052.959272 26.219124 0.037930
2460053.452339 26.232705 0.038400
2460053.955932 26.278188 0.040036
2460054.449000 26.214137 0.037737
2460054.942067 26.213639 0.037714
2460055.445660 26.168343 0.036169
2460055.938727 26.167866 0.036149
2460056.431794 26.193437 0.037006
2460056.935388 26.214634 0.037732
2460057.428455 26.273448 0.039829
2460057.921522 26.290396 0.040452
2460058.425116 26.172166 0.036276
2460058.918183 26.215630 0.037755
