2458346.727899 21.947110 0.006450
2458347.220966 21.944259 0.006434
2458347.714033 21.945231 0.006439
2458348.217627 21.955607 0.006501
2458348.710694 21.948959 0.006461
2458349.203761 21.950272 0.006469
2458349.707355 21.951215 0.006475
2458350.200422 21.940914 0.006414
2458350.693489 21.954220 0.006493
2458351.197082 21.952025 0.006480
2458351.690150 21.941749 0.006419
2458352.183217 21.937513 0.006394
2458352.686810 21.943823 0.006431
2458353.179877 21.958624 0.006519
2458353.672944 21.948723 0.006460
2458354.176538 21.947681 0.006454
2458354.669605 21.946707 0.006448
2458355.162672 21.949632 0.006465
2458355.666266 21.949665 0.006466
2458356.159333 21.957402 0.006512
2458356.652400 21.952936 0.006485
2458357.155994 21.954456 0.006494
2458357.649061 21.937546 0.006394
2458358.142128 21.945499 0.006441
2458358.645721 21.950507 0.006471
2458359.138788 21.946438 0.006446
2458359.631856 21.949463 0.006464
2458360.135449 21.947916 0.006455
2458360.628516 21.942752 0.006425
2458361.121583 21.938679 0.006401
2458361.625177 21.949935 0.006467
2458362.118244 21.950979 0.006474
2458362.611311 21.954017 0.006492
2458363.114905 21.955810 0.006502
2458363.607972 21.950002 0.006468
2458364.101039 21.955979 0.006503
2458364.604632 21.935219 0.006380
2458365.097700 21.945868 0.006443
2458365.590767 21.947916 0.006455
2458366.094360 21.952058 0.006480
2458366.587427 21.958895 0.006521
2458367.080494 21.951485 0.006477
2458367.584088 21.939112 0.006403
2458368.077155 21.955437 0.006500
2458368.570222 21.949463 0.006464
2458369.073816 21.942418 0.006423
2458369.566883 21.944359 0.006434
2458370.059950 21.942217 0.006421
2458370.563544 21.953375 0.006488
2458371.056611 21.952463 0.006482
2458371.549678 21.948925 0.006461
2458372.053271 21.952531 0.006483
2458372.546338 21.940480 0.006411
2458373.039406 21.952632 0.006483
2458373.542999 21.947849 0.006455
2458374.036066 21.939079 0.006403
2458374.529133 21.948320 0.006458
2458375.032727 21.956182 0.006505
2458375.525794 21.946505 0.006447
2458376.018861 21.947177 0.006451
2458376.522455 21.948252 0.006457
2458377.015522 21.937280 0.006392
2458377.508589 21.954051 0.006492
2458378.012182 21.947782 0.006454
2458378.505250 21.951417 0.006476
2458378.998317 21.951519 0.006477
2458379.501910 21.942685 0.006424
2458379.994977 21.941449 0.006417
2458380.488044 21.952126 0.006480
2458380.991638 21.963523 0.006549
2458381.484705 21.939346 0.006405
2458381.977772 21.945231 0.006439
2458382.481366 21.943020 0.006426
2458382.974433 21.946103 0.006444
2458383.467500 21.948925 0.006461
2458383.971094 21.951316 0.006476
2458384.464161 21.960220 0.006529
2458384.957228 21.946505 0.006447
2458385.460821 21.940680 0.006412
2458385.953888 21.950339 0.006470
2458386.446956 21.948959 0.006461
2458386.950549 21.953375 0.006488
2458387.443616 21.948286 0.006457
2458387.936683 21.932332 0.006363
2458388.440277 21.942284 0.006422
2458388.933344 21.953307 0.006487
2458389.426411 21.940547 0.006412
2458389.930005 21.949329 0.006464
2458390.423072 21.939279 0.006404
2458390.916139 21.944125 0.006433
2458391.419732 21.938879 0.006402
2458391.912800 21.943756 0.006431
2458392.405867 21.956657 0.006507
2458392.909460 21.951451 0.006476
2458393.402527 21.947748 0.006454
2458393.895594 21.956318 0.006505
2458394.399188 21.943623 0.006430
2458394.892255 21.952767 0.006484
2458395.385322 21.951148 0.006475
2458395.888916 21.942251 0.006422
2458396.381983 21.950912 0.006473
2458396.875050 21.947177 0.006451
2458397.378644 21.954287 0.006493
2458397.871711 21.942451 0.006423
2458398.364778 21.944929 0.006438
2458398.868371 21.937081 0.006391
2458399.361438 21.938046 0.006397
2458399.854506 21.944326 0.006434
2458400.358099 21.940747 0.006413
2458400.851166 21.941248 0.006416
2458401.344233 21.939746 0.006407
2458401.847827 21.956115 0.006504
2458402.340894 21.943656 0.006430
2458402.833961 21.951013 0.006474
2458403.337555 21.946270 0.006445
2458403.830622 21.939579 0.006406
2458404.323689 21.946707 0.006448
2458404.827282 21.935451 0.006382
2458405.320350 21.957911 0.006515
2458405.813417 21.948152 0.006457
2458406.317010 21.937280 0.006392
2458406.810077 21.951249 0.006475
2458407.303144 21.946304 0.006446
2458407.806738 21.946841 0.006449
2458408.299805 21.952666 0.006484
2458408.792872 21.954659 0.006495
2458409.296466 21.951249 0.006475
2458409.789533 21.944359 0.006434
2458410.282600 21.945801 0.006443
2458410.786194 21.959676 0.006526
2458411.279261 21.948858 0.006461
2458411.772328 21.954051 0.006492
2458412.275921 21.955641 0.006501
2458412.768988 21.944292 0.006434
2458413.262056 21.935484 0.006382
2458413.765649 21.948017 0.006456
2458414.258716 21.946237 0.006445
2458414.751783 21.951148 0.006475
2458415.255377 21.949766 0.006466
2458415.748444 21.959167 0.006523
2458416.241511 21.943589 0.006430
2458416.745105 21.942518 0.006423
2458417.238172 21.945969 0.006444
2458417.731239 21.942652 0.006424
2458418.234832 21.952733 0.006484
2458526.481367 21.946774 0.006448
2458526.984960 21.942351 0.006422
2458527.478027 21.947782 0.006454
2458527.971094 21.940313 0.006410
2458528.474688 21.957911 0.006515
2458528.967755 21.954118 0.006492
2458529.460822 21.953341 0.006488
2458529.964416 21.953510 0.006489
2458530.457483 21.947580 0.006453
2458530.950550 21.954795 0.006496
2458531.454144 21.953882 0.006491
2458531.947211 21.944259 0.006434
2458532.440278 21.960662 0.006531
2458532.943871 21.952564 0.006483
2458533.436938 21.938346 0.006399
2458533.930006 21.948152 0.006457
2458534.433599 21.945767 0.006443
2458534.926666 21.936315 0.006387
2458535.419733 21.942217 0.006421
2458535.923327 21.946069 0.006444
2458536.416394 21.949834 0.006467
2458536.909461 21.950002 0.006468
2458537.413055 21.952497 0.006483
2458537.906122 21.951316 0.006476
2458538.399189 21.944426 0.006435
2458538.902782 21.949867 0.006467
2458539.395850 21.953916 0.006491
2458539.888917 21.946371 0.006446
2458540.392510 21.961240 0.006535
2458540.885577 21.945600 0.006442
2458541.378644 21.949463 0.006464
2458541.882238 21.948118 0.006456
2458542.375305 21.945901 0.006443
2458542.868372 21.941950 0.006420
2458543.371966 21.949766 0.006466
2458543.865033 21.958624 0.006519
2458544.358100 21.941616 0.006418
2458544.861694 21.938179 0.006398
2458545.354761 21.949295 0.006463
2458545.847828 21.943388 0.006428
2458546.351421 21.939012 0.006403
2458546.844488 21.942585 0.006424
2458547.337556 21.943957 0.006432
2458547.841149 21.945197 0.006439
2458548.334216 21.940981 0.006414
2458548.827283 21.948959 0.006461
2458549.330877 21.941916 0.006420
2458549.823944 21.942953 0.006426
2458550.317011 21.955065 0.006498
2458550.820605 21.951519 0.006477
2458551.313672 21.933725 0.006371
2458551.806739 21.952632 0.006483
2458552.310332 21.941749 0.006419
2458552.803400 21.944996 0.006438
2458553.296467 21.951249 0.006475
2458553.800060 21.930280 0.006351
2458554.293127 21.952058 0.006480
2458554.786194 21.950373 0.006470
2458555.289788 21.950710 0.006472
2458555.782855 21.951755 0.006478
2458556.275922 21.941081 0.006415
2458556.779516 21.945600 0.006442
2458557.272583 21.949968 0.006467
2458557.765650 21.953510 0.006489
2458558.269244 21.935783 0.006384
2458558.762311 21.950272 0.006469
2458559.255378 21.951620 0.006477
2458559.758971 21.958861 0.006521
2458560.252038 21.945365 0.006440
2458560.745106 21.947681 0.006454
2458561.248699 21.945365 0.006440
2458561.741766 21.952092 0.006480
2458562.234833 21.951148 0.006475
2458562.738427 21.950676 0.006472
2458563.231494 21.947211 0.006451
2458563.724561 21.951552 0.006477
2458564.228155 21.938846 0.006402
2458564.721222 21.953949 0.006491
2458565.214289 21.942853 0.006425
2458565.717882 21.950844 0.006473
2458566.210950 21.955810 0.006502
2458566.704017 21.945935 0.006443
2458567.207610 21.945164 0.006439
2458567.700677 21.947815 0.006455
2458568.193744 21.951653 0.006478
2458568.697338 21.948589 0.006459
2458569.190405 21.955065 0.006498
2458569.683472 21.940180 0.006409
2458570.187066 21.942886 0.006425
2458570.680133 21.959540 0.006525
2458571.173200 21.941950 0.006420
2458571.676794 21.950676 0.006472
2458572.169861 21.932100 0.006362
2458572.662928 21.944460 0.006435
2458573.166521 21.957029 0.006510
2458573.659588 21.933559 0.006370
2458574.152656 21.943957 0.006432
2458574.656249 21.959337 0.006524
2458575.149316 21.951249 0.006475
2458575.642383 21.951114 0.006474
2458576.145977 21.944426 0.006435
2458576.639044 21.951788 0.006478
2458577.132111 21.947177 0.006451
2458577.635705 21.946908 0.006449
2458578.128772 21.948992 0.006462
2458578.621839 21.955031 0.006498
2458579.125432 21.954085 0.006492
2458579.618500 21.953578 0.006489
2458580.111567 21.941215 0.006416
2458580.615160 21.947110 0.006450
2458581.108227 21.948555 0.006459
2458581.601294 21.946304 0.006446
2458582.104888 21.956487 0.006506
2458582.597955 21.955539 0.006501
2458583.091022 21.938146 0.006397
2458583.594616 21.942351 0.006422
2458584.087683 21.944493 0.006435
2458584.580750 21.943455 0.006429
2458585.084344 21.945901 0.006443
2458585.577411 21.956182 0.006505
2458586.070478 21.955302 0.006499
2458586.574071 21.944527 0.006435
2458587.067138 21.942084 0.006421
2458587.560206 21.956013 0.006504
2458588.063799 21.945801 0.006443
2458588.556866 21.945532 0.006441
2458589.049933 21.945030 0.006438
2458589.553527 21.950608 0.006471
2458590.046594 21.944862 0.006437
2458590.539661 21.957775 0.006514
2458591.043255 21.942518 0.006423
2458591.536322 21.943087 0.006427
2458592.029389 21.942552 0.006423
2458592.532982 21.955742 0.006502
2458593.026050 21.947580 0.006453
2458593.519117 21.943187 0.006427
2458594.022710 21.941983 0.006420
2458594.515777 21.955099 0.006498
2458595.008844 21.955268 0.006499
2458595.512438 21.948454 0.006458
2458596.005505 21.944426 0.006435
2458596.498572 21.951047 0.006474
2458597.002166 21.945063 0.006438
2458597.495233 21.960560 0.006531
2458597.988300 21.950238 0.006469
2458712.204272 21.949295 0.006464
2458712.697339 21.947110 0.006451
2458713.200932 21.947244 0.006452
2458713.694000 21.930909 0.006355
2458714.187067 21.960560 0.006531
2458714.690660 21.945063 0.006439
2458715.183727 21.958556 0.006519
2458715.676794 21.944929 0.006438
2458716.180388 21.939679 0.006407
2458716.673455 21.947076 0.006451
2458717.166522 21.949329 0.006464
2458717.670116 21.950238 0.006470
2458718.163183 21.954186 0.006494
2458718.656250 21.956758 0.006509
2458719.159844 21.952868 0.006486
2458719.652911 21.938579 0.006401
2458720.145978 21.949800 0.006468
2458720.649571 21.957029 0.006511
2458721.142638 21.942451 0.006424
2458721.635706 21.953105 0.006488
2458722.139299 21.954828 0.006498
2458722.632366 21.945868 0.006445
2458723.125433 21.945633 0.006443
2458723.629027 21.946942 0.006451
2458724.122094 21.943288 0.006430
2458724.615161 21.936981 0.006393
2458725.118755 21.946707 0.006450
2458725.611822 21.940113 0.006412
2458726.104889 21.950002 0.006470
2458726.608482 21.940981 0.006417
2458727.101550 21.958047 0.006519
2458727.594617 21.941916 0.006423
2458728.098210 21.948992 0.006466
2458728.591277 21.951519 0.006481
2458729.084344 21.954355 0.006498
2458729.587938 21.943890 0.006436
2458730.081005 21.946338 0.006451
2458730.574072 21.933692 0.006377
2458731.077666 21.945532 0.006448
2458731.570733 21.944359 0.006441
2458732.063800 21.934322 0.006383
2458732.567394 21.945331 0.006449
2458733.060461 21.947110 0.006460
2458733.553528 21.945834 0.006454
2458734.057121 21.939146 0.006415
2458734.550188 21.938013 0.006410
2458735.043256 21.943589 0.006444
2458735.546849 21.924179 0.006332
2458736.039916 21.939913 0.006426
2458736.532983 21.937447 0.006413
2458737.036577 21.933990 0.006395
2458737.529644 21.937746 0.006420
2458738.022711 21.933658 0.006399
2458738.526305 21.931372 0.006389
2458739.019372 21.920371 0.006329
2458739.512439 21.944828 0.006477
2458740.016032 21.935451 0.006426
2458740.509100 21.923620 0.006362
2458741.002167 21.920601 0.006350
2458741.505760 21.919782 0.006352
2458741.998827 21.925825 0.006394
2458742.491894 21.921519 0.006376
2458742.995488 21.912861 0.006333
2458743.488555 21.915271 0.006355
2458743.981622 21.907180 0.006315
2458744.485216 21.905175 0.006311
2458744.978283 21.905725 0.006320
2458745.471350 21.905208 0.006322
2458745.974944 21.900146 0.006296
2458746.468011 21.912015 0.006367
2458746.961078 21.899053 0.006291
2458747.464671 21.900564 0.006297
2458747.957738 21.900854 0.006295
2458748.450806 21.909319 0.006338
2458748.954399 21.914131 0.006359
2458749.447466 21.929553 0.006443
2458749.940533 21.900950 0.006268
2458750.444127 21.918636 0.006363
2458750.937194 21.920273 0.006365
2458751.430261 21.930743 0.006419
2458751.933855 21.917818 0.006337
2458752.426922 21.940914 0.006467
2458752.919989 21.931736 0.006407
2458753.423582 21.934820 0.006420
2458753.916650 21.942585 0.006461
2458754.409717 21.938479 0.006433
2458754.913310 21.941582 0.006448
2458755.406377 21.939046 0.006429
2458755.899444 21.932796 0.006390
2458756.403038 21.947916 0.006477
2458756.896105 21.945801 0.006462
2458757.389172 21.940113 0.006426
2458757.892766 21.938946 0.006417
2458758.385833 21.944929 0.006451
2458758.878900 21.947681 0.006466
2458759.382494 21.946942 0.006461
2458759.875561 21.953747 0.006500
2458760.368628 21.937646 0.006404
2458760.872221 21.945264 0.006448
2458761.365288 21.944728 0.006444
2458761.858356 21.933891 0.006379
2458762.361949 21.946505 0.006453
2458762.855016 21.947211 0.006457
2458763.348083 21.954220 0.006498
2458763.851677 21.953409 0.006493
2458764.344744 21.953814 0.006495
2458764.837811 21.952294 0.006485
2458765.341405 21.945130 0.006442
2458765.834472 21.949060 0.006465
2458766.327539 21.943054 0.006429
2458766.831132 21.954998 0.006500
2458767.324200 21.944426 0.006437
2458767.817267 21.950608 0.006474
2458768.320860 21.947849 0.006457
2458768.813927 21.949430 0.006466
2458769.306994 21.944527 0.006437
2458769.810588 21.951957 0.006481
2458770.303655 21.939046 0.006404
2458770.796722 21.946573 0.006449
2458771.300316 21.946774 0.006450
2458771.793383 21.944058 0.006434
2458772.286450 21.941382 0.006418
2458772.790044 21.941816 0.006420
2458773.283111 21.944527 0.006436
2458773.776178 21.951451 0.006477
2458774.279771 21.946707 0.006449
2458774.772838 21.960084 0.006529
2458775.265906 21.943623 0.006431
2458775.769499 21.958318 0.006518
2458776.262566 21.945633 0.006442
2458776.755633 21.939913 0.006409
2458777.259227 21.955167 0.006499
2458777.752294 21.941215 0.006416
2458778.245361 21.939646 0.006407
2458778.748955 21.947513 0.006453
2458779.242022 21.940013 0.006409
2458779.735089 21.943556 0.006430
2458780.238682 21.941482 0.006418
2458780.731750 21.938013 0.006397
2458781.224817 21.940146 0.006410
2458781.728410 21.952396 0.006482
2458782.221477 21.938746 0.006401
2458782.714544 21.962159 0.006541
2458783.218138 21.946069 0.006445
2458783.711205 21.954017 0.006492
2459622.427944 21.943254 0.006428
2459622.921011 21.942685 0.006424
2459623.424605 21.952126 0.006480
2459623.917672 21.948824 0.006461
2459624.410739 21.947345 0.006452
2459624.914332 21.945398 0.006440
2459625.407400 21.946405 0.006446
2459625.900467 21.953240 0.006487
2459626.404060 21.947681 0.006454
2459626.897127 21.943455 0.006429
2459627.390194 21.947143 0.006451
2459627.893788 21.949329 0.006464
2459628.386855 21.946606 0.006447
2459628.879922 21.942217 0.006421
2459629.383516 21.944527 0.006435
2459629.876583 21.949598 0.006465
2459630.369650 21.953003 0.006486
2459630.873244 21.947815 0.006455
2459631.366311 21.949396 0.006464
2459631.859378 21.953274 0.006487
2459632.362971 21.946472 0.006447
2459632.856038 21.943120 0.006427
2459633.349106 21.942987 0.006426
2459633.852699 21.949295 0.006463
2459634.345766 21.954254 0.006493
2459634.838833 21.938479 0.006399
2459635.342427 21.941048 0.006415
2459635.835494 21.946405 0.006446
2459636.328561 21.944326 0.006434
2459636.832155 21.943857 0.006431
2459637.325222 21.941582 0.006418
2459637.818289 21.932266 0.006363
2459638.321882 21.941683 0.006418
2459638.814950 21.958216 0.006517
2459639.308017 21.956386 0.006506
2459639.811610 21.939046 0.006403
2459640.304677 21.944192 0.006433
2459640.797744 21.949463 0.006464
2459641.301338 21.946069 0.006444
2459641.794405 21.946338 0.006446
2459642.287472 21.951080 0.006474
2459642.791066 21.957233 0.006511
2459643.284133 21.960016 0.006528
2459643.777200 21.947681 0.006454
2459644.280794 21.953713 0.006490
2459644.773861 21.940580 0.006412
2459645.266928 21.945331 0.006440
2459645.770521 21.956148 0.006504
2459646.263588 21.945532 0.006441
2459646.756656 21.958216 0.006517
2459647.260249 21.949396 0.006464
2459647.753316 21.959405 0.006524
2459648.246383 21.947345 0.006452
2459648.749977 21.948992 0.006462
2459649.243044 21.955573 0.006501
2459649.736111 21.958420 0.006518
2459650.239705 21.943756 0.006431
2459650.732772 21.960832 0.006533
2459651.225839 21.935584 0.006382
2459651.729432 21.937646 0.006394
2459652.222500 21.944929 0.006438
2459652.715567 21.959744 0.006526
2459653.219160 21.952294 0.006481
2459653.712227 21.943187 0.006427
2459654.205294 21.934521 0.006376
2459654.708888 21.953442 0.006488
2459655.201955 21.942451 0.006423
2459655.695022 21.953780 0.006490
2459656.198616 21.935484 0.006382
2459656.691683 21.952193 0.006481
2459657.184750 21.953544 0.006489
2459657.688344 21.944895 0.006437
2459658.181411 21.942318 0.006422
2459658.674478 21.946136 0.006445
2459659.178071 21.946573 0.006447
2459659.671138 21.958759 0.006520
2459660.164206 21.959880 0.006527
2459660.667799 21.951755 0.006478
2459661.160866 21.943154 0.006427
2459661.653933 21.955099 0.006498
2459662.157527 21.951957 0.006479
2459662.650594 21.945600 0.006442
2459663.143661 21.949968 0.006467
2459663.647255 21.953274 0.006487
2459664.140322 21.948353 0.006458
2459664.633389 21.947849 0.006455
2459665.136982 21.947614 0.006453
2459665.630050 21.941482 0.006417
2459666.123117 21.951721 0.006478
2459666.626710 21.957334 0.006512
2459667.119777 21.960152 0.006528
2459667.612844 21.941716 0.006419
2459668.116438 21.942819 0.006425
2459668.609505 21.951451 0.006476
2459669.102572 21.943288 0.006428
2459669.606166 21.952497 0.006483
2459670.099233 21.952159 0.006481
2459670.592300 21.936814 0.006390
2459671.095894 21.940080 0.006409
2459671.588961 21.945566 0.006441
2459672.082028 21.939146 0.006403
2459672.585621 21.945667 0.006442
2459673.078688 21.936149 0.006386
2459673.571756 21.932299 0.006363
2459674.075349 21.933095 0.006368
2459674.568416 21.948118 0.006456
2459675.061483 21.932034 0.006362
2459675.565077 21.940747 0.006413
2459676.058144 21.941148 0.006415
2459676.551211 21.942719 0.006424
2459677.054805 21.940480 0.006411
2459677.547872 21.941883 0.006419
2459678.040939 21.935318 0.006381
2459678.544532 21.942518 0.006423
2459679.037600 21.958047 0.006516
2459679.530667 21.939279 0.006404
2459680.034260 21.953105 0.006486
2459680.527327 21.945130 0.006439
2459681.020394 21.945969 0.006444
2459681.523988 21.949598 0.006465
2459682.017055 21.956318 0.006505
2459682.510122 21.939212 0.006404
2459683.013716 21.940113 0.006409
2459683.506783 21.958725 0.006520
2459683.999850 21.946975 0.006450
2459684.503444 21.948084 0.006456
2459684.996511 21.941983 0.006420
2459685.489578 21.948252 0.006457
2459685.993171 21.940714 0.006413
2459686.486238 21.948521 0.006459
2459686.979306 21.961479 0.006536
2459687.482899 21.961921 0.006539
2459687.975966 21.941315 0.006416
2459688.469033 21.937347 0.006393
2459688.972627 21.939879 0.006408
2459689.465694 21.938279 0.006398
2459689.958761 21.960866 0.006533
2459690.462355 21.933028 0.006367
2459690.955422 21.937014 0.006391
2459691.448489 21.948790 0.006460
2459691.952082 21.951384 0.006476
2459692.445150 21.943823 0.006431
2459692.938217 21.938013 0.006397
2459693.441810 21.940013 0.006408
2459693.934877 21.949935 0.006467
2459807.647256 21.943857 0.006431
2459808.150849 21.952261 0.006481
2459808.643916 21.952058 0.006480
2459809.136983 21.956284 0.006505
2459809.640577 21.957097 0.006510
2459810.133644 21.956657 0.006507
2459810.626711 21.940146 0.006409
2459811.130305 21.947412 0.006452
2459811.623372 21.949463 0.006464
2459812.116439 21.957368 0.006512
2459812.620032 21.951957 0.006479
2459813.113100 21.956555 0.006507
2459813.606167 21.953544 0.006489
2459814.109760 21.945801 0.006443
2459814.602827 21.938346 0.006399
2459815.095894 21.945767 0.006443
2459815.599488 21.958148 0.006516
2459816.092555 21.951316 0.006476
2459816.585622 21.956047 0.006504
2459817.089216 21.948656 0.006460
2459817.582283 21.942886 0.006425
2459818.075350 21.947278 0.006451
2459818.578944 21.937180 0.006392
2459819.072011 21.957063 0.006510
2459819.565078 21.946002 0.006444
2459820.068671 21.944895 0.006437
2459820.561738 21.967143 0.006571
2459821.054806 21.942853 0.006425
2459821.558399 21.940747 0.006413
2459822.051466 21.947580 0.006453
2459822.544533 21.964853 0.006557
2459823.048127 21.948420 0.006458
2459823.541194 21.948790 0.006460
2459824.034261 21.954727 0.006496
2459824.537855 21.944259 0.006434
2459825.030922 21.942150 0.006421
2459825.523989 21.959914 0.006527
2459826.027582 21.951350 0.006476
2459826.520650 21.953274 0.006487
2459827.013717 21.957606 0.006513
2459827.517310 21.943857 0.006431
2459828.010377 21.944225 0.006433
2459828.503444 21.955370 0.006500
2459829.007038 21.946170 0.006445
2459829.500105 21.953679 0.006490
2459829.993172 21.953172 0.006487
2459830.496766 21.946875 0.006449
2459830.989833 21.953138 0.006486
2459831.482900 21.944828 0.006437
2459831.986494 21.949228 0.006463
2459832.479561 21.948219 0.006457
2459832.972628 21.948488 0.006459
2459833.476221 21.941850 0.006419
2459833.969288 21.948891 0.006461
2459834.462356 21.945331 0.006440
2459834.965949 21.951384 0.006476
2459835.459016 21.951047 0.006474
2459835.952083 21.942050 0.006420
2459836.455677 21.948286 0.006457
2459836.948744 21.951384 0.006476
2459837.441811 21.946841 0.006449
2459837.945405 21.940280 0.006410
2459838.438472 21.944527 0.006435
2459838.931539 21.945532 0.006441
2459839.435132 21.939312 0.006404
2459839.928200 21.941449 0.006417
2459840.421267 21.944158 0.006433
2459840.924860 21.940313 0.006410
2459841.417927 21.943187 0.006427
2459841.910994 21.950878 0.006473
2459842.414588 21.945130 0.006439
2459842.907655 21.947950 0.006455
2459843.400722 21.943388 0.006428
2459843.904316 21.947043 0.006450
2459844.397383 21.940981 0.006414
2459844.890450 21.955674 0.006502
2459845.394044 21.955234 0.006499
2459845.887111 21.943656 0.006430
2459846.380178 21.962875 0.006545
2459846.883771 21.941783 0.006419
2459847.376838 21.951148 0.006475
2459847.869906 21.954456 0.006494
2459848.373499 21.950002 0.006468
2459848.866566 21.932200 0.006362
2459849.359633 21.944694 0.006436
2459849.863227 21.941282 0.006416
2459850.356294 21.950575 0.006471
2459850.849361 21.957470 0.006512
2459851.352955 21.947614 0.006453
2459851.846022 21.954998 0.006498
2459852.339089 21.951451 0.006476
2459852.842682 21.940614 0.006412
2459853.335750 21.956453 0.006506
2459853.828817 21.948521 0.006459
2459854.332410 21.944225 0.006433
2459854.825477 21.940213 0.006410
2459855.318544 21.942284 0.006422
2459855.822138 21.947647 0.006454
2459856.315205 21.943455 0.006429
2459856.808272 21.946371 0.006446
2459857.311866 21.945331 0.006440
2459857.804933 21.944694 0.006436
2459858.298000 21.945767 0.006443
2459858.801594 21.959540 0.006525
2459859.294661 21.941816 0.006419
2459859.787728 21.955404 0.006500
2459860.291321 21.951991 0.006480
2459860.784388 21.949430 0.006464
2459861.277456 21.947815 0.006455
2459861.781049 21.940814 0.006413
2459862.274116 21.955505 0.006501
2459862.767183 21.951148 0.006475
2459863.270777 21.943221 0.006427
2459863.763844 21.938712 0.006401
2459864.256911 21.940781 0.006413
2459864.760505 21.943991 0.006432
2459865.253572 21.960288 0.006529
2459865.746639 21.949665 0.006466
2459866.250232 21.948219 0.006457
2459866.743300 21.945030 0.006438
2459867.236367 21.942953 0.006426
2459867.739960 21.943321 0.006428
2459868.233027 21.944929 0.006438
2459868.726094 21.945030 0.006438
2459869.229688 21.944058 0.006432
2459869.722755 21.952294 0.006481
2459870.215822 21.954118 0.006492
2459870.719416 21.941515 0.006417
2459871.212483 21.949127 0.006462
2459871.705550 21.950608 0.006471
2459872.209144 21.941382 0.006417
2459872.702211 21.950878 0.006473
2459873.195278 21.950844 0.006473
2459873.698871 21.949161 0.006463
2459874.191938 21.952362 0.006482
2459874.685006 21.945935 0.006443
2459875.188599 21.953375 0.006488
2459875.681666 21.948084 0.006456
2459876.174733 21.944594 0.006436
2459876.678327 21.937147 0.006392
2459877.171394 21.943422 0.006429
2459877.664461 21.946069 0.006444
2459878.168055 21.948959 0.006461
2459878.661122 21.951148 0.006475
2459879.154189 21.940814 0.006413
2459987.411250 21.948891 0.006461
2459987.904317 21.952531 0.006483
2459988.407910 21.949766 0.006466
2459988.900977 21.949766 0.006466
2459989.394044 21.949800 0.006466
2459989.897638 21.959710 0.006526
2459990.390705 21.949127 0.006462
2459990.883772 21.954152 0.006492
2459991.387366 21.934355 0.006375
2459991.880433 21.947379 0.006452
2459992.373500 21.950676 0.006472
2459992.877094 21.949935 0.006467
2459993.370161 21.956419 0.006506
2459993.863228 21.940246 0.006410
2459994.366821 21.941315 0.006416
2459994.859888 21.947177 0.006451
2459995.352956 21.955742 0.006502
2459995.856549 21.950642 0.006471
2459996.349616 21.939612 0.006406
2459996.842683 21.950170 0.006469
2459997.346277 21.944158 0.006433
2459997.839344 21.942117 0.006421
2459998.332411 21.934488 0.006376
2459998.836005 21.954017 0.006492
2459999.329072 21.945465 0.006441
2459999.822139 21.940280 0.006410
2460000.325732 21.952092 0.006480
2460000.818800 21.948420 0.006458
2460001.311867 21.947580 0.006453
2460001.815460 21.940146 0.006409
2460002.308527 21.946270 0.006445
2460002.801594 21.940647 0.006412
2460003.305188 21.951620 0.006477
2460003.798255 21.941983 0.006420
2460004.291322 21.954051 0.006492
2460004.794916 21.944761 0.006437
2460005.287983 21.949362 0.006464
2460005.781050 21.948757 0.006460
2460006.284644 21.939279 0.006404
2460006.777711 21.958827 0.006520
2460007.270778 21.952632 0.006483
2460007.774371 21.944359 0.006434
2460008.267438 21.953611 0.006489
2460008.760506 21.950979 0.006474
2460009.264099 21.953916 0.006491
2460009.757166 21.943756 0.006431
2460010.250233 21.951923 0.006479
2460010.753827 21.948017 0.006456
2460011.246894 21.951249 0.006475
2460011.739961 21.952261 0.006481
2460012.243555 21.952632 0.006483
2460012.736622 21.958454 0.006518
2460013.229689 21.941549 0.006418
2460013.733282 21.955268 0.006499
2460014.226350 21.938246 0.006398
2460014.719417 21.939713 0.006407
2460015.223010 21.960696 0.006532
2460015.716077 21.938946 0.006402
2460016.209144 21.927803 0.006337
2460016.712738 21.954659 0.006495
2460017.205805 21.943689 0.006430
2460017.698872 21.945197 0.006439
2460018.202466 21.942117 0.006421
2460018.695533 21.948017 0.006456
2460019.188600 21.946975 0.006450
2460019.692194 21.948353 0.006458
2460020.185261 21.932432 0.006364
2460020.678328 21.949935 0.006467
2460021.181921 21.955810 0.006502
2460021.674988 21.953138 0.006486
2460022.168056 21.955065 0.006498
2460022.671649 21.947950 0.006455
2460023.164716 21.936049 0.006385
2460023.657783 21.935119 0.006380
2460024.161377 21.957945 0.006515
2460024.654444 21.945197 0.006439
2460025.147511 21.941348 0.006416
2460025.651105 21.944426 0.006435
2460026.144172 21.944058 0.006432
2460026.637239 21.949060 0.006462
2460027.140832 21.957843 0.006515
2460027.633900 21.941148 0.006415
2460028.126967 21.942585 0.006424
2460028.630560 21.948353 0.006458
2460029.123627 21.948992 0.006462
2460029.616694 21.935152 0.006380
2460030.120288 21.947211 0.006451
2460030.613355 21.950710 0.006472
2460031.106422 21.953105 0.006486
2460031.610016 21.944661 0.006436
2460032.103083 21.943823 0.006431
2460032.596150 21.958284 0.006517
2460033.099744 21.944962 0.006438
2460033.592811 21.952126 0.006480
2460034.085878 21.948790 0.006460
2460034.589471 21.956792 0.006508
2460035.082538 21.952463 0.006482
2460035.575606 21.943890 0.006431
2460036.079199 21.947748 0.006454
2460036.572266 21.948891 0.006461
2460037.065333 21.938779 0.006401
2460037.568927 21.945097 0.006439
2460038.061994 21.937746 0.006395
2460038.555061 21.949632 0.006465
2460039.058655 21.948992 0.006462
2460039.551722 21.944125 0.006433
2460040.044789 21.948992 0.006462
2460040.548382 21.941616 0.006418
2460041.041450 21.951890 0.006479
2460041.534517 21.942284 0.006422
2460042.038110 21.950406 0.006470
2460042.531177 21.956589 0.006507
2460043.024244 21.943924 0.006432
2460043.527838 21.947211 0.006451
2460044.020905 21.938746 0.006401
2460044.513972 21.949901 0.006467
2460045.017566 21.949463 0.006464
2460045.510633 21.945767 0.006443
2460046.003700 21.950103 0.006468
2460046.507294 21.947009 0.006450
2460047.000361 21.957165 0.006510
2460047.493428 21.945532 0.006441
2460047.997021 21.954828 0.006496
2460048.490088 21.944694 0.006436
2460048.983156 21.950137 0.006468
2460049.486749 21.948757 0.006460
2460049.979816 21.941215 0.006416
2460050.472883 21.960322 0.006529
2460050.976477 21.941683 0.006418
2460051.469544 21.942351 0.006422
2460051.962611 21.953274 0.006487
2460052.466205 21.949362 0.006464
2460052.959272 21.953578 0.006489
2460053.452339 21.944627 0.006436
2460053.955932 21.944560 0.006435
2460054.449000 21.945231 0.006439
2460054.942067 21.943924 0.006432
2460055.445660 21.942050 0.006420
2460055.938727 21.951013 0.006474
2460056.431794 21.949935 0.006467
2460056.935388 21.943254 0.006428
2460057.428455 21.954017 0.006492
2460057.921522 21.950170 0.006469
2460058.425116 21.955234 0.006499
2460058.918183 21.959235 0.006523
