2458346.727899 21.963536 0.006273
2458347.220966 21.963664 0.006274
2458347.714033 21.953095 0.006213
2458348.217627 21.965994 0.006288
2458348.710694 21.960034 0.006253
2458349.203761 21.966986 0.006293
2458349.707355 21.958954 0.006247
2458350.200422 21.961115 0.006259
2458350.693489 21.966250 0.006289
2458351.197082 21.960511 0.006256
2458351.690150 21.962516 0.006267
2458352.183217 21.964653 0.006280
2458352.686810 21.951833 0.006206
2458353.179877 21.955783 0.006229
2458353.672944 21.963759 0.006275
2458354.176538 21.961211 0.006260
2458354.669605 21.974111 0.006335
2458355.162672 21.950729 0.006200
2458355.666266 21.971377 0.006319
2458356.159333 21.967049 0.006294
2458356.652400 21.970542 0.006314
2458357.155994 21.970606 0.006314
2458357.649061 21.963217 0.006271
2458358.142128 21.959780 0.006252
2458358.645721 21.961688 0.006263
2458359.138788 21.951233 0.006203
2458359.631856 21.969259 0.006306
2458360.135449 21.956290 0.006232
2458360.628516 21.976012 0.006346
2458361.121583 21.965547 0.006285
2458361.625177 21.957145 0.006236
2458362.118244 21.968522 0.006302
2458362.611311 21.969387 0.006307
2458363.114905 21.964015 0.006276
2458363.607972 21.957336 0.006238
2458364.101039 21.963058 0.006271
2458364.604632 21.957082 0.006236
2458365.097700 21.965387 0.006284
2458365.590767 21.969804 0.006310
2458366.094360 21.968266 0.006301
2458366.587427 21.958160 0.006242
2458367.080494 21.962548 0.006268
2458367.584088 21.963632 0.006274
2458368.077155 21.967658 0.006297
2458368.570222 21.962548 0.006268
2458369.073816 21.956385 0.006232
2458369.566883 21.968843 0.006304
2458370.059950 21.962867 0.006269
2458370.563544 21.971762 0.006321
2458371.056611 21.966186 0.006289
2458371.549678 21.957716 0.006240
2458372.053271 21.970125 0.006311
2458372.546338 21.965771 0.006286
2458373.039406 21.954201 0.006220
2458373.542999 21.958700 0.006245
2458374.036066 21.973531 0.006331
2458374.529133 21.964046 0.006276
2458375.032727 21.961402 0.006261
2458375.525794 21.969163 0.006306
2458376.018861 21.957875 0.006241
2458376.522455 21.959939 0.006253
2458377.015522 21.963504 0.006273
2458377.508589 21.959240 0.006249
2458378.012182 21.961083 0.006259
2458378.505250 21.964908 0.006281
2458378.998317 21.964589 0.006279
2458379.501910 21.951170 0.006202
2458379.994977 21.972791 0.006327
2458380.488044 21.963696 0.006274
2458380.991638 21.953064 0.006213
2458381.484705 21.955656 0.006228
2458381.977772 21.954264 0.006220
2458382.481366 21.964908 0.006281
2458382.974433 21.965036 0.006282
2458383.467500 21.973177 0.006329
2458383.971094 21.961274 0.006260
2458384.464161 21.974465 0.006337
2458384.957228 21.964334 0.006278
2458385.460821 21.973209 0.006329
2458385.953888 21.967529 0.006296
2458386.446956 21.953064 0.006213
2458386.950549 21.964749 0.006280
2458387.443616 21.953822 0.006217
2458387.936683 21.967722 0.006298
2458388.440277 21.973177 0.006329
2458388.933344 21.971538 0.006320
2458389.426411 21.965451 0.006284
2458389.930005 21.962134 0.006265
2458390.423072 21.951927 0.006207
2458390.916139 21.970125 0.006311
2458391.419732 21.972245 0.006324
2458391.912800 21.963664 0.006274
2458392.405867 21.967978 0.006299
2458392.909460 21.954770 0.006223
2458393.402527 21.971056 0.006317
2458393.895594 21.972084 0.006323
2458394.399188 21.963122 0.006271
2458394.892255 21.968554 0.006302
2458395.385322 21.965228 0.006283
2458395.888916 21.974658 0.006338
2458396.381983 21.975948 0.006345
2458396.875050 21.951454 0.006204
2458397.378644 21.971377 0.006319
2458397.871711 21.961465 0.006261
2458398.364778 21.968971 0.006305
2458398.868371 21.969452 0.006308
2458399.361438 21.968586 0.006303
2458399.854506 21.973016 0.006328
2458400.358099 21.963153 0.006271
2458400.851166 21.965962 0.006287
2458401.344233 21.967177 0.006294
2458401.847827 21.962644 0.006268
2458402.340894 21.969419 0.006307
2458402.833961 21.962580 0.006268
2458403.337555 21.968010 0.006299
2458403.830622 21.965228 0.006283
2458404.323689 21.974143 0.006335
2458404.827282 21.964940 0.006281
2458405.320350 21.968778 0.006304
2458405.813417 21.957748 0.006240
2458406.317010 21.964238 0.006277
2458406.810077 21.962771 0.006269
2458407.303144 21.965259 0.006283
2458407.806738 21.964653 0.006280
2458408.299805 21.962899 0.006270
2458408.792872 21.968778 0.006304
2458409.296466 21.966954 0.006293
2458409.789533 21.968138 0.006300
2458410.282600 21.967145 0.006294
2458410.786194 21.968234 0.006300
2458411.279261 21.963281 0.006272
2458411.772328 21.964270 0.006278
2458412.275921 21.957811 0.006240
2458412.768988 21.976432 0.006348
2458413.262056 21.966058 0.006288
2458413.765649 21.965547 0.006285
2458414.258716 21.964780 0.006280
2458414.751783 21.963696 0.006274
2458415.255377 21.960702 0.006257
2458415.748444 21.957621 0.006239
2458416.241511 21.961688 0.006263
2458416.745105 21.956765 0.006234
2458417.238172 21.971152 0.006317
2458417.731239 21.965355 0.006284
2458418.234832 21.952432 0.006209
2458526.481367 21.962930 0.006270
2458526.984960 21.966314 0.006289
2458527.478027 21.959684 0.006251
2458527.971094 21.963313 0.006272
2458528.474688 21.973885 0.006333
2458528.967755 21.961465 0.006261
2458529.460822 21.950792 0.006200
2458529.964416 21.962134 0.006265
2458530.457483 21.970574 0.006314
2458530.950550 21.960861 0.006258
2458531.454144 21.957843 0.006240
2458531.947211 21.970253 0.006312
2458532.440278 21.966826 0.006292
2458532.943871 21.973756 0.006333
2458533.436938 21.953917 0.006218
2458533.930006 21.957716 0.006240
2458534.433599 21.969387 0.006307
2458534.926666 21.959843 0.006252
2458535.419733 21.967690 0.006297
2458535.923327 21.971216 0.006318
2458536.416394 21.961720 0.006263
2458536.909461 21.965291 0.006283
2458537.413055 21.969323 0.006307
2458537.906122 21.962580 0.006268
2458538.399189 21.966250 0.006289
2458538.902782 21.974851 0.006339
2458539.395850 21.958478 0.006244
2458539.888917 21.964334 0.006278
2458540.392510 21.961115 0.006259
2458540.885577 21.960193 0.006254
2458541.378644 21.954170 0.006219
2458541.882238 21.973209 0.006329
2458542.375305 21.976948 0.006351
2458542.868372 21.961816 0.006263
2458543.371966 21.960415 0.006255
2458543.865033 21.967690 0.006297
2458544.358100 21.973950 0.006334
2458544.861694 21.961656 0.006262
2458545.354761 21.964621 0.006280
2458545.847828 21.965164 0.006283
2458546.351421 21.967465 0.006296
2458546.844488 21.970639 0.006314
2458547.337556 21.959176 0.006248
2458547.841149 21.973048 0.006328
2458548.334216 21.963696 0.006274
2458548.827283 21.962357 0.006266
2458549.330877 21.967626 0.006297
2458549.823944 21.962007 0.006264
2458550.317011 21.966826 0.006292
2458550.820605 21.958478 0.006244
2458551.313672 21.967433 0.006296
2458551.806739 21.958129 0.006242
2458552.310332 21.956163 0.006231
2458552.803400 21.958795 0.006246
2458553.296467 21.967690 0.006297
2458553.800060 21.967273 0.006295
2458554.293127 21.971409 0.006319
2458554.786194 21.966602 0.006291
2458555.289788 21.968746 0.006303
2458555.782855 21.954865 0.006223
2458556.275922 21.961402 0.006261
2458556.779516 21.944914 0.006167
2458557.272583 21.965866 0.006287
2458557.765650 21.968810 0.006304
2458558.269244 21.965579 0.006285
2458558.762311 21.969355 0.006307
2458559.255378 21.965036 0.006282
2458559.758971 21.959494 0.006250
2458560.252038 21.956733 0.006234
2458560.745106 21.967818 0.006298
2458561.248699 21.968202 0.006300
2458561.741766 21.973113 0.006329
2458562.234833 21.967594 0.006297
2458562.738427 21.969067 0.006305
2458563.231494 21.963568 0.006273
2458563.724561 21.961720 0.006263
2458564.228155 21.979340 0.006365
2458564.721222 21.970093 0.006311
2458565.214289 21.969067 0.006305
2458565.717882 21.962452 0.006267
2458566.210950 21.959716 0.006251
2458566.704017 21.956036 0.006230
2458567.207610 21.969227 0.006306
2458567.700677 21.961911 0.006264
2458568.193744 21.960161 0.006254
2458568.697338 21.964653 0.006280
2458569.190405 21.964046 0.006276
2458569.683472 21.966474 0.006290
2458570.187066 21.965036 0.006282
2458570.680133 21.970863 0.006316
2458571.173200 21.962357 0.006266
2458571.676794 21.957653 0.006239
2458572.169861 21.966634 0.006291
2458572.662928 21.954391 0.006221
2458573.166521 21.965834 0.006287
2458573.659588 21.959589 0.006251
2458574.152656 21.955941 0.006230
2458574.656249 21.961147 0.006259
2458575.149316 21.968907 0.006304
2458575.642383 21.964780 0.006280
2458576.145977 21.964908 0.006281
2458576.639044 21.964429 0.006278
2458577.132111 21.964302 0.006278
2458577.635705 21.966090 0.006288
2458578.128772 21.960002 0.006253
2458578.621839 21.961147 0.006259
2458579.125432 21.963951 0.006276
2458579.618500 21.966186 0.006289
2458580.111567 21.963759 0.006275
2458580.615160 21.959144 0.006248
2458581.108227 21.959589 0.006251
2458581.601294 21.960670 0.006257
2458582.104888 21.959144 0.006248
2458582.597955 21.969740 0.006309
2458583.091022 21.969419 0.006307
2458583.594616 21.962452 0.006267
2458584.087683 21.967433 0.006296
2458584.580750 21.965739 0.006286
2458585.084344 21.954739 0.006223
2458585.577411 21.974594 0.006337
2458586.070478 21.966410 0.006290
2458586.574071 21.946985 0.006178
2458587.067138 21.955751 0.006228
2458587.560206 21.958954 0.006247
2458588.063799 21.967850 0.006298
2458588.556866 21.956005 0.006230
2458589.049933 21.962612 0.006268
2458589.553527 21.964015 0.006276
2458590.046594 21.975335 0.006342
2458590.539661 21.967946 0.006299
2458591.043255 21.962038 0.006265
2458591.536322 21.959240 0.006249
2458592.029389 21.978531 0.006361
2458592.532982 21.963855 0.006275
2458593.026050 21.968650 0.006303
2458593.519117 21.955530 0.006227
2458594.022710 21.957906 0.006241
2458594.515777 21.968971 0.006305
2458595.008844 21.968266 0.006301
2458595.512438 21.965164 0.006283
2458596.005505 21.970799 0.006315
2458596.498572 21.962644 0.006268
2458597.002166 21.964461 0.006279
2458597.495233 21.968330 0.006301
2458597.988300 21.970221 0.006312
2458712.204272 21.974851 0.006339
2458712.697339 21.962835 0.006269
2458713.200932 21.970029 0.006311
2458713.694000 21.954422 0.006221
2458714.187067 21.971249 0.006318
2458714.690660 21.960002 0.006253
2458715.183727 21.968971 0.006305
2458715.676794 21.958319 0.006243
2458716.180388 21.958033 0.006242
2458716.673455 21.970478 0.006314
2458717.166522 21.962962 0.006270
2458717.670116 21.968042 0.006299
2458718.163183 21.966026 0.006288
2458718.656250 21.961020 0.006259
2458719.159844 21.965898 0.006287
2458719.652911 21.970029 0.006311
2458720.145978 21.976335 0.006348
2458720.649571 21.956195 0.006231
2458721.142638 21.968810 0.006304
2458721.635706 21.957526 0.006239
2458722.139299 21.960066 0.006253
2458722.632366 21.959367 0.006249
2458723.125433 21.969484 0.006308
2458723.629027 21.960956 0.006258
2458724.122094 21.961338 0.006261
2458724.615161 21.967690 0.006297
2458725.118755 21.974755 0.006338
2458725.611822 21.943661 0.006159
2458726.104889 21.967882 0.006298
2458726.608482 21.963217 0.006271
2458727.101550 21.962739 0.006269
2458727.594617 21.963217 0.006271
2458728.098210 21.968202 0.006300
2458728.591277 21.957209 0.006237
2458729.084344 21.958478 0.006244
2458729.587938 21.969323 0.006307
2458730.081005 21.962771 0.006269
2458730.574072 21.958351 0.006243
2458731.077666 21.970992 0.006317
2458731.570733 21.962612 0.006268
2458732.063800 21.960893 0.006258
2458732.567394 21.959462 0.006250
2458733.060461 21.961816 0.006263
2458733.553528 21.965898 0.006287
2458734.057121 21.961720 0.006263
2458734.550188 21.958986 0.006247
2458735.043256 21.972920 0.006328
2458735.546849 21.964302 0.006278
2458736.039916 21.968650 0.006303
2458736.532983 21.959462 0.006250
2458737.036577 21.961338 0.006261
2458737.529644 21.962389 0.006267
2458738.022711 21.965611 0.006285
2458738.526305 21.963504 0.006273
2458739.019372 21.965707 0.006286
2458739.512439 21.962930 0.006270
2458740.016032 21.967786 0.006298
2458740.509100 21.950004 0.006196
2458741.002167 21.961688 0.006263
2458741.505760 21.962070 0.006265
2458741.998827 21.968746 0.006303
2458742.491894 21.970703 0.006315
2458742.995488 21.970478 0.006314
2458743.488555 21.968522 0.006302
2458743.981622 21.968266 0.006301
2458744.485216 21.969836 0.006310
2458744.978283 21.974916 0.006339
2458745.471350 21.971313 0.006318
2458745.974944 21.964142 0.006277
2458746.468011 21.962644 0.006268
2458746.961078 21.963440 0.006273
2458747.464671 21.965164 0.006283
2458747.957738 21.969099 0.006306
2458748.450806 21.964653 0.006280
2458748.954399 21.968875 0.006304
2458749.447466 21.971955 0.006322
2458749.940533 21.953601 0.006216
2458750.444127 21.957431 0.006238
2458750.937194 21.957145 0.006236
2458751.430261 21.972084 0.006323
2458751.933855 21.962070 0.006265
2458752.426922 21.956987 0.006236
2458752.919989 21.962070 0.006265
2458753.423582 21.969163 0.006306
2458753.916650 21.964685 0.006280
2458754.409717 21.966378 0.006290
2458754.913310 21.963759 0.006275
2458755.406377 21.959176 0.006248
2458755.899444 21.967978 0.006299
2458756.403038 21.965228 0.006283
2458756.896105 21.965164 0.006283
2458757.389172 21.957272 0.006237
2458757.892766 21.961529 0.006262
2458758.385833 21.966890 0.006293
2458758.878900 21.963791 0.006275
2458759.382494 21.963536 0.006273
2458759.875561 21.958160 0.006242
2458760.368628 21.968843 0.006304
2458760.872221 21.959335 0.006249
2458761.365288 21.965611 0.006285
2458761.858356 21.964812 0.006281
2458762.361949 21.974497 0.006337
2458762.855016 21.973113 0.006329
2458763.348083 21.963983 0.006276
2458763.851677 21.971730 0.006321
2458764.344744 21.959367 0.006249
2458764.837811 21.954581 0.006222
2458765.341405 21.956512 0.006233
2458765.834472 21.963951 0.006276
2458766.327539 21.965515 0.006285
2458766.831132 21.965803 0.006286
2458767.324200 21.971088 0.006317
2458767.817267 21.967754 0.006298
2458768.320860 21.969836 0.006310
2458768.813927 21.964940 0.006281
2458769.306994 21.962038 0.006265
2458769.810588 21.963217 0.006271
2458770.303655 21.950918 0.006201
2458770.796722 21.949406 0.006192
2458771.300316 21.973821 0.006333
2458771.793383 21.971441 0.006319
2458772.286450 21.963536 0.006273
2458772.790044 21.961115 0.006259
2458773.283111 21.958890 0.006246
2458773.776178 21.958414 0.006244
2458774.279771 21.961147 0.006259
2458774.772838 21.969644 0.006309
2458775.265906 21.971120 0.006317
2458775.769499 21.949595 0.006193
2458776.262566 21.973306 0.006330
2458776.755633 21.966058 0.006288
2458777.259227 21.960352 0.006255
2458777.752294 21.957114 0.006236
2458778.245361 21.969548 0.006308
2458778.748955 21.956797 0.006234
2458779.242022 21.967337 0.006295
2458779.735089 21.963345 0.006272
2458780.238682 21.961975 0.006264
2458780.731750 21.966378 0.006290
2458781.224817 21.973531 0.006331
2458781.728410 21.956987 0.006236
2458782.221477 21.963313 0.006272
2458782.714544 21.953917 0.006218
2458783.218138 21.964525 0.006279
2458783.711205 21.944883 0.006166
2459622.427944 21.961529 0.006262
2459622.921011 21.967081 0.006294
2459623.424605 21.968682 0.006303
2459623.917672 21.968618 0.006303
2459624.410739 21.961497 0.006262
2459624.914332 21.966730 0.006292
2459625.407400 21.969676 0.006309
2459625.900467 21.949753 0.006194
2459626.404060 21.969099 0.006306
2459626.897127 21.961816 0.006263
2459627.390194 21.972759 0.006327
2459627.893788 21.965675 0.006286
2459628.386855 21.962516 0.006267
2459628.879922 21.964717 0.006280
2459629.383516 21.974239 0.006335
2459629.876583 21.971056 0.006317
2459630.369650 21.963983 0.006276
2459630.873244 21.962771 0.006269
2459631.366311 21.968875 0.006304
2459631.859378 21.951927 0.006207
2459632.362971 21.973435 0.006331
2459632.856038 21.955498 0.006227
2459633.349106 21.960606 0.006256
2459633.852699 21.973885 0.006333
2459634.345766 21.970446 0.006313
2459634.838833 21.960066 0.006253
2459635.342427 21.952274 0.006209
2459635.835494 21.969227 0.006306
2459636.328561 21.976206 0.006347
2459636.832155 21.961243 0.006260
2459637.325222 21.966762 0.006292
2459637.818289 21.972598 0.006326
2459638.321882 21.958382 0.006244
2459638.814950 21.953917 0.006218
2459639.308017 21.972309 0.006324
2459639.811610 21.975754 0.006344
2459640.304677 21.968618 0.006303
2459640.797744 21.966698 0.006292
2459641.301338 21.963345 0.006272
2459641.794405 21.976496 0.006349
2459642.287472 21.969836 0.006310
2459642.791066 21.963696 0.006274
2459643.284133 21.965675 0.006286
2459643.777200 21.962421 0.006267
2459644.280794 21.970510 0.006314
2459644.773861 21.966282 0.006289
2459645.266928 21.959081 0.006248
2459645.770521 21.973628 0.006332
2459646.263588 21.959812 0.006252
2459646.756656 21.973016 0.006328
2459647.260249 21.959526 0.006250
2459647.753316 21.968138 0.006300
2459648.246383 21.964557 0.006279
2459648.749977 21.960098 0.006279
2459649.243044 21.815297 0.005847
2459649.736111 21.618058 0.005327
2459650.239705 21.616783 0.005321
2459650.732772 21.617084 0.005322
2459651.225839 21.612551 0.005300
2459651.729432 21.614399 0.005309
2459652.222500 21.615926 0.005316
2459652.715567 21.615532 0.005314
2459653.219160 21.608588 0.005281
2459653.712227 21.618777 0.005330
2459654.205294 21.611536 0.005295
2459654.708888 21.617617 0.005325
2459655.201955 21.608151 0.005278
2459655.695022 21.605190 0.005264
2459656.198616 21.613289 0.005304
2459656.691683 21.611144 0.005293
2459657.184750 21.604296 0.005260
2459657.688344 21.611997 0.005297
2459658.181411 21.609094 0.005283
2459658.674478 21.611190 0.005293
2459659.178071 21.614561 0.005310
2459659.671138 21.612666 0.005300
2459660.164206 21.612297 0.005299
2459660.667799 21.625927 0.005355
2459661.160866 21.644450 0.005386
2459661.653933 21.664069 0.005426
2459662.157527 21.686146 0.005481
2459662.650594 21.716323 0.005583
2459663.143661 21.735151 0.005631
2459663.647255 21.749116 0.005655
2459664.140322 21.765971 0.005699
2459664.633389 21.788371 0.005776
2459665.136982 21.803758 0.005817
2459665.630050 21.808171 0.005804
2459666.123117 21.838294 0.005931
2459666.626710 21.839687 0.005905
2459667.119777 21.857298 0.005970
2459667.612844 21.869833 0.006010
2459668.116438 21.875758 0.006015
2459668.609505 21.891847 0.006079
2459669.102572 21.887587 0.006031
2459669.606166 21.894028 0.006045
2459670.099233 21.905303 0.006087
2459670.592300 21.907724 0.006081
2459671.095894 21.923437 0.006151
2459671.588961 21.931457 0.006180
2459672.082028 21.936235 0.006191
2459672.585621 21.956607 0.006293
2459673.078688 21.958414 0.006290
2459673.571756 21.945291 0.006202
2459674.075349 21.951801 0.006227
2459674.568416 21.961688 0.006273
2459675.061483 21.967626 0.006297
2459675.565077 21.962612 0.006268
2459676.058144 21.975077 0.006340
2459676.551211 21.965387 0.006284
2459677.054805 21.962038 0.006265
2459677.547872 21.959748 0.006251
2459678.040939 21.964685 0.006280
2459678.544532 21.981672 0.006379
2459679.037600 21.972663 0.006326
2459679.530667 21.963887 0.006275
2459680.034260 21.970927 0.006316
2459680.527327 21.965834 0.006287
2459681.020394 21.964653 0.006280
2459681.523988 21.961083 0.006259
2459682.017055 21.962867 0.006269
2459682.510122 21.962580 0.006268
2459683.013716 21.959748 0.006251
2459683.506783 21.965355 0.006284
2459683.999850 21.967978 0.006299
2459684.503444 21.964749 0.006280
2459684.996511 21.963122 0.006271
2459685.489578 21.974111 0.006335
2459685.993171 21.968138 0.006300
2459686.486238 21.969612 0.006308
2459686.979306 21.963791 0.006275
2459687.482899 21.959430 0.006250
2459687.975966 21.955783 0.006229
2459688.469033 21.960098 0.006253
2459688.972627 21.969548 0.006308
2459689.465694 21.968522 0.006302
2459689.958761 21.977206 0.006353
2459690.462355 21.970992 0.006317
2459690.955422 21.960511 0.006256
2459691.448489 21.954676 0.006222
2459691.952082 21.960893 0.006258
2459692.445150 21.955530 0.006227
2459692.938217 21.960161 0.006254
2459693.441810 21.972148 0.006323
2459693.934877 21.959557 0.006250
2459807.647256 21.981672 0.006379
2459808.150849 21.960606 0.006256
2459808.643916 21.952306 0.006209
2459809.136983 21.966986 0.006293
2459809.640577 21.963887 0.006275
2459810.133644 21.971441 0.006319
2459810.626711 21.966730 0.006292
2459811.130305 21.968939 0.006305
2459811.623372 21.970061 0.006311
2459812.116439 21.962293 0.006266
2459812.620032 21.987133 0.006411
2459813.113100 21.959462 0.006250
2459813.606167 21.964717 0.006280
2459814.109760 21.957716 0.006240
2459814.602827 21.962516 0.006267
2459815.095894 21.962325 0.006266
2459815.599488 21.963345 0.006272
2459816.092555 21.966698 0.006292
2459816.585622 21.965228 0.006283
2459817.089216 21.963791 0.006275
2459817.582283 21.953790 0.006217
2459818.075350 21.959748 0.006251
2459818.578944 21.952748 0.006211
2459819.072011 21.955562 0.006227
2459819.565078 21.965611 0.006285
2459820.068671 21.969836 0.006310
2459820.561738 21.972630 0.006326
2459821.054806 21.961306 0.006260
2459821.558399 21.964238 0.006277
2459822.051466 21.970671 0.006315
2459822.544533 21.952748 0.006211
2459823.048127 21.966378 0.006290
2459823.541194 21.962739 0.006269
2459824.034261 21.971152 0.006317
2459824.537855 21.958033 0.006242
2459825.030922 21.958478 0.006244
2459825.523989 21.962675 0.006268
2459826.027582 21.954264 0.006220
2459826.520650 21.971120 0.006317
2459827.013717 21.959621 0.006251
2459827.517310 21.960098 0.006253
2459828.010377 21.961975 0.006264
2459828.503444 21.961465 0.006261
2459829.007038 21.966346 0.006290
2459829.500105 21.976335 0.006348
2459829.993172 21.966954 0.006293
2459830.496766 21.964780 0.006280
2459830.989833 21.972148 0.006323
2459831.482900 21.969131 0.006306
2459831.986494 21.969003 0.006305
2459832.479561 21.965196 0.006283
2459832.972628 21.966314 0.006289
2459833.476221 21.970061 0.006311
2459833.969288 21.967273 0.006295
2459834.462356 21.960575 0.006256
2459834.965949 21.965132 0.006283
2459835.459016 21.963696 0.006274
2459835.952083 21.970863 0.006316
2459836.455677 21.957684 0.006240
2459836.948744 21.966378 0.006290
2459837.441811 21.968138 0.006300
2459837.945405 21.974272 0.006336
2459838.438472 21.952401 0.006209
2459838.931539 21.966794 0.006292
2459839.435132 21.971762 0.006321
2459839.928200 21.967497 0.006296
2459840.421267 21.974304 0.006336
2459840.924860 21.975303 0.006342
2459841.417927 21.958795 0.006246
2459841.910994 21.957494 0.006238
2459842.414588 21.956828 0.006235
2459842.907655 21.967786 0.006298
2459843.400722 21.965643 0.006285
2459843.904316 21.968682 0.006303
2459844.397383 21.960797 0.006257
2459844.890450 21.962484 0.006267
2459845.394044 21.968330 0.006301
2459845.887111 21.960098 0.006253
2459846.380178 21.983652 0.006391
2459846.883771 21.965483 0.006285
2459847.376838 21.961211 0.006260
2459847.869906 21.953127 0.006213
2459848.373499 21.964015 0.006276
2459848.866566 21.974690 0.006338
2459849.359633 21.967850 0.006298
2459849.863227 21.968554 0.006302
2459850.356294 21.964621 0.006280
2459850.849361 21.967177 0.006294
2459851.352955 21.970285 0.006312
2459851.846022 21.962739 0.006269
2459852.339089 21.960988 0.006259
2459852.842682 21.961656 0.006262
2459853.335750 21.976367 0.006348
2459853.828817 21.970574 0.006314
2459854.332410 21.970253 0.006312
2459854.825477 21.962580 0.006268
2459855.318544 21.960829 0.006258
2459855.822138 21.970221 0.006312
2459856.315205 21.955118 0.006225
2459856.808272 21.955466 0.006227
2459857.311866 21.959843 0.006252
2459857.804933 21.965036 0.006282
2459858.298000 21.958255 0.006243
2459858.801594 21.961720 0.006263
2459859.294661 21.966858 0.006293
2459859.787728 21.968682 0.006303
2459860.291321 21.958795 0.006246
2459860.784388 21.962580 0.006268
2459861.277456 21.965834 0.006287
2459861.781049 21.962580 0.006268
2459862.274116 21.966026 0.006288
2459862.767183 21.963472 0.006273
2459863.270777 21.961911 0.006264
2459863.763844 21.967529 0.006296
2459864.256911 21.948777 0.006189
2459864.760505 21.968682 0.006303
2459865.253572 21.960734 0.006257
2459865.746639 21.966922 0.006293
2459866.250232 21.965228 0.006283
2459866.743300 21.970639 0.006314
2459867.236367 21.959780 0.006252
2459867.739960 21.969708 0.006309
2459868.233027 21.963727 0.006274
2459868.726094 21.959271 0.006249
2459869.229688 21.955403 0.006226
2459869.722755 21.961020 0.006259
2459870.215822 21.973306 0.006330
2459870.719416 21.966090 0.006288
2459871.212483 21.956131 0.006231
2459871.705550 21.973177 0.006329
2459872.209144 21.962038 0.006265
2459872.702211 21.961338 0.006261
2459873.195278 21.963026 0.006270
2459873.698871 21.965132 0.006283
2459874.191938 21.967690 0.006297
2459874.685006 21.965387 0.006284
2459875.188599 21.957906 0.006241
2459875.681666 21.969259 0.006306
2459876.174733 21.967305 0.006295
2459876.678327 21.970703 0.006315
2459877.171394 21.964717 0.006280
2459877.664461 21.955815 0.006229
2459878.168055 21.964015 0.006276
2459878.661122 21.963281 0.006272
2459879.154189 21.954865 0.006223
2459987.411250 21.962166 0.006265
2459987.904317 21.974143 0.006335
2459988.407910 21.961433 0.006261
2459988.900977 21.961402 0.006261
2459989.394044 21.969387 0.006307
2459989.897638 21.966986 0.006293
2459990.390705 21.960893 0.006258
2459990.883772 21.962452 0.006267
2459991.387366 21.961274 0.006260
2459991.880433 21.977271 0.006353
2459992.373500 21.964844 0.006281
2459992.877094 21.978822 0.006362
2459993.370161 21.959684 0.006251
2459993.863228 21.952053 0.006207
2459994.366821 21.963313 0.006272
2459994.859888 21.978951 0.006363
2459995.352956 21.958859 0.006246
2459995.856549 21.970478 0.006314
2459996.349616 21.967882 0.006298
2459996.842683 21.963377 0.006272
2459997.346277 21.960702 0.006257
2459997.839344 21.954296 0.006220
2459998.332411 21.973756 0.006333
2459998.836005 21.958192 0.006242
2459999.329072 21.965547 0.006285
2459999.822139 21.956733 0.006234
2460000.325732 21.971377 0.006319
2460000.818800 21.963696 0.006274
2460001.311867 21.970221 0.006312
2460001.815460 21.968234 0.006300
2460002.308527 21.974111 0.006335
2460002.801594 21.963153 0.006271
2460003.305188 21.963855 0.006275
2460003.798255 21.970542 0.006314
2460004.291322 21.965930 0.006287
2460004.794916 21.956670 0.006234
2460005.287983 21.967914 0.006299
2460005.781050 21.966890 0.006293
2460006.284644 21.977045 0.006352
2460006.777711 21.966218 0.006289
2460007.270778 21.954233 0.006220
2460007.774371 21.957177 0.006237
2460008.267438 21.962261 0.006266
2460008.760506 21.969387 0.006307
2460009.264099 21.960797 0.006257
2460009.757166 21.961306 0.006260
2460010.250233 21.963313 0.006272
2460010.753827 21.968170 0.006300
2460011.246894 21.965707 0.006286
2460011.739961 21.959494 0.006250
2460012.243555 21.965866 0.006287
2460012.736622 21.970253 0.006312
2460013.229689 21.959017 0.006247
2460013.733282 21.969965 0.006311
2460014.226350 21.963409 0.006273
2460014.719417 21.956607 0.006233
2460015.223010 21.976141 0.006347
2460015.716077 21.958986 0.006247
2460016.209144 21.967850 0.006298
2460016.712738 21.974948 0.006340
2460017.205805 21.971795 0.006321
2460017.698872 21.968426 0.006302
2460018.202466 21.967914 0.006299
2460018.695533 21.952306 0.006209
2460019.188600 21.968778 0.006304
2460019.692194 21.966666 0.006291
2460020.185261 21.962357 0.006266
2460020.678328 21.965930 0.006287
2460021.181921 21.964302 0.006278
2460021.674988 21.963887 0.006275
2460022.168056 21.959144 0.006248
2460022.671649 21.964780 0.006280
2460023.164716 21.965291 0.006283
2460023.657783 21.960606 0.006256
2460024.161377 21.968586 0.006303
2460024.654444 21.966506 0.006290
2460025.147511 21.979728 0.006368
2460025.651105 21.957811 0.006240
2460026.144172 21.963440 0.006273
2460026.637239 21.969612 0.006308
2460027.140832 21.974561 0.006337
2460027.633900 21.964844 0.006281
2460028.126967 21.962452 0.006267
2460028.630560 21.953411 0.006215
2460029.123627 21.966090 0.006288
2460029.616694 21.975174 0.006341
2460030.120288 21.963409 0.006273
2460030.613355 21.966474 0.006290
2460031.106422 21.955878 0.006229
2460031.610016 21.964685 0.006280
2460032.103083 21.962261 0.006266
2460032.596150 21.958827 0.006246
2460033.099744 21.971249 0.006318
2460033.592811 21.964110 0.006277
2460034.085878 21.972759 0.006327
2460034.589471 21.966378 0.006290
2460035.082538 21.973756 0.006333
2460035.575606 21.965515 0.006285
2460036.079199 21.964653 0.006280
2460036.572266 21.970574 0.006314
2460037.065333 21.970157 0.006312
2460037.568927 21.959843 0.006252
2460038.061994 21.971473 0.006319
2460038.555061 21.964461 0.006279
2460039.058655 21.968330 0.006301
2460039.551722 21.966186 0.006289
2460040.044789 21.962771 0.006269
2460040.548382 21.964717 0.006280
2460041.041450 21.963026 0.006270
2460041.534517 21.971313 0.006318
2460042.038110 21.961688 0.006263
2460042.531177 21.955023 0.006224
2460043.024244 21.966570 0.006291
2460043.527838 21.963696 0.006274
2460044.020905 21.967946 0.006299
2460044.513972 21.963440 0.006273
2460045.017566 21.966602 0.006291
2460045.510633 21.960034 0.006253
2460046.003700 21.963600 0.006274
2460046.507294 21.970414 0.006313
2460047.000361 21.968843 0.006304
2460047.493428 21.965803 0.006286
2460047.997021 21.959208 0.006248
2460048.490088 21.967850 0.006298
2460048.983156 21.957875 0.006241
2460049.486749 21.971409 0.006319
2460049.979816 21.965291 0.006283
2460050.472883 21.963664 0.006274
2460050.976477 21.959144 0.006248
2460051.469544 21.973982 0.006334
2460051.962611 21.967081 0.006294
2460052.466205 21.970350 0.006313
2460052.959272 21.968778 0.006304
2460053.452339 21.964940 0.006281
2460053.955932 21.965132 0.006283
2460054.449000 21.971987 0.006322
2460054.942067 21.964717 0.006280
2460055.445660 21.945887 0.006172
2460055.938727 21.964525 0.006279
2460056.431794 21.970606 0.006314
2460056.935388 21.971795 0.006321
2460057.428455 21.967818 0.006298
2460057.921522 21.972277 0.006324
2460058.425116 21.983976 0.006393
2460058.918183 21.949784 0.006194
