2458346.727899 18.703171 0.001884
2458347.220966 18.701874 0.001881
2458347.714033 18.701187 0.001880
2458348.217627 18.706954 0.001890
2458348.710694 18.703738 0.001885
2458349.203761 18.708812 0.001893
2458349.707355 18.701156 0.001880
2458350.200422 18.702850 0.001883
2458350.693489 18.706160 0.001889
2458351.197082 18.702205 0.001882
2458351.690150 18.705539 0.001888
2458352.183217 18.703570 0.001884
2458352.686810 18.702103 0.001882
2458353.179877 18.701843 0.001881
2458353.672944 18.704124 0.001885
2458354.176538 18.705637 0.001888
2458354.669605 18.706018 0.001889
2458355.162672 18.702448 0.001882
2458355.666266 18.703868 0.001885
2458356.159333 18.703052 0.001883
2458356.652400 18.701845 0.001881
2458357.155994 18.702798 0.001883
2458357.649061 18.705039 0.001887
2458358.142128 18.700428 0.001879
2458358.645721 18.704324 0.001886
2458359.138788 18.704759 0.001886
2458359.631856 18.699801 0.001878
2458360.135449 18.703868 0.001885
2458360.628516 18.703944 0.001885
2458361.121583 18.707475 0.001891
2458361.625177 18.701564 0.001881
2458362.118244 18.702086 0.001882
2458362.611311 18.706360 0.001889
2458363.114905 18.704878 0.001887
2458363.607972 18.703338 0.001884
2458364.101039 18.704037 0.001885
2458364.604632 18.698916 0.001876
2458365.097700 18.705890 0.001888
2458365.590767 18.706062 0.001889
2458366.094360 18.705172 0.001887
2458366.587427 18.704824 0.001886
2458367.080494 18.702145 0.001882
2458367.584088 18.702236 0.001882
2458368.077155 18.702249 0.001882
2458368.570222 18.702934 0.001883
2458369.073816 18.706859 0.001890
2458369.566883 18.708807 0.001893
2458370.059950 18.703668 0.001884
2458370.563544 18.704850 0.001887
2458371.056611 18.704168 0.001885
2458371.549678 18.704066 0.001885
2458372.053271 18.701676 0.001881
2458372.546338 18.709403 0.001894
2458373.039406 18.705550 0.001888
2458373.542999 18.703347 0.001884
2458374.036066 18.701293 0.001880
2458374.529133 18.707259 0.001891
2458375.032727 18.704333 0.001886
2458375.525794 18.704859 0.001887
2458376.018861 18.702565 0.001883
2458376.522455 18.702346 0.001882
2458377.015522 18.703583 0.001884
2458377.508589 18.702249 0.001882
2458378.012182 18.702129 0.001882
2458378.505250 18.702004 0.001882
2458378.998317 18.703816 0.001885
2458379.501910 18.702383 0.001882
2458379.994977 18.704007 0.001885
2458380.488044 18.703690 0.001885
2458380.991638 18.705022 0.001887
2458381.484705 18.702197 0.001882
2458381.977772 18.703247 0.001884
2458382.481366 18.708644 0.001893
2458382.974433 18.698734 0.001876
2458383.467500 18.706965 0.001890
2458383.971094 18.705057 0.001887
2458384.464161 18.703162 0.001884
2458384.957228 18.708622 0.001893
2458385.460821 18.702674 0.001883
2458385.953888 18.703006 0.001883
2458386.446956 18.704076 0.001885
2458386.950549 18.708061 0.001892
2458387.443616 18.705407 0.001887
2458387.936683 18.702316 0.001882
2458388.440277 18.704172 0.001885
2458388.933344 18.705252 0.001887
2458389.426411 18.705255 0.001887
2458389.930005 18.705039 0.001887
2458390.423072 18.707002 0.001890
2458390.916139 18.702340 0.001882
2458391.419732 18.703822 0.001885
2458391.912800 18.706904 0.001890
2458392.405867 18.705809 0.001888
2458392.909460 18.702544 0.001883
2458393.402527 18.705189 0.001887
2458393.895594 18.704672 0.001886
2458394.399188 18.704341 0.001886
2458394.892255 18.703651 0.001884
2458395.385322 18.705448 0.001888
2458395.888916 18.703149 0.001884
2458396.381983 18.706514 0.001889
2458396.875050 18.703796 0.001885
2458397.378644 18.703390 0.001884
2458397.871711 18.706044 0.001889
2458398.364778 18.705383 0.001887
2458398.868371 18.709700 0.001895
2458399.361438 18.702322 0.001882
2458399.854506 18.704268 0.001886
2458400.358099 18.705822 0.001888
2458400.851166 18.706491 0.001889
2458401.344233 18.702288 0.001882
2458401.847827 18.704815 0.001886
2458402.340894 18.702281 0.001882
2458402.833961 18.703822 0.001885
2458403.337555 18.699424 0.001877
2458403.830622 18.706784 0.001890
2458404.323689 18.703464 0.001884
2458404.827282 18.701973 0.001882
2458405.320350 18.703095 0.001883
2458405.813417 18.708727 0.001893
2458406.317010 18.704763 0.001886
2458406.810077 18.703399 0.001884
2458407.303144 18.702290 0.001882
2458407.806738 18.705413 0.001888
2458408.299805 18.704172 0.001885
2458408.792872 18.705305 0.001887
2458409.296466 18.705244 0.001887
2458409.789533 18.705324 0.001887
2458410.282600 18.704941 0.001887
2458410.786194 18.704087 0.001885
2458411.279261 18.704307 0.001886
2458411.772328 18.705650 0.001888
2458412.275921 18.703284 0.001884
2458412.768988 18.704250 0.001885
2458413.262056 18.704446 0.001886
2458413.765649 18.702908 0.001883
2458414.258716 18.707795 0.001892
2458414.751783 18.704037 0.001885
2458415.255377 18.705420 0.001888
2458415.748444 18.703577 0.001884
2458416.241511 18.702689 0.001883
2458416.745105 18.704166 0.001885
2458417.238172 18.708391 0.001893
2458417.731239 18.707129 0.001890
2458418.234832 18.701609 0.001881
2458526.481367 18.703010 0.001883
2458526.984960 18.704641 0.001886
2458527.478027 18.705729 0.001888
2458527.971094 18.704596 0.001886
2458528.474688 18.700710 0.001879
2458528.967755 18.703568 0.001884
2458529.460822 18.705026 0.001887
2458529.964416 18.704137 0.001885
2458530.457483 18.705178 0.001887
2458530.950550 18.704205 0.001885
2458531.454144 18.704285 0.001886
2458531.947211 18.706221 0.001889
2458532.440278 18.706708 0.001890
2458532.943871 18.704296 0.001886
2458533.436938 18.700528 0.001879
2458533.930006 18.705137 0.001887
2458534.433599 18.702557 0.001883
2458534.926666 18.704274 0.001886
2458535.419733 18.700411 0.001879
2458535.923327 18.703327 0.001884
2458536.416394 18.701039 0.001880
2458536.909461 18.703186 0.001884
2458537.413055 18.702190 0.001882
2458537.906122 18.702884 0.001883
2458538.399189 18.701780 0.001881
2458538.902782 18.705901 0.001888
2458539.395850 18.705161 0.001887
2458539.888917 18.706504 0.001889
2458540.392510 18.699909 0.001878
2458540.885577 18.701822 0.001881
2458541.378644 18.703794 0.001885
2458541.882238 18.704146 0.001885
2458542.375305 18.701993 0.001882
2458542.868372 18.703525 0.001884
2458543.371966 18.700325 0.001879
2458543.865033 18.703355 0.001884
2458544.358100 18.703874 0.001885
2458544.861694 18.706327 0.001889
2458545.354761 18.705907 0.001888
2458545.847828 18.704076 0.001885
2458546.351421 18.703751 0.001885
2458546.844488 18.704541 0.001886
2458547.337556 18.702325 0.001882
2458547.841149 18.705263 0.001887
2458548.334216 18.708620 0.001893
2458548.827283 18.702030 0.001882
2458549.330877 18.704063 0.001885
2458549.823944 18.703199 0.001884
2458550.317011 18.704228 0.001885
2458550.820605 18.705176 0.001887
2458551.313672 18.705700 0.001888
2458551.806739 18.702134 0.001882
2458552.310332 18.706216 0.001889
2458552.803400 18.705339 0.001887
2458553.296467 18.708223 0.001892
2458553.800060 18.702856 0.001883
2458554.293127 18.706123 0.001889
2458554.786194 18.708053 0.001892
2458555.289788 18.702322 0.001882
2458555.782855 18.703466 0.001884
2458556.275922 18.702713 0.001883
2458556.779516 18.702570 0.001883
2458557.272583 18.704557 0.001886
2458557.765650 18.701830 0.001881
2458558.269244 18.702667 0.001883
2458558.762311 18.703438 0.001884
2458559.255378 18.702839 0.001883
2458559.758971 18.705455 0.001888
2458560.252038 18.703216 0.001884
2458560.745106 18.704694 0.001886
2458561.248699 18.706702 0.001890
2458561.741766 18.700167 0.001878
2458562.234833 18.706133 0.001889
2458562.738427 18.701869 0.001881
2458563.231494 18.703073 0.001883
2458563.724561 18.702865 0.001883
2458564.228155 18.703334 0.001884
2458564.721222 18.703731 0.001885
2458565.214289 18.704596 0.001886
2458565.717882 18.706329 0.001889
2458566.210950 18.703314 0.001884
2458566.704017 18.707506 0.001891
2458567.207610 18.704607 0.001886
2458567.700677 18.704109 0.001885
2458568.193744 18.706129 0.001889
2458568.697338 18.704463 0.001886
2458569.190405 18.703801 0.001885
2458569.683472 18.705429 0.001888
2458570.187066 18.704205 0.001885
2458570.680133 18.703731 0.001885
2458571.173200 18.704770 0.001886
2458571.676794 18.707373 0.001891
2458572.169861 18.705457 0.001888
2458572.662928 18.704518 0.001886
2458573.166521 18.702520 0.001882
2458573.659588 18.704952 0.001887
2458574.152656 18.704763 0.001886
2458574.656249 18.701054 0.001880
2458575.149316 18.703768 0.001885
2458575.642383 18.702088 0.001882
2458576.145977 18.704437 0.001886
2458576.639044 18.703423 0.001884
2458577.132111 18.702459 0.001882
2458577.635705 18.703644 0.001884
2458578.128772 18.701685 0.001881
2458578.621839 18.702726 0.001883
2458579.125432 18.706554 0.001889
2458579.618500 18.704720 0.001886
2458580.111567 18.703827 0.001885
2458580.615160 18.700435 0.001879
2458581.108227 18.705483 0.001888
2458581.601294 18.703492 0.001884
2458582.104888 18.703236 0.001884
2458582.597955 18.699864 0.001878
2458583.091022 18.703592 0.001884
2458583.594616 18.705141 0.001887
2458584.087683 18.706639 0.001890
2458584.580750 18.703505 0.001884
2458585.084344 18.706606 0.001890
2458585.577411 18.706867 0.001890
2458586.070478 18.703579 0.001884
2458586.574071 18.704648 0.001886
2458587.067138 18.706334 0.001889
2458587.560206 18.702379 0.001882
2458588.063799 18.704074 0.001885
2458588.556866 18.703232 0.001884
2458589.049933 18.705052 0.001887
2458589.553527 18.704307 0.001886
2458590.046594 18.704200 0.001885
2458590.539661 18.701271 0.001880
2458591.043255 18.703544 0.001884
2458591.536322 18.702758 0.001883
2458592.029389 18.702572 0.001883
2458592.532982 18.705757 0.001888
2458593.026050 18.702431 0.001882
2458593.519117 18.703549 0.001884
2458594.022710 18.702433 0.001882
2458594.515777 18.705418 0.001888
2458595.008844 18.704142 0.001885
2458595.512438 18.705396 0.001887
2458596.005505 18.701978 0.001882
2458596.498572 18.703668 0.001884
2458597.002166 18.703017 0.001883
2458597.495233 18.705827 0.001888
2458597.988300 18.705050 0.001887
2458712.204272 18.700623 0.001879
2458712.697339 18.700701 0.001879
2458713.200932 18.705200 0.001887
2458713.694000 18.703926 0.001885
2458714.187067 18.705659 0.001888
2458714.690660 18.702307 0.001882
2458715.183727 18.706606 0.001890
2458715.676794 18.701559 0.001881
2458716.180388 18.705154 0.001887
2458716.673455 18.702155 0.001882
2458717.166522 18.708746 0.001893
2458717.670116 18.703722 0.001885
2458718.163183 18.706022 0.001889
2458718.656250 18.700184 0.001878
2458719.159844 18.707116 0.001890
2458719.652911 18.705200 0.001887
2458720.145978 18.706184 0.001889
2458720.649571 18.702101 0.001882
2458721.142638 18.703685 0.001885
2458721.635706 18.705213 0.001887
2458722.139299 18.699872 0.001878
2458722.632366 18.705605 0.001888
2458723.125433 18.704941 0.001887
2458723.629027 18.704535 0.001886
2458724.122094 18.702509 0.001882
2458724.615161 18.705015 0.001887
2458725.118755 18.707353 0.001891
2458725.611822 18.701128 0.001880
2458726.104889 18.702422 0.001882
2458726.608482 18.702398 0.001882
2458727.101550 18.703833 0.001885
2458727.594617 18.702923 0.001883
2458728.098210 18.703186 0.001884
2458728.591277 18.703025 0.001883
2458729.084344 18.703516 0.001884
2458729.587938 18.705270 0.001887
2458730.081005 18.699502 0.001877
2458730.574072 18.701757 0.001881
2458731.077666 18.707401 0.001891
2458731.570733 18.704213 0.001885
2458732.063800 18.704098 0.001885
2458732.567394 18.701280 0.001880
2458733.060461 18.704085 0.001885
2458733.553528 18.702242 0.001882
2458734.057121 18.703073 0.001883
2458734.550188 18.705102 0.001887
2458735.043256 18.703164 0.001884
2458735.546849 18.706020 0.001889
2458736.039916 18.706863 0.001890
2458736.532983 18.702377 0.001882
2458737.036577 18.701572 0.001881
2458737.529644 18.703731 0.001885
2458738.022711 18.703323 0.001884
2458738.526305 18.704424 0.001886
2458739.019372 18.702837 0.001883
2458739.512439 18.703931 0.001885
2458740.016032 18.697926 0.001875
2458740.509100 18.704296 0.001886
2458741.002167 18.707089 0.001890
2458741.505760 18.707344 0.001891
2458741.998827 18.705659 0.001888
2458742.491894 18.704181 0.001885
2458742.995488 18.701572 0.001881
2458743.488555 18.703193 0.001884
2458743.981622 18.702227 0.001882
2458744.485216 18.704878 0.001887
2458744.978283 18.705885 0.001888
2458745.471350 18.702745 0.001883
2458745.974944 18.702173 0.001882
2458746.468011 18.704183 0.001885
2458746.961078 18.703692 0.001885
2458747.464671 18.705372 0.001887
2458747.957738 18.699035 0.001876
2458748.450806 18.699838 0.001878
2458748.954399 18.704302 0.001886
2458749.447466 18.704352 0.001886
2458749.940533 18.706974 0.001890
2458750.444127 18.705170 0.001887
2458750.937194 18.703879 0.001885
2458751.430261 18.707887 0.001892
2458751.933855 18.704970 0.001887
2458752.426922 18.704231 0.001885
2458752.919989 18.704713 0.001886
2458753.423582 18.702787 0.001883
2458753.916650 18.704563 0.001886
2458754.409717 18.709224 0.001894
2458754.913310 18.703963 0.001885
2458755.406377 18.706366 0.001889
2458755.899444 18.705570 0.001888
2458756.403038 18.706419 0.001889
2458756.896105 18.703080 0.001883
2458757.389172 18.703655 0.001884
2458757.892766 18.704961 0.001887
2458758.385833 18.703258 0.001884
2458758.878900 18.700859 0.001880
2458759.382494 18.705626 0.001888
2458759.875561 18.702910 0.001883
2458760.368628 18.704502 0.001886
2458760.872221 18.701923 0.001881
2458761.365288 18.706377 0.001889
2458761.858356 18.704209 0.001885
2458762.361949 18.702344 0.001882
2458762.855016 18.703668 0.001884
2458763.348083 18.704524 0.001886
2458763.851677 18.704085 0.001885
2458764.344744 18.703316 0.001884
2458764.837811 18.703781 0.001885
2458765.341405 18.703038 0.001883
2458765.834472 18.704620 0.001886
2458766.327539 18.704368 0.001886
2458766.831132 18.703462 0.001884
2458767.324200 18.704835 0.001886
2458767.817267 18.705468 0.001888
2458768.320860 18.707161 0.001891
2458768.813927 18.703922 0.001885
2458769.306994 18.703503 0.001884
2458769.810588 18.706534 0.001889
2458770.303655 18.703325 0.001884
2458770.796722 18.704448 0.001886
2458771.300316 18.701347 0.001880
2458771.793383 18.704585 0.001886
2458772.286450 18.701018 0.001880
2458772.790044 18.702858 0.001883
2458773.283111 18.706508 0.001889
2458773.776178 18.702589 0.001883
2458774.279771 18.702984 0.001883
2458774.772838 18.709039 0.001894
2458775.265906 18.703779 0.001885
2458775.769499 18.702574 0.001883
2458776.262566 18.705783 0.001888
2458776.755633 18.703727 0.001885
2458777.259227 18.704059 0.001885
2458777.752294 18.705611 0.001888
2458778.245361 18.700784 0.001879
2458778.748955 18.705629 0.001888
2458779.242022 18.701908 0.001881
2458779.735089 18.704626 0.001886
2458780.238682 18.704322 0.001886
2458780.731750 18.704811 0.001886
2458781.224817 18.704181 0.001885
2458781.728410 18.703698 0.001885
2458782.221477 18.702407 0.001882
2458782.714544 18.701544 0.001881
2458783.218138 18.704300 0.001886
2458783.711205 18.703601 0.001884
2459622.427944 18.704296 0.001886
2459622.921011 18.704044 0.001885
2459623.424605 18.706255 0.001889
2459623.917672 18.703709 0.001885
2459624.410739 18.701900 0.001881
2459624.914332 18.702485 0.001882
2459625.407400 18.699589 0.001877
2459625.900467 18.704231 0.001885
2459626.404060 18.703664 0.001884
2459626.897127 18.702119 0.001882
2459627.390194 18.704839 0.001887
2459627.893788 18.704802 0.001886
2459628.386855 18.704752 0.001886
2459628.879922 18.704700 0.001886
2459629.383516 18.701392 0.001881
2459629.876583 18.706329 0.001889
2459630.369650 18.704181 0.001885
2459630.873244 18.704700 0.001886
2459631.366311 18.705196 0.001887
2459631.859378 18.704539 0.001886
2459632.362971 18.705700 0.001888
2459632.856038 18.701967 0.001882
2459633.349106 18.700097 0.001878
2459633.852699 18.703390 0.001884
2459634.345766 18.704072 0.001885
2459634.838833 18.704339 0.001886
2459635.342427 18.701752 0.001881
2459635.835494 18.700597 0.001879
2459636.328561 18.706286 0.001889
2459636.832155 18.702908 0.001883
2459637.325222 18.703801 0.001885
2459637.818289 18.705942 0.001888
2459638.321882 18.704031 0.001885
2459638.814950 18.702485 0.001882
2459639.308017 18.702626 0.001883
2459639.811610 18.705183 0.001887
2459640.304677 18.703672 0.001884
2459640.797744 18.704446 0.001886
2459641.301338 18.704935 0.001887
2459641.794405 18.703019 0.001883
2459642.287472 18.705089 0.001887
2459642.791066 18.704615 0.001886
2459643.284133 18.704244 0.001885
2459643.777200 18.707177 0.001891
2459644.280794 18.702379 0.001882
2459644.773861 18.707224 0.001891
2459645.266928 18.704470 0.001886
2459645.770521 18.705239 0.001887
2459646.263588 18.705755 0.001888
2459646.756656 18.706948 0.001890
2459647.260249 18.703896 0.001885
2459647.753316 18.706001 0.001889
2459648.246383 18.705202 0.001887
2459648.749977 18.701230 0.001880
2459649.243044 18.706499 0.001889
2459649.736111 18.706014 0.001889
2459650.239705 18.709089 0.001894
2459650.732772 18.702845 0.001883
2459651.225839 18.705189 0.001887
2459651.729432 18.706314 0.001889
2459652.222500 18.704844 0.001887
2459652.715567 18.700292 0.001879
2459653.219160 18.702824 0.001883
2459653.712227 18.707822 0.001892
2459654.205294 18.705953 0.001888
2459654.708888 18.703214 0.001884
2459655.201955 18.706018 0.001889
2459655.695022 18.704428 0.001886
2459656.198616 18.706066 0.001889
2459656.691683 18.703779 0.001885
2459657.184750 18.705835 0.001888
2459657.688344 18.704811 0.001886
2459658.181411 18.701518 0.001881
2459658.674478 18.701928 0.001881
2459659.178071 18.705174 0.001887
2459659.671138 18.703894 0.001885
2459660.164206 18.704328 0.001886
2459660.667799 18.703494 0.001884
2459661.160866 18.703766 0.001885
2459661.653933 18.703529 0.001884
2459662.157527 18.706073 0.001889
2459662.650594 18.708072 0.001892
2459663.143661 18.704335 0.001886
2459663.647255 18.702075 0.001882
2459664.140322 18.703842 0.001885
2459664.633389 18.704150 0.001885
2459665.136982 18.704885 0.001887
2459665.630050 18.704665 0.001886
2459666.123117 18.707079 0.001890
2459666.626710 18.705463 0.001888
2459667.119777 18.704344 0.001886
2459667.612844 18.698925 0.001876
2459668.116438 18.702620 0.001883
2459668.609505 18.706909 0.001890
2459669.102572 18.706963 0.001890
2459669.606166 18.706430 0.001889
2459670.099233 18.702097 0.001882
2459670.592300 18.704146 0.001885
2459671.095894 18.702578 0.001883
2459671.588961 18.701700 0.001881
2459672.082028 18.704561 0.001886
2459672.585621 18.705054 0.001887
2459673.078688 18.701780 0.001881
2459673.571756 18.705215 0.001887
2459674.075349 18.702023 0.001882
2459674.568416 18.704381 0.001886
2459675.061483 18.705148 0.001887
2459675.565077 18.704155 0.001885
2459676.058144 18.702466 0.001882
2459676.551211 18.705742 0.001888
2459677.054805 18.702244 0.001882
2459677.547872 18.703301 0.001884
2459678.040939 18.704802 0.001886
2459678.544532 18.704598 0.001886
2459679.037600 18.704363 0.001886
2459679.530667 18.701596 0.001881
2459680.034260 18.705194 0.001887
2459680.527327 18.702275 0.001882
2459681.020394 18.704757 0.001886
2459681.523988 18.704491 0.001886
2459682.017055 18.698696 0.001876
2459682.510122 18.702520 0.001882
2459683.013716 18.705431 0.001888
2459683.506783 18.704881 0.001887
2459683.999850 18.705814 0.001888
2459684.503444 18.703206 0.001884
2459684.996511 18.703588 0.001884
2459685.489578 18.704346 0.001886
2459685.993171 18.707595 0.001891
2459686.486238 18.704491 0.001886
2459686.979306 18.702212 0.001882
2459687.482899 18.703518 0.001884
2459687.975966 18.705144 0.001887
2459688.469033 18.704615 0.001886
2459688.972627 18.704115 0.001885
2459689.465694 18.704489 0.001886
2459689.958761 18.705777 0.001888
2459690.462355 18.705052 0.001887
2459690.955422 18.705168 0.001887
2459691.448489 18.704554 0.001886
2459691.952082 18.706974 0.001890
2459692.445150 18.704470 0.001886
2459692.938217 18.703968 0.001885
2459693.441810 18.702366 0.001882
2459693.934877 18.705318 0.001887
2459807.647256 18.703299 0.001884
2459808.150849 18.707517 0.001891
2459808.643916 18.704066 0.001885
2459809.136983 18.706686 0.001890
2459809.640577 18.706848 0.001890
2459810.133644 18.707314 0.001891
2459810.626711 18.706120 0.001889
2459811.130305 18.704596 0.001886
2459811.623372 18.700026 0.001878
2459812.116439 18.705509 0.001888
2459812.620032 18.705178 0.001887
2459813.113100 18.705707 0.001888
2459813.606167 18.704802 0.001886
2459814.109760 18.704674 0.001886
2459814.602827 18.700855 0.001880
2459815.095894 18.701150 0.001880
2459815.599488 18.703820 0.001885
2459816.092555 18.707233 0.001891
2459816.585622 18.701098 0.001880
2459817.089216 18.701087 0.001880
2459817.582283 18.703138 0.001884
2459818.075350 18.705046 0.001887
2459818.578944 18.705918 0.001888
2459819.072011 18.703136 0.001884
2459819.565078 18.703138 0.001884
2459820.068671 18.701275 0.001880
2459820.561738 18.704807 0.001886
2459821.054806 18.700671 0.001879
2459821.558399 18.705265 0.001887
2459822.051466 18.702257 0.001882
2459822.544533 18.702539 0.001883
2459823.048127 18.707024 0.001890
2459823.541194 18.704376 0.001886
2459824.034261 18.702236 0.001882
2459824.537855 18.703946 0.001885
2459825.030922 18.704515 0.001886
2459825.523989 18.703408 0.001884
2459826.027582 18.705681 0.001888
2459826.520650 18.705139 0.001887
2459827.013717 18.705905 0.001888
2459827.517310 18.704917 0.001887
2459828.010377 18.703056 0.001883
2459828.503444 18.701525 0.001881
2459829.007038 18.706440 0.001889
2459829.500105 18.705274 0.001887
2459829.993172 18.703045 0.001883
2459830.496766 18.703881 0.001885
2459830.989833 18.704565 0.001886
2459831.482900 18.706974 0.001890
2459831.986494 18.706874 0.001890
2459832.479561 18.703748 0.001885
2459832.972628 18.707357 0.001891
2459833.476221 18.701995 0.001882
2459833.969288 18.706273 0.001889
2459834.462356 18.700244 0.001879
2459834.965949 18.701594 0.001881
2459835.459016 18.702559 0.001883
2459835.952083 18.704163 0.001885
2459836.455677 18.703440 0.001884
2459836.948744 18.703977 0.001885
2459837.441811 18.703859 0.001885
2459837.945405 18.701659 0.001881
2459838.438472 18.702991 0.001883
2459838.931539 18.705446 0.001888
2459839.435132 18.703803 0.001885
2459839.928200 18.705024 0.001887
2459840.421267 18.701737 0.001881
2459840.924860 18.702602 0.001883
2459841.417927 18.703777 0.001885
2459841.910994 18.704344 0.001886
2459842.414588 18.705337 0.001887
2459842.907655 18.704589 0.001886
2459843.400722 18.703167 0.001884
2459843.904316 18.703560 0.001884
2459844.397383 18.706162 0.001889
2459844.890450 18.703201 0.001884
2459845.394044 18.706179 0.001889
2459845.887111 18.700491 0.001879
2459846.380178 18.703388 0.001884
2459846.883771 18.704042 0.001885
2459847.376838 18.704928 0.001887
2459847.869906 18.700677 0.001879
2459848.373499 18.702470 0.001882
2459848.866566 18.704391 0.001886
2459849.359633 18.702368 0.001882
2459849.863227 18.703946 0.001885
2459850.356294 18.702539 0.001883
2459850.849361 18.704122 0.001885
2459851.352955 18.705089 0.001887
2459851.846022 18.702949 0.001883
2459852.339089 18.705986 0.001889
2459852.842682 18.704444 0.001886
2459853.335750 18.704585 0.001886
2459853.828817 18.701080 0.001880
2459854.332410 18.703106 0.001884
2459854.825477 18.704526 0.001886
2459855.318544 18.702969 0.001883
2459855.822138 18.702103 0.001882
2459856.315205 18.701965 0.001882
2459856.808272 18.705650 0.001888
2459857.311866 18.704189 0.001885
2459857.804933 18.706447 0.001889
2459858.298000 18.704068 0.001885
2459858.801594 18.703994 0.001885
2459859.294661 18.703547 0.001884
2459859.787728 18.704765 0.001886
2459860.291321 18.705894 0.001888
2459860.784388 18.704363 0.001886
2459861.277456 18.704648 0.001886
2459861.781049 18.703147 0.001884
2459862.274116 18.705307 0.001887
2459862.767183 18.705613 0.001888
2459863.270777 18.703816 0.001885
2459863.763844 18.701091 0.001880
2459864.256911 18.706094 0.001889
2459864.760505 18.704617 0.001886
2459865.253572 18.704346 0.001886
2459865.746639 18.702437 0.001882
2459866.250232 18.705450 0.001888
2459866.743300 18.701143 0.001880
2459867.236367 18.705452 0.001888
2459867.739960 18.703985 0.001885
2459868.233027 18.703286 0.001884
2459868.726094 18.702999 0.001883
2459869.229688 18.701499 0.001881
2459869.722755 18.701858 0.001881
2459870.215822 18.702628 0.001883
2459870.719416 18.705457 0.001888
2459871.212483 18.708543 0.001893
2459871.705550 18.701150 0.001880
2459872.209144 18.705350 0.001887
2459872.702211 18.702381 0.001882
2459873.195278 18.703683 0.001885
2459873.698871 18.703573 0.001884
2459874.191938 18.705596 0.001888
2459874.685006 18.704585 0.001886
2459875.188599 18.705376 0.001888
2459875.681666 18.699310 0.001877
2459876.174733 18.706077 0.001889
2459876.678327 18.705061 0.001887
2459877.171394 18.705659 0.001888
2459877.664461 18.703186 0.001884
2459878.168055 18.704272 0.001886
2459878.661122 18.707042 0.001890
2459879.154189 18.704944 0.001887
2459987.411250 18.702238 0.001886
2459987.904317 18.702114 0.001886
2459988.407910 18.700810 0.001884
2459988.900977 18.701473 0.001885
2459989.394044 18.696379 0.001877
2459989.897638 18.701020 0.001885
2459990.390705 18.697732 0.001879
2459990.883772 18.701876 0.001887
2459991.387366 18.700368 0.001884
2459991.880433 18.699009 0.001882
2459992.373500 18.701124 0.001886
2459992.877094 18.694766 0.001875
2459993.370161 18.697823 0.001881
2459993.863228 18.696243 0.001878
2459994.366821 18.697691 0.001881
2459994.859888 18.694460 0.001876
2459995.352956 18.697395 0.001881
2459995.856549 18.696370 0.001880
2459996.349616 18.696719 0.001880
2459996.842683 18.695958 0.001879
2459997.346277 18.699279 0.001886
2459997.839344 18.695413 0.001879
2459998.332411 18.696691 0.001882
2459998.836005 18.696689 0.001882
2459999.329072 18.697119 0.001883
2459999.822139 18.694781 0.001880
2460000.325732 18.692535 0.001876
2460000.818800 18.695180 0.001881
2460001.311867 18.694435 0.001880
2460001.815460 18.696167 0.001884
2460002.308527 18.691386 0.001876
2460002.801594 18.690776 0.001875
2460003.305188 18.695902 0.001885
2460003.798255 18.690510 0.001876
2460004.291322 18.694357 0.001883
2460004.794916 18.690126 0.001877
2460005.287983 18.687733 0.001873
2460005.781050 18.689480 0.001877
2460006.284644 18.687962 0.001875
2460006.777711 18.685785 0.001872
2460007.270778 18.685828 0.001873
2460007.774371 18.689393 0.001880
2460008.267438 18.684105 0.001872
2460008.760506 18.682824 0.001871
2460009.264099 18.683871 0.001874
2460009.757166 18.680694 0.001869
2460010.250233 18.682253 0.001873
2460010.753827 18.678241 0.001867
2460011.246894 18.681255 0.001874
2460011.739961 18.681270 0.001875
2460012.243555 18.675656 0.001867
2460012.736622 18.676840 0.001871
2460013.229689 18.675772 0.001870
2460013.733282 18.672773 0.001867
2460014.226350 18.669953 0.001864
2460014.719417 18.668261 0.001863
2460015.223010 18.667148 0.001863
2460015.716077 18.666650 0.001864
2460016.209144 18.664218 0.001862
2460016.712738 18.655880 0.001851
2460017.205805 18.657919 0.001857
2460017.698872 18.653049 0.001851
2460018.202466 18.652875 0.001854
2460018.695533 18.649746 0.001852
2460019.188600 18.649308 0.001854
2460019.692194 18.646052 0.001852
2460020.185261 18.643209 0.001851
2460020.678328 18.635422 0.001842
2460021.181921 18.635644 0.001847
2460021.674988 18.628853 0.001840
2460022.168056 18.626589 0.001841
2460022.671649 18.623462 0.001841
2460023.164716 18.617047 0.001836
2460023.657783 18.613318 0.001836
2460024.161377 18.605880 0.001830
2460024.654444 18.602064 0.001831
2460025.147511 18.592797 0.001822
2460025.651105 18.583820 0.001816
2460026.144172 18.578002 0.001814
2460026.637239 18.570271 0.001811
2460027.140832 18.561585 0.001806
2460027.633900 18.550598 0.001799
2460028.126967 18.541477 0.001795
2460028.630560 18.528994 0.001787
2460029.123627 18.517225 0.001781
2460029.616694 18.506701 0.001777
2460030.120288 18.493807 0.001772
2460030.613355 18.477928 0.001762
2460031.106422 18.463767 0.001757
2460031.610016 18.444455 0.001745
2460032.103083 18.427477 0.001738
2460032.596150 18.406381 0.001726
2460033.099744 18.387542 0.001719
2460033.592811 18.364746 0.001708
2460034.085878 18.337170 0.001692
2460034.589471 18.314531 0.001686
2460035.082538 18.285557 0.001672
2460035.575606 18.255749 0.001659
2460036.079199 18.221135 0.001642
2460036.572266 18.188029 0.001625
2460037.065333 18.153329 0.001611
2460037.568927 18.103666 0.001596
2460038.061994 18.061510 0.001577
2460038.555061 18.020014 0.001563
2460039.058655 17.969340 0.001542
2460039.551722 17.920728 0.001525
2460040.044789 17.869869 0.001509
2460040.548382 17.814871 0.001490
2460041.041450 17.761718 0.001474
2460041.534517 17.707990 0.001457
2460042.038110 17.657024 0.001442
2460042.531177 17.612101 0.001431
2460043.024244 17.574134 0.001422
2460043.527838 17.541131 0.001410
2460044.020905 17.523420 0.001406
2460044.513972 17.515505 0.001401
2460045.017566 17.525021 0.001404
2460045.510633 17.550832 0.001415
2460046.003700 17.582440 0.001422
2460046.507294 17.626502 0.001436
2460047.000361 17.669792 0.001444
2460047.493428 17.724779 0.001464
2460047.997021 17.776833 0.001477
2460048.490088 17.832765 0.001498
2460048.983156 17.884622 0.001514
2460049.486749 17.934440 0.001529
2460049.979816 17.986600 0.001550
2460050.472883 18.034169 0.001569
2460050.976477 18.078302 0.001585
2460051.469544 18.117587 0.001598
2460051.962611 18.157537 0.001615
2460052.466205 18.194764 0.001630
2460052.959272 18.231915 0.001649
2460053.452339 18.261283 0.001659
2460053.955932 18.289805 0.001670
2460054.449000 18.319019 0.001685
2460054.942067 18.343604 0.001695
2460055.445660 18.368333 0.001707
2460055.938727 18.392838 0.001721
2460056.431794 18.411438 0.001728
2460056.935388 18.432574 0.001740
2460057.428455 18.449400 0.001748
2460057.921522 18.464240 0.001753
2460058.425116 18.482657 0.001766
2460058.918183 18.495353 0.001770
