2458346.727899 21.970024 0.005829
2458347.220966 21.987738 0.005925
2458347.714033 21.971749 0.005839
2458348.217627 21.967581 0.005816
2458348.710694 21.973923 0.005850
2458349.203761 21.978565 0.005875
2458349.707355 21.973505 0.005848
2458350.200422 21.970135 0.005830
2458350.693489 21.984014 0.005905
2458351.197082 21.971415 0.005837
2458351.690150 21.974565 0.005854
2458352.183217 21.972696 0.005844
2458352.686810 21.967165 0.005814
2458353.179877 21.977584 0.005870
2458353.672944 21.968968 0.005824
2458354.176538 21.974146 0.005851
2458354.669605 21.969691 0.005828
2458355.162672 21.987455 0.005924
2458355.666266 21.972696 0.005844
2458356.159333 21.971666 0.005838
2458356.652400 21.975263 0.005858
2458357.155994 21.982635 0.005897
2458357.649061 21.964949 0.005802
2458358.142128 21.980472 0.005886
2458358.645721 21.974816 0.005855
2458359.138788 21.960282 0.005777
2458359.631856 21.982382 0.005896
2458360.135449 21.975403 0.005858
2458360.628516 21.971276 0.005836
2458361.121583 21.975543 0.005859
2458361.625177 21.974677 0.005854
2458362.118244 21.968135 0.005819
2458362.611311 21.967747 0.005817
2458363.114905 21.973114 0.005846
2458363.607972 21.978368 0.005874
2458364.101039 21.968663 0.005822
2458364.604632 21.974342 0.005853
2458365.097700 21.965059 0.005803
2458365.590767 21.975962 0.005861
2458366.094360 21.962875 0.005791
2458366.587427 21.977360 0.005869
2458367.080494 21.978845 0.005877
2458367.584088 21.971861 0.005839
2458368.077155 21.972724 0.005844
2458368.570222 21.978340 0.005874
2458369.073816 21.969691 0.005828
2458369.566883 21.978817 0.005877
2458370.059950 21.977556 0.005870
2458370.563544 21.974202 0.005852
2458371.056611 21.980752 0.005887
2458371.549678 21.976661 0.005865
2458372.053271 21.981623 0.005892
2458372.546338 21.968580 0.005822
2458373.039406 21.973310 0.005847
2458373.542999 21.970052 0.005829
2458374.036066 21.968135 0.005819
2458374.529133 21.967775 0.005817
2458375.032727 21.974816 0.005855
2458375.525794 21.980051 0.005883
2458376.018861 21.980135 0.005884
2458376.522455 21.965696 0.005806
2458377.015522 21.977388 0.005869
2458377.508589 21.975794 0.005860
2458378.012182 21.975403 0.005858
2458378.505250 21.970163 0.005830
2458378.998317 21.976661 0.005865
2458379.501910 21.975012 0.005856
2458379.994977 21.977220 0.005868
2458380.488044 21.973895 0.005850
2458380.991638 21.973393 0.005847
2458381.484705 21.976969 0.005867
2458381.977772 21.976186 0.005862
2458382.481366 21.967165 0.005814
2458382.974433 21.983001 0.005899
2458383.467500 21.971387 0.005837
2458383.971094 21.973533 0.005848
2458384.464161 21.969135 0.005825
2458384.957228 21.963925 0.005797
2458385.460821 21.977696 0.005871
2458385.953888 21.971749 0.005839
2458386.446956 21.980921 0.005888
2458386.950549 21.960861 0.005780
2458387.443616 21.981454 0.005891
2458387.936683 21.975710 0.005860
2458388.440277 21.966804 0.005812
2458388.933344 21.970358 0.005831
2458389.426411 21.973756 0.005849
2458389.930005 21.983620 0.005903
2458390.423072 21.969302 0.005825
2458390.916139 21.972251 0.005841
2458391.419732 21.967830 0.005818
2458391.912800 21.980780 0.005887
2458392.405867 21.974733 0.005855
2458392.909460 21.968080 0.005819
2458393.402527 21.975012 0.005856
2458393.895594 21.964478 0.005800
2458394.399188 21.978509 0.005875
2458394.892255 21.969607 0.005827
2458395.385322 21.982944 0.005899
2458395.888916 21.978368 0.005874
2458396.381983 21.973393 0.005847
2458396.875050 21.978284 0.005874
2458397.378644 21.969024 0.005824
2458397.871711 21.965835 0.005807
2458398.364778 21.975822 0.005861
2458398.868371 21.973031 0.005845
2458399.361438 21.980724 0.005887
2458399.854506 21.972362 0.005842
2458400.358099 21.983958 0.005905
2458400.851166 21.967165 0.005814
2458401.344233 21.970970 0.005834
2458401.847827 21.975207 0.005857
2458402.340894 21.971165 0.005835
2458402.833961 21.981876 0.005893
2458403.337555 21.978481 0.005875
2458403.830622 21.971192 0.005836
2458404.323689 21.974426 0.005853
2458404.827282 21.971554 0.005838
2458405.320350 21.965807 0.005807
2458405.813417 21.966111 0.005808
2458406.317010 21.972724 0.005844
2458406.810077 21.969302 0.005825
2458407.303144 21.971192 0.005836
2458407.806738 21.977864 0.005872
2458408.299805 21.966887 0.005812
2458408.792872 21.972668 0.005844
2458409.296466 21.972864 0.005845
2458409.789533 21.981005 0.005889
2458410.282600 21.982691 0.005898
2458410.786194 21.975291 0.005858
2458411.279261 21.972306 0.005842
2458411.772328 21.967109 0.005814
2458412.275921 21.968691 0.005822
2458412.768988 21.975375 0.005858
2458413.262056 21.974258 0.005852
2458413.765649 21.976493 0.005864
2458414.258716 21.974816 0.005855
2458414.751783 21.967220 0.005814
2458415.255377 21.973979 0.005851
2458415.748444 21.976493 0.005864
2458416.241511 21.968441 0.005821
2458416.745105 21.974202 0.005852
2458417.238172 21.977109 0.005867
2458417.731239 21.984352 0.005907
2458418.234832 21.977724 0.005871
2458526.481367 21.978256 0.005874
2458526.984960 21.984239 0.005906
2458527.478027 21.966472 0.005810
2458527.971094 21.966666 0.005811
2458528.474688 21.960172 0.005777
2458528.967755 21.970692 0.005833
2458529.460822 21.976745 0.005866
2458529.964416 21.976381 0.005864
2458530.457483 21.980640 0.005887
2458530.950550 21.970497 0.005832
2458531.454144 21.971471 0.005837
2458531.947211 21.977276 0.005868
2458532.440278 21.973533 0.005848
2458532.943871 21.981202 0.005890
2458533.436938 21.980275 0.005885
2458533.930006 21.964230 0.005798
2458534.433599 21.978340 0.005874
2458534.926666 21.969941 0.005829
2458535.419733 21.970608 0.005832
2458535.923327 21.985282 0.005912
2458536.416394 21.966943 0.005813
2458536.909461 21.971276 0.005836
2458537.413055 21.975626 0.005859
2458537.906122 21.973895 0.005850
2458538.399189 21.978172 0.005873
2458538.902782 21.976409 0.005864
2458539.395850 21.965751 0.005806
2458539.888917 21.972028 0.005840
2458540.392510 21.966472 0.005810
2458540.885577 21.974174 0.005852
2458541.378644 21.966388 0.005810
2458541.882238 21.975962 0.005861
2458542.375305 21.964893 0.005802
2458542.868372 21.980865 0.005888
2458543.371966 21.979349 0.005880
2458543.865033 21.965225 0.005804
2458544.358100 21.974984 0.005856
2458544.861694 21.975822 0.005861
2458545.354761 21.969441 0.005826
2458545.847828 21.969357 0.005826
2458546.351421 21.983198 0.005900
2458546.844488 21.976829 0.005866
2458547.337556 21.974091 0.005851
2458547.841149 21.965668 0.005806
2458548.334216 21.964976 0.005802
2458548.827283 21.973114 0.005846
2458549.330877 21.960200 0.005777
2458549.823944 21.976969 0.005867
2458550.317011 21.982804 0.005898
2458550.820605 21.984408 0.005907
2458551.313672 21.976465 0.005864
2458551.806739 21.968857 0.005823
2458552.310332 21.975962 0.005861
2458552.803400 21.973254 0.005847
2458553.296467 21.975068 0.005856
2458553.800060 21.971499 0.005837
2458554.293127 21.967081 0.005814
2458554.786194 21.980556 0.005886
2458555.289788 21.969607 0.005827
2458555.782855 21.980921 0.005888
2458556.275922 21.969913 0.005829
2458556.779516 21.974146 0.005851
2458557.272583 21.969218 0.005825
2458557.765650 21.977248 0.005868
2458558.269244 21.973979 0.005851
2458558.762311 21.982438 0.005896
2458559.255378 21.977668 0.005870
2458559.758971 21.960227 0.005777
2458560.252038 21.970914 0.005834
2458560.745106 21.984183 0.005906
2458561.248699 21.972557 0.005843
2458561.741766 21.971805 0.005839
2458562.234833 21.975599 0.005859
2458562.738427 21.967664 0.005817
2458563.231494 21.978116 0.005873
2458563.724561 21.974705 0.005854
2458564.228155 21.968830 0.005823
2458564.721222 21.977696 0.005871
2458565.214289 21.968830 0.005823
2458565.717882 21.973170 0.005846
2458566.210950 21.975571 0.005859
2458566.704017 21.976325 0.005863
2458567.207610 21.978340 0.005874
2458567.700677 21.975207 0.005857
2458568.193744 21.985508 0.005913
2458568.697338 21.985395 0.005912
2458569.190405 21.973365 0.005847
2458569.683472 21.975235 0.005857
2458570.187066 21.983789 0.005904
2458570.680133 21.971332 0.005836
2458571.173200 21.986551 0.005919
2458571.676794 21.974146 0.005851
2458572.169861 21.977192 0.005868
2458572.662928 21.973198 0.005846
2458573.166521 21.974119 0.005851
2458573.659588 21.980079 0.005884
2458574.152656 21.974705 0.005854
2458574.656249 21.982776 0.005898
2458575.149316 21.975235 0.005857
2458575.642383 21.973003 0.005845
2458576.145977 21.967969 0.005818
2458576.639044 21.980444 0.005886
2458577.132111 21.975878 0.005861
2458577.635705 21.971805 0.005839
2458578.128772 21.963400 0.005794
2458578.621839 21.969913 0.005829
2458579.125432 21.977752 0.005871
2458579.618500 21.975040 0.005856
2458580.111567 21.971972 0.005840
2458580.615160 21.967109 0.005814
2458581.108227 21.970692 0.005833
2458581.601294 21.986156 0.005917
2458582.104888 21.975040 0.005856
2458582.597955 21.980303 0.005885
2458583.091022 21.967719 0.005817
2458583.594616 21.975962 0.005861
2458584.087683 21.964285 0.005799
2458584.580750 21.976158 0.005862
2458585.084344 21.971916 0.005839
2458585.577411 21.971025 0.005835
2458586.070478 21.978733 0.005876
2458586.574071 21.963152 0.005793
2458587.067138 21.972529 0.005843
2458587.560206 21.965641 0.005806
2458588.063799 21.971972 0.005840
2458588.556866 21.989859 0.005937
2458589.049933 21.968274 0.005820
2458589.553527 21.966278 0.005809
2458590.046594 21.974091 0.005851
2458590.539661 21.976521 0.005864
2458591.043255 21.975766 0.005860
2458591.536322 21.978621 0.005876
2458592.029389 21.973198 0.005846
2458592.532982 21.979237 0.005879
2458593.026050 21.977025 0.005867
2458593.519117 21.977752 0.005871
2458594.022710 21.978789 0.005877
2458594.515777 21.967664 0.005817
2458595.008844 21.973979 0.005851
2458595.512438 21.977248 0.005868
2458596.005505 21.967803 0.005817
2458596.498572 21.978929 0.005877
2458597.002166 21.975738 0.005860
2458597.495233 21.966499 0.005810
2458597.988300 21.980724 0.005887
2458712.204272 21.966832 0.005812
2458712.697339 21.968885 0.005823
2458713.200932 21.975291 0.005858
2458713.694000 21.984014 0.005905
2458714.187067 21.979490 0.005880
2458714.690660 21.981539 0.005891
2458715.183727 21.965419 0.005805
2458715.676794 21.961578 0.005784
2458716.180388 21.967442 0.005815
2458716.673455 21.965835 0.005807
2458717.166522 21.975822 0.005861
2458717.670116 21.978817 0.005877
2458718.163183 21.973728 0.005849
2458718.656250 21.978621 0.005876
2458719.159844 21.974816 0.005855
2458719.652911 21.972808 0.005844
2458720.145978 21.963594 0.005795
2458720.649571 21.967248 0.005814
2458721.142638 21.958878 0.005770
2458721.635706 21.975515 0.005859
2458722.139299 21.983845 0.005904
2458722.632366 21.985846 0.005915
2458723.125433 21.964976 0.005802
2458723.629027 21.969385 0.005826
2458724.122094 21.974872 0.005855
2458724.615161 21.980051 0.005883
2458725.118755 21.970135 0.005830
2458725.611822 21.980219 0.005884
2458726.104889 21.971443 0.005837
2458726.608482 21.962682 0.005790
2458727.101550 21.983085 0.005900
2458727.594617 21.970970 0.005834
2458728.098210 21.970274 0.005831
2458728.591277 21.971694 0.005838
2458729.084344 21.965530 0.005805
2458729.587938 21.975599 0.005859
2458730.081005 21.965751 0.005806
2458730.574072 21.971638 0.005838
2458731.077666 21.974705 0.005854
2458731.570733 21.977137 0.005868
2458732.063800 21.973170 0.005846
2458732.567394 21.971554 0.005838
2458733.060461 21.960778 0.005780
2458733.553528 21.967165 0.005814
2458734.057121 21.968330 0.005820
2458734.550188 21.977165 0.005868
2458735.043256 21.962323 0.005788
2458735.546849 21.969413 0.005826
2458736.039916 21.979995 0.005883
2458736.532983 21.971053 0.005835
2458737.036577 21.963511 0.005794
2458737.529644 21.968163 0.005819
2458738.022711 21.978593 0.005875
2458738.526305 21.962461 0.005789
2458739.019372 21.971749 0.005839
2458739.512439 21.974565 0.005854
2458740.016032 21.975654 0.005860
2458740.509100 21.974537 0.005854
2458741.002167 21.964478 0.005800
2458741.505760 21.971248 0.005836
2458741.998827 21.967747 0.005817
2458742.491894 21.967165 0.005814
2458742.995488 21.972195 0.005841
2458743.488555 21.972585 0.005843
2458743.981622 21.974202 0.005852
2458744.485216 21.974146 0.005851
2458744.978283 21.977612 0.005870
2458745.471350 21.971443 0.005837
2458745.974944 21.962958 0.005791
2458746.468011 21.973365 0.005847
2458746.961078 21.979658 0.005881
2458747.464671 21.980668 0.005887
2458747.957738 21.969580 0.005827
2458748.450806 21.980893 0.005888
2458748.954399 21.978088 0.005873
2458749.447466 21.968718 0.005822
2458749.940533 21.973728 0.005849
2458750.444127 21.978929 0.005877
2458750.937194 21.969691 0.005828
2458751.430261 21.966943 0.005813
2458751.933855 21.979686 0.005881
2458752.426922 21.980640 0.005887
2458752.919989 21.960806 0.005780
2458753.423582 21.973338 0.005847
2458753.916650 21.977668 0.005870
2458754.409717 21.982523 0.005897
2458754.913310 21.982691 0.005898
2458755.406377 21.962434 0.005789
2458755.899444 21.972557 0.005843
2458756.403038 21.966943 0.005813
2458756.896105 21.975124 0.005857
2458757.389172 21.972473 0.005842
2458757.892766 21.967248 0.005814
2458758.385833 21.967803 0.005817
2458758.878900 21.975878 0.005861
2458759.382494 21.974677 0.005854
2458759.875561 21.967109 0.005814
2458760.368628 21.983198 0.005900
2458760.872221 21.974286 0.005852
2458761.365288 21.981511 0.005891
2458761.858356 21.962875 0.005791
2458762.361949 21.977109 0.005867
2458762.855016 21.982719 0.005898
2458763.348083 21.973282 0.005847
2458763.851677 21.967775 0.005817
2458764.344744 21.984211 0.005906
2458764.837811 21.984324 0.005907
2458765.341405 21.979938 0.005883
2458765.834472 21.980500 0.005886
2458766.327539 21.970998 0.005835
2458766.831132 21.967525 0.005816
2458767.324200 21.970191 0.005830
2458767.817267 21.968968 0.005824
2458768.320860 21.968941 0.005823
2458768.813927 21.970302 0.005831
2458769.306994 21.972028 0.005840
2458769.810588 21.973226 0.005847
2458770.303655 21.966887 0.005812
2458770.796722 21.975347 0.005858
2458771.300316 21.966472 0.005810
2458771.793383 21.976801 0.005866
2458772.286450 21.975487 0.005859
2458772.790044 21.975962 0.005861
2458773.283111 21.976521 0.005864
2458773.776178 21.974872 0.005855
2458774.279771 21.969857 0.005828
2458774.772838 21.972111 0.005841
2458775.265906 21.981820 0.005893
2458775.769499 21.980921 0.005888
2458776.262566 21.971833 0.005839
2458776.755633 21.982832 0.005898
2458777.259227 21.969969 0.005829
2458777.752294 21.972808 0.005844
2458778.245361 21.979321 0.005879
2458778.748955 21.972891 0.005845
2458779.242022 21.977109 0.005867
2458779.735089 21.980528 0.005886
2458780.238682 21.980219 0.005884
2458780.731750 21.970803 0.005833
2458781.224817 21.980612 0.005886
2458781.728410 21.978537 0.005875
2458782.221477 21.970247 0.005831
2458782.714544 21.988162 0.005928
2458783.218138 21.983648 0.005903
2458783.711205 21.970553 0.005832
2459622.427944 21.973979 0.005851
2459622.921011 21.975124 0.005857
2459623.424605 21.969107 0.005824
2459623.917672 21.973226 0.005847
2459624.410739 21.970358 0.005831
2459624.914332 21.967414 0.005815
2459625.407400 21.967997 0.005818
2459625.900467 21.976213 0.005863
2459626.404060 21.988699 0.005930
2459626.897127 21.979097 0.005878
2459627.390194 21.966472 0.005810
2459627.893788 21.979265 0.005879
2459628.386855 21.975738 0.005860
2459628.879922 21.970580 0.005832
2459629.383516 21.968774 0.005823
2459629.876583 21.978256 0.005874
2459630.369650 21.968274 0.005820
2459630.873244 21.980303 0.005885
2459631.366311 21.973031 0.005845
2459631.859378 21.976074 0.005862
2459632.362971 21.975654 0.005860
2459632.856038 21.976158 0.005862
2459633.349106 21.966333 0.005810
2459633.852699 21.974956 0.005856
2459634.345766 21.969969 0.005829
2459634.838833 21.972947 0.005845
2459635.342427 21.973784 0.005850
2459635.835494 21.968857 0.005823
2459636.328561 21.962544 0.005789
2459636.832155 21.968108 0.005819
2459637.325222 21.973282 0.005847
2459637.818289 21.969191 0.005825
2459638.321882 21.972278 0.005841
2459638.814950 21.968024 0.005819
2459639.308017 21.978537 0.005875
2459639.811610 21.983817 0.005904
2459640.304677 21.981314 0.005890
2459640.797744 21.968441 0.005821
2459641.301338 21.978228 0.005874
2459641.794405 21.970163 0.005830
2459642.287472 21.983761 0.005904
2459642.791066 21.973561 0.005848
2459643.284133 21.977025 0.005867
2459643.777200 21.971777 0.005839
2459644.280794 21.975794 0.005860
2459644.773861 21.973365 0.005847
2459645.266928 21.969274 0.005825
2459645.770521 21.976213 0.005863
2459646.263588 21.972418 0.005842
2459646.756656 21.978929 0.005877
2459647.260249 21.972641 0.005843
2459647.753316 21.976493 0.005864
2459648.246383 21.962213 0.005788
2459648.749977 21.970358 0.005831
2459649.243044 21.967276 0.005815
2459649.736111 21.975375 0.005858
2459650.239705 21.971081 0.005835
2459650.732772 21.968802 0.005823
2459651.225839 21.971861 0.005839
2459651.729432 21.974119 0.005851
2459652.222500 21.972251 0.005841
2459652.715567 21.972752 0.005844
2459653.219160 21.979658 0.005881
2459653.712227 21.952978 0.005739
2459654.205294 21.975766 0.005860
2459654.708888 21.976437 0.005864
2459655.201955 21.977948 0.005872
2459655.695022 21.975822 0.005861
2459656.198616 21.967608 0.005816
2459656.691683 21.975654 0.005860
2459657.184750 21.969329 0.005826
2459657.688344 21.963511 0.005794
2459658.181411 21.975431 0.005858
2459658.674478 21.977640 0.005870
2459659.178071 21.981117 0.005889
2459659.671138 21.976325 0.005863
2459660.164206 21.976913 0.005866
2459660.667799 21.968996 0.005824
2459661.160866 21.980612 0.005886
2459661.653933 21.978621 0.005876
2459662.157527 21.973644 0.005849
2459662.650594 21.970358 0.005831
2459663.143661 21.969857 0.005828
2459663.647255 21.976577 0.005865
2459664.140322 21.972056 0.005840
2459664.633389 21.972306 0.005842
2459665.136982 21.978649 0.005876
2459665.630050 21.975291 0.005858
2459666.123117 21.975738 0.005860
2459666.626710 21.976605 0.005865
2459667.119777 21.972836 0.005844
2459667.612844 21.977444 0.005869
2459668.116438 21.978509 0.005875
2459668.609505 21.973254 0.005847
2459669.102572 21.979293 0.005879
2459669.606166 21.972947 0.005845
2459670.099233 21.972919 0.005845
2459670.592300 21.982860 0.005899
2459671.095894 21.976409 0.005864
2459671.588961 21.970719 0.005833
2459672.082028 21.971833 0.005839
2459672.585621 21.979069 0.005878
2459673.078688 21.975794 0.005860
2459673.571756 21.976829 0.005866
2459674.075349 21.977276 0.005868
2459674.568416 21.969135 0.005825
2459675.061483 21.970191 0.005830
2459675.565077 21.971916 0.005839
2459676.058144 21.974789 0.005855
2459676.551211 21.969941 0.005829
2459677.054805 21.965364 0.005804
2459677.547872 21.960282 0.005777
2459678.040939 21.973533 0.005848
2459678.544532 21.972167 0.005841
2459679.037600 21.975515 0.005859
2459679.530667 21.974453 0.005853
2459680.034260 21.978425 0.005875
2459680.527327 21.984606 0.005908
2459681.020394 21.971972 0.005840
2459681.523988 21.974286 0.005852
2459682.017055 21.979462 0.005880
2459682.510122 21.977808 0.005871
2459683.013716 21.974063 0.005851
2459683.506783 21.974565 0.005854
2459683.999850 21.974872 0.005855
2459684.503444 21.956624 0.005758
2459684.996511 21.963538 0.005795
2459685.489578 21.966499 0.005810
2459685.993171 21.965807 0.005807
2459686.486238 21.969468 0.005826
2459686.979306 21.972585 0.005843
2459687.482899 21.974119 0.005851
2459687.975966 21.967941 0.005818
2459688.469033 21.984352 0.005907
2459688.972627 21.978256 0.005874
2459689.465694 21.972083 0.005840
2459689.958761 21.975207 0.005857
2459690.462355 21.974314 0.005852
2459690.955422 21.971415 0.005837
2459691.448489 21.973867 0.005850
2459691.952082 21.979770 0.005882
2459692.445150 21.975599 0.005859
2459692.938217 21.981792 0.005893
2459693.441810 21.976801 0.005866
2459693.934877 21.976997 0.005867
2459807.647256 21.973059 0.005846
2459808.150849 21.968024 0.005819
2459808.643916 21.964893 0.005802
2459809.136983 21.975487 0.005859
2459809.640577 21.975096 0.005857
2459810.133644 21.977192 0.005869
2459810.626711 21.974677 0.005855
2459811.130305 21.965807 0.005808
2459811.623372 21.962848 0.005792
2459812.116439 21.976074 0.005863
2459812.620032 21.976381 0.005865
2459813.113100 21.975124 0.005858
2459813.606167 21.969302 0.005827
2459814.109760 21.977332 0.005870
2459814.602827 21.969524 0.005828
2459815.095894 21.960999 0.005782
2459815.599488 21.972752 0.005845
2459816.092555 21.967747 0.005819
2459816.585622 21.975599 0.005861
2459817.089216 21.965281 0.005806
2459817.582283 21.984916 0.005912
2459818.075350 21.974816 0.005857
2459818.578944 21.971777 0.005841
2459819.072011 21.966472 0.005813
2459819.565078 21.971666 0.005841
2459820.068671 21.968496 0.005824
2459820.561738 21.979966 0.005886
2459821.054806 21.973142 0.005849
2459821.558399 21.977276 0.005872
2459822.051466 21.967303 0.005818
2459822.544533 21.974649 0.005858
2459823.048127 21.982101 0.005899
2459823.541194 21.971610 0.005842
2459824.034261 21.965641 0.005811
2459824.537855 21.976801 0.005871
2459825.030922 21.969135 0.005830
2459825.523989 21.958576 0.005775
2459826.027582 21.972696 0.005851
2459826.520650 21.979490 0.005888
2459827.013717 21.965973 0.005816
2459827.517310 21.973616 0.005858
2459828.010377 21.968024 0.005828
2459828.503444 21.979854 0.005893
2459829.007038 21.961771 0.005797
2459829.500105 21.970719 0.005846
2459829.993172 21.973895 0.005864
2459830.496766 21.976801 0.005881
2459830.989833 21.967497 0.005833
2459831.482900 21.967414 0.005834
2459831.986494 21.974314 0.005873
2459832.479561 21.960558 0.005801
2459832.972628 21.960200 0.005802
2459833.476221 21.960834 0.005808
2459833.969288 21.962958 0.005823
2459834.462356 21.964949 0.005838
2459834.965949 21.964921 0.005842
2459835.459016 21.959153 0.005817
2459835.952083 21.949645 0.005773
2459836.455677 21.949808 0.005781
2459836.948744 21.944066 0.005760
2459837.441811 21.939840 0.005748
2459837.945405 21.936789 0.005745
2459838.438472 21.917283 0.005719
2459838.931539 21.912157 0.005694
2459839.435132 21.904514 0.005680
2459839.928200 21.836692 0.005463
2459840.421267 21.952048 0.005794
2459840.924860 21.949263 0.005774
2459841.417927 21.950900 0.005778
2459841.910994 21.943876 0.005735
2459842.414588 21.954896 0.005788
2459842.907655 21.967581 0.005852
2459843.400722 21.961247 0.005814
2459843.904316 21.966278 0.005837
2459844.397383 21.974286 0.005878
2459844.890450 21.972585 0.005866
2459845.394044 21.977612 0.005891
2459845.887111 21.961302 0.005801
2459846.380178 21.966416 0.005827
2459846.883771 21.960200 0.005792
2459847.376838 21.956048 0.005768
2459847.869906 21.963649 0.005808
2459848.373499 21.976493 0.005876
2459848.866566 21.977864 0.005882
2459849.359633 21.974258 0.005862
2459849.863227 21.970580 0.005841
2459850.356294 21.976186 0.005871
2459850.849361 21.966278 0.005817
2459851.352955 21.972390 0.005849
2459851.846022 21.974202 0.005858
2459852.339089 21.974928 0.005862
2459852.842682 21.974705 0.005860
2459853.335750 21.981342 0.005895
2459853.828817 21.973784 0.005854
2459854.332410 21.976941 0.005871
2459854.825477 21.971554 0.005841
2459855.318544 21.971833 0.005843
2459855.822138 21.970274 0.005834
2459856.315205 21.979209 0.005882
2459856.808272 21.986947 0.005924
2459857.311866 21.978733 0.005879
2459857.804933 21.970719 0.005836
2459858.298000 21.971721 0.005841
2459858.801594 21.979097 0.005880
2459859.294661 21.975682 0.005862
2459859.787728 21.979518 0.005882
2459860.291321 21.975096 0.005858
2459860.784388 21.977192 0.005870
2459861.277456 21.972585 0.005845
2459861.781049 21.980921 0.005890
2459862.274116 21.976633 0.005866
2459862.767183 21.986241 0.005918
2459863.270777 21.973951 0.005852
2459863.763844 21.970859 0.005835
2459864.256911 21.972501 0.005844
2459864.760505 21.969913 0.005830
2459865.253572 21.973338 0.005848
2459865.746639 21.984803 0.005910
2459866.250232 21.976857 0.005867
2459866.743300 21.972251 0.005842
2459867.236367 21.970719 0.005834
2459867.739960 21.972139 0.005841
2459868.233027 21.983423 0.005902
2459868.726094 21.974593 0.005855
2459869.229688 21.970191 0.005831
2459869.722755 21.968718 0.005823
2459870.215822 21.964368 0.005800
2459870.719416 21.975207 0.005858
2459871.212483 21.983085 0.005900
2459871.705550 21.979265 0.005880
2459872.209144 21.985169 0.005912
2459872.702211 21.975962 0.005862
2459873.195278 21.979882 0.005883
2459873.698871 21.985705 0.005914
2459874.191938 21.976465 0.005864
2459874.685006 21.976633 0.005865
2459875.188599 21.980079 0.005884
2459875.681666 21.980023 0.005884
2459876.174733 21.975710 0.005860
2459876.678327 21.978985 0.005878
2459877.171394 21.972501 0.005843
2459877.664461 21.968108 0.005819
2459878.168055 21.973951 0.005851
2459878.661122 21.969496 0.005827
2459879.154189 21.977836 0.005872
2459987.411250 21.974453 0.005853
2459987.904317 21.974509 0.005853
2459988.407910 21.970163 0.005830
2459988.900977 21.974928 0.005856
2459989.394044 21.978929 0.005877
2459989.897638 21.973087 0.005846
2459990.390705 21.979406 0.005880
2459990.883772 21.973616 0.005849
2459991.387366 21.966666 0.005811
2459991.880433 21.969441 0.005826
2459992.373500 21.974928 0.005856
2459992.877094 21.968746 0.005822
2459993.370161 21.971554 0.005838
2459993.863228 21.971749 0.005839
2459994.366821 21.969163 0.005825
2459994.859888 21.979125 0.005878
2459995.352956 21.967608 0.005816
2459995.856549 21.982326 0.005896
2459996.349616 21.983986 0.005905
2459996.842683 21.975459 0.005859
2459997.346277 21.980724 0.005887
2459997.839344 21.968580 0.005822
2459998.332411 21.976717 0.005865
2459998.836005 21.975934 0.005861
2459999.329072 21.973198 0.005846
2459999.822139 21.971861 0.005839
2460000.325732 21.978957 0.005877
2460000.818800 21.966721 0.005812
2460001.311867 21.980724 0.005887
2460001.815460 21.977528 0.005870
2460002.308527 21.975710 0.005860
2460002.801594 21.971137 0.005835
2460003.305188 21.974872 0.005855
2460003.798255 21.982523 0.005897
2460004.291322 21.979490 0.005880
2460004.794916 21.973505 0.005848
2460005.287983 21.969996 0.005829
2460005.781050 21.965364 0.005804
2460006.284644 21.980752 0.005887
2460006.777711 21.965004 0.005802
2460007.270778 21.977416 0.005869
2460007.774371 21.967747 0.005817
2460008.267438 21.974035 0.005851
2460008.760506 21.972139 0.005841
2460009.264099 21.970803 0.005833
2460009.757166 21.976409 0.005864
2460010.250233 21.968552 0.005821
2460010.753827 21.973616 0.005849
2460011.246894 21.972891 0.005845
2460011.739961 21.972473 0.005842
2460012.243555 21.983451 0.005902
2460012.736622 21.974956 0.005856
2460013.229689 21.973840 0.005850
2460013.733282 21.971833 0.005839
2460014.226350 21.971944 0.005840
2460014.719417 21.968885 0.005823
2460015.223010 21.979406 0.005880
2460015.716077 21.977724 0.005871
2460016.209144 21.977220 0.005868
2460016.712738 21.976409 0.005864
2460017.205805 21.971721 0.005838
2460017.698872 21.964561 0.005800
2460018.202466 21.971694 0.005838
2460018.695533 21.979097 0.005878
2460019.188600 21.966693 0.005811
2460019.692194 21.966305 0.005809
2460020.185261 21.967303 0.005815
2460020.678328 21.972780 0.005844
2460021.181921 21.973923 0.005850
2460021.674988 21.980780 0.005887
2460022.168056 21.979293 0.005879
2460022.671649 21.970024 0.005829
2460023.164716 21.976381 0.005864
2460023.657783 21.972083 0.005840
2460024.161377 21.961413 0.005783
2460024.654444 21.972167 0.005841
2460025.147511 21.975319 0.005858
2460025.651105 21.986975 0.005921
2460026.144172 21.977892 0.005872
2460026.637239 21.977109 0.005867
2460027.140832 21.962406 0.005789
2460027.633900 21.965613 0.005806
2460028.126967 21.970719 0.005833
2460028.630560 21.975599 0.005859
2460029.123627 21.979237 0.005879
2460029.616694 21.974761 0.005855
2460030.120288 21.972668 0.005844
2460030.613355 21.968691 0.005822
2460031.106422 21.972780 0.005844
2460031.610016 21.985818 0.005915
2460032.103083 21.974872 0.005855
2460032.596150 21.985508 0.005913
2460033.099744 21.964727 0.005801
2460033.592811 21.969913 0.005829
2460034.085878 21.969885 0.005829
2460034.589471 21.975235 0.005857
2460035.082538 21.968135 0.005819
2460035.575606 21.966970 0.005813
2460036.079199 21.978957 0.005877
2460036.572266 21.960696 0.005779
2460037.065333 21.984127 0.005906
2460037.568927 21.987512 0.005924
2460038.061994 21.975654 0.005860
2460038.555061 21.978004 0.005872
2460039.058655 21.965225 0.005804
2460039.551722 21.977500 0.005870
2460040.044789 21.974426 0.005853
2460040.548382 21.979602 0.005881
2460041.041450 21.981230 0.005890
2460041.534517 21.975543 0.005859
2460042.038110 21.976074 0.005862
2460042.531177 21.974035 0.005851
2460043.024244 21.978565 0.005875
2460043.527838 21.977668 0.005870
2460044.020905 21.967719 0.005817
2460044.513972 21.974565 0.005854
2460045.017566 21.972641 0.005843
2460045.510633 21.976913 0.005866
2460046.003700 21.980921 0.005888
2460046.507294 21.963455 0.005794
2460047.000361 21.973588 0.005848
2460047.493428 21.974956 0.005856
2460047.997021 21.971666 0.005838
2460048.490088 21.966195 0.005809
2460048.983156 21.979406 0.005880
2460049.486749 21.980921 0.005888
2460049.979816 21.972780 0.005844
2460050.472883 21.972891 0.005845
2460050.976477 21.989519 0.005935
2460051.469544 21.977780 0.005871
2460051.962611 21.963760 0.005796
2460052.466205 21.971053 0.005835
2460052.959272 21.975934 0.005861
2460053.452339 21.970108 0.005830
2460053.955932 21.977081 0.005867
2460054.449000 21.980808 0.005888
2460054.942067 21.980191 0.005884
2460055.445660 21.975934 0.005861
2460055.938727 21.974705 0.005854
2460056.431794 21.972808 0.005844
2460056.935388 21.978537 0.005875
2460057.428455 21.963124 0.005792
2460057.921522 21.974789 0.005855
2460058.425116 21.970413 0.005831
2460058.918183 21.977192 0.005868
