2458346.727899 20.989461 0.004454
2458347.220966 20.991675 0.004463
2458347.714033 20.987333 0.004446
2458348.217627 20.992184 0.004465
2458348.710694 20.998229 0.004490
2458349.203761 20.999204 0.004494
2458349.707355 20.985830 0.004439
2458350.200422 20.994848 0.004476
2458350.693489 20.994157 0.004474
2458351.197082 20.993779 0.004472
2458351.690150 20.989936 0.004456
2458352.183217 20.991183 0.004461
2458352.686810 20.989953 0.004456
2458353.179877 20.991856 0.004464
2458353.672944 20.991495 0.004463
2458354.176538 20.986859 0.004444
2458354.669605 20.987202 0.004445
2458355.162672 21.000693 0.004501
2458355.666266 20.987137 0.004445
2458356.159333 20.996199 0.004482
2458356.652400 20.995474 0.004479
2458357.155994 20.993779 0.004472
2458357.649061 20.994898 0.004477
2458358.142128 20.986369 0.004442
2458358.645721 20.992184 0.004465
2458359.138788 20.996760 0.004484
2458359.631856 20.991232 0.004462
2458360.135449 21.002151 0.004507
2458360.628516 20.993071 0.004469
2458361.121583 20.992003 0.004465
2458361.625177 21.005820 0.004522
2458362.118244 20.993219 0.004470
2458362.611311 20.988675 0.004451
2458363.114905 20.992447 0.004467
2458363.607972 20.993877 0.004472
2458364.101039 20.994190 0.004474
2458364.604632 20.995655 0.004480
2458365.097700 20.996661 0.004484
2458365.590767 20.991544 0.004463
2458366.094360 20.988740 0.004451
2458366.587427 20.988167 0.004449
2458367.080494 20.999237 0.004495
2458367.584088 20.990362 0.004458
2458368.077155 20.988446 0.004450
2458368.570222 20.994947 0.004477
2458369.073816 20.992135 0.004465
2458369.566883 20.995079 0.004477
2458370.059950 20.991363 0.004462
2458370.563544 20.994453 0.004475
2458371.056611 20.997040 0.004485
2458371.549678 20.987840 0.004448
2458372.053271 20.989412 0.004454
2458372.546338 20.990362 0.004458
2458373.039406 20.995573 0.004479
2458373.542999 20.988577 0.004451
2458374.036066 20.998559 0.004492
2458374.529133 20.990297 0.004458
2458375.032727 20.995688 0.004480
2458375.525794 20.986434 0.004442
2458376.018861 20.991199 0.004461
2458376.522455 20.997123 0.004486
2458377.015522 20.989395 0.004454
2458377.508589 20.987497 0.004446
2458378.012182 20.995771 0.004480
2458378.505250 20.993779 0.004472
2458378.998317 20.999072 0.004494
2458379.501910 20.986434 0.004442
2458379.994977 20.998014 0.004489
2458380.488044 20.995178 0.004478
2458380.991638 20.988347 0.004450
2458381.484705 20.998097 0.004490
2458381.977772 20.993104 0.004469
2458382.481366 20.993927 0.004473
2458382.974433 20.990937 0.004460
2458383.467500 20.993828 0.004472
2458383.971094 20.994700 0.004476
2458384.464161 20.993219 0.004470
2458384.957228 20.994404 0.004475
2458385.460821 20.987677 0.004447
2458385.953888 20.992283 0.004466
2458386.446956 20.988511 0.004450
2458386.950549 20.995128 0.004478
2458387.443616 20.989772 0.004456
2458387.936683 20.984329 0.004433
2458388.440277 20.998890 0.004493
2458388.933344 20.994239 0.004474
2458389.426411 20.987186 0.004445
2458389.930005 20.994371 0.004474
2458390.423072 20.996513 0.004483
2458390.916139 20.996628 0.004484
2458391.419732 21.001438 0.004504
2458391.912800 20.997899 0.004489
2458392.405867 20.992168 0.004465
2458392.909460 20.996809 0.004485
2458393.402527 20.992792 0.004468
2458393.895594 20.993219 0.004470
2458394.399188 20.988151 0.004449
2458394.892255 20.999220 0.004494
2458395.385322 20.989117 0.004453
2458395.888916 20.990002 0.004456
2458396.381983 20.991265 0.004462
2458396.875050 21.001140 0.004502
2458397.378644 20.989297 0.004454
2458397.871711 20.986647 0.004443
2458398.364778 20.986843 0.004444
2458398.868371 20.995145 0.004478
2458399.361438 20.990740 0.004460
2458399.854506 20.992513 0.004467
2458400.358099 20.990937 0.004460
2458400.851166 20.995771 0.004480
2458401.344233 20.994256 0.004474
2458401.847827 20.996348 0.004483
2458402.340894 20.996908 0.004485
2458402.833961 21.000709 0.004501
2458403.337555 20.992841 0.004468
2458403.830622 20.998906 0.004493
2458404.323689 20.986908 0.004444
2458404.827282 20.996348 0.004483
2458405.320350 20.994091 0.004473
2458405.813417 20.983236 0.004429
2458406.317010 20.994256 0.004474
2458406.810077 20.989871 0.004456
2458407.303144 20.995095 0.004477
2458407.806738 20.987300 0.004445
2458408.299805 20.997915 0.004489
2458408.792872 20.994815 0.004476
2458409.296466 20.994799 0.004476
2458409.789533 20.996166 0.004482
2458410.282600 20.990920 0.004460
2458410.786194 20.992611 0.004467
2458411.279261 20.998510 0.004492
2458411.772328 20.996859 0.004485
2458412.275921 21.000511 0.004500
2458412.768988 20.988970 0.004452
2458413.262056 20.991117 0.004461
2458413.765649 20.993746 0.004472
2458414.258716 20.992315 0.004466
2458414.751783 21.000345 0.004499
2458415.255377 20.994601 0.004475
2458415.748444 20.997535 0.004488
2458416.241511 20.992217 0.004466
2458416.745105 20.991921 0.004464
2458417.238172 20.989608 0.004455
2458417.731239 20.993219 0.004470
2458418.234832 20.994256 0.004474
2458526.481367 21.006419 0.004524
2458526.984960 20.991593 0.004463
2458527.478027 20.990117 0.004457
2458527.971094 20.988217 0.004449
2458528.474688 20.992315 0.004466
2458528.967755 20.988970 0.004452
2458529.460822 20.993318 0.004470
2458529.964416 20.986499 0.004442
2458530.457483 20.989985 0.004456
2458530.950550 20.999882 0.004497
2458531.454144 20.992743 0.004468
2458531.947211 20.996265 0.004482
2458532.440278 20.994042 0.004473
2458532.943871 20.989330 0.004454
2458533.436938 20.993400 0.004470
2458533.930006 21.002615 0.004509
2458534.433599 20.983367 0.004429
2458534.926666 20.994091 0.004473
2458535.419733 20.995112 0.004477
2458535.923327 20.991248 0.004462
2458536.416394 20.989576 0.004455
2458536.909461 21.006486 0.004525
2458537.413055 20.984361 0.004433
2458537.906122 20.999287 0.004495
2458538.399189 20.990346 0.004458
2458538.902782 20.992332 0.004466
2458539.395850 20.995853 0.004481
2458539.888917 20.991971 0.004465
2458540.392510 20.991741 0.004464
2458540.885577 20.982878 0.004427
2458541.378644 20.994190 0.004474
2458541.882238 20.991150 0.004461
2458542.375305 20.992940 0.004469
2458542.868372 20.995095 0.004477
2458543.371966 20.991429 0.004462
2458543.865033 20.993565 0.004471
2458544.358100 20.989674 0.004455
2458544.861694 20.985340 0.004437
2458545.354761 20.992086 0.004465
2458545.847828 20.997139 0.004486
2458546.351421 20.991314 0.004462
2458546.844488 20.991577 0.004463
2458547.337556 20.998196 0.004490
2458547.841149 20.987350 0.004446
2458548.334216 21.000858 0.004501
2458548.827283 20.988593 0.004451
2458549.330877 20.987186 0.004445
2458549.823944 20.992644 0.004467
2458550.317011 20.995079 0.004477
2458550.820605 20.997073 0.004486
2458551.313672 20.999369 0.004495
2458551.806739 20.990953 0.004460
2458552.310332 20.992693 0.004468
2458552.803400 20.981170 0.004420
2458553.296467 21.003693 0.004513
2458553.800060 20.997585 0.004488
2458554.293127 20.990854 0.004460
2458554.786194 20.988789 0.004451
2458555.289788 20.992776 0.004468
2458555.782855 20.988626 0.004451
2458556.275922 21.001521 0.004504
2458556.779516 20.988315 0.004450
2458557.272583 20.999154 0.004494
2458557.765650 20.987333 0.004446
2458558.269244 20.992529 0.004467
2458558.762311 20.992578 0.004467
2458559.255378 20.989756 0.004455
2458559.758971 20.983351 0.004429
2458560.252038 20.995639 0.004480
2458560.745106 20.994634 0.004476
2458561.248699 20.994996 0.004477
2458561.741766 21.001421 0.004504
2458562.234833 20.989494 0.004454
2458562.738427 20.992118 0.004465
2458563.231494 20.998097 0.004490
2458563.724561 20.985634 0.004439
2458564.228155 20.991265 0.004462
2458564.721222 21.000627 0.004500
2458565.214289 20.994717 0.004476
2458565.717882 20.995244 0.004478
2458566.210950 20.992299 0.004466
2458566.704017 20.990477 0.004458
2458567.207610 20.990756 0.004460
2458567.700677 20.994815 0.004476
2458568.193744 20.995359 0.004479
2458568.697338 20.995178 0.004478
2458569.190405 20.995474 0.004479
2458569.683472 20.989477 0.004454
2458570.187066 20.994914 0.004477
2458570.680133 20.981755 0.004423
2458571.173200 20.993351 0.004470
2458571.676794 21.000180 0.004498
2458572.169861 20.990920 0.004460
2458572.662928 20.990920 0.004460
2458573.166521 20.984133 0.004432
2458573.659588 20.989166 0.004453
2458574.152656 20.993927 0.004473
2458574.656249 20.994667 0.004476
2458575.149316 20.998658 0.004492
2458575.642383 20.991462 0.004462
2458576.145977 20.996529 0.004483
2458576.639044 20.995754 0.004480
2458577.132111 20.995771 0.004480
2458577.635705 20.996826 0.004485
2458578.128772 20.994651 0.004476
2458578.621839 20.990313 0.004458
2458579.125432 20.988397 0.004450
2458579.618500 20.991790 0.004464
2458580.111567 20.995293 0.004478
2458580.615160 20.998394 0.004491
2458581.108227 20.990756 0.004460
2458581.601294 20.993515 0.004471
2458582.104888 20.993894 0.004472
2458582.597955 20.992546 0.004467
2458583.091022 20.996183 0.004482
2458583.594616 20.987922 0.004448
2458584.087683 20.991856 0.004464
2458584.580750 20.989477 0.004454
2458585.084344 20.991938 0.004464
2458585.577411 20.989789 0.004456
2458586.070478 20.992118 0.004465
2458586.574071 20.990461 0.004458
2458587.067138 20.993910 0.004473
2458587.560206 20.997436 0.004487
2458588.063799 20.993844 0.004472
2458588.556866 20.990477 0.004458
2458589.049933 20.998460 0.004491
2458589.553527 21.002548 0.004508
2458590.046594 20.992299 0.004466
2458590.539661 20.991872 0.004464
2458591.043255 20.988577 0.004451
2458591.536322 21.002432 0.004508
2458592.029389 20.990395 0.004458
2458592.532982 20.992184 0.004465
2458593.026050 20.988708 0.004451
2458593.519117 20.989608 0.004455
2458594.022710 20.992858 0.004468
2458594.515777 20.990051 0.004457
2458595.008844 20.990117 0.004457
2458595.512438 20.993219 0.004470
2458596.005505 20.994190 0.004474
2458596.498572 20.992956 0.004469
2458597.002166 20.994667 0.004476
2458597.495233 20.993154 0.004469
2458597.988300 20.991642 0.004463
2458712.204272 20.986941 0.004444
2458712.697339 20.994996 0.004477
2458713.200932 20.993318 0.004470
2458713.694000 21.002747 0.004509
2458714.187067 20.987170 0.004445
2458714.690660 20.995919 0.004481
2458715.183727 20.992480 0.004467
2458715.676794 20.996579 0.004484
2458716.180388 20.991281 0.004462
2458716.673455 20.994634 0.004476
2458717.166522 20.996298 0.004482
2458717.670116 20.996331 0.004483
2458718.163183 20.993779 0.004472
2458718.656250 20.991298 0.004462
2458719.159844 20.990822 0.004460
2458719.652911 20.991183 0.004461
2458720.145978 20.996859 0.004485
2458720.649571 20.992578 0.004467
2458721.142638 20.994305 0.004474
2458721.635706 20.995952 0.004481
2458722.139299 20.989756 0.004455
2458722.632366 20.985569 0.004438
2458723.125433 20.991347 0.004462
2458723.629027 20.990444 0.004458
2458724.122094 20.998229 0.004490
2458724.615161 20.988167 0.004449
2458725.118755 21.001438 0.004504
2458725.611822 20.996100 0.004482
2458726.104889 20.990871 0.004460
2458726.608482 20.994322 0.004474
2458727.101550 20.988118 0.004449
2458727.594617 20.993417 0.004471
2458728.098210 20.993055 0.004469
2458728.591277 20.993236 0.004470
2458729.084344 20.989215 0.004453
2458729.587938 20.991445 0.004462
2458730.081005 20.990690 0.004459
2458730.574072 20.994964 0.004477
2458731.077666 20.988937 0.004452
2458731.570733 20.993400 0.004470
2458732.063800 20.989182 0.004453
2458732.567394 20.996265 0.004482
2458733.060461 20.995128 0.004478
2458733.553528 20.993433 0.004471
2458734.057121 21.000262 0.004499
2458734.550188 20.995128 0.004478
2458735.043256 20.989936 0.004456
2458735.546849 20.995244 0.004478
2458736.039916 20.998411 0.004491
2458736.532983 20.994651 0.004476
2458737.036577 20.993450 0.004471
2458737.529644 20.991363 0.004462
2458738.022711 20.987987 0.004448
2458738.526305 20.991396 0.004462
2458739.019372 20.997585 0.004488
2458739.512439 20.991298 0.004462
2458740.016032 21.004025 0.004514
2458740.509100 20.988298 0.004449
2458741.002167 20.991527 0.004463
2458741.505760 20.998774 0.004493
2458741.998827 20.991971 0.004465
2458742.491894 20.997403 0.004487
2458742.995488 20.991183 0.004461
2458743.488555 20.994404 0.004475
2458743.981622 20.994173 0.004474
2458744.485216 20.990117 0.004457
2458744.978283 20.991380 0.004462
2458745.471350 20.995524 0.004479
2458745.974944 20.990854 0.004460
2458746.468011 20.991724 0.004464
2458746.961078 20.995606 0.004480
2458747.464671 20.996908 0.004485
2458747.957738 20.989395 0.004454
2458748.450806 20.987922 0.004448
2458748.954399 20.993811 0.004472
2458749.447466 20.986598 0.004443
2458749.940533 20.985095 0.004436
2458750.444127 20.995425 0.004479
2458750.937194 20.996529 0.004483
2458751.430261 20.994322 0.004474
2458751.933855 20.992792 0.004468
2458752.426922 20.991002 0.004461
2458752.919989 20.989756 0.004455
2458753.423582 20.994634 0.004476
2458753.916650 21.001256 0.004503
2458754.409717 20.996991 0.004485
2458754.913310 20.992315 0.004466
2458755.406377 20.992102 0.004465
2458755.899444 20.998758 0.004493
2458756.403038 20.990543 0.004459
2458756.896105 20.990444 0.004458
2458757.389172 20.995754 0.004480
2458757.892766 20.997288 0.004486
2458758.385833 20.998245 0.004490
2458758.878900 21.000130 0.004498
2458759.382494 20.995771 0.004480
2458759.875561 20.993433 0.004471
2458760.368628 20.987415 0.004446
2458760.872221 20.980438 0.004417
2458761.365288 20.996232 0.004482
2458761.858356 20.992578 0.004467
2458762.361949 20.991166 0.004461
2458762.855016 20.990576 0.004459
2458763.348083 20.989068 0.004453
2458763.851677 20.990887 0.004460
2458764.344744 20.994420 0.004475
2458764.837811 21.001024 0.004502
2458765.341405 20.987055 0.004444
2458765.834472 20.985846 0.004439
2458766.327539 20.987775 0.004447
2458766.831132 20.989068 0.004453
2458767.324200 20.994947 0.004477
2458767.817267 20.989461 0.004454
2458768.320860 20.998179 0.004490
2458768.813927 20.992365 0.004466
2458769.306994 20.994832 0.004476
2458769.810588 20.992874 0.004468
2458770.303655 20.999700 0.004496
2458770.796722 20.997899 0.004489
2458771.300316 20.990723 0.004459
2458771.793383 20.986205 0.004441
2458772.286450 20.998312 0.004491
2458772.790044 20.986091 0.004440
2458773.283111 20.986075 0.004440
2458773.776178 20.997469 0.004487
2458774.279771 20.994700 0.004476
2458774.772838 20.996480 0.004483
2458775.265906 20.993071 0.004469
2458775.769499 20.998576 0.004492
2458776.262566 20.987480 0.004446
2458776.755633 20.993367 0.004470
2458777.259227 21.000991 0.004502
2458777.752294 20.996480 0.004483
2458778.245361 20.994519 0.004475
2458778.748955 20.993663 0.004472
2458779.242022 20.992463 0.004467
2458779.735089 20.991839 0.004464
2458780.238682 20.990576 0.004459
2458780.731750 20.985650 0.004439
2458781.224817 20.993548 0.004471
2458781.728410 20.997123 0.004486
2458782.221477 20.996496 0.004483
2458782.714544 20.988626 0.004451
2458783.218138 20.993713 0.004472
2458783.711205 20.984965 0.004436
2459622.427944 20.995046 0.004477
2459622.921011 20.993598 0.004471
2459623.424605 20.995491 0.004479
2459623.917672 20.986467 0.004442
2459624.410739 20.995589 0.004479
2459624.914332 20.990166 0.004457
2459625.407400 20.991889 0.004464
2459625.900467 20.994042 0.004473
2459626.404060 20.993236 0.004470
2459626.897127 20.999932 0.004497
2459627.390194 20.991609 0.004463
2459627.893788 20.994404 0.004475
2459628.386855 20.994453 0.004475
2459628.879922 20.992808 0.004468
2459629.383516 20.992168 0.004465
2459629.876583 20.993351 0.004470
2459630.369650 20.994108 0.004473
2459630.873244 20.992069 0.004465
2459631.366311 20.993187 0.004470
2459631.859378 20.995062 0.004477
2459632.362971 20.987088 0.004445
2459632.856038 20.998791 0.004493
2459633.349106 20.988691 0.004451
2459633.852699 20.998427 0.004491
2459634.345766 20.992381 0.004466
2459634.838833 20.996875 0.004485
2459635.342427 20.999816 0.004497
2459635.835494 20.994898 0.004477
2459636.328561 20.999683 0.004496
2459636.832155 20.991987 0.004465
2459637.325222 20.997288 0.004486
2459637.818289 20.989641 0.004455
2459638.321882 20.987268 0.004445
2459638.814950 20.994223 0.004474
2459639.308017 21.000213 0.004499
2459639.811610 20.995903 0.004481
2459640.304677 20.996430 0.004483
2459640.797744 20.989314 0.004454
2459641.301338 20.992315 0.004466
2459641.794405 20.988626 0.004451
2459642.287472 20.991412 0.004462
2459642.791066 20.998378 0.004491
2459643.284133 20.992956 0.004469
2459643.777200 20.995820 0.004480
2459644.280794 20.988495 0.004450
2459644.773861 20.994618 0.004475
2459645.266928 20.999898 0.004497
2459645.770521 21.000726 0.004501
2459646.263588 20.989805 0.004456
2459646.756656 20.995079 0.004477
2459647.260249 20.996958 0.004485
2459647.753316 20.995771 0.004480
2459648.246383 20.988560 0.004451
2459648.749977 20.993598 0.004471
2459649.243044 20.996166 0.004482
2459649.736111 20.988789 0.004451
2459650.239705 20.983399 0.004429
2459650.732772 20.991232 0.004462
2459651.225839 20.983041 0.004428
2459651.729432 20.999022 0.004494
2459652.222500 20.991954 0.004464
2459652.715567 20.997354 0.004487
2459653.219160 21.001272 0.004503
2459653.712227 20.994206 0.004474
2459654.205294 20.999485 0.004496
2459654.708888 20.983465 0.004430
2459655.201955 20.988937 0.004452
2459655.695022 20.988691 0.004451
2459656.198616 20.991921 0.004464
2459656.691683 20.996595 0.004484
2459657.184750 20.988446 0.004450
2459657.688344 20.987137 0.004445
2459658.181411 20.993532 0.004471
2459658.674478 20.990035 0.004457
2459659.178071 20.994503 0.004475
2459659.671138 20.995754 0.004480
2459660.164206 20.992447 0.004467
2459660.667799 20.995342 0.004478
2459661.160866 20.992907 0.004468
2459661.653933 20.983628 0.004430
2459662.157527 20.984704 0.004435
2459662.650594 20.993482 0.004471
2459663.143661 21.002068 0.004506
2459663.647255 20.994305 0.004474
2459664.140322 20.997601 0.004488
2459664.633389 21.002615 0.004509
2459665.136982 20.994815 0.004476
2459665.630050 20.991659 0.004463
2459666.123117 20.987922 0.004448
2459666.626710 20.997354 0.004487
2459667.119777 20.991084 0.004461
2459667.612844 20.995211 0.004478
2459668.116438 20.985373 0.004438
2459668.609505 20.995260 0.004478
2459669.102572 20.994700 0.004476
2459669.606166 20.997469 0.004487
2459670.099233 20.991708 0.004463
2459670.592300 20.991609 0.004463
2459671.095894 20.982618 0.004426
2459671.588961 20.993137 0.004469
2459672.082028 20.990051 0.004457
2459672.585621 20.998840 0.004493
2459673.078688 21.002267 0.004507
2459673.571756 20.995524 0.004479
2459674.075349 20.992989 0.004469
2459674.568416 20.998130 0.004490
2459675.061483 20.995837 0.004480
2459675.565077 20.998642 0.004492
2459676.058144 20.992315 0.004466
2459676.551211 20.992726 0.004468
2459677.054805 20.994338 0.004474
2459677.547872 20.989166 0.004453
2459678.040939 20.994289 0.004474
2459678.544532 20.993335 0.004470
2459679.037600 20.983546 0.004430
2459679.530667 20.987628 0.004447
2459680.034260 20.997090 0.004486
2459680.527327 20.987595 0.004447
2459681.020394 20.988609 0.004451
2459681.523988 20.998130 0.004490
2459682.017055 20.990920 0.004460
2459682.510122 21.001123 0.004502
2459683.013716 20.999849 0.004497
2459683.506783 20.994931 0.004477
2459683.999850 20.996348 0.004483
2459684.503444 20.994404 0.004475
2459684.996511 20.995804 0.004480
2459685.489578 20.989707 0.004455
2459685.993171 20.996051 0.004481
2459686.486238 20.992562 0.004467
2459686.979306 20.992398 0.004466
2459687.482899 20.992250 0.004466
2459687.975966 20.996743 0.004484
2459688.469033 20.989019 0.004452
2459688.972627 20.993154 0.004469
2459689.465694 20.991166 0.004461
2459689.958761 20.989150 0.004453
2459690.462355 20.992595 0.004467
2459690.955422 20.987546 0.004446
2459691.448489 21.000080 0.004498
2459691.952082 20.984981 0.004436
2459692.445150 20.997783 0.004489
2459692.938217 20.994437 0.004475
2459693.441810 20.999072 0.004494
2459693.934877 21.004939 0.004518
2459807.647256 20.989084 0.004453
2459808.150849 20.999981 0.004498
2459808.643916 20.987055 0.004444
2459809.136983 20.989707 0.004455
2459809.640577 20.995688 0.004480
2459810.133644 20.987840 0.004448
2459810.626711 20.993713 0.004472
2459811.130305 20.997024 0.004485
2459811.623372 20.988544 0.004450
2459812.116439 20.991347 0.004462
2459812.620032 20.994009 0.004473
2459813.113100 20.997436 0.004487
2459813.606167 20.995309 0.004478
2459814.109760 20.989019 0.004452
2459814.602827 20.993154 0.004469
2459815.095894 20.995491 0.004479
2459815.599488 20.994387 0.004475
2459816.092555 20.999336 0.004495
2459816.585622 20.986630 0.004443
2459817.089216 20.991544 0.004463
2459817.582283 20.986549 0.004442
2459818.075350 20.992513 0.004467
2459818.578944 20.995326 0.004478
2459819.072011 20.998080 0.004490
2459819.565078 20.988004 0.004448
2459820.068671 21.000627 0.004500
2459820.561738 20.985569 0.004438
2459821.054806 20.992135 0.004465
2459821.558399 20.990969 0.004460
2459822.051466 20.987987 0.004448
2459822.544533 20.987333 0.004446
2459823.048127 20.992086 0.004465
2459823.541194 20.992086 0.004465
2459824.034261 20.986385 0.004442
2459824.537855 20.997420 0.004487
2459825.030922 20.991577 0.004463
2459825.523989 20.992907 0.004468
2459826.027582 21.003245 0.004511
2459826.520650 20.991183 0.004461
2459827.013717 20.995161 0.004478
2459827.517310 20.996282 0.004482
2459828.010377 20.993219 0.004470
2459828.503444 20.988626 0.004451
2459829.007038 20.997387 0.004487
2459829.500105 21.003444 0.004512
2459829.993172 20.993055 0.004469
2459830.496766 20.991971 0.004465
2459830.989833 20.991872 0.004464
2459831.482900 21.000792 0.004501
2459831.986494 20.999601 0.004496
2459832.479561 20.992825 0.004468
2459832.972628 20.995293 0.004478
2459833.476221 20.996298 0.004482
2459833.969288 20.997800 0.004489
2459834.462356 20.998807 0.004493
2459834.965949 20.997915 0.004489
2459835.459016 20.990510 0.004459
2459835.952083 20.994749 0.004476
2459836.455677 20.995886 0.004481
2459836.948744 20.996282 0.004482
2459837.441811 21.001952 0.004506
2459837.945405 20.989182 0.004453
2459838.438472 21.000296 0.004499
2459838.931539 20.988102 0.004449
2459839.435132 20.994964 0.004477
2459839.928200 20.987137 0.004445
2459840.421267 20.993910 0.004473
2459840.924860 20.994980 0.004477
2459841.417927 21.002648 0.004509
2459841.910994 20.999039 0.004494
2459842.414588 20.992628 0.004467
2459842.907655 20.992644 0.004467
2459843.400722 20.996381 0.004483
2459843.904316 20.986728 0.004443
2459844.397383 20.997271 0.004486
2459844.890450 20.992118 0.004465
2459845.394044 20.994535 0.004475
2459845.887111 20.993811 0.004472
2459846.380178 20.993532 0.004471
2459846.883771 20.993943 0.004473
2459847.376838 20.990182 0.004457
2459847.869906 20.990723 0.004459
2459848.373499 20.997965 0.004489
2459848.866566 20.993779 0.004472
2459849.359633 20.985324 0.004437
2459849.863227 21.004706 0.004517
2459850.356294 20.988249 0.004449
2459850.849361 20.994470 0.004475
2459851.352955 20.999303 0.004495
2459851.846022 20.997651 0.004488
2459852.339089 20.994470 0.004475
2459852.842682 20.992726 0.004468
2459853.335750 20.986990 0.004444
2459853.828817 20.997833 0.004489
2459854.332410 20.991035 0.004461
2459854.825477 20.992792 0.004468
2459855.318544 20.994272 0.004474
2459855.822138 20.993795 0.004472
2459856.315205 20.991560 0.004463
2459856.808272 20.990789 0.004460
2459857.311866 20.994832 0.004476
2459857.804933 20.989969 0.004456
2459858.298000 20.995771 0.004480
2459858.801594 21.001339 0.004503
2459859.294661 20.994799 0.004476
2459859.787728 20.992266 0.004466
2459860.291321 20.992003 0.004465
2459860.784388 20.989641 0.004455
2459861.277456 20.999535 0.004496
2459861.781049 20.990510 0.004459
2459862.274116 20.992661 0.004467
2459862.767183 20.998097 0.004490
2459863.270777 20.995754 0.004480
2459863.763844 20.994684 0.004476
2459864.256911 20.990035 0.004457
2459864.760505 20.997238 0.004486
2459865.253572 20.985601 0.004438
2459865.746639 20.989248 0.004453
2459866.250232 20.996298 0.004482
2459866.743300 20.983872 0.004431
2459867.236367 20.997800 0.004489
2459867.739960 20.999171 0.004494
2459868.233027 20.990526 0.004459
2459868.726094 20.996447 0.004483
2459869.229688 20.990084 0.004457
2459869.722755 20.992447 0.004467
2459870.215822 20.993022 0.004469
2459870.719416 20.993318 0.004470
2459871.212483 20.996925 0.004485
2459871.705550 20.999105 0.004494
2459872.209144 20.990641 0.004459
2459872.702211 20.997866 0.004489
2459873.195278 20.996727 0.004484
2459873.698871 20.989543 0.004455
2459874.191938 20.998510 0.004492
2459874.685006 20.996282 0.004482
2459875.188599 20.984818 0.004435
2459875.681666 20.985634 0.004439
2459876.174733 20.992529 0.004467
2459876.678327 20.997701 0.004488
2459877.171394 20.989953 0.004456
2459877.664461 20.998460 0.004491
2459878.168055 20.989035 0.004453
2459878.661122 20.995392 0.004479
2459879.154189 20.998559 0.004492
2459987.411250 20.996991 0.004485
2459987.904317 21.002515 0.004508
2459988.407910 21.000842 0.004501
2459988.900977 20.988609 0.004451
2459989.394044 20.991806 0.004464
2459989.897638 20.993992 0.004473
2459990.390705 21.002449 0.004508
2459990.883772 20.982292 0.004425
2459991.387366 20.988920 0.004452
2459991.880433 20.989674 0.004455
2459992.373500 20.996001 0.004481
2459992.877094 20.993219 0.004470
2459993.370161 20.994519 0.004475
2459993.863228 20.990428 0.004458
2459994.366821 21.002499 0.004508
2459994.859888 20.988086 0.004449
2459995.352956 20.992808 0.004468
2459995.856549 21.003909 0.004514
2459996.349616 20.983905 0.004432
2459996.842683 20.994618 0.004475
2459997.346277 20.993384 0.004470
2459997.839344 20.997932 0.004489
2459998.332411 20.989559 0.004455
2459998.836005 20.993795 0.004472
2459999.329072 20.992069 0.004465
2459999.822139 20.994420 0.004475
2460000.325732 20.995112 0.004477
2460000.818800 21.000544 0.004500
2460001.311867 20.994239 0.004474
2460001.815460 20.997420 0.004487
2460002.308527 20.999452 0.004495
2460002.801594 20.999998 0.004498
2460003.305188 20.994206 0.004474
2460003.798255 21.000163 0.004498
2460004.291322 21.000345 0.004499
2460004.794916 20.989182 0.004453
2460005.287983 21.003278 0.004511
2460005.781050 21.004873 0.004518
2460006.284644 20.989821 0.004456
2460006.777711 20.995919 0.004481
2460007.270778 20.987121 0.004445
2460007.774371 21.002582 0.004508
2460008.267438 20.991347 0.004462
2460008.760506 20.995952 0.004481
2460009.264099 20.995606 0.004480
2460009.757166 20.996776 0.004484
2460010.250233 20.991954 0.004464
2460010.753827 20.996265 0.004482
2460011.246894 20.992858 0.004468
2460011.739961 20.993154 0.004469
2460012.243555 20.988560 0.004451
2460012.736622 20.992381 0.004466
2460013.229689 20.997668 0.004488
2460013.733282 20.995194 0.004478
2460014.226350 20.997849 0.004489
2460014.719417 20.990805 0.004460
2460015.223010 21.003826 0.004514
2460015.716077 20.994766 0.004476
2460016.209144 20.991954 0.004464
2460016.712738 20.992726 0.004468
2460017.205805 21.000593 0.004500
2460017.698872 20.985112 0.004436
2460018.202466 20.992825 0.004468
2460018.695533 20.985618 0.004439
2460019.188600 20.996034 0.004481
2460019.692194 20.989920 0.004456
2460020.185261 20.991790 0.004464
2460020.678328 20.987219 0.004445
2460021.181921 20.989314 0.004454
2460021.674988 20.996117 0.004482
2460022.168056 20.989428 0.004454
2460022.671649 20.993187 0.004470
2460023.164716 20.994371 0.004474
2460023.657783 20.986614 0.004443
2460024.161377 20.987578 0.004447
2460024.654444 20.992595 0.004467
2460025.147511 20.990740 0.004460
2460025.651105 20.984997 0.004436
2460026.144172 20.992266 0.004466
2460026.637239 20.998014 0.004489
2460027.140832 20.990969 0.004460
2460027.633900 20.998312 0.004491
2460028.126967 20.988217 0.004449
2460028.630560 20.989821 0.004456
2460029.123627 20.991544 0.004463
2460029.616694 20.988511 0.004450
2460030.120288 20.992283 0.004466
2460030.613355 20.989527 0.004455
2460031.106422 20.989543 0.004455
2460031.610016 20.989101 0.004453
2460032.103083 20.988609 0.004451
2460032.596150 20.994009 0.004473
2460033.099744 20.990035 0.004457
2460033.592811 20.987595 0.004447
2460034.085878 20.991790 0.004464
2460034.589471 20.995359 0.004479
2460035.082538 20.996364 0.004483
2460035.575606 20.995062 0.004477
2460036.079199 20.989674 0.004455
2460036.572266 20.995046 0.004477
2460037.065333 20.997932 0.004489
2460037.568927 20.993713 0.004472
2460038.061994 20.986107 0.004441
2460038.555061 20.988511 0.004450
2460039.058655 21.000627 0.004500
2460039.551722 20.994667 0.004476
2460040.044789 20.988691 0.004451
2460040.548382 20.991938 0.004464
2460041.041450 20.989903 0.004456
2460041.534517 20.988217 0.004449
2460042.038110 20.989707 0.004455
2460042.531177 20.989019 0.004452
2460043.024244 20.996117 0.004482
2460043.527838 20.995903 0.004481
2460044.020905 21.001173 0.004503
2460044.513972 20.994601 0.004475
2460045.017566 20.990461 0.004458
2460045.510633 20.991856 0.004464
2460046.003700 20.984312 0.004433
2460046.507294 20.996529 0.004483
2460047.000361 20.990937 0.004460
2460047.493428 20.997222 0.004486
2460047.997021 20.994684 0.004476
2460048.490088 20.993729 0.004472
2460048.983156 20.992414 0.004466
2460049.486749 20.985764 0.004439
2460049.979816 20.992874 0.004468
2460050.472883 20.996414 0.004483
2460050.976477 20.994848 0.004476
2460051.469544 20.993236 0.004470
2460051.962611 20.993976 0.004473
2460052.466205 20.998245 0.004490
2460052.959272 20.999733 0.004497
2460053.452339 20.998163 0.004490
2460053.955932 20.992233 0.004466
2460054.449000 20.988298 0.004449
2460054.942067 20.984916 0.004436
2460055.445660 20.998245 0.004490
2460055.938727 20.985014 0.004436
2460056.431794 20.714699 0.003953
2460056.935388 19.044157 0.002042
2460057.428455 19.028327 0.002035
2460057.921522 19.023059 0.002025
2460058.425116 19.027913 0.002034
2460058.918183 19.023153 0.002026
