2458346.727899 24.099385 0.015461
2458347.220966 24.068620 0.015029
2458347.714033 24.065207 0.014981
2458348.217627 24.068905 0.015033
2458348.710694 24.062938 0.014950
2458349.203761 24.069189 0.015037
2458349.707355 24.073043 0.015090
2458350.200422 24.047466 0.014739
2458350.693489 24.067196 0.015009
2458351.197082 24.051243 0.014790
2458351.690150 24.061664 0.014933
2458352.183217 24.075477 0.015124
2458352.686810 24.081801 0.015212
2458353.179877 24.064072 0.014966
2458353.672944 24.060250 0.014913
2458354.176538 24.092667 0.015365
2458354.669605 24.068762 0.015031
2458355.162672 24.083244 0.015232
2458355.666266 24.076050 0.015132
2458356.159333 24.066344 0.014997
2458356.652400 24.041199 0.014654
2458357.155994 24.061805 0.014935
2458357.649061 24.070330 0.015052
2458358.142128 24.064498 0.014972
2458358.645721 24.076481 0.015138
2458359.138788 24.104672 0.015536
2458359.631856 24.092375 0.015361
2458360.135449 24.082666 0.015224
2458360.628516 24.110725 0.015623
2458361.121583 24.069332 0.015038
2458361.625177 24.086569 0.015279
2458362.118244 24.065065 0.014980
2458362.611311 24.100264 0.015473
2458363.114905 24.118003 0.015728
2458363.607972 24.085700 0.015267
2458364.101039 24.073329 0.015094
2458364.604632 24.063222 0.014954
2458365.097700 24.059826 0.014907
2458365.590767 24.078778 0.015170
2458366.094360 24.070187 0.015050
2458366.587427 24.068335 0.015025
2458367.080494 24.104230 0.015530
2458367.584088 24.075907 0.015130
2458368.077155 24.068620 0.015029
2458368.570222 24.081945 0.015214
2458369.073816 24.094999 0.015398
2458369.566883 24.092230 0.015359
2458370.059950 24.072900 0.015088
2458370.563544 24.081945 0.015214
2458371.056611 24.067908 0.015019
2458371.549678 24.096751 0.015423
2458372.053271 24.064639 0.014974
2458372.546338 24.077772 0.015156
2458373.039406 24.082522 0.015222
2458373.542999 24.086858 0.015283
2458374.036066 24.066201 0.014995
2458374.529133 24.061381 0.014929
2458375.032727 24.076768 0.015142
2458375.525794 24.094853 0.015396
2458376.018861 24.095145 0.015400
2458376.522455 24.071900 0.015074
2458377.015522 24.077629 0.015154
2458377.508589 24.097921 0.015440
2458378.012182 24.112948 0.015655
2458378.505250 24.094999 0.015398
2458378.998317 24.075047 0.015118
2458379.501910 24.044537 0.014699
2458379.994977 24.070330 0.015052
2458380.488044 24.040227 0.014641
2458380.991638 24.092667 0.015365
2458381.484705 24.092812 0.015367
2458381.977772 24.086279 0.015275
2458382.481366 24.049003 0.014760
2458382.974433 24.077342 0.015150
2458383.467500 24.084688 0.015253
2458383.971094 24.087293 0.015289
2458384.464161 24.089178 0.015316
2458384.957228 24.060391 0.014915
2458385.460821 24.076337 0.015136
2458385.953888 24.062797 0.014948
2458386.446956 24.093541 0.015378
2458386.950549 24.055878 0.014853
2458387.443616 24.062655 0.014946
2458387.936683 24.090921 0.015341
2458388.440277 24.099824 0.015467
2458388.933344 24.070330 0.015052
2458389.426411 24.082378 0.015220
2458389.930005 24.108506 0.015591
2458390.423072 24.097628 0.015436
2458390.916139 24.061947 0.014937
2458391.419732 24.098653 0.015450
2458391.912800 24.072757 0.015086
2458392.405867 24.082811 0.015226
2458392.909460 24.085411 0.015263
2458393.402527 24.069760 0.015044
2458393.895594 24.087872 0.015297
2458394.399188 24.052786 0.014811
2458394.892255 24.100998 0.015484
2458395.385322 24.098506 0.015448
2458395.888916 24.092375 0.015361
2458396.381983 24.091212 0.015345
2458396.875050 24.060674 0.014919
2458397.378644 24.053347 0.014819
2458397.871711 24.089323 0.015318
2458398.364778 24.060391 0.014915
2458398.868371 24.094415 0.015390
2458399.361438 24.089323 0.015318
2458399.854506 24.065207 0.014981
2458400.358099 24.072186 0.015078
2458400.851166 24.085700 0.015267
2458401.344233 24.107325 0.015574
2458401.847827 24.099092 0.015456
2458402.340894 24.074188 0.015106
2458402.833961 24.091212 0.015345
2458403.337555 24.074474 0.015110
2458403.830622 24.081801 0.015212
2458404.323689 24.074474 0.015110
2458404.827282 24.090339 0.015332
2458405.320350 24.064072 0.014966
2458405.813417 24.076194 0.015134
2458406.317010 24.075334 0.015122
2458406.810077 24.097190 0.015429
2458407.303144 24.086713 0.015281
2458407.806738 24.057709 0.014878
2458408.299805 24.074045 0.015104
2458408.792872 24.054050 0.014828
2458409.296466 24.091939 0.015355
2458409.789533 24.078634 0.015168
2458410.282600 24.104230 0.015530
2458410.786194 24.079353 0.015178
2458411.279261 24.077055 0.015146
2458411.772328 24.074474 0.015110
2458412.275921 24.080217 0.015190
2458412.768988 24.078778 0.015170
2458413.262056 24.066344 0.014997
2458413.765649 24.076050 0.015132
2458414.258716 24.082234 0.015218
2458414.751783 24.075764 0.015128
2458415.255377 24.092667 0.015365
2458415.748444 24.070187 0.015050
2458416.241511 24.082089 0.015216
2458416.745105 24.088452 0.015306
2458417.238172 24.076624 0.015140
2458417.731239 24.095874 0.015411
2458418.234832 24.067623 0.015015
2458526.481367 24.061522 0.014936
2458526.984960 24.083388 0.015240
2458527.478027 24.072472 0.015088
2458527.971094 24.100411 0.015481
2458528.474688 24.085122 0.015265
2458528.967755 24.078922 0.015178
2458529.460822 24.072615 0.015091
2458529.964416 24.079066 0.015181
2458530.457483 24.065491 0.014993
2458530.950550 24.080649 0.015204
2458531.454144 24.073043 0.015098
2458531.947211 24.091212 0.015353
2458532.440278 24.069760 0.015053
2458532.943871 24.083677 0.015248
2458533.436938 24.090775 0.015348
2458533.930006 24.083099 0.015240
2458534.433599 24.084688 0.015263
2458534.926666 24.091357 0.015358
2458535.419733 24.057709 0.014890
2458535.923327 24.102172 0.015513
2458536.416394 24.080793 0.015211
2458536.909461 24.084977 0.015270
2458537.413055 24.115026 0.015699
2458537.906122 24.102907 0.015526
2458538.399189 24.091793 0.015368
2458538.902782 24.063222 0.014970
2458539.395850 24.097482 0.015451
2458539.888917 24.076050 0.015150
2458540.392510 24.069047 0.015053
2458540.885577 24.078778 0.015190
2458541.378644 24.090049 0.015349
2458541.882238 24.097190 0.015452
2458542.375305 24.093832 0.015405
2458542.868372 24.058273 0.014910
2458543.371966 24.066628 0.015027
2458543.865033 24.110873 0.015654
2458544.358100 24.078491 0.015195
2458544.861694 24.049283 0.014794
2458545.354761 24.088888 0.015345
2458545.847828 24.094269 0.015423
2458546.351421 24.065065 0.015016
2458546.844488 24.076624 0.015179
2458547.337556 24.058696 0.014933
2458547.841149 24.101585 0.015538
2458548.334216 24.086424 0.015325
2458548.827283 24.050402 0.014828
2458549.330877 24.066486 0.015053
2458549.823944 24.068620 0.015086
2458550.317011 24.062089 0.015000
2458550.820605 24.057004 0.014934
2458551.313672 24.073902 0.015173
2458551.806739 24.060815 0.014997
2458552.310332 24.070330 0.015134
2458552.803400 24.075764 0.015216
2458553.296467 24.041477 0.014750
2458553.800060 24.052225 0.014904
2458554.293127 24.062230 0.015050
2458554.786194 24.066486 0.015118
2458555.289788 24.047745 0.014868
2458555.782855 24.057568 0.015014
2458556.275922 24.038979 0.014770
2458556.779516 24.028087 0.014635
2458557.272583 24.055878 0.015029
2458557.765650 24.051383 0.014982
2458558.269244 24.023706 0.014622
2458558.762311 24.046628 0.014952
2458559.255378 24.050823 0.015031
2458559.758971 23.996849 0.014325
2458560.252038 24.008374 0.014502
2458560.745106 24.019342 0.014678
2458561.248699 23.991530 0.014338
2458561.741766 23.955138 0.013899
2458562.234833 23.971943 0.014154
2458562.738427 23.976120 0.014252
2458563.231494 23.971552 0.014241
2458563.724561 23.964543 0.014205
2458564.228155 23.942766 0.013986
2458564.721222 23.939220 0.014011
2458565.214289 23.912747 0.013753
2458565.717882 23.883296 0.013477
2458566.210950 23.862014 0.013317
2458566.704017 23.846816 0.013251
2458567.207610 23.819757 0.013065
2458567.700677 23.761233 0.012535
2458568.193744 23.734211 0.012410
2458568.697338 23.675938 0.011979
2458569.190405 23.617340 0.011603
2458569.683472 23.536677 0.011071
2458570.187066 23.445993 0.010555
2458570.680133 23.320468 0.009845
2458571.173200 23.147600 0.008940
2458571.676794 22.930678 0.008039
2458572.169861 22.559312 0.006621
2458572.662928 21.902386 0.004852
2458573.166521 20.491672 0.002644
2458573.659588 22.021755 0.005124
2458574.152656 22.626916 0.006876
2458574.656249 22.948855 0.008040
2458575.149316 23.180343 0.009127
2458575.642383 23.328650 0.009853
2458576.145977 23.459642 0.010626
2458576.639044 23.540173 0.011064
2458577.132111 23.613775 0.011529
2458577.635705 23.662238 0.011795
2458578.128772 23.766935 0.012764
2458578.621839 23.756308 0.012457
2458579.125432 23.824182 0.013097
2458579.618500 23.812421 0.012823
2458580.111567 23.859897 0.013278
2458580.615160 23.896948 0.013633
2458581.108227 23.895490 0.013526
2458581.601294 23.927653 0.013854
2458582.104888 23.959766 0.014198
2458582.597955 23.953471 0.014054
2458583.091022 23.980970 0.014360
2458583.594616 23.978346 0.014276
2458584.087683 24.020840 0.014801
2458584.580750 23.991132 0.014363
2458585.084344 24.017574 0.014682
2458585.577411 24.021658 0.014706
2458586.070478 24.030009 0.014792
2458586.574071 24.030284 0.014770
2458587.067138 23.995251 0.014279
2458587.560206 24.008374 0.014433
2458588.063799 24.033726 0.014755
2458588.556866 24.061381 0.015119
2458589.049933 24.050402 0.014952
2458589.553527 24.064781 0.015137
2458590.046594 24.049003 0.014906
2458590.539661 24.044119 0.014828
2458591.043255 24.043006 0.014803
2458591.536322 24.064923 0.015095
2458592.029389 24.046349 0.014831
2458592.532982 24.065065 0.015080
2458593.026050 24.035106 0.014663
2458593.519117 24.071900 0.015162
2458594.022710 24.070187 0.015132
2458594.515777 24.072615 0.015160
2458595.008844 24.059402 0.014972
2458595.512438 24.061947 0.015002
2458596.005505 24.091648 0.015414
2458596.498572 24.079929 0.015244
2458597.002166 24.047745 0.014795
2458597.495233 24.072043 0.015127
2458597.988300 24.044955 0.014751
2458712.204272 24.100118 0.015471
2458712.697339 24.089613 0.015322
2458713.200932 24.087727 0.015295
2458713.694000 24.065633 0.014987
2458714.187067 24.050262 0.014777
2458714.690660 24.094707 0.015394
2458715.183727 24.086858 0.015283
2458715.676794 24.078634 0.015168
2458716.180388 24.072900 0.015088
2458716.673455 24.094853 0.015396
2458717.166522 24.089178 0.015316
2458717.670116 24.067481 0.015013
2458718.163183 24.086858 0.015283
2458718.656250 24.082811 0.015226
2458719.159844 24.088307 0.015304
2458719.652911 24.099385 0.015461
2458720.145978 24.080217 0.015190
2458720.649571 24.073902 0.015102
2458721.142638 24.078634 0.015168
2458721.635706 24.093249 0.015373
2458722.139299 24.079353 0.015178
2458722.632366 24.069475 0.015040
2458723.125433 24.103936 0.015526
2458723.629027 24.058555 0.014890
2458724.122094 24.063789 0.014962
2458724.615161 24.053067 0.014815
2458725.118755 24.092230 0.015359
2458725.611822 24.082811 0.015226
2458726.104889 24.079497 0.015180
2458726.608482 24.072329 0.015080
2458727.101550 24.081513 0.015208
2458727.594617 24.058555 0.014890
2458728.098210 24.068193 0.015023
2458728.591277 24.083532 0.015236
2458729.084344 24.067481 0.015013
2458729.587938 24.088162 0.015302
2458730.081005 24.097190 0.015429
2458730.574072 24.081225 0.015204
2458731.077666 24.069617 0.015042
2458731.570733 24.053488 0.014821
2458732.063800 24.093103 0.015371
2458732.567394 24.095291 0.015402
2458733.060461 24.094853 0.015396
2458733.553528 24.097775 0.015438
2458734.057121 24.067623 0.015015
2458734.550188 24.085556 0.015265
2458735.043256 24.054612 0.014836
2458735.546849 24.084977 0.015257
2458736.039916 24.074904 0.015116
2458736.532983 24.085411 0.015263
2458737.036577 24.069475 0.015040
2458737.529644 24.104819 0.015538
2458738.022711 24.110133 0.015614
2458738.526305 24.093686 0.015380
2458739.019372 24.097043 0.015427
2458739.512439 24.074617 0.015112
2458740.016032 24.081225 0.015204
2458740.509100 24.076481 0.015138
2458741.002167 24.083532 0.015236
2458741.505760 24.072329 0.015080
2458741.998827 24.076050 0.015132
2458742.491894 24.070187 0.015050
2458742.995488 24.073615 0.015098
2458743.488555 24.072757 0.015086
2458743.981622 24.113244 0.015659
2458744.485216 24.060391 0.014915
2458744.978283 24.087003 0.015285
2458745.471350 24.050963 0.014786
2458745.974944 24.085990 0.015271
2458746.468011 24.051523 0.014794
2458746.961078 24.087438 0.015291
2458747.464671 24.089468 0.015320
2458747.957738 24.076768 0.015142
2458748.450806 24.055034 0.014842
2458748.954399 24.078922 0.015172
2458749.447466 24.090194 0.015330
2458749.940533 24.060391 0.014915
2458750.444127 24.045930 0.014718
2458750.937194 24.076194 0.015134
2458751.430261 24.068193 0.015023
2458751.933855 24.104377 0.015532
2458752.426922 24.072186 0.015078
2458752.919989 24.094707 0.015394
2458753.423582 24.081657 0.015210
2458753.916650 24.077055 0.015146
2458754.409717 24.082955 0.015228
2458754.913310 24.079785 0.015184
2458755.406377 24.077916 0.015158
2458755.899444 24.067908 0.015019
2458756.403038 24.073902 0.015102
2458756.896105 24.095874 0.015411
2458757.389172 24.085266 0.015261
2458757.892766 24.074045 0.015104
2458758.385833 24.082522 0.015222
2458758.878900 24.092521 0.015363
2458759.382494 24.054471 0.014834
2458759.875561 24.099092 0.015456
2458760.368628 24.080073 0.015188
2458760.872221 24.086713 0.015281
2458761.365288 24.057004 0.014869
2458761.858356 24.080361 0.015192
2458762.361949 24.056582 0.014863
2458762.855016 24.071614 0.015070
2458763.348083 24.054752 0.014838
2458763.851677 24.094269 0.015388
2458764.344744 24.077629 0.015154
2458764.837811 24.075907 0.015130
2458765.341405 24.071900 0.015074
2458765.834472 24.060391 0.014915
2458766.327539 24.084977 0.015257
2458766.831132 24.068050 0.015021
2458767.324200 24.065065 0.014980
2458767.817267 24.087727 0.015295
2458768.320860 24.067339 0.015011
2458768.813927 24.074617 0.015112
2458769.306994 24.037733 0.014607
2458769.810588 24.060957 0.014923
2458770.303655 24.067196 0.015009
2458770.796722 24.063505 0.014958
2458771.300316 24.084833 0.015255
2458771.793383 24.065065 0.014980
2458772.286450 24.093686 0.015380
2458772.790044 24.067196 0.015009
2458773.283111 24.083677 0.015238
2458773.776178 24.067623 0.015015
2458774.279771 24.085556 0.015265
2458774.772838 24.100851 0.015481
2458775.265906 24.085990 0.015271
2458775.769499 24.091793 0.015353
2458776.262566 24.075907 0.015130
2458776.755633 24.094561 0.015392
2458777.259227 24.104525 0.015534
2458777.752294 24.092084 0.015357
2458778.245361 24.080217 0.015190
2458778.748955 24.069617 0.015042
2458779.242022 24.077629 0.015154
2458779.735089 24.077629 0.015154
2458780.238682 24.098799 0.015452
2458780.731750 24.078491 0.015166
2458781.224817 24.078347 0.015164
2458781.728410 24.067766 0.015017
2458782.221477 24.091212 0.015345
2458782.714544 24.097482 0.015433
2458783.218138 24.085556 0.015265
2458783.711205 24.079641 0.015182
2459622.427944 24.088742 0.015310
2459622.921011 24.093541 0.015378
2459623.424605 24.090485 0.015334
2459623.917672 24.066486 0.014999
2459624.410739 24.061664 0.014933
2459624.914332 24.050683 0.014782
2459625.407400 24.084399 0.015249
2459625.900467 24.096897 0.015425
2459626.404060 24.074188 0.015106
2459626.897127 24.056159 0.014857
2459627.390194 24.088307 0.015304
2459627.893788 24.068050 0.015021
2459628.386855 24.080937 0.015200
2459628.879922 24.079497 0.015180
2459629.383516 24.072900 0.015088
2459629.876583 24.086713 0.015281
2459630.369650 24.093686 0.015380
2459630.873244 24.095728 0.015409
2459631.366311 24.092375 0.015361
2459631.859378 24.076624 0.015140
2459632.362971 24.104672 0.015536
2459632.856038 24.080649 0.015196
2459633.349106 24.080649 0.015196
2459633.852699 24.073615 0.015098
2459634.345766 24.088888 0.015312
2459634.838833 24.082234 0.015218
2459635.342427 24.084110 0.015245
2459635.835494 24.085266 0.015261
2459636.328561 24.103348 0.015517
2459636.832155 24.095582 0.015407
2459637.325222 24.108359 0.015589
2459637.818289 24.070187 0.015050
2459638.321882 24.061947 0.014937
2459638.814950 24.079929 0.015186
2459639.308017 24.087872 0.015297
2459639.811610 24.066628 0.015001
2459640.304677 24.078634 0.015168
2459640.797744 24.067623 0.015015
2459641.301338 24.096167 0.015415
2459641.794405 24.072186 0.015078
2459642.287472 24.081369 0.015206
2459642.791066 24.071329 0.015066
2459643.284133 24.100411 0.015475
2459643.777200 24.092812 0.015367
2459644.280794 24.057286 0.014873
2459644.773861 24.099531 0.015463
2459645.266928 24.082234 0.015218
2459645.770521 24.078347 0.015164
2459646.263588 24.085990 0.015271
2459646.756656 24.087293 0.015289
2459647.260249 24.073043 0.015090
2459647.753316 24.055596 0.014849
2459648.246383 24.097921 0.015440
2459648.749977 24.077916 0.015158
2459649.243044 24.067196 0.015009
2459649.736111 24.091212 0.015345
2459650.239705 24.091648 0.015351
2459650.732772 24.086424 0.015277
2459651.225839 24.084110 0.015245
2459651.729432 24.086424 0.015277
2459652.222500 24.060674 0.014919
2459652.715567 24.087293 0.015289
2459653.219160 24.059543 0.014904
2459653.712227 24.091939 0.015355
2459654.205294 24.096313 0.015417
2459654.708888 24.052926 0.014813
2459655.201955 24.098213 0.015444
2459655.695022 24.076050 0.015132
2459656.198616 24.062089 0.014938
2459656.691683 24.070045 0.015048
2459657.184750 24.092230 0.015359
2459657.688344 24.070330 0.015052
2459658.181411 24.065917 0.014991
2459658.674478 24.098360 0.015446
2459659.178071 24.079353 0.015178
2459659.671138 24.058838 0.014894
2459660.164206 24.068477 0.015027
2459660.667799 24.060533 0.014917
2459661.160866 24.055878 0.014853
2459661.653933 24.070330 0.015052
2459662.157527 24.094999 0.015398
2459662.650594 24.091939 0.015355
2459663.143661 24.098945 0.015454
2459663.647255 24.070330 0.015052
2459664.140322 24.082089 0.015216
2459664.633389 24.096021 0.015413
2459665.136982 24.080361 0.015192
2459665.630050 24.079353 0.015178
2459666.123117 24.084977 0.015257
2459666.626710 24.087872 0.015297
2459667.119777 24.109097 0.015599
2459667.612844 24.096897 0.015425
2459668.116438 24.099385 0.015461
2459668.609505 24.050683 0.014782
2459669.102572 24.103789 0.015523
2459669.606166 24.079497 0.015180
2459670.099233 24.077055 0.015146
2459670.592300 24.069189 0.015037
2459671.095894 24.083532 0.015236
2459671.588961 24.091212 0.015345
2459672.082028 24.071900 0.015074
2459672.585621 24.085845 0.015269
2459673.078688 24.076481 0.015138
2459673.571756 24.092667 0.015365
2459674.075349 24.082234 0.015218
2459674.568416 24.076337 0.015136
2459675.061483 24.104377 0.015532
2459675.565077 24.076624 0.015140
2459676.058144 24.097043 0.015427
2459676.551211 24.073759 0.015100
2459677.054805 24.081945 0.015214
2459677.547872 24.092084 0.015357
2459678.040939 24.088307 0.015304
2459678.544532 24.080793 0.015198
2459679.037600 24.092230 0.015359
2459679.530667 24.070758 0.015058
2459680.034260 24.069047 0.015035
2459680.527327 24.066770 0.015003
2459681.020394 24.083532 0.015236
2459681.523988 24.031660 0.014526
2459682.017055 24.078203 0.015162
2459682.510122 24.097775 0.015438
2459683.013716 24.086279 0.015275
2459683.506783 24.076050 0.015132
2459683.999850 24.089468 0.015320
2459684.503444 24.085990 0.015271
2459684.996511 24.067339 0.015011
2459685.489578 24.063930 0.014964
2459685.993171 24.081945 0.015214
2459686.486238 24.084543 0.015251
2459686.979306 24.069617 0.015042
2459687.482899 24.070901 0.015060
2459687.975966 24.070615 0.015056
2459688.469033 24.078922 0.015172
2459688.972627 24.076050 0.015132
2459689.465694 24.081513 0.015208
2459689.958761 24.075190 0.015120
2459690.462355 24.078347 0.015164
2459690.955422 24.079353 0.015178
2459691.448489 24.072472 0.015082
2459691.952082 24.065207 0.014981
2459692.445150 24.068905 0.015033
2459692.938217 24.078491 0.015166
2459693.441810 24.070615 0.015056
2459693.934877 24.080217 0.015190
2459807.647256 24.067623 0.015015
2459808.150849 24.066628 0.015001
2459808.643916 24.049842 0.014771
2459809.136983 24.074904 0.015116
2459809.640577 24.104672 0.015536
2459810.133644 24.079497 0.015180
2459810.626711 24.099824 0.015467
2459811.130305 24.079066 0.015174
2459811.623372 24.099971 0.015469
2459812.116439 24.055596 0.014849
2459812.620032 24.068050 0.015021
2459813.113100 24.090339 0.015332
2459813.606167 24.074188 0.015106
2459814.109760 24.082955 0.015228
2459814.602827 24.094415 0.015390
2459815.095894 24.093832 0.015382
2459815.599488 24.060674 0.014919
2459816.092555 24.056019 0.014855
2459816.585622 24.072472 0.015082
2459817.089216 24.089178 0.015316
2459817.582283 24.064072 0.014966
2459818.075350 24.060391 0.014915
2459818.578944 24.100998 0.015484
2459819.072011 24.104966 0.015540
2459819.565078 24.084833 0.015255
2459820.068671 24.087148 0.015287
2459820.561738 24.083099 0.015230
2459821.054806 24.052645 0.014809
2459821.558399 24.072757 0.015086
2459822.051466 24.091502 0.015349
2459822.544533 24.093541 0.015378
2459823.048127 24.091793 0.015353
2459823.541194 24.033175 0.014546
2459824.034261 24.081945 0.015214
2459824.537855 24.064498 0.014972
2459825.030922 24.091648 0.015351
2459825.523989 24.111613 0.015636
2459826.027582 24.076911 0.015144
2459826.520650 24.101585 0.015492
2459827.013717 24.067481 0.015013
2459827.517310 24.101731 0.015494
2459828.010377 24.077198 0.015148
2459828.503444 24.088888 0.015312
2459829.007038 24.102907 0.015511
2459829.500105 24.084110 0.015245
2459829.993172 24.087727 0.015295
2459830.496766 24.089758 0.015324
2459830.989833 24.069047 0.015035
2459831.482900 24.092084 0.015357
2459831.986494 24.066344 0.014997
2459832.479561 24.074904 0.015116
2459832.972628 24.086424 0.015277
2459833.476221 24.086858 0.015283
2459833.969288 24.106882 0.015568
2459834.462356 24.077055 0.015146
2459834.965949 24.072615 0.015084
2459835.459016 24.103936 0.015526
2459835.952083 24.098213 0.015444
2459836.455677 24.118898 0.015741
2459836.948744 24.050963 0.014786
2459837.441811 24.099531 0.015463
2459837.945405 24.097190 0.015429
2459838.438472 24.083966 0.015243
2459838.931539 24.076194 0.015134
2459839.435132 24.079497 0.015180
2459839.928200 24.090485 0.015334
2459840.421267 24.087293 0.015289
2459840.924860 24.051383 0.014792
2459841.417927 24.073615 0.015098
2459841.910994 24.086713 0.015281
2459842.414588 24.063930 0.014964
2459842.907655 24.066486 0.014999
2459843.400722 24.090485 0.015334
2459843.904316 24.075334 0.015122
2459844.397383 24.047186 0.014735
2459844.890450 24.085990 0.015271
2459845.394044 24.079929 0.015186
2459845.887111 24.042171 0.014667
2459846.380178 24.086713 0.015281
2459846.883771 24.088017 0.015300
2459847.376838 24.078203 0.015162
2459847.869906 24.072329 0.015080
2459848.373499 24.096751 0.015423
2459848.866566 24.072472 0.015082
2459849.359633 24.094707 0.015394
2459849.863227 24.108063 0.015585
2459850.356294 24.088452 0.015306
2459850.849361 24.078491 0.015166
2459851.352955 24.063505 0.014958
2459851.846022 24.063647 0.014960
2459852.339089 24.060108 0.014911
2459852.842682 24.066770 0.015003
2459853.335750 24.109985 0.015612
2459853.828817 24.093978 0.015384
2459854.332410 24.088597 0.015308
2459854.825477 24.058555 0.014890
2459855.318544 24.088162 0.015302
2459855.822138 24.096167 0.015415
2459856.315205 24.051523 0.014794
2459856.808272 24.081657 0.015210
2459857.311866 24.107916 0.015583
2459857.804933 24.056582 0.014863
2459858.298000 24.103936 0.015526
2459858.801594 24.049283 0.014763
2459859.294661 24.063505 0.014958
2459859.787728 24.068905 0.015033
2459860.291321 24.054612 0.014836
2459860.784388 24.077772 0.015156
2459861.277456 24.094269 0.015388
2459861.781049 24.093249 0.015373
2459862.274116 24.081801 0.015212
2459862.767183 24.095874 0.015411
2459863.270777 24.086424 0.015277
2459863.763844 24.099824 0.015467
2459864.256911 24.077772 0.015156
2459864.760505 24.069902 0.015046
2459865.253572 24.062797 0.014948
2459865.746639 24.071043 0.015062
2459866.250232 24.074474 0.015110
2459866.743300 24.088742 0.015310
2459867.236367 24.070045 0.015048
2459867.739960 24.074331 0.015108
2459868.233027 24.080217 0.015190
2459868.726094 24.081513 0.015208
2459869.229688 24.046070 0.014720
2459869.722755 24.060674 0.014919
2459870.215822 24.091066 0.015343
2459870.719416 24.092667 0.015365
2459871.212483 24.061664 0.014933
2459871.705550 24.091066 0.015343
2459872.209144 24.087727 0.015295
2459872.702211 24.109985 0.015612
2459873.195278 24.089468 0.015320
2459873.698871 24.061805 0.014935
2459874.191938 24.085845 0.015269
2459874.685006 24.067339 0.015011
2459875.188599 24.076911 0.015144
2459875.681666 24.091066 0.015343
2459876.174733 24.058273 0.014886
2459876.678327 24.089904 0.015326
2459877.171394 24.087148 0.015287
2459877.664461 24.081225 0.015204
2459878.168055 24.086858 0.015283
2459878.661122 24.108950 0.015597
2459879.154189 24.066059 0.014993
2459987.411250 24.072186 0.015078
2459987.904317 24.093395 0.015376
2459988.407910 24.075477 0.015124
2459988.900977 24.088452 0.015306
2459989.394044 24.090630 0.015336
2459989.897638 24.070045 0.015048
2459990.390705 24.115175 0.015687
2459990.883772 24.097775 0.015438
2459991.387366 24.084399 0.015249
2459991.880433 24.075764 0.015128
2459992.373500 24.106882 0.015568
2459992.877094 24.060391 0.014915
2459993.370161 24.091357 0.015347
2459993.863228 24.071757 0.015072
2459994.366821 24.093832 0.015382
2459994.859888 24.068050 0.015021
2459995.352956 24.089033 0.015314
2459995.856549 24.065775 0.014989
2459996.349616 24.089178 0.015316
2459996.842683 24.075477 0.015124
2459997.346277 24.076768 0.015142
2459997.839344 24.105408 0.015547
2459998.332411 24.085845 0.015269
2459998.836005 24.062372 0.014942
2459999.329072 24.073759 0.015100
2459999.822139 24.071900 0.015074
2460000.325732 24.090339 0.015332
2460000.818800 24.081225 0.015204
2460001.311867 24.067908 0.015019
2460001.815460 24.082955 0.015228
2460002.308527 24.105408 0.015547
2460002.801594 24.075477 0.015124
2460003.305188 24.056019 0.014855
2460003.798255 24.077198 0.015148
2460004.291322 24.062230 0.014940
2460004.794916 24.086713 0.015281
2460005.287983 24.061522 0.014931
2460005.781050 24.089758 0.015324
2460006.284644 24.077198 0.015148
2460006.777711 24.067623 0.015015
2460007.270778 24.067054 0.015007
2460007.774371 24.067481 0.015013
2460008.267438 24.076768 0.015142
2460008.760506 24.079641 0.015182
2460009.264099 24.070330 0.015052
2460009.757166 24.106440 0.015561
2460010.250233 24.069617 0.015042
2460010.753827 24.104377 0.015532
2460011.246894 24.064356 0.014970
2460011.739961 24.082378 0.015220
2460012.243555 24.063789 0.014962
2460012.736622 24.079353 0.015178
2460013.229689 24.073186 0.015092
2460013.733282 24.105114 0.015542
2460014.226350 24.070187 0.015050
2460014.719417 24.108063 0.015585
2460015.223010 24.067339 0.015011
2460015.716077 24.079210 0.015176
2460016.209144 24.085700 0.015267
2460016.712738 24.064923 0.014978
2460017.205805 24.100704 0.015479
2460017.698872 24.059120 0.014898
2460018.202466 24.062230 0.014940
2460018.695533 24.088017 0.015300
2460019.188600 24.064072 0.014966
2460019.692194 24.079066 0.015174
2460020.185261 24.071900 0.015074
2460020.678328 24.059826 0.014907
2460021.181921 24.095145 0.015400
2460021.674988 24.106292 0.015559
2460022.168056 24.070187 0.015050
2460022.671649 24.078347 0.015164
2460023.164716 24.054612 0.014836
2460023.657783 24.073043 0.015090
2460024.161377 24.062230 0.014940
2460024.654444 24.082234 0.015218
2460025.147511 24.067766 0.015017
2460025.651105 24.080073 0.015188
2460026.144172 24.101291 0.015488
2460026.637239 24.063222 0.014954
2460027.140832 24.078778 0.015170
2460027.633900 24.096167 0.015415
2460028.126967 24.067196 0.015009
2460028.630560 24.075190 0.015120
2460029.123627 24.099971 0.015469
2460029.616694 24.088597 0.015308
2460030.120288 24.072043 0.015076
2460030.613355 24.046488 0.014725
2460031.106422 24.068050 0.015021
2460031.610016 24.091648 0.015351
2460032.103083 24.069332 0.015038
2460032.596150 24.091066 0.015343
2460033.099744 24.091066 0.015343
2460033.592811 24.099531 0.015463
2460034.085878 24.074474 0.015110
2460034.589471 24.084977 0.015257
2460035.082538 24.063363 0.014956
2460035.575606 24.074474 0.015110
2460036.079199 24.097482 0.015433
2460036.572266 24.081513 0.015208
2460037.065333 24.085122 0.015259
2460037.568927 24.069617 0.015042
2460038.061994 24.070473 0.015054
2460038.555061 24.074331 0.015108
2460039.058655 24.061947 0.014937
2460039.551722 24.086569 0.015279
2460040.044789 24.076911 0.015144
2460040.548382 24.074188 0.015106
2460041.041450 24.076624 0.015140
2460041.534517 24.065065 0.014980
2460042.038110 24.098067 0.015442
2460042.531177 24.084399 0.015249
2460043.024244 24.077342 0.015150
2460043.527838 24.097628 0.015436
2460044.020905 24.080073 0.015188
2460044.513972 24.083099 0.015230
2460045.017566 24.075334 0.015122
2460045.510633 24.064498 0.014972
2460046.003700 24.088017 0.015300
2460046.507294 24.089178 0.015316
2460047.000361 24.093395 0.015376
2460047.493428 24.082522 0.015222
2460047.997021 24.093541 0.015378
2460048.490088 24.084254 0.015247
2460048.983156 24.065633 0.014987
2460049.486749 24.089758 0.015324
2460049.979816 24.082811 0.015226
2460050.472883 24.051664 0.014796
2460050.976477 24.076337 0.015136
2460051.469544 24.097775 0.015438
2460051.962611 24.055315 0.014846
2460052.466205 24.043562 0.014686
2460052.959272 24.080217 0.015190
2460053.452339 24.047047 0.014733
2460053.955932 24.075334 0.015122
2460054.449000 24.050963 0.014786
2460054.942067 24.071186 0.015064
2460055.445660 24.070045 0.015048
2460055.938727 24.081945 0.015214
2460056.431794 24.071043 0.015062
2460056.935388 24.076911 0.015144
2460057.428455 24.076337 0.015136
2460057.921522 24.072186 0.015078
2460058.425116 24.068050 0.015021
2460058.918183 24.090485 0.015334
