2458346.727899 23.854680 0.017157
2458347.220966 23.816199 0.016560
2458347.714033 23.827102 0.016727
2458348.217627 23.824946 0.016694
2458348.710694 23.846705 0.017032
2458349.203761 23.814228 0.016530
2458349.707355 23.823456 0.016671
2458350.200422 23.810624 0.016475
2458350.693489 23.851959 0.017114
2458351.197082 23.808990 0.016450
2458351.690150 23.834099 0.016835
2458352.183217 23.820646 0.016628
2458352.686810 23.816363 0.016562
2458353.179877 23.813244 0.016515
2458353.672944 23.835604 0.016859
2458354.176538 23.804265 0.016379
2458354.669605 23.831428 0.016794
2458355.162672 23.811606 0.016490
2458355.666266 23.847212 0.017040
2458356.159333 23.820811 0.016630
2458356.652400 23.837111 0.016882
2458357.155994 23.822794 0.016661
2458357.649061 23.810134 0.016468
2458358.142128 23.820151 0.016620
2458358.645721 23.799236 0.016303
2458359.138788 23.774754 0.015940
2458359.631856 23.853489 0.017139
2458360.135449 23.815377 0.016547
2458360.628516 23.839460 0.016919
2458361.121583 23.825278 0.016699
2458361.625177 23.847889 0.017050
2458362.118244 23.818008 0.016588
2458362.611311 23.840804 0.016939
2458363.114905 23.824118 0.016681
2458363.607972 23.835604 0.016859
2458364.101039 23.817679 0.016583
2458364.604632 23.821141 0.016635
2458365.097700 23.832763 0.016814
2458365.590767 23.855021 0.017163
2458366.094360 23.835938 0.016864
2458366.587427 23.838956 0.016911
2458367.080494 23.800046 0.016315
2458367.584088 23.788287 0.016140
2458368.077155 23.834935 0.016848
2458368.570222 23.826439 0.016717
2458369.073816 23.825941 0.016709
2458369.566883 23.836943 0.016879
2458370.059950 23.813244 0.016515
2458370.563544 23.813244 0.016515
2458371.056611 23.803777 0.016372
2458371.549678 23.821967 0.016648
2458372.053271 23.834935 0.016848
2458372.546338 23.822298 0.016653
2458373.039406 23.827269 0.016730
2458373.542999 23.813572 0.016520
2458374.036066 23.855532 0.017171
2458374.529133 23.793265 0.016214
2458375.032727 23.805892 0.016403
2458375.525794 23.823125 0.016666
2458376.018861 23.832262 0.016807
2458376.522455 23.803615 0.016369
2458377.015522 23.822794 0.016661
2458377.508589 23.819162 0.016605
2458378.012182 23.812425 0.016502
2458378.505250 23.829430 0.016763
2458378.998317 23.805729 0.016401
2458379.501910 23.836776 0.016877
2458379.994977 23.799398 0.016306
2458380.488044 23.814720 0.016537
2458380.991638 23.817186 0.016575
2458381.484705 23.812261 0.016500
2458381.977772 23.799236 0.016303
2458382.481366 23.809317 0.016455
2458382.974433 23.828930 0.016755
2458383.467500 23.790051 0.016166
2458383.971094 23.825443 0.016702
2458384.464161 23.820646 0.016628
2458384.957228 23.836943 0.016879
2458385.460821 23.839124 0.016913
2458385.953888 23.821141 0.016635
2458386.446956 23.822133 0.016651
2458386.950549 23.824118 0.016681
2458387.443616 23.846536 0.017029
2458387.936683 23.791335 0.016185
2458388.440277 23.841308 0.016947
2458388.933344 23.867185 0.017356
2458389.426411 23.832429 0.016809
2458389.930005 23.831595 0.016796
2458390.423072 23.837111 0.016882
2458390.916139 23.813736 0.016522
2458391.419732 23.846367 0.017026
2458391.912800 23.838452 0.016903
2458392.405867 23.873925 0.017464
2458392.909460 23.798427 0.016291
2458393.402527 23.778399 0.015993
2458393.895594 23.834433 0.016840
2458394.399188 23.814228 0.016530
2458394.892255 23.799560 0.016308
2458395.385322 23.822959 0.016663
2458395.888916 23.827269 0.016730
2458396.381983 23.809480 0.016458
2458396.875050 23.822794 0.016661
2458397.378644 23.783491 0.016068
2458397.871711 23.819656 0.016613
2458398.364778 23.826439 0.016717
2458398.868371 23.878790 0.017543
2458399.361438 23.843835 0.016987
2458399.854506 23.799075 0.016301
2458400.358099 23.846705 0.017032
2458400.851166 23.808500 0.016443
2458401.344233 23.805566 0.016399
2458401.847827 23.827102 0.016727
2458402.340894 23.831762 0.016799
2458402.833961 23.835436 0.016856
2458403.337555 23.827269 0.016730
2458403.830622 23.864604 0.017315
2458404.323689 23.814392 0.016532
2458404.827282 23.832429 0.016809
2458405.320350 23.790532 0.016173
2458405.813417 23.829762 0.016768
2458406.317010 23.800370 0.016320
2458406.810077 23.823290 0.016668
2458407.303144 23.815541 0.016550
2458407.806738 23.808174 0.016438
2458408.299805 23.834433 0.016840
2458408.792872 23.827269 0.016730
2458409.296466 23.825443 0.016702
2458409.789533 23.830262 0.016776
2458410.282600 23.833597 0.016827
2458410.786194 23.810134 0.016468
2458411.279261 23.833932 0.016833
2458411.772328 23.806380 0.016411
2458412.275921 23.823456 0.016671
2458412.768988 23.846874 0.017034
2458413.262056 23.813408 0.016517
2458413.765649 23.787486 0.016128
2458414.258716 23.832763 0.016814
2458414.751783 23.829263 0.016760
2458415.255377 23.846705 0.017032
2458415.748444 23.807847 0.016433
2458416.241511 23.832763 0.016814
2458416.745105 23.809317 0.016455
2458417.238172 23.824449 0.016686
2458417.731239 23.813080 0.016512
2458418.234832 23.854851 0.017160
2458526.481367 23.792621 0.016204
2458526.984960 23.821472 0.016641
2458527.478027 23.814720 0.016537
2458527.971094 23.825609 0.016704
2458528.474688 23.812752 0.016507
2458528.967755 23.830928 0.016786
2458529.460822 23.791978 0.016195
2458529.964416 23.798266 0.016289
2458530.457483 23.840636 0.016937
2458530.950550 23.804915 0.016389
2458531.454144 23.832262 0.016807
2458531.947211 23.820976 0.016633
2458532.440278 23.834767 0.016846
2458532.943871 23.834099 0.016835
2458533.436938 23.820646 0.016628
2458533.930006 23.834433 0.016840
2458534.433599 23.800046 0.016315
2458534.926666 23.829430 0.016763
2458535.419733 23.818008 0.016588
2458535.923327 23.846536 0.017029
2458536.416394 23.832596 0.016812
2458536.909461 23.814556 0.016535
2458537.413055 23.833932 0.016833
2458537.906122 23.828265 0.016745
2458538.399189 23.794876 0.016238
2458538.902782 23.847382 0.017042
2458539.395850 23.812752 0.016507
2458539.888917 23.818338 0.016593
2458540.392510 23.797781 0.016281
2458540.885577 23.836776 0.016877
2458541.378644 23.837446 0.016887
2458541.882238 23.811933 0.016495
2458542.375305 23.824449 0.016686
2458542.868372 23.798589 0.016293
2458543.371966 23.789409 0.016156
2458543.865033 23.811933 0.016495
2458544.358100 23.821802 0.016646
2458544.861694 23.808500 0.016443
2458545.354761 23.805729 0.016401
2458545.847828 23.801504 0.016337
2458546.351421 23.829097 0.016758
2458546.844488 23.789890 0.016163
2458547.337556 23.816692 0.016567
2458547.841149 23.830262 0.016776
2458548.334216 23.809643 0.016460
2458548.827283 23.830095 0.016773
2458549.330877 23.787807 0.016132
2458549.823944 23.858776 0.017222
2458550.317011 23.814885 0.016540
2458550.820605 23.831928 0.016802
2458551.313672 23.841982 0.016958
2458551.806739 23.835938 0.016864
2458552.310332 23.827102 0.016727
2458552.803400 23.814720 0.016537
2458553.296467 23.779193 0.016005
2458553.800060 23.782057 0.016047
2458554.293127 23.841140 0.016945
2458554.786194 23.803452 0.016367
2458555.289788 23.816528 0.016565
2458555.782855 23.838788 0.016908
2458556.275922 23.825775 0.016707
2458556.779516 23.823787 0.016676
2458557.272583 23.822959 0.016663
2458557.765650 23.812097 0.016497
2458558.269244 23.822794 0.016661
2458558.762311 23.791657 0.016190
2458559.255378 23.801667 0.016340
2458559.758971 23.804590 0.016384
2458560.252038 23.845185 0.017008
2458560.745106 23.787006 0.016121
2458561.248699 23.831595 0.016796
2458561.741766 23.820481 0.016625
2458562.234833 23.844509 0.016997
2458562.738427 23.827435 0.016732
2458563.231494 23.835102 0.016851
2458563.724561 23.838956 0.016911
2458564.228155 23.820976 0.016633
2458564.721222 23.843160 0.016976
2458565.214289 23.813244 0.016515
2458565.717882 23.819821 0.016615
2458566.210950 23.818173 0.016590
2458566.704017 23.805892 0.016403
2458567.207610 23.812588 0.016505
2458567.700677 23.806380 0.016411
2458568.193744 23.840804 0.016939
2458568.697338 23.809643 0.016460
2458569.190405 23.814885 0.016540
2458569.683472 23.791014 0.016180
2458570.187066 23.824615 0.016689
2458570.680133 23.802965 0.016359
2458571.173200 23.821472 0.016641
2458571.676794 23.809317 0.016455
2458572.169861 23.847212 0.017040
2458572.662928 23.805241 0.016394
2458573.166521 23.832095 0.016804
2458573.659588 23.826604 0.016719
2458574.152656 23.816199 0.016560
2458574.656249 23.784289 0.016080
2458575.149316 23.801829 0.016342
2458575.642383 23.832763 0.016814
2458576.145977 23.822463 0.016656
2458576.639044 23.851110 0.017101
2458577.132111 23.824449 0.016686
2458577.635705 23.811115 0.016483
2458578.128772 23.816692 0.016567
2458578.621839 23.806869 0.016418
2458579.125432 23.797619 0.016279
2458579.618500 23.796327 0.016260
2458580.111567 23.824283 0.016684
2458580.615160 23.809317 0.016455
2458581.108227 23.825775 0.016707
2458581.601294 23.837446 0.016887
2458582.104888 23.821802 0.016646
2458582.597955 23.810297 0.016470
2458583.091022 23.833764 0.016830
2458583.594616 23.787807 0.016132
2458584.087683 23.815541 0.016550
2458584.580750 23.853489 0.017139
2458585.084344 23.824946 0.016694
2458585.577411 23.828099 0.016742
2458586.070478 23.826936 0.016724
2458586.574071 23.829929 0.016771
2458587.067138 23.830095 0.016773
2458587.560206 23.816692 0.016567
2458588.063799 23.804265 0.016379
2458588.556866 23.823787 0.016676
2458589.049933 23.809643 0.016460
2458589.553527 23.830095 0.016773
2458590.046594 23.805729 0.016401
2458590.539661 23.830762 0.016784
2458591.043255 23.829263 0.016760
2458591.536322 23.815049 0.016542
2458592.029389 23.815377 0.016547
2458592.532982 23.840804 0.016939
2458593.026050 23.824283 0.016684
2458593.519117 23.821307 0.016638
2458594.022710 23.807521 0.016428
2458594.515777 23.845353 0.017011
2458595.008844 23.836776 0.016877
2458595.512438 23.802153 0.016347
2458596.005505 23.825443 0.016702
2458596.498572 23.794231 0.016228
2458597.002166 23.846874 0.017034
2458597.495233 23.804753 0.016386
2458597.988300 23.803940 0.016374
2458712.204272 23.809970 0.016465
2458712.697339 23.808500 0.016443
2458713.200932 23.830928 0.016786
2458713.694000 23.834600 0.016843
2458714.187067 23.804753 0.016386
2458714.690660 23.830095 0.016773
2458715.183727 23.792782 0.016207
2458715.676794 23.836776 0.016877
2458716.180388 23.811770 0.016492
2458716.673455 23.829430 0.016763
2458717.166522 23.822298 0.016653
2458717.670116 23.824615 0.016689
2458718.163183 23.807032 0.016421
2458718.656250 23.826439 0.016717
2458719.159844 23.840972 0.016942
2458719.652911 23.815706 0.016552
2458720.145978 23.824780 0.016691
2458720.649571 23.849753 0.017080
2458721.142638 23.824118 0.016681
2458721.635706 23.822298 0.016653
2458722.139299 23.797135 0.016272
2458722.632366 23.799560 0.016308
2458723.125433 23.818008 0.016588
2458723.629027 23.849583 0.017077
2458724.122094 23.836776 0.016877
2458724.615161 23.818997 0.016603
2458725.118755 23.829263 0.016760
2458725.611822 23.807847 0.016433
2458726.104889 23.829263 0.016760
2458726.608482 23.817844 0.016585
2458727.101550 23.844678 0.017000
2458727.594617 23.812261 0.016500
2458728.098210 23.810624 0.016475
2458728.591277 23.821472 0.016641
2458729.084344 23.801342 0.016335
2458729.587938 23.814556 0.016535
2458730.081005 23.820646 0.016628
2458730.574072 23.823290 0.016668
2458731.077666 23.815706 0.016552
2458731.570733 23.805078 0.016391
2458732.063800 23.792782 0.016207
2458732.567394 23.822298 0.016653
2458733.060461 23.819327 0.016608
2458733.553528 23.830095 0.016773
2458734.057121 23.830928 0.016786
2458734.550188 23.808990 0.016450
2458735.043256 23.858092 0.017211
2458735.546849 23.830762 0.016784
2458736.039916 23.826107 0.016712
2458736.532983 23.812097 0.016497
2458737.036577 23.821141 0.016635
2458737.529644 23.797942 0.016284
2458738.022711 23.816363 0.016562
2458738.526305 23.833597 0.016827
2458739.019372 23.841645 0.016953
2458739.512439 23.809807 0.016463
2458740.016032 23.785407 0.016097
2458740.509100 23.805892 0.016403
2458741.002167 23.828764 0.016753
2458741.505760 23.815213 0.016545
2458741.998827 23.839795 0.016924
2458742.491894 23.844847 0.017003
2458742.995488 23.814064 0.016527
2458743.488555 23.839963 0.016926
2458743.981622 23.812425 0.016502
2458744.485216 23.829762 0.016768
2458744.978283 23.820976 0.016633
2458745.471350 23.827269 0.016730
2458745.974944 23.851789 0.017112
2458746.468011 23.835102 0.016851
2458746.961078 23.848905 0.017066
2458747.464671 23.784609 0.016085
2458747.957738 23.825278 0.016699
2458748.450806 23.811442 0.016488
2458748.954399 23.831095 0.016789
2458749.447466 23.817844 0.016585
2458749.940533 23.837278 0.016885
2458750.444127 23.803615 0.016369
2458750.937194 23.852469 0.017122
2458751.430261 23.825775 0.016707
2458751.933855 23.811770 0.016492
2458752.426922 23.842150 0.016960
2458752.919989 23.816692 0.016567
2458753.423582 23.828432 0.016748
2458753.916650 23.845860 0.017019
2458754.409717 23.827269 0.016730
2458754.913310 23.809480 0.016458
2458755.406377 23.826273 0.016714
2458755.899444 23.839124 0.016913
2458756.403038 23.824283 0.016684
2458756.896105 23.810624 0.016475
2458757.389172 23.836776 0.016877
2458757.892766 23.820976 0.016633
2458758.385833 23.799560 0.016308
2458758.878900 23.817186 0.016575
2458759.382494 23.810297 0.016470
2458759.875561 23.811115 0.016483
2458760.368628 23.820976 0.016633
2458760.872221 23.833932 0.016833
2458761.365288 23.805078 0.016391
2458761.858356 23.832596 0.016812
2458762.361949 23.821967 0.016648
2458762.855016 23.817844 0.016585
2458763.348083 23.799075 0.016301
2458763.851677 23.840972 0.016942
2458764.344744 23.824780 0.016691
2458764.837811 23.794553 0.016233
2458765.341405 23.852299 0.017120
2458765.834472 23.822463 0.016656
2458766.327539 23.838285 0.016900
2458766.831132 23.831762 0.016799
2458767.324200 23.821637 0.016643
2458767.817267 23.842992 0.016974
2458768.320860 23.825112 0.016696
2458768.813927 23.796489 0.016262
2458769.306994 23.811279 0.016485
2458769.810588 23.816363 0.016562
2458770.303655 23.806543 0.016413
2458770.796722 23.816692 0.016567
2458771.300316 23.818503 0.016595
2458771.793383 23.818503 0.016595
2458772.286450 23.809970 0.016465
2458772.790044 23.803452 0.016367
2458773.283111 23.828930 0.016755
2458773.776178 23.802965 0.016359
2458774.279771 23.829929 0.016771
2458774.772838 23.818997 0.016603
2458775.265906 23.791817 0.016192
2458775.769499 23.821637 0.016643
2458776.262566 23.812588 0.016505
2458776.755633 23.808174 0.016438
2458777.259227 23.818338 0.016593
2458777.752294 23.825443 0.016702
2458778.245361 23.818338 0.016593
2458778.748955 23.829762 0.016768
2458779.242022 23.808174 0.016438
2458779.735089 23.779193 0.016005
2458780.238682 23.822298 0.016653
2458780.731750 23.841140 0.016945
2458781.224817 23.862200 0.017277
2458781.728410 23.804102 0.016376
2458782.221477 23.795521 0.016248
2458782.714544 23.830928 0.016786
2458783.218138 23.818173 0.016590
2458783.711205 23.834099 0.016835
2459622.427944 23.814720 0.016537
2459622.921011 23.814228 0.016530
2459623.424605 23.835102 0.016851
2459623.917672 23.818173 0.016590
2459624.410739 23.829097 0.016758
2459624.914332 23.830428 0.016778
2459625.407400 23.838956 0.016911
2459625.900467 23.817021 0.016572
2459626.404060 23.823456 0.016671
2459626.897127 23.818503 0.016595
2459627.390194 23.811770 0.016492
2459627.893788 23.802478 0.016352
2459628.386855 23.810788 0.016478
2459628.879922 23.819821 0.016615
2459629.383516 23.802478 0.016352
2459629.876583 23.798751 0.016296
2459630.369650 23.828265 0.016745
2459630.873244 23.823456 0.016671
2459631.366311 23.816199 0.016560
2459631.859378 23.817515 0.016580
2459632.362971 23.832429 0.016809
2459632.856038 23.837278 0.016885
2459633.349106 23.857580 0.017203
2459633.852699 23.819821 0.016615
2459634.345766 23.832429 0.016809
2459634.838833 23.806869 0.016418
2459635.342427 23.833597 0.016827
2459635.835494 23.807358 0.016426
2459636.328561 23.821472 0.016641
2459636.832155 23.816363 0.016562
2459637.325222 23.818667 0.016598
2459637.818289 23.842992 0.016974
2459638.321882 23.829430 0.016763
2459638.814950 23.863916 0.017304
2459639.308017 23.824780 0.016691
2459639.811610 23.809480 0.016458
2459640.304677 23.841645 0.016953
2459640.797744 23.815541 0.016550
2459641.301338 23.824118 0.016681
2459641.794405 23.837111 0.016882
2459642.287472 23.824118 0.016681
2459642.791066 23.843666 0.016984
2459643.284133 23.832929 0.016817
2459643.777200 23.802316 0.016350
2459644.280794 23.805241 0.016394
2459644.773861 23.818503 0.016595
2459645.266928 23.816692 0.016567
2459645.770521 23.820481 0.016625
2459646.263588 23.814885 0.016540
2459646.756656 23.807847 0.016433
2459647.260249 23.853659 0.017141
2459647.753316 23.820481 0.016625
2459648.246383 23.830595 0.016781
2459648.749977 23.822133 0.016651
2459649.243044 23.825941 0.016709
2459649.736111 23.827601 0.016735
2459650.239705 23.823456 0.016671
2459650.732772 23.831595 0.016796
2459651.225839 23.826439 0.016717
2459651.729432 23.834600 0.016843
2459652.222500 23.813080 0.016512
2459652.715567 23.830262 0.016776
2459653.219160 23.810461 0.016473
2459653.712227 23.814064 0.016527
2459654.205294 23.810461 0.016473
2459654.708888 23.809480 0.016458
2459655.201955 23.825278 0.016699
2459655.695022 23.789249 0.016154
2459656.198616 23.824449 0.016686
2459656.691683 23.845353 0.017011
2459657.184750 23.806218 0.016408
2459657.688344 23.815706 0.016552
2459658.181411 23.821307 0.016638
2459658.674478 23.813900 0.016525
2459659.178071 23.818667 0.016598
2459659.671138 23.839460 0.016919
2459660.164206 23.831428 0.016794
2459660.667799 23.786046 0.016106
2459661.160866 23.827102 0.016727
2459661.653933 23.817844 0.016585
2459662.157527 23.838788 0.016908
2459662.650594 23.826770 0.016722
2459663.143661 23.826770 0.016722
2459663.647255 23.809153 0.016453
2459664.140322 23.817350 0.016577
2459664.633389 23.795198 0.016243
2459665.136982 23.813244 0.016515
2459665.630050 23.829097 0.016758
2459666.123117 23.819491 0.016610
2459666.626710 23.800694 0.016325
2459667.119777 23.814885 0.016540
2459667.612844 23.824615 0.016689
2459668.116438 23.814228 0.016530
2459668.609505 23.832262 0.016807
2459669.102572 23.837781 0.016892
2459669.606166 23.846874 0.017034
2459670.099233 23.809153 0.016453
2459670.592300 23.819162 0.016605
2459671.095894 23.839963 0.016926
2459671.588961 23.821141 0.016635
2459672.082028 23.835436 0.016856
2459672.585621 23.815870 0.016555
2459673.078688 23.823456 0.016671
2459673.571756 23.808011 0.016435
2459674.075349 23.808011 0.016435
2459674.568416 23.814392 0.016532
2459675.061483 23.797942 0.016284
2459675.565077 23.802316 0.016350
2459676.058144 23.822298 0.016653
2459676.551211 23.826936 0.016724
2459677.054805 23.849075 0.017069
2459677.547872 23.803127 0.016362
2459678.040939 23.805892 0.016403
2459678.544532 23.851279 0.017104
2459679.037600 23.773015 0.015914
2459679.530667 23.848397 0.017058
2459680.034260 23.835604 0.016859
2459680.527327 23.823952 0.016679
2459681.020394 23.811279 0.016485
2459681.523988 23.822133 0.016651
2459682.017055 23.834099 0.016835
2459682.510122 23.817515 0.016580
2459683.013716 23.834433 0.016840
2459683.506783 23.808500 0.016443
2459683.999850 23.799884 0.016313
2459684.503444 23.824283 0.016684
2459684.996511 23.832929 0.016817
2459685.489578 23.794714 0.016235
2459685.993171 23.824615 0.016689
2459686.486238 23.816034 0.016557
2459686.979306 23.818997 0.016603
2459687.482899 23.854851 0.017160
2459687.975966 23.821967 0.016648
2459688.469033 23.821141 0.016635
2459688.972627 23.841140 0.016945
2459689.465694 23.826770 0.016722
2459689.958761 23.801991 0.016345
2459690.462355 23.803452 0.016367
2459690.955422 23.830595 0.016781
2459691.448489 23.823952 0.016679
2459691.952082 23.837446 0.016887
2459692.445150 23.790853 0.016178
2459692.938217 23.804753 0.016386
2459693.441810 23.815049 0.016542
2459693.934877 23.816528 0.016565
2459807.647256 23.831261 0.016791
2459808.150849 23.813736 0.016522
2459808.643916 23.841477 0.016950
2459809.136983 23.824615 0.016689
2459809.640577 23.789409 0.016156
2459810.133644 23.841813 0.016955
2459810.626711 23.813244 0.016515
2459811.130305 23.842150 0.016960
2459811.623372 23.832929 0.016817
2459812.116439 23.837111 0.016882
2459812.620032 23.800208 0.016318
2459813.113100 23.820976 0.016633
2459813.606167 23.837446 0.016887
2459814.109760 23.820481 0.016625
2459814.602827 23.835771 0.016861
2459815.095894 23.834767 0.016846
2459815.599488 23.816528 0.016565
2459816.092555 23.836441 0.016872
2459816.585622 23.809970 0.016465
2459817.089216 23.817844 0.016585
2459817.582283 23.812588 0.016505
2459818.075350 23.798589 0.016293
2459818.578944 23.817844 0.016585
2459819.072011 23.826107 0.016712
2459819.565078 23.826770 0.016722
2459820.068671 23.814885 0.016540
2459820.561738 23.809807 0.016463
2459821.054806 23.824449 0.016686
2459821.558399 23.805404 0.016396
2459822.051466 23.822463 0.016656
2459822.544533 23.803290 0.016364
2459823.048127 23.818503 0.016595
2459823.541194 23.836106 0.016866
2459824.034261 23.836441 0.016872
2459824.537855 23.799560 0.016308
2459825.030922 23.830595 0.016781
2459825.523989 23.865807 0.017334
2459826.027582 23.850261 0.017088
2459826.520650 23.832429 0.016809
2459827.013717 23.830095 0.016773
2459827.517310 23.824118 0.016681
2459828.010377 23.834600 0.016843
2459828.503444 23.813080 0.016512
2459829.007038 23.832763 0.016814
2459829.500105 23.823621 0.016674
2459829.993172 23.830928 0.016786
2459830.496766 23.842318 0.016963
2459830.989833 23.839795 0.016924
2459831.482900 23.805729 0.016401
2459831.986494 23.833263 0.016822
2459832.479561 23.832763 0.016814
2459832.972628 23.787807 0.016132
2459833.476221 23.832763 0.016814
2459833.969288 23.814720 0.016537
2459834.462356 23.826439 0.016717
2459834.965949 23.835102 0.016851
2459835.459016 23.806543 0.016413
2459835.952083 23.842992 0.016974
2459836.455677 23.807684 0.016431
2459836.948744 23.824946 0.016694
2459837.441811 23.817844 0.016585
2459837.945405 23.831928 0.016802
2459838.438472 23.838452 0.016903
2459838.931539 23.827269 0.016730
2459839.435132 23.811442 0.016488
2459839.928200 23.828764 0.016753
2459840.421267 23.842487 0.016966
2459840.924860 23.821472 0.016641
2459841.417927 23.845860 0.017019
2459841.910994 23.843498 0.016982
2459842.414588 23.839460 0.016919
2459842.907655 23.820151 0.016620
2459843.400722 23.831261 0.016791
2459843.904316 23.831595 0.016796
2459844.397383 23.800370 0.016320
2459844.890450 23.809643 0.016460
2459845.394044 23.779670 0.016012
2459845.887111 23.813244 0.016515
2459846.380178 23.818503 0.016595
2459846.883771 23.851110 0.017101
2459847.376838 23.814228 0.016530
2459847.869906 23.812588 0.016505
2459848.373499 23.828764 0.016753
2459848.866566 23.827933 0.016740
2459849.359633 23.808011 0.016435
2459849.863227 23.801342 0.016335
2459850.356294 23.814885 0.016540
2459850.849361 23.818173 0.016590
2459851.352955 23.843666 0.016984
2459851.846022 23.812916 0.016510
2459852.339089 23.816034 0.016557
2459852.842682 23.809643 0.016460
2459853.335750 23.831261 0.016791
2459853.828817 23.801991 0.016345
2459854.332410 23.792782 0.016207
2459854.825477 23.824449 0.016686
2459855.318544 23.831428 0.016794
2459855.822138 23.828432 0.016748
2459856.315205 23.841140 0.016945
2459856.808272 23.807521 0.016428
2459857.311866 23.824283 0.016684
2459857.804933 23.827767 0.016737
2459858.298000 23.823952 0.016679
2459858.801594 23.814885 0.016540
2459859.294661 23.858947 0.017225
2459859.787728 23.812425 0.016502
2459860.291321 23.799722 0.016310
2459860.784388 23.825112 0.016696
2459861.277456 23.829596 0.016766
2459861.781049 23.787326 0.016125
2459862.274116 23.826107 0.016712
2459862.767183 23.812261 0.016500
2459863.270777 23.830762 0.016784
2459863.763844 23.828432 0.016748
2459864.256911 23.810624 0.016475
2459864.760505 23.828432 0.016748
2459865.253572 23.815213 0.016545
2459865.746639 23.814392 0.016532
2459866.250232 23.862715 0.017285
2459866.743300 23.811279 0.016485
2459867.236367 23.776654 0.015968
2459867.739960 23.847043 0.017037
2459868.233027 23.824615 0.016689
2459868.726094 23.828099 0.016742
2459869.229688 23.815541 0.016550
2459869.722755 23.816034 0.016557
2459870.215822 23.856726 0.017190
2459870.719416 23.817021 0.016572
2459871.212483 23.836106 0.016866
2459871.705550 23.797458 0.016277
2459872.209144 23.822629 0.016658
2459872.702211 23.828930 0.016755
2459873.195278 23.860315 0.017247
2459873.698871 23.828930 0.016755
2459874.191938 23.808663 0.016445
2459874.685006 23.850431 0.017090
2459875.188599 23.841308 0.016947
2459875.681666 23.811770 0.016492
2459876.174733 23.829596 0.016766
2459876.678327 23.821637 0.016643
2459877.171394 23.799398 0.016306
2459877.664461 23.831261 0.016791
2459878.168055 23.829430 0.016763
2459878.661122 23.827102 0.016727
2459879.154189 23.845353 0.017011
2459987.411250 23.853489 0.017139
2459987.904317 23.820316 0.016623
2459988.407910 23.851110 0.017101
2459988.900977 23.826107 0.016712
2459989.394044 23.826604 0.016719
2459989.897638 23.787967 0.016135
2459990.390705 23.844678 0.017000
2459990.883772 23.818008 0.016588
2459991.387366 23.809643 0.016460
2459991.880433 23.801180 0.016332
2459992.373500 23.840300 0.016932
2459992.877094 23.837111 0.016882
2459993.370161 23.814064 0.016527
2459993.863228 23.840804 0.016939
2459994.366821 23.838285 0.016900
2459994.859888 23.810134 0.016468
2459995.352956 23.812261 0.016500
2459995.856549 23.834935 0.016848
2459996.349616 23.822463 0.016656
2459996.842683 23.831095 0.016789
2459997.346277 23.821472 0.016641
2459997.839344 23.809643 0.016460
2459998.332411 23.802478 0.016352
2459998.836005 23.808500 0.016443
2459999.329072 23.825112 0.016696
2459999.822139 23.798427 0.016291
2460000.325732 23.825112 0.016696
2460000.818800 23.824946 0.016694
2460001.311867 23.803127 0.016362
2460001.815460 23.803127 0.016362
2460002.308527 23.810951 0.016480
2460002.801594 23.811933 0.016495
2460003.305188 23.840804 0.016940
2460003.798255 23.858092 0.017211
2460004.291322 23.841308 0.016947
2460004.794916 23.839627 0.016921
2460005.287983 23.809480 0.016458
2460005.781050 23.833263 0.016822
2460006.284644 23.816034 0.016558
2460006.777711 23.807847 0.016433
2460007.270778 23.848228 0.017056
2460007.774371 23.806218 0.016409
2460008.267438 23.837446 0.016888
2460008.760506 23.818008 0.016588
2460009.264099 23.840636 0.016938
2460009.757166 23.793104 0.016212
2460010.250233 23.785887 0.016105
2460010.753827 23.810134 0.016470
2460011.246894 23.815706 0.016555
2460011.739961 23.779829 0.016018
2460012.243555 23.803940 0.016379
2460012.736622 23.833430 0.016833
2460013.229689 23.837111 0.016894
2460013.733282 23.784928 0.016108
2460014.226350 23.799884 0.016344
2460014.719417 23.808990 0.016505
2460015.223010 23.787807 0.016234
2460015.716077 23.838285 0.017114
2460016.209144 23.713539 0.015488
2460016.712738 23.620302 0.014723
2460017.205805 23.623326 0.014842
2460017.698872 23.738194 0.015902
2460018.202466 23.760450 0.015951
2460018.695533 23.815049 0.016656
2460019.188600 23.793426 0.016275
2460019.692194 23.812588 0.016539
2460020.185261 23.788608 0.016164
2460020.678328 23.825941 0.016722
2460021.181921 23.804915 0.016397
2460021.674988 23.824118 0.016687
2460022.168056 23.825775 0.016711
2460022.671649 23.819986 0.016621
2460023.164716 23.816034 0.016559
2460023.657783 23.816528 0.016566
2460024.161377 23.816034 0.016559
2460024.654444 23.817186 0.016576
2460025.147511 23.817844 0.016586
2460025.651105 23.812097 0.016498
2460026.144172 23.808990 0.016451
2460026.637239 23.827601 0.016735
2460027.140832 23.830262 0.016776
2460027.633900 23.820976 0.016633
2460028.126967 23.848228 0.017056
2460028.630560 23.821967 0.016648
2460029.123627 23.824118 0.016681
2460029.616694 23.827767 0.016737
2460030.120288 23.819656 0.016613
2460030.613355 23.831762 0.016799
2460031.106422 23.830262 0.016776
2460031.610016 23.844341 0.016995
2460032.103083 23.865980 0.017337
2460032.596150 23.800694 0.016325
2460033.099744 23.857921 0.017209
2460033.592811 23.833764 0.016830
2460034.085878 23.827601 0.016735
2460034.589471 23.803452 0.016367
2460035.082538 23.830095 0.016773
2460035.575606 23.833096 0.016820
2460036.079199 23.816857 0.016570
2460036.572266 23.793265 0.016214
2460037.065333 23.824615 0.016689
2460037.568927 23.834433 0.016840
2460038.061994 23.812097 0.016497
2460038.555061 23.813572 0.016520
2460039.058655 23.812916 0.016510
2460039.551722 23.804753 0.016386
2460040.044789 23.799884 0.016313
2460040.548382 23.840636 0.016937
2460041.041450 23.815870 0.016555
2460041.534517 23.808337 0.016440
2460042.038110 23.818008 0.016588
2460042.531177 23.830262 0.016776
2460043.024244 23.801018 0.016330
2460043.527838 23.809317 0.016455
2460044.020905 23.807521 0.016428
2460044.513972 23.826604 0.016719
2460045.017566 23.820976 0.016633
2460045.510633 23.833096 0.016820
2460046.003700 23.808500 0.016443
2460046.507294 23.828099 0.016742
2460047.000361 23.843160 0.016976
2460047.493428 23.830595 0.016781
2460047.997021 23.813408 0.016517
2460048.490088 23.815541 0.016550
2460048.983156 23.799560 0.016308
2460049.486749 23.810461 0.016473
2460049.979816 23.815541 0.016550
2460050.472883 23.815870 0.016555
2460050.976477 23.805241 0.016394
2460051.469544 23.826439 0.016717
2460051.962611 23.830095 0.016773
2460052.466205 23.816363 0.016562
2460052.959272 23.806869 0.016418
2460053.452339 23.812916 0.016510
2460053.955932 23.817186 0.016575
2460054.449000 23.809643 0.016460
2460054.942067 23.803777 0.016372
2460055.445660 23.825609 0.016704
2460055.938727 23.850261 0.017088
2460056.431794 23.824118 0.016681
2460056.935388 23.816034 0.016557
2460057.428455 23.810461 0.016473
2460057.921522 23.846198 0.017024
2460058.425116 23.816363 0.016562
2460058.918183 23.826604 0.016719
