2458346.727899 22.003465 0.006278
2458347.220966 21.992315 0.006214
2458347.714033 22.004293 0.006283
2458348.217627 22.002669 0.006273
2458348.710694 21.994902 0.006229
2458349.203761 22.004388 0.006283
2458349.707355 22.014762 0.006344
2458350.200422 21.997432 0.006243
2458350.693489 21.996040 0.006235
2458351.197082 22.010139 0.006317
2458351.690150 21.993828 0.006223
2458352.183217 22.003465 0.006278
2458352.686810 21.997749 0.006245
2458353.179877 21.993324 0.006220
2458353.672944 22.006845 0.006298
2458354.176538 21.994870 0.006229
2458354.669605 21.996704 0.006239
2458355.162672 21.998446 0.006249
2458355.666266 22.000920 0.006263
2458356.159333 22.010524 0.006319
2458356.652400 22.007036 0.006299
2458357.155994 22.006909 0.006298
2458357.649061 21.990583 0.006204
2458358.142128 22.001047 0.006264
2458358.645721 22.008859 0.006309
2458359.138788 21.998826 0.006251
2458359.631856 22.003274 0.006277
2458360.135449 22.005504 0.006290
2458360.628516 22.006430 0.006295
2458361.121583 22.008187 0.006305
2458361.625177 22.003019 0.006275
2458362.118244 22.006302 0.006294
2458362.611311 22.007132 0.006299
2458363.114905 21.997749 0.006245
2458363.607972 21.996324 0.006237
2458364.101039 22.005727 0.006291
2458364.604632 21.999968 0.006258
2458365.097700 21.991338 0.006208
2458365.590767 21.995692 0.006233
2458366.094360 22.003146 0.006276
2458366.587427 22.000000 0.006258
2458367.080494 21.991212 0.006208
2458367.584088 22.007036 0.006299
2458368.077155 22.004548 0.006284
2458368.570222 21.997432 0.006243
2458369.073816 21.995502 0.006232
2458369.566883 22.006589 0.006296
2458370.059950 21.999365 0.006254
2458370.563544 22.002287 0.006271
2458371.056611 22.008731 0.006309
2458371.549678 22.007388 0.006301
2458372.053271 22.013701 0.006338
2458372.546338 21.998224 0.006248
2458373.039406 22.008219 0.006306
2458373.542999 21.983152 0.006162
2458374.036066 21.995313 0.006231
2458374.529133 22.001588 0.006267
2458375.032727 22.007643 0.006302
2458375.525794 22.004994 0.006287
2458376.018861 22.007292 0.006300
2458376.522455 21.995945 0.006235
2458377.015522 21.999080 0.006253
2458377.508589 22.001619 0.006267
2458378.012182 21.999397 0.006255
2458378.505250 22.005249 0.006288
2458378.998317 21.996957 0.006241
2458379.501910 21.996229 0.006236
2458379.994977 22.004994 0.006287
2458380.488044 22.010043 0.006316
2458380.991638 21.994554 0.006227
2458381.484705 22.009275 0.006312
2458381.977772 21.990866 0.006206
2458382.481366 22.004388 0.006283
2458382.974433 22.000825 0.006263
2458383.467500 21.994870 0.006229
2458383.971094 21.996103 0.006236
2458384.464161 22.000825 0.006263
2458384.957228 22.005759 0.006291
2458385.460821 21.998224 0.006248
2458385.953888 21.990520 0.006204
2458386.446956 21.993040 0.006218
2458386.950549 21.994618 0.006227
2458387.443616 22.004516 0.006284
2458387.936683 22.004484 0.006284
2458388.440277 22.000793 0.006263
2458388.933344 22.008731 0.006309
2458389.426411 22.003083 0.006276
2458389.930005 21.996862 0.006240
2458390.423072 22.000254 0.006260
2458390.916139 22.002701 0.006274
2458391.419732 21.994681 0.006227
2458391.912800 21.996831 0.006240
2458392.405867 22.002383 0.006272
2458392.909460 22.001683 0.006268
2458393.402527 22.005058 0.006287
2458393.895594 22.002573 0.006273
2458394.399188 22.005887 0.006292
2458394.892255 21.997115 0.006241
2458395.385322 22.007867 0.006304
2458395.888916 22.002192 0.006271
2458396.381983 22.004388 0.006283
2458396.875050 22.000349 0.006260
2458397.378644 22.003433 0.006278
2458397.871711 22.004038 0.006281
2458398.364778 21.991149 0.006207
2458398.868371 21.999841 0.006257
2458399.361438 22.003274 0.006277
2458399.854506 21.999460 0.006255
2458400.358099 22.002128 0.006270
2458400.851166 22.004707 0.006285
2458401.344233 21.994460 0.006226
2458401.847827 22.003879 0.006280
2458402.340894 22.003656 0.006279
2458402.833961 21.997685 0.006245
2458403.337555 22.000603 0.006262
2458403.830622 22.008475 0.006307
2458404.323689 21.991118 0.006207
2458404.827282 22.007739 0.006303
2458405.320350 22.000508 0.006261
2458405.813417 22.004643 0.006285
2458406.317010 22.005472 0.006290
2458406.810077 21.999682 0.006256
2458407.303144 22.001206 0.006265
2458407.806738 21.991181 0.006207
2458408.299805 22.006174 0.006294
2458408.792872 22.007803 0.006303
2458409.296466 21.997337 0.006243
2458409.789533 21.994365 0.006226
2458410.282600 21.992126 0.006213
2458410.786194 22.010684 0.006320
2458411.279261 21.995439 0.006232
2458411.772328 22.002065 0.006270
2458412.275921 21.997970 0.006246
2458412.768988 22.005759 0.006291
2458413.262056 21.989985 0.006201
2458413.765649 21.993955 0.006223
2458414.258716 22.001810 0.006268
2458414.751783 22.004930 0.006287
2458415.255377 21.995186 0.006230
2458415.748444 22.012930 0.006333
2458416.241511 21.995913 0.006235
2458416.745105 22.002637 0.006273
2458417.238172 22.000000 0.006258
2458417.731239 21.998160 0.006247
2458418.234832 21.993324 0.006220
2458526.481367 22.005536 0.006290
2458526.984960 21.998763 0.006251
2458527.478027 21.997052 0.006241
2458527.971094 22.006462 0.006295
2458528.474688 22.006302 0.006294
2458528.967755 22.001206 0.006265
2458529.460822 22.002351 0.006272
2458529.964416 21.988226 0.006191
2458530.457483 21.998636 0.006250
2458530.950550 22.008155 0.006305
2458531.454144 22.005217 0.006288
2458531.947211 22.001461 0.006266
2458532.440278 22.010332 0.006318
2458532.943871 22.005919 0.006292
2458533.436938 22.004548 0.006284
2458533.930006 22.004261 0.006283
2458534.433599 21.999778 0.006257
2458534.926666 22.007388 0.006301
2458535.419733 22.002605 0.006273
2458535.923327 21.995882 0.006234
2458536.416394 22.003528 0.006278
2458536.909461 22.005855 0.006292
2458537.413055 21.998414 0.006249
2458537.906122 22.003146 0.006276
2458538.399189 21.995755 0.006234
2458538.902782 22.002701 0.006274
2458539.395850 21.986438 0.006180
2458539.888917 21.999524 0.006255
2458540.392510 22.010075 0.006316
2458540.885577 21.997210 0.006242
2458541.378644 21.998604 0.006250
2458541.882238 22.006557 0.006296
2458542.375305 21.997717 0.006245
2458542.868372 21.998889 0.006252
2458543.371966 22.008475 0.006307
2458543.865033 22.017113 0.006357
2458544.358100 21.999111 0.006253
2458544.861694 22.005759 0.006291
2458545.354761 22.001524 0.006267
2458545.847828 22.002923 0.006275
2458546.351421 21.999936 0.006258
2458546.844488 22.011903 0.006327
2458547.337556 21.999048 0.006253
2458547.841149 22.010139 0.006317
2458548.334216 22.000127 0.006259
2458548.827283 21.998858 0.006251
2458549.330877 22.007548 0.006302
2458549.823944 21.990489 0.006203
2458550.317011 22.001588 0.006267
2458550.820605 22.013348 0.006335
2458551.313672 21.988948 0.006195
2458551.806739 22.000381 0.006260
2458552.310332 22.013283 0.006335
2458552.803400 21.999111 0.006253
2458553.296467 21.995660 0.006233
2458553.800060 21.991149 0.006207
2458554.293127 22.010492 0.006319
2458554.786194 21.996419 0.006237
2458555.289788 22.000698 0.006262
2458555.782855 22.006621 0.006296
2458556.275922 21.993955 0.006223
2458556.779516 22.005600 0.006290
2458557.272583 21.996862 0.006240
2458557.765650 22.003719 0.006280
2458558.269244 22.005823 0.006292
2458558.762311 22.001238 0.006265
2458559.255378 22.007324 0.006300
2458559.758971 21.992819 0.006217
2458560.252038 22.002033 0.006270
2458560.745106 22.001016 0.006264
2458561.248699 22.002287 0.006271
2458561.741766 22.004930 0.006287
2458562.234833 21.995692 0.006233
2458562.738427 21.998731 0.006251
2458563.231494 22.002065 0.006270
2458563.724561 21.997210 0.006242
2458564.228155 22.005472 0.006290
2458564.721222 22.003974 0.006281
2458565.214289 22.001270 0.006265
2458565.717882 21.998129 0.006247
2458566.210950 21.995692 0.006233
2458566.704017 22.003528 0.006278
2458567.207610 22.000349 0.006260
2458567.700677 22.007292 0.006300
2458568.193744 22.002701 0.006274
2458568.697338 21.997179 0.006242
2458569.190405 21.998414 0.006249
2458569.683472 22.002892 0.006275
2458570.187066 22.008187 0.006305
2458570.680133 22.000571 0.006261
2458571.173200 21.994965 0.006229
2458571.676794 21.996894 0.006240
2458572.169861 21.996704 0.006239
2458572.662928 22.004548 0.006284
2458573.166521 21.997210 0.006242
2458573.659588 22.007931 0.006304
2458574.152656 22.007164 0.006299
2458574.656249 21.992409 0.006214
2458575.149316 22.006621 0.006296
2458575.642383 22.002160 0.006271
2458576.145977 21.998034 0.006247
2458576.639044 21.999143 0.006253
2458577.132111 21.994491 0.006226
2458577.635705 21.988571 0.006193
2458578.128772 22.003401 0.006278
2458578.621839 21.997464 0.006243
2458579.125432 22.003019 0.006275
2458579.618500 22.007484 0.006301
2458580.111567 21.997084 0.006241
2458580.615160 22.008059 0.006305
2458581.108227 22.016275 0.006353
2458581.601294 21.995787 0.006234
2458582.104888 22.000285 0.006260
2458582.597955 21.996641 0.006239
2458583.091022 22.007004 0.006299
2458583.594616 22.002573 0.006273
2458584.087683 21.993229 0.006219
2458584.580750 22.012609 0.006331
2458585.084344 22.004994 0.006287
2458585.577411 21.998731 0.006251
2458586.070478 22.012159 0.006329
2458586.574071 22.005632 0.006291
2458587.067138 22.007452 0.006301
2458587.560206 22.006366 0.006295
2458588.063799 21.995439 0.006232
2458588.556866 22.003879 0.006280
2458589.049933 22.003592 0.006279
2458589.553527 22.004038 0.006281
2458590.046594 22.007132 0.006299
2458590.539661 22.013605 0.006337
2458591.043255 22.015631 0.006349
2458591.536322 21.994712 0.006228
2458592.029389 22.011678 0.006326
2458592.532982 22.004771 0.006286
2458593.026050 22.008251 0.006306
2458593.519117 21.990268 0.006202
2458594.022710 22.000984 0.006264
2458594.515777 22.001683 0.006268
2458595.008844 22.007867 0.006304
2458595.512438 21.992346 0.006214
2458596.005505 22.012769 0.006332
2458596.498572 22.001651 0.006268
2458597.002166 22.004070 0.006282
2458597.495233 22.007803 0.006303
2458597.988300 21.997749 0.006245
2458712.204272 22.010652 0.006320
2458712.697339 21.991622 0.006210
2458713.200932 21.997495 0.006244
2458713.694000 22.005696 0.006291
2458714.187067 21.990080 0.006201
2458714.690660 22.002319 0.006271
2458715.183727 21.998256 0.006248
2458715.676794 22.000793 0.006263
2458716.180388 22.000317 0.006260
2458716.673455 21.997717 0.006245
2458717.166522 22.009211 0.006311
2458717.670116 21.998604 0.006250
2458718.163183 22.005632 0.006291
2458718.656250 22.002478 0.006272
2458719.159844 21.998192 0.006248
2458719.652911 22.009787 0.006315
2458720.145978 21.999111 0.006253
2458720.649571 22.011197 0.006323
2458721.142638 22.000031 0.006258
2458721.635706 22.007036 0.006299
2458722.139299 22.002287 0.006271
2458722.632366 21.998509 0.006249
2458723.125433 21.997115 0.006241
2458723.629027 22.001619 0.006267
2458724.122094 22.002128 0.006270
2458724.615161 21.995660 0.006233
2458725.118755 22.012545 0.006331
2458725.611822 22.000190 0.006259
2458726.104889 22.007292 0.006300
2458726.608482 22.005185 0.006288
2458727.101550 21.998509 0.006249
2458727.594617 22.016404 0.006353
2458728.098210 22.006653 0.006297
2458728.591277 22.003910 0.006281
2458729.084344 21.997274 0.006242
2458729.587938 22.008795 0.006309
2458730.081005 21.991653 0.006210
2458730.574072 22.006813 0.006297
2458731.077666 22.001906 0.006269
2458731.570733 22.002637 0.006273
2458732.063800 22.004930 0.006287
2458732.567394 22.003146 0.006276
2458733.060461 21.995028 0.006229
2458733.553528 21.999238 0.006254
2458734.057121 21.997970 0.006246
2458734.550188 22.006909 0.006298
2458735.043256 22.000063 0.006258
2458735.546849 21.994365 0.006226
2458736.039916 22.003242 0.006277
2458736.532983 22.005090 0.006287
2458737.036577 22.005568 0.006290
2458737.529644 21.996799 0.006240
2458738.022711 22.001365 0.006266
2458738.526305 21.999270 0.006254
2458739.019372 22.004038 0.006281
2458739.512439 22.004611 0.006285
2458740.016032 21.998953 0.006252
2458740.509100 22.008091 0.006305
2458741.002167 21.992504 0.006215
2458741.505760 22.006047 0.006293
2458741.998827 22.004930 0.006287
2458742.491894 22.003656 0.006279
2458742.995488 22.012994 0.006333
2458743.488555 21.992409 0.006214
2458743.981622 22.004579 0.006285
2458744.485216 22.005472 0.006290
2458744.978283 22.000698 0.006262
2458745.471350 22.003879 0.006280
2458745.974944 22.001175 0.006265
2458746.468011 22.004516 0.006284
2458746.961078 22.010171 0.006317
2458747.464671 21.998921 0.006252
2458747.957738 21.990898 0.006206
2458748.450806 21.994333 0.006225
2458748.954399 21.989011 0.006195
2458749.447466 22.009179 0.006311
2458749.940533 22.012705 0.006332
2458750.444127 21.999746 0.006257
2458750.937194 21.993261 0.006219
2458751.430261 22.001175 0.006265
2458751.933855 22.001619 0.006267
2458752.426922 22.008891 0.006310
2458752.919989 21.992189 0.006213
2458753.423582 21.999651 0.006256
2458753.916650 21.998953 0.006252
2458754.409717 21.988948 0.006195
2458754.913310 22.009691 0.006314
2458755.406377 22.013958 0.006339
2458755.899444 22.011133 0.006323
2458756.403038 21.994049 0.006224
2458756.896105 22.000857 0.006263
2458757.389172 21.999714 0.006256
2458757.892766 22.008251 0.006306
2458758.385833 22.005887 0.006292
2458758.878900 21.996103 0.006236
2458759.382494 22.010716 0.006320
2458759.875561 22.007292 0.006300
2458760.368628 21.994365 0.006226
2458760.872221 22.002510 0.006273
2458761.365288 21.995155 0.006230
2458761.858356 21.989734 0.006199
2458762.361949 22.009595 0.006314
2458762.855016 22.006941 0.006298
2458763.348083 22.004261 0.006283
2458763.851677 21.998604 0.006250
2458764.344744 22.002955 0.006275
2458764.837811 22.001333 0.006266
2458765.341405 21.994207 0.006225
2458765.834472 22.005983 0.006293
2458766.327539 21.996767 0.006239
2458766.831132 22.007867 0.006304
2458767.324200 21.987723 0.006188
2458767.817267 21.994649 0.006227
2458768.320860 22.017017 0.006357
2458768.813927 21.999429 0.006255
2458769.306994 22.007484 0.006301
2458769.810588 21.996261 0.006237
2458770.303655 22.011357 0.006324
2458770.796722 21.998572 0.006250
2458771.300316 21.997400 0.006243
2458771.793383 21.987661 0.006187
2458772.286450 22.002065 0.006270
2458772.790044 22.003051 0.006276
2458773.283111 21.990992 0.006206
2458773.776178 21.994965 0.006229
2458774.279771 22.003242 0.006277
2458774.772838 21.998351 0.006249
2458775.265906 21.997369 0.006243
2458775.769499 22.012320 0.006329
2458776.262566 21.998160 0.006247
2458776.755633 21.994428 0.006226
2458777.259227 22.004579 0.006285
2458777.752294 21.998763 0.006251
2458778.245361 22.016243 0.006352
2458778.748955 22.007612 0.006302
2458779.242022 21.999682 0.006256
2458779.735089 22.007899 0.006304
2458780.238682 22.004548 0.006284
2458780.731750 22.000476 0.006261
2458781.224817 21.992819 0.006217
2458781.728410 22.003178 0.006276
2458782.221477 22.001333 0.006266
2458782.714544 21.989765 0.006199
2458783.218138 21.997337 0.006243
2458783.711205 22.001206 0.006265
2459622.427944 22.000444 0.006261
2459622.921011 21.993450 0.006220
2459623.424605 22.003879 0.006280
2459623.917672 21.993923 0.006223
2459624.410739 21.994081 0.006224
2459624.914332 22.003847 0.006280
2459625.407400 22.002605 0.006273
2459625.900467 22.000476 0.006261
2459626.404060 22.000031 0.006258
2459626.897127 22.002192 0.006271
2459627.390194 21.996356 0.006237
2459627.893788 21.993513 0.006221
2459628.386855 21.988917 0.006195
2459628.879922 22.001715 0.006268
2459629.383516 21.993324 0.006220
2459629.876583 21.995945 0.006235
2459630.369650 22.002510 0.006273
2459630.873244 22.003879 0.006280
2459631.366311 22.002764 0.006274
2459631.859378 21.994902 0.006229
2459632.362971 22.006462 0.006295
2459632.856038 22.005791 0.006292
2459633.349106 21.999904 0.006258
2459633.852699 22.007388 0.006301
2459634.345766 21.990803 0.006205
2459634.838833 22.000031 0.006258
2459635.342427 22.005791 0.006292
2459635.835494 22.005377 0.006289
2459636.328561 22.009787 0.006315
2459636.832155 21.988791 0.006194
2459637.325222 22.004006 0.006281
2459637.818289 21.996925 0.006240
2459638.321882 21.998604 0.006250
2459638.814950 22.001588 0.006267
2459639.308017 22.003178 0.006276
2459639.811610 22.012802 0.006332
2459640.304677 22.001333 0.006266
2459640.797744 22.005568 0.006290
2459641.301338 22.006334 0.006295
2459641.794405 22.005919 0.006292
2459642.287472 21.996229 0.006236
2459642.791066 21.994491 0.006226
2459643.284133 22.001715 0.006268
2459643.777200 21.990551 0.006204
2459644.280794 22.003528 0.006278
2459644.773861 22.006334 0.006295
2459645.266928 22.000889 0.006263
2459645.770521 21.995091 0.006230
2459646.263588 22.004006 0.006281
2459646.756656 22.002732 0.006274
2459647.260249 21.998287 0.006248
2459647.753316 22.003624 0.006279
2459648.246383 21.997179 0.006242
2459648.749977 21.989168 0.006196
2459649.243044 21.991968 0.006212
2459649.736111 22.001588 0.006267
2459650.239705 22.003242 0.006277
2459650.732772 21.996008 0.006235
2459651.225839 22.005791 0.006292
2459651.729432 22.001651 0.006268
2459652.222500 21.992031 0.006212
2459652.715567 22.001556 0.006267
2459653.219160 22.005313 0.006289
2459653.712227 21.996957 0.006241
2459654.205294 22.006430 0.006295
2459654.708888 21.991275 0.006208
2459655.201955 22.005632 0.006291
2459655.695022 21.996451 0.006238
2459656.198616 21.995882 0.006234
2459656.691683 21.995471 0.006232
2459657.184750 22.011101 0.006322
2459657.688344 21.997495 0.006244
2459658.181411 22.003146 0.006276
2459658.674478 22.002987 0.006275
2459659.178071 21.999460 0.006255
2459659.671138 22.005504 0.006290
2459660.164206 21.988634 0.006193
2459660.667799 21.992189 0.006213
2459661.160866 22.001397 0.006266
2459661.653933 22.004420 0.006284
2459662.157527 21.996482 0.006238
2459662.650594 21.987190 0.006185
2459663.143661 21.999587 0.006256
2459663.647255 22.000349 0.006260
2459664.140322 21.998382 0.006249
2459664.633389 22.004165 0.006282
2459665.136982 21.995376 0.006232
2459665.630050 21.998984 0.006252
2459666.123117 22.005951 0.006292
2459666.626710 22.007548 0.006302
2459667.119777 21.997527 0.006244
2459667.612844 21.988069 0.006190
2459668.116438 21.994365 0.006226
2459668.609505 21.997970 0.006246
2459669.102572 21.997717 0.006245
2459669.606166 22.001143 0.006265
2459670.099233 22.006142 0.006294
2459670.592300 21.991842 0.006211
2459671.095894 21.990960 0.006206
2459671.588961 21.996767 0.006240
2459672.082028 21.999651 0.006256
2459672.585621 21.994270 0.006225
2459673.078688 22.009243 0.006312
2459673.571756 22.005377 0.006289
2459674.075349 22.000984 0.006264
2459674.568416 22.006941 0.006298
2459675.061483 21.996672 0.006239
2459675.565077 21.994902 0.006229
2459676.058144 21.997369 0.006243
2459676.551211 21.990835 0.006206
2459677.054805 21.994049 0.006224
2459677.547872 22.000793 0.006263
2459678.040939 21.997495 0.006244
2459678.544532 22.004707 0.006285
2459679.037600 21.989136 0.006196
2459679.530667 22.010941 0.006322
2459680.034260 22.002319 0.006272
2459680.527327 21.993734 0.006222
2459681.020394 21.995755 0.006234
2459681.523988 22.001302 0.006266
2459682.017055 22.001461 0.006267
2459682.510122 21.999016 0.006252
2459683.013716 22.010748 0.006320
2459683.506783 21.995218 0.006231
2459683.999850 22.002096 0.006270
2459684.503444 21.993892 0.006223
2459684.996511 21.999682 0.006256
2459685.489578 21.993639 0.006222
2459685.993171 21.995755 0.006234
2459686.486238 22.001937 0.006269
2459686.979306 22.001270 0.006265
2459687.482899 22.003751 0.006280
2459687.975966 21.997020 0.006241
2459688.469033 22.007004 0.006299
2459688.972627 21.999207 0.006254
2459689.465694 21.997400 0.006243
2459689.958761 21.997020 0.006241
2459690.462355 22.001333 0.006266
2459690.955422 22.003465 0.006278
2459691.448489 22.009403 0.006313
2459691.952082 22.001206 0.006265
2459692.445150 21.998160 0.006248
2459692.938217 22.021896 0.006386
2459693.441810 22.000349 0.006260
2459693.934877 21.999968 0.006258
2459807.647256 21.999270 0.006260
2459808.150849 22.006653 0.006303
2459808.643916 21.997274 0.006249
2459809.136983 21.995249 0.006238
2459809.640577 22.003656 0.006286
2459810.133644 21.999968 0.006265
2459810.626711 21.986720 0.006189
2459811.130305 21.995313 0.006239
2459811.623372 22.000984 0.006272
2459812.116439 21.996514 0.006246
2459812.620032 21.994112 0.006233
2459813.113100 21.998572 0.006258
2459813.606167 21.999619 0.006265
2459814.109760 21.998763 0.006260
2459814.602827 22.007516 0.006311
2459815.095894 21.991748 0.006220
2459815.599488 22.013476 0.006346
2459816.092555 21.989231 0.006206
2459816.585622 21.999302 0.006264
2459817.089216 22.000412 0.006271
2459817.582283 21.992000 0.006223
2459818.075350 22.006781 0.006308
2459818.578944 21.996419 0.006249
2459819.072011 21.988163 0.006202
2459819.565078 22.004866 0.006298
2459820.068671 21.992441 0.006227
2459820.561738 21.992504 0.006227
2459821.054806 22.000508 0.006274
2459821.558399 21.996388 0.006250
2459822.051466 21.989891 0.006213
2459822.544533 21.989891 0.006214
2459823.048127 21.999333 0.006268
2459823.541194 22.003242 0.006291
2459824.034261 21.994081 0.006239
2459824.537855 22.002224 0.006286
2459825.030922 21.988540 0.006208
2459825.523989 21.997369 0.006259
2459826.027582 21.988917 0.006211
2459826.520650 21.994081 0.006241
2459827.013717 21.994965 0.006246
2459827.517310 21.985936 0.006195
2459828.010377 21.999904 0.006275
2459828.503444 22.001238 0.006283
2459829.007038 22.002573 0.006292
2459829.500105 21.997210 0.006261
2459829.993172 22.000730 0.006282
2459830.496766 21.999397 0.006274
2459830.989833 21.992787 0.006237
2459831.482900 21.992031 0.006233
2459831.986494 21.986062 0.006199
2459832.479561 22.002351 0.006293
2459832.972628 21.992378 0.006236
2459833.476221 21.990142 0.006223
2459833.969288 21.992441 0.006237
2459834.462356 21.991212 0.006230
2459834.965949 21.986845 0.006206
2459835.459016 21.983839 0.006189
2459835.952083 21.998192 0.006272
2459836.455677 22.000508 0.006286
2459836.948744 21.990489 0.006228
2459837.441811 21.990803 0.006231
2459837.945405 21.991905 0.006237
2459838.438472 21.995818 0.006260
2459838.931539 21.977666 0.006157
2459839.435132 21.987222 0.006212
2459839.928200 21.995155 0.006258
2459840.421267 21.998668 0.006279
2459840.924860 21.988289 0.006219
2459841.417927 21.990205 0.006231
2459841.910994 21.978972 0.006167
2459842.414588 21.989074 0.006226
2459842.907655 21.991653 0.006241
2459843.400722 21.987598 0.006218
2459843.904316 21.993071 0.006251
2459844.397383 21.983964 0.006199
2459844.890450 22.001429 0.006300
2459845.394044 21.985780 0.006211
2459845.887111 21.988540 0.006228
2459846.380178 21.979128 0.006175
2459846.883771 21.988602 0.006231
2459847.376838 21.994807 0.006268
2459847.869906 21.979844 0.006183
2459848.373499 21.978599 0.006178
2459848.866566 21.970847 0.006136
2459849.359633 21.977199 0.006174
2459849.863227 21.986500 0.006229
2459850.356294 21.976485 0.006174
2459850.849361 21.987818 0.006241
2459851.352955 21.973848 0.006165
2459851.846022 21.985216 0.006233
2459852.339089 21.974747 0.006177
2459852.842682 21.980405 0.006214
2459853.335750 21.989765 0.006274
2459853.828817 21.975957 0.006202
2459854.332410 21.964163 0.006143
2459854.825477 21.969396 0.006185
2459855.318544 21.746497 0.005540
2459855.822138 21.781637 0.005627
2459856.315205 21.775245 0.005625
2459856.808272 21.662299 0.005326
2459857.311866 21.966930 0.006168
2459857.804933 21.958375 0.006114
2459858.298000 21.976671 0.006215
2459858.801594 21.962353 0.006131
2459859.294661 21.964440 0.006142
2459859.787728 21.970291 0.006174
2459860.291321 21.972641 0.006187
2459860.784388 21.966838 0.006154
2459861.277456 21.959383 0.006112
2459861.781049 21.957184 0.006099
2459862.274116 21.965761 0.006147
2459862.767183 21.977479 0.006212
2459863.270777 21.967300 0.006153
2459863.763844 21.971867 0.006178
2459864.256911 21.984152 0.006247
2459864.760505 21.972548 0.006178
2459865.253572 21.965054 0.006134
2459865.746639 21.983871 0.006238
2459866.250232 21.970291 0.006158
2459866.743300 21.974964 0.006181
2459867.236367 21.983152 0.006225
2459867.739960 21.977417 0.006189
2459868.233027 21.984715 0.006228
2459868.726094 21.984715 0.006224
2459869.229688 21.977013 0.006177
2459869.722755 21.982527 0.006206
2459870.215822 21.996831 0.006285
2459870.719416 21.979221 0.006182
2459871.212483 21.983620 0.006204
2459871.705550 21.995850 0.006272
2459872.209144 21.985404 0.006210
2459872.702211 21.993955 0.006257
2459873.195278 21.994523 0.006258
2459873.698871 21.998953 0.006282
2459874.191938 21.988194 0.006218
2459874.685006 21.994649 0.006254
2459875.188599 21.992819 0.006242
2459875.681666 21.993481 0.006245
2459876.174733 22.002796 0.006297
2459876.678327 21.985748 0.006198
2459877.171394 21.995692 0.006254
2459877.664461 21.988163 0.006210
2459878.168055 21.995249 0.006249
2459878.661122 22.000412 0.006278
2459879.154189 22.003337 0.006294
2459987.411250 22.004898 0.006286
2459987.904317 22.011839 0.006327
2459988.407910 21.992409 0.006215
2459988.900977 22.008667 0.006308
2459989.394044 22.002573 0.006273
2459989.897638 22.005281 0.006289
2459990.390705 22.002828 0.006274
2459990.883772 21.999873 0.006257
2459991.387366 21.995281 0.006231
2459991.880433 21.997685 0.006245
2459992.373500 21.997210 0.006242
2459992.877094 21.997907 0.006246
2459993.370161 22.001747 0.006268
2459993.863228 22.003942 0.006281
2459994.366821 22.008859 0.006309
2459994.859888 22.002732 0.006274
2459995.352956 21.993955 0.006223
2459995.856549 22.004388 0.006284
2459996.349616 21.996704 0.006239
2459996.842683 22.002287 0.006271
2459997.346277 21.994618 0.006227
2459997.839344 21.996767 0.006240
2459998.332411 22.004070 0.006282
2459998.836005 22.001747 0.006268
2459999.329072 22.011582 0.006325
2459999.822139 22.008763 0.006309
2460000.325732 21.993324 0.006220
2460000.818800 22.008763 0.006309
2460001.311867 22.000412 0.006261
2460001.815460 21.998351 0.006249
2460002.308527 22.007516 0.006302
2460002.801594 22.001715 0.006268
2460003.305188 22.000730 0.006262
2460003.798255 22.010812 0.006321
2460004.291322 22.003910 0.006281
2460004.794916 21.994460 0.006226
2460005.287983 22.007420 0.006301
2460005.781050 21.993134 0.006219
2460006.284644 22.002351 0.006272
2460006.777711 22.003847 0.006280
2460007.270778 21.998224 0.006248
2460007.774371 21.989388 0.006197
2460008.267438 21.996419 0.006238
2460008.760506 21.992504 0.006215
2460009.264099 22.003083 0.006276
2460009.757166 21.991433 0.006209
2460010.250233 21.991874 0.006211
2460010.753827 22.003560 0.006279
2460011.246894 21.997717 0.006245
2460011.739961 22.003528 0.006278
2460012.243555 21.996229 0.006236
2460012.736622 21.994176 0.006225
2460013.229689 21.992598 0.006216
2460013.733282 22.003083 0.006276
2460014.226350 22.010043 0.006316
2460014.719417 22.014087 0.006340
2460015.223010 21.996641 0.006239
2460015.716077 21.987190 0.006185
2460016.209144 22.012320 0.006330
2460016.712738 21.999492 0.006255
2460017.205805 22.002414 0.006272
2460017.698872 22.000317 0.006260
2460018.202466 22.001969 0.006269
2460018.695533 22.002955 0.006275
2460019.188600 21.996229 0.006236
2460019.692194 22.003465 0.006278
2460020.185261 22.016147 0.006352
2460020.678328 21.997242 0.006242
2460021.181921 22.005536 0.006290
2460021.674988 21.999333 0.006254
2460022.168056 22.008859 0.006309
2460022.671649 22.000666 0.006262
2460023.164716 21.994744 0.006228
2460023.657783 22.015116 0.006346
2460024.161377 21.999714 0.006256
2460024.654444 21.995787 0.006234
2460025.147511 22.001492 0.006267
2460025.651105 22.005600 0.006290
2460026.144172 21.989639 0.006199
2460026.637239 21.994807 0.006228
2460027.140832 21.997875 0.006246
2460027.633900 22.007484 0.006301
2460028.126967 22.005632 0.006291
2460028.630560 21.998034 0.006247
2460029.123627 22.009115 0.006311
2460029.616694 21.998541 0.006250
2460030.120288 22.006557 0.006296
2460030.613355 22.001238 0.006265
2460031.106422 22.005983 0.006293
2460031.610016 22.000508 0.006261
2460032.103083 22.001810 0.006269
2460032.596150 21.989074 0.006195
2460033.099744 22.001651 0.006268
2460033.592811 21.993765 0.006222
2460034.085878 22.004643 0.006285
2460034.589471 21.990489 0.006204
2460035.082538 21.990048 0.006201
2460035.575606 21.996546 0.006238
2460036.079199 21.992882 0.006217
2460036.572266 21.998382 0.006249
2460037.065333 21.999143 0.006253
2460037.568927 21.999492 0.006255
2460038.061994 21.998477 0.006249
2460038.555061 21.998477 0.006249
2460039.058655 21.999619 0.006256
2460039.551722 21.988728 0.006193
2460040.044789 21.991748 0.006211
2460040.548382 21.994776 0.006228
2460041.041450 22.006717 0.006297
2460041.534517 21.999714 0.006256
2460042.038110 22.002923 0.006275
2460042.531177 22.001302 0.006266
2460043.024244 22.000825 0.006263
2460043.527838 22.003719 0.006280
2460044.020905 21.996894 0.006240
2460044.513972 21.992031 0.006212
2460045.017566 22.003369 0.006278
2460045.510633 22.000508 0.006261
2460046.003700 22.003974 0.006281
2460046.507294 22.002160 0.006271
2460047.000361 22.002160 0.006271
2460047.493428 21.999460 0.006255
2460047.997021 22.005090 0.006287
2460048.490088 22.000222 0.006259
2460048.983156 22.001874 0.006269
2460049.486749 22.000285 0.006260
2460049.979816 21.992819 0.006217
2460050.472883 21.995439 0.006232
2460050.976477 22.005408 0.006289
2460051.469544 22.016436 0.006354
2460051.962611 22.002414 0.006272
2460052.466205 21.984402 0.006169
2460052.959272 22.005983 0.006293
2460053.452339 21.992126 0.006213
2460053.955932 21.998541 0.006250
2460054.449000 22.005600 0.006290
2460054.942067 21.996356 0.006237
2460055.445660 22.008507 0.006307
2460055.938727 21.991401 0.006209
2460056.431794 21.998731 0.006251
2460056.935388 21.992567 0.006215
2460057.428455 22.000603 0.006262
2460057.921522 21.990866 0.006206
2460058.425116 21.995818 0.006234
2460058.918183 22.001588 0.006267
