2458346.727899 20.024739 0.002679
2458347.220966 20.024354 0.002679
2458347.714033 20.024284 0.002678
2458348.217627 20.021514 0.002672
2458348.710694 20.025801 0.002682
2458349.203761 20.019469 0.002667
2458349.707355 20.026832 0.002685
2458350.200422 20.022109 0.002673
2458350.693489 20.022638 0.002674
2458351.197082 20.024663 0.002679
2458351.690150 20.025980 0.002683
2458352.183217 20.020375 0.002669
2458352.686810 20.021050 0.002670
2458353.179877 20.023731 0.002677
2458353.672944 20.028614 0.002689
2458354.176538 20.025524 0.002681
2458354.669605 20.024240 0.002678
2458355.162672 20.017315 0.002661
2458355.666266 20.020246 0.002668
2458356.159333 20.021406 0.002671
2458356.652400 20.021855 0.002672
2458357.155994 20.019059 0.002665
2458357.649061 20.024733 0.002679
2458358.142128 20.025351 0.002681
2458358.645721 20.026848 0.002685
2458359.138788 20.020041 0.002668
2458359.631856 20.025725 0.002682
2458360.135449 20.021747 0.002672
2458360.628516 20.019625 0.002667
2458361.121583 20.017702 0.002662
2458361.625177 20.027462 0.002686
2458362.118244 20.022217 0.002673
2458362.611311 20.020052 0.002668
2458363.114905 20.021585 0.002672
2458363.607972 20.026246 0.002683
2458364.101039 20.021779 0.002672
2458364.604632 20.024002 0.002678
2458365.097700 20.021331 0.002671
2458365.590767 20.023082 0.002675
2458366.094360 20.025129 0.002680
2458366.587427 20.024614 0.002679
2458367.080494 20.020726 0.002670
2458367.584088 20.022725 0.002675
2458368.077155 20.020672 0.002669
2458368.570222 20.025817 0.002682
2458369.073816 20.020834 0.002670
2458369.566883 20.028614 0.002689
2458370.059950 20.022595 0.002674
2458370.563544 20.018763 0.002665
2458371.056611 20.021147 0.002671
2458371.549678 20.025703 0.002682
2458372.053271 20.024110 0.002678
2458372.546338 20.023596 0.002677
2458373.039406 20.022974 0.002675
2458373.542999 20.021833 0.002672
2458374.036066 20.027934 0.002687
2458374.529133 20.025020 0.002680
2458375.032727 20.022325 0.002674
2458375.525794 20.025964 0.002682
2458376.018861 20.019448 0.002666
2458376.522455 20.021941 0.002673
2458377.015522 20.026506 0.002684
2458377.508589 20.022747 0.002675
2458378.012182 20.025991 0.002683
2458378.505250 20.022276 0.002673
2458378.998317 20.020591 0.002669
2458379.501910 20.024062 0.002678
2458379.994977 20.024587 0.002679
2458380.488044 20.028690 0.002689
2458380.991638 20.023298 0.002676
2458381.484705 20.020926 0.002670
2458381.977772 20.020931 0.002670
2458382.481366 20.024072 0.002678
2458382.974433 20.023574 0.002677
2458383.467500 20.022476 0.002674
2458383.971094 20.019836 0.002667
2458384.464161 20.023179 0.002676
2458384.957228 20.022103 0.002673
2458385.460821 20.023358 0.002676
2458385.953888 20.024062 0.002678
2458386.446956 20.022071 0.002673
2458386.950549 20.021898 0.002672
2458387.443616 20.026663 0.002684
2458387.936683 20.025514 0.002681
2458388.440277 20.026783 0.002685
2458388.933344 20.019981 0.002668
2458389.426411 20.020807 0.002670
2458389.930005 20.023428 0.002676
2458390.423072 20.023017 0.002675
2458390.916139 20.027929 0.002687
2458391.419732 20.022779 0.002675
2458391.912800 20.022687 0.002674
2458392.405867 20.020472 0.002669
2458392.909460 20.028320 0.002688
2458393.402527 20.022184 0.002673
2458393.895594 20.023055 0.002675
2458394.399188 20.024511 0.002679
2458394.892255 20.018774 0.002665
2458395.385322 20.018666 0.002665
2458395.888916 20.019599 0.002667
2458396.381983 20.027945 0.002687
2458396.875050 20.016788 0.002660
2458397.378644 20.018273 0.002664
2458397.871711 20.020904 0.002670
2458398.364778 20.019237 0.002666
2458398.868371 20.020132 0.002668
2458399.361438 20.023434 0.002676
2458399.854506 20.022044 0.002673
2458400.358099 20.025139 0.002680
2458400.851166 20.023953 0.002678
2458401.344233 20.017250 0.002661
2458401.847827 20.022401 0.002674
2458402.340894 20.021741 0.002672
2458402.833961 20.017175 0.002661
2458403.337555 20.021255 0.002671
2458403.830622 20.019151 0.002666
2458404.323689 20.020931 0.002670
2458404.827282 20.020872 0.002670
2458405.320350 20.024446 0.002679
2458405.813417 20.028771 0.002689
2458406.317010 20.018004 0.002663
2458406.810077 20.022768 0.002675
2458407.303144 20.024917 0.002680
2458407.806738 20.029979 0.002692
2458408.299805 20.017831 0.002662
2458408.792872 20.022157 0.002673
2458409.296466 20.023472 0.002676
2458409.789533 20.025080 0.002680
2458410.282600 20.026712 0.002684
2458410.786194 20.026457 0.002684
2458411.279261 20.021012 0.002670
2458411.772328 20.022065 0.002673
2458412.275921 20.022611 0.002674
2458412.768988 20.021466 0.002671
2458413.262056 20.032115 0.002698
2458413.765649 20.022184 0.002673
2458414.258716 20.024040 0.002678
2458414.751783 20.019911 0.002668
2458415.255377 20.020008 0.002668
2458415.748444 20.022595 0.002674
2458416.241511 20.022141 0.002673
2458416.745105 20.017159 0.002661
2458417.238172 20.016804 0.002660
2458417.731239 20.023888 0.002677
2458418.234832 20.023710 0.002677
2458526.481367 20.017293 0.002661
2458526.984960 20.020203 0.002668
2458527.478027 20.021547 0.002672
2458527.971094 20.022092 0.002673
2458528.474688 20.025297 0.002681
2458528.967755 20.026034 0.002683
2458529.460822 20.023650 0.002677
2458529.964416 20.021622 0.002672
2458530.457483 20.024457 0.002679
2458530.950550 20.022098 0.002673
2458531.454144 20.021142 0.002671
2458531.947211 20.021698 0.002672
2458532.440278 20.021228 0.002671
2458532.943871 20.021606 0.002672
2458533.436938 20.024917 0.002680
2458533.930006 20.021838 0.002672
2458534.433599 20.026582 0.002684
2458534.926666 20.023645 0.002677
2458535.419733 20.027679 0.002687
2458535.923327 20.023347 0.002676
2458536.416394 20.020964 0.002670
2458536.909461 20.022590 0.002674
2458537.413055 20.023737 0.002677
2458537.906122 20.026924 0.002685
2458538.399189 20.021628 0.002672
2458538.902782 20.022319 0.002674
2458539.395850 20.022038 0.002673
2458539.888917 20.025015 0.002680
2458540.392510 20.024045 0.002678
2458540.885577 20.028440 0.002689
2458541.378644 20.024760 0.002680
2458541.882238 20.022876 0.002675
2458542.375305 20.021806 0.002672
2458542.868372 20.022055 0.002673
2458543.371966 20.025839 0.002682
2458543.865033 20.022498 0.002674
2458544.358100 20.021844 0.002672
2458544.861694 20.026403 0.002684
2458545.354761 20.027261 0.002686
2458545.847828 20.023715 0.002677
2458546.351421 20.019340 0.002666
2458546.844488 20.022114 0.002673
2458547.337556 20.023656 0.002677
2458547.841149 19.998845 0.002652
2458548.334216 19.645457 0.002320
2458548.827283 19.439720 0.002158
2458549.330877 19.436778 0.002153
2458549.823944 19.436598 0.002152
2458550.317011 19.433718 0.002147
2458550.820605 19.439400 0.002158
2458551.313672 19.438238 0.002155
2458551.806739 19.438406 0.002156
2458552.310332 19.438788 0.002157
2458552.803400 19.438690 0.002156
2458553.296467 19.438383 0.002156
2458553.800060 19.432838 0.002145
2458554.293127 19.439808 0.002159
2458554.786194 19.437115 0.002153
2458555.289788 19.438734 0.002156
2458555.782855 19.439025 0.002157
2458556.275922 19.436062 0.002151
2458556.779516 19.436214 0.002151
2458557.272583 19.437087 0.002153
2458557.765650 19.436967 0.002153
2458558.269244 19.435653 0.002150
2458558.762311 19.442844 0.002165
2458559.255378 19.435017 0.002149
2458559.758971 19.439066 0.002157
2458560.252038 19.439442 0.002158
2458560.745106 19.440909 0.002161
2458561.248699 19.437986 0.002155
2458561.741766 19.437046 0.002153
2458562.234833 19.433190 0.002145
2458562.738427 19.440444 0.002160
2458563.231494 19.439182 0.002157
2458563.724561 19.440719 0.002160
2458564.228155 19.436355 0.002152
2458564.721222 19.435555 0.002150
2458565.214289 19.432138 0.002143
2458565.717882 19.435162 0.002149
2458566.210950 19.475914 0.002181
2458566.704017 19.517912 0.002219
2458567.207610 19.551730 0.002241
2458567.700677 19.588282 0.002274
2458568.193744 19.621218 0.002302
2458568.697338 19.652005 0.002328
2458569.190405 19.676843 0.002345
2458569.683472 19.697927 0.002356
2458570.187066 19.729272 0.002392
2458570.680133 19.756997 0.002423
2458571.173200 19.779052 0.002443
2458571.676794 19.792980 0.002447
2458572.169861 19.814670 0.002472
2458572.662928 19.827916 0.002479
2458573.166521 19.842664 0.002490
2458573.659588 19.861550 0.002514
2458574.152656 19.875277 0.002527
2458574.656249 19.883151 0.002528
2458575.149316 19.906429 0.002566
2458575.642383 19.910918 0.002562
2458576.145977 19.918624 0.002566
2458576.639044 19.928108 0.002576
2458577.132111 19.937856 0.002587
2458577.635705 19.944563 0.002593
2458578.128772 19.946931 0.002588
2458578.621839 19.962872 0.002617
2458579.125432 19.965567 0.002615
2458579.618500 19.972025 0.002623
2458580.111567 19.979332 0.002634
2458580.615160 19.978708 0.002626
2458581.108227 19.988782 0.002644
2458581.601294 19.989742 0.002641
2458582.104888 19.992368 0.002642
2458582.597955 20.000057 0.002657
2458583.091022 19.997507 0.002646
2458583.594616 20.000682 0.002650
2458584.087683 20.006366 0.002660
2458584.580750 20.007017 0.002659
2458585.084344 20.007208 0.002656
2458585.577411 20.011086 0.002663
2458586.070478 20.009824 0.002657
2458586.574071 20.012194 0.002661
2458587.067138 20.017428 0.002672
2458587.560206 20.013871 0.002661
2458588.063799 20.018192 0.002670
2458588.556866 20.022536 0.002679
2458589.049933 20.013544 0.002655
2458589.553527 20.022795 0.002677
2458590.046594 20.026669 0.002685
2458590.539661 20.025584 0.002682
2458591.043255 20.022812 0.002675
2458591.536322 20.024571 0.002679
2458592.029389 20.021082 0.002670
2458592.532982 20.019410 0.002666
2458593.026050 20.021433 0.002671
2458593.519117 20.023818 0.002677
2458594.022710 20.025486 0.002681
2458594.515777 20.022633 0.002674
2458595.008844 20.021649 0.002672
2458595.512438 20.025253 0.002681
2458596.005505 20.022314 0.002673
2458596.498572 20.023526 0.002676
2458597.002166 20.026240 0.002683
2458597.495233 20.023261 0.002676
2458597.988300 20.027358 0.002686
2458712.204272 20.026414 0.002684
2458712.697339 20.022087 0.002673
2458713.200932 20.028771 0.002689
2458713.694000 20.023688 0.002677
2458714.187067 20.024809 0.002680
2458714.690660 20.026875 0.002685
2458715.183727 20.025367 0.002681
2458715.676794 20.027603 0.002687
2458716.180388 20.026810 0.002685
2458716.673455 20.019550 0.002667
2458717.166522 20.024430 0.002679
2458717.670116 20.021190 0.002671
2458718.163183 20.020154 0.002668
2458718.656250 20.023661 0.002677
2458719.159844 20.023250 0.002676
2458719.652911 20.019302 0.002666
2458720.145978 20.022103 0.002673
2458720.649571 20.025926 0.002682
2458721.142638 20.020802 0.002670
2458721.635706 20.025508 0.002681
2458722.139299 20.023639 0.002677
2458722.632366 20.020100 0.002668
2458723.125433 20.023488 0.002676
2458723.629027 20.018698 0.002665
2458724.122094 20.024045 0.002678
2458724.615161 20.019933 0.002668
2458725.118755 20.023585 0.002677
2458725.611822 20.025313 0.002681
2458726.104889 20.019248 0.002666
2458726.608482 20.021925 0.002673
2458727.101550 20.025752 0.002682
2458727.594617 20.021963 0.002673
2458728.098210 20.020283 0.002669
2458728.591277 20.020915 0.002670
2458729.084344 20.023309 0.002676
2458729.587938 20.020742 0.002670
2458730.081005 20.028456 0.002689
2458730.574072 20.029353 0.002691
2458731.077666 20.018774 0.002665
2458731.570733 20.021433 0.002671
2458732.063800 20.023574 0.002677
2458732.567394 20.022693 0.002674
2458733.060461 20.020586 0.002669
2458733.553528 20.020008 0.002668
2458734.057121 20.024441 0.002679
2458734.550188 20.022357 0.002674
2458735.043256 20.023396 0.002676
2458735.546849 20.019927 0.002668
2458736.039916 20.025448 0.002681
2458736.532983 20.025579 0.002682
2458737.036577 20.020240 0.002668
2458737.529644 20.023953 0.002678
2458738.022711 20.021855 0.002672
2458738.526305 20.021104 0.002671
2458739.019372 20.024766 0.002680
2458739.512439 20.019124 0.002666
2458740.016032 20.020974 0.002670
2458740.509100 20.023910 0.002677
2458741.002167 20.020791 0.002670
2458741.505760 20.024684 0.002679
2458741.998827 20.024018 0.002678
2458742.491894 20.019566 0.002667
2458742.995488 20.023634 0.002677
2458743.488555 20.017024 0.002661
2458743.981622 20.026913 0.002685
2458744.485216 20.025183 0.002681
2458744.978283 20.025020 0.002680
2458745.471350 20.015412 0.002657
2458745.974944 20.024132 0.002678
2458746.468011 20.023715 0.002677
2458746.961078 20.020731 0.002670
2458747.464671 20.022757 0.002675
2458747.957738 20.019847 0.002667
2458748.450806 20.023098 0.002675
2458748.954399 20.020186 0.002668
2458749.447466 20.018839 0.002665
2458749.940533 20.023196 0.002676
2458750.444127 20.021066 0.002670
2458750.937194 20.025752 0.002682
2458751.430261 20.018203 0.002663
2458751.933855 20.022152 0.002673
2458752.426922 20.021428 0.002671
2458752.919989 20.022222 0.002673
2458753.423582 20.023439 0.002676
2458753.916650 20.023969 0.002678
2458754.409717 20.019798 0.002667
2458754.913310 20.023666 0.002677
2458755.406377 20.025888 0.002682
2458755.899444 20.024538 0.002679
2458756.403038 20.024370 0.002679
2458756.896105 20.021185 0.002671
2458757.389172 20.027749 0.002687
2458757.892766 20.022438 0.002674
2458758.385833 20.022255 0.002673
2458758.878900 20.022125 0.002673
2458759.382494 20.022671 0.002674
2458759.875561 20.019103 0.002666
2458760.368628 20.021379 0.002671
2458760.872221 20.023980 0.002678
2458761.365288 20.026365 0.002683
2458761.858356 20.023315 0.002676
2458762.361949 20.024592 0.002679
2458762.855016 20.016115 0.002658
2458763.348083 20.024999 0.002680
2458763.851677 20.024619 0.002679
2458764.344744 20.021147 0.002671
2458764.837811 20.022476 0.002674
2458765.341405 20.019016 0.002665
2458765.834472 20.021914 0.002673
2458766.327539 20.025373 0.002681
2458766.831132 20.020559 0.002669
2458767.324200 20.023012 0.002675
2458767.817267 20.021606 0.002672
2458768.320860 20.020667 0.002669
2458768.813927 20.022687 0.002674
2458769.306994 20.024349 0.002679
2458769.810588 20.022914 0.002675
2458770.303655 20.020111 0.002668
2458770.796722 20.023006 0.002675
2458771.300316 20.024825 0.002680
2458771.793383 20.023066 0.002675
2458772.286450 20.027706 0.002687
2458772.790044 20.020667 0.002669
2458773.283111 20.018645 0.002664
2458773.776178 20.026191 0.002683
2458774.279771 20.023244 0.002676
2458774.772838 20.027929 0.002687
2458775.265906 20.024321 0.002678
2458775.769499 20.022871 0.002675
2458776.262566 20.018741 0.002665
2458776.755633 20.022638 0.002674
2458777.259227 20.024338 0.002678
2458777.752294 20.023244 0.002676
2458778.245361 20.021752 0.002672
2458778.748955 20.018246 0.002663
2458779.242022 20.023937 0.002677
2458779.735089 20.025747 0.002682
2458780.238682 20.024603 0.002679
2458780.731750 20.024608 0.002679
2458781.224817 20.026050 0.002683
2458781.728410 20.020305 0.002669
2458782.221477 20.023320 0.002676
2458782.714544 20.020472 0.002669
2458783.218138 20.026365 0.002683
2458783.711205 20.027337 0.002686
2459622.427944 20.021082 0.002670
2459622.921011 20.017907 0.002663
2459623.424605 20.022866 0.002675
2459623.917672 20.021136 0.002671
2459624.410739 20.024760 0.002680
2459624.914332 20.020478 0.002669
2459625.407400 20.022206 0.002673
2459625.900467 20.018849 0.002665
2459626.404060 20.023812 0.002677
2459626.897127 20.021277 0.002671
2459627.390194 20.022319 0.002674
2459627.893788 20.018704 0.002665
2459628.386855 20.021806 0.002672
2459628.879922 20.024923 0.002680
2459629.383516 20.022314 0.002673
2459629.876583 20.025313 0.002681
2459630.369650 20.021838 0.002672
2459630.873244 20.022352 0.002674
2459631.366311 20.020095 0.002668
2459631.859378 20.021379 0.002671
2459632.362971 20.023948 0.002678
2459632.856038 20.025725 0.002682
2459633.349106 20.020829 0.002670
2459633.852699 20.024971 0.002680
2459634.345766 20.022455 0.002674
2459634.838833 20.023764 0.002677
2459635.342427 20.022190 0.002673
2459635.835494 20.017982 0.002663
2459636.328561 20.024988 0.002680
2459636.832155 20.025698 0.002682
2459637.325222 20.023791 0.002677
2459637.818289 20.023699 0.002677
2459638.321882 20.022379 0.002674
2459638.814950 20.024202 0.002678
2459639.308017 20.025698 0.002682
2459639.811610 20.021811 0.002672
2459640.304677 20.024413 0.002679
2459640.797744 20.024625 0.002679
2459641.301338 20.018047 0.002663
2459641.794405 20.014955 0.002655
2459642.287472 20.021514 0.002672
2459642.791066 20.023407 0.002676
2459643.284133 20.024571 0.002679
2459643.777200 20.026224 0.002683
2459644.280794 20.020273 0.002668
2459644.773861 20.020883 0.002670
2459645.266928 20.021347 0.002671
2459645.770521 20.022444 0.002674
2459646.263588 20.028266 0.002688
2459646.756656 20.027315 0.002686
2459647.260249 20.025758 0.002682
2459647.753316 20.022601 0.002674
2459648.246383 20.026202 0.002683
2459648.749977 20.021649 0.002672
2459649.243044 20.019852 0.002667
2459649.736111 20.018332 0.002664
2459650.239705 20.020030 0.002668
2459650.732772 20.022736 0.002675
2459651.225839 20.023006 0.002675
2459651.729432 20.022703 0.002674
2459652.222500 20.019076 0.002666
2459652.715567 20.023580 0.002677
2459653.219160 20.023618 0.002677
2459653.712227 20.024538 0.002679
2459654.205294 20.020634 0.002669
2459654.708888 20.020888 0.002670
2459655.201955 20.026105 0.002683
2459655.695022 20.019922 0.002668
2459656.198616 20.024468 0.002679
2459656.691683 20.019205 0.002666
2459657.184750 20.019658 0.002667
2459657.688344 20.025671 0.002682
2459658.181411 20.019388 0.002666
2459658.674478 20.024576 0.002679
2459659.178071 20.021595 0.002672
2459659.671138 20.022790 0.002675
2459660.164206 20.021142 0.002671
2459660.667799 20.023288 0.002676
2459661.160866 20.024327 0.002678
2459661.653933 20.023910 0.002677
2459662.157527 20.026083 0.002683
2459662.650594 20.027098 0.002685
2459663.143661 20.024294 0.002678
2459663.647255 20.026653 0.002684
2459664.140322 20.025996 0.002683
2459664.633389 20.023244 0.002676
2459665.136982 20.018779 0.002665
2459665.630050 20.024056 0.002678
2459666.123117 20.025031 0.002680
2459666.626710 20.026441 0.002684
2459667.119777 20.023298 0.002676
2459667.612844 20.022363 0.002674
2459668.116438 20.022011 0.002673
2459668.609505 20.025492 0.002681
2459669.102572 20.023141 0.002676
2459669.606166 20.020748 0.002670
2459670.099233 20.027380 0.002686
2459670.592300 20.021493 0.002671
2459671.095894 20.020683 0.002669
2459671.588961 20.024273 0.002678
2459672.082028 20.022595 0.002674
2459672.585621 20.028728 0.002689
2459673.078688 20.025053 0.002680
2459673.571756 20.024836 0.002680
2459674.075349 20.023039 0.002675
2459674.568416 20.023509 0.002676
2459675.061483 20.021358 0.002671
2459675.565077 20.018009 0.002663
2459676.058144 20.022487 0.002674
2459676.551211 20.023390 0.002676
2459677.054805 20.018488 0.002664
2459677.547872 20.021126 0.002671
2459678.040939 20.021628 0.002672
2459678.544532 20.021855 0.002672
2459679.037600 20.020899 0.002670
2459679.530667 20.013925 0.002653
2459680.034260 20.025546 0.002681
2459680.527327 20.022547 0.002674
2459681.020394 20.023466 0.002676
2459681.523988 20.019205 0.002666
2459682.017055 20.027098 0.002685
2459682.510122 20.019901 0.002668
2459683.013716 20.020256 0.002668
2459683.506783 20.021120 0.002671
2459683.999850 20.019129 0.002666
2459684.503444 20.022763 0.002675
2459684.996511 20.020634 0.002669
2459685.489578 20.020106 0.002668
2459685.993171 20.026229 0.002683
2459686.486238 20.026685 0.002684
2459686.979306 20.018154 0.002663
2459687.482899 20.021709 0.002672
2459687.975966 20.020802 0.002670
2459688.469033 20.021903 0.002672
2459688.972627 20.023152 0.002676
2459689.465694 20.021757 0.002672
2459689.958761 20.024468 0.002679
2459690.462355 20.023109 0.002675
2459690.955422 20.022714 0.002674
2459691.448489 20.022282 0.002673
2459691.952082 20.023455 0.002676
2459692.445150 20.025107 0.002680
2459692.938217 20.023932 0.002677
2459693.441810 20.022557 0.002674
2459693.934877 20.027673 0.002687
2459807.647256 20.022168 0.002673
2459808.150849 20.021158 0.002671
2459808.643916 20.019421 0.002666
2459809.136983 20.023271 0.002676
2459809.640577 20.025671 0.002682
2459810.133644 20.019437 0.002666
2459810.626711 20.024598 0.002679
2459811.130305 20.019825 0.002667
2459811.623372 20.032197 0.002698
2459812.116439 20.026354 0.002683
2459812.620032 20.026913 0.002685
2459813.113100 20.022347 0.002674
2459813.606167 20.023601 0.002677
2459814.109760 20.027956 0.002687
2459814.602827 20.024955 0.002680
2459815.095894 20.018154 0.002663
2459815.599488 20.022703 0.002674
2459816.092555 20.023867 0.002677
2459816.585622 20.023932 0.002677
2459817.089216 20.020980 0.002670
2459817.582283 20.022498 0.002674
2459818.075350 20.022347 0.002674
2459818.578944 20.024516 0.002679
2459819.072011 20.023320 0.002676
2459819.565078 20.024062 0.002678
2459820.068671 20.022055 0.002673
2459820.561738 20.021282 0.002671
2459821.054806 20.025958 0.002682
2459821.558399 20.017686 0.002662
2459822.051466 20.020721 0.002670
2459822.544533 20.022168 0.002673
2459823.048127 20.022211 0.002673
2459823.541194 20.021444 0.002671
2459824.034261 20.018801 0.002665
2459824.537855 20.025660 0.002682
2459825.030922 20.023407 0.002676
2459825.523989 20.022255 0.002673
2459826.027582 20.022828 0.002675
2459826.520650 20.018812 0.002665
2459827.013717 20.026864 0.002685
2459827.517310 20.027353 0.002686
2459828.010377 20.022174 0.002673
2459828.503444 20.021109 0.002671
2459829.007038 20.017815 0.002662
2459829.500105 20.024722 0.002679
2459829.993172 20.027999 0.002688
2459830.496766 20.023109 0.002675
2459830.989833 20.026859 0.002685
2459831.482900 20.020623 0.002669
2459831.986494 20.023547 0.002677
2459832.479561 20.026300 0.002683
2459832.972628 20.023937 0.002677
2459833.476221 20.023347 0.002676
2459833.969288 20.018418 0.002664
2459834.462356 20.023942 0.002678
2459834.965949 20.019491 0.002667
2459835.459016 20.021250 0.002671
2459835.952083 20.027130 0.002685
2459836.455677 20.020694 0.002670
2459836.948744 20.024500 0.002679
2459837.441811 20.024977 0.002680
2459837.945405 20.023504 0.002676
2459838.438472 20.027429 0.002686
2459838.931539 20.020699 0.002670
2459839.435132 20.016024 0.002658
2459839.928200 20.022941 0.002675
2459840.421267 20.021617 0.002672
2459840.924860 20.022498 0.002674
2459841.417927 20.024034 0.002678
2459841.910994 20.022017 0.002673
2459842.414588 20.022438 0.002674
2459842.907655 20.023840 0.002677
2459843.400722 20.019480 0.002667
2459843.904316 20.021482 0.002671
2459844.397383 20.021957 0.002673
2459844.890450 20.019286 0.002666
2459845.394044 20.023012 0.002675
2459845.887111 20.024045 0.002678
2459846.380178 20.026132 0.002683
2459846.883771 20.021622 0.002672
2459847.376838 20.017664 0.002662
2459847.869906 20.021401 0.002671
2459848.373499 20.024078 0.002678
2459848.866566 20.024478 0.002679
2459849.359633 20.016551 0.002659
2459849.863227 20.024132 0.002678
2459850.356294 20.018370 0.002664
2459850.849361 20.023342 0.002676
2459851.352955 20.024451 0.002679
2459851.846022 20.021390 0.002671
2459852.339089 20.022931 0.002675
2459852.842682 20.019620 0.002667
2459853.335750 20.022584 0.002674
2459853.828817 20.020424 0.002669
2459854.332410 20.023515 0.002676
2459854.825477 20.024392 0.002679
2459855.318544 20.024051 0.002678
2459855.822138 20.018607 0.002664
2459856.315205 20.022633 0.002674
2459856.808272 20.023812 0.002677
2459857.311866 20.025340 0.002681
2459857.804933 20.018650 0.002664
2459858.298000 20.024977 0.002680
2459858.801594 20.025882 0.002682
2459859.294661 20.020856 0.002670
2459859.787728 20.020224 0.002668
2459860.291321 20.022693 0.002674
2459860.784388 20.022563 0.002674
2459861.277456 20.022471 0.002674
2459861.781049 20.024809 0.002680
2459862.274116 20.022622 0.002674
2459862.767183 20.026251 0.002683
2459863.270777 20.019151 0.002666
2459863.763844 20.020186 0.002668
2459864.256911 20.023261 0.002676
2459864.760505 20.021169 0.002671
2459865.253572 20.024641 0.002679
2459865.746639 20.024993 0.002680
2459866.250232 20.023298 0.002676
2459866.743300 20.020893 0.002670
2459867.236367 20.022460 0.002674
2459867.739960 20.023666 0.002677
2459868.233027 20.020235 0.002668
2459868.726094 20.023975 0.002678
2459869.229688 20.021936 0.002673
2459869.722755 20.023796 0.002677
2459870.215822 20.024473 0.002679
2459870.719416 20.026262 0.002683
2459871.212483 20.028771 0.002689
2459871.705550 20.023536 0.002677
2459872.209144 20.022774 0.002675
2459872.702211 20.022298 0.002673
2459873.195278 20.023352 0.002676
2459873.698871 20.023223 0.002676
2459874.191938 20.026647 0.002684
2459874.685006 20.024695 0.002679
2459875.188599 20.025476 0.002681
2459875.681666 20.021595 0.002672
2459876.174733 20.021752 0.002672
2459876.678327 20.023336 0.002676
2459877.171394 20.023380 0.002676
2459877.664461 20.022498 0.002674
2459878.168055 20.022390 0.002674
2459878.661122 20.021947 0.002673
2459879.154189 20.023358 0.002676
2459987.411250 20.017368 0.002661
2459987.904317 20.022314 0.002673
2459988.407910 20.022395 0.002674
2459988.900977 20.023455 0.002676
2459989.394044 20.023022 0.002675
2459989.897638 20.022460 0.002674
2459990.390705 20.021855 0.002672
2459990.883772 20.025855 0.002682
2459991.387366 20.021309 0.002671
2459991.880433 20.021709 0.002672
2459992.373500 20.020883 0.002670
2459992.877094 20.019981 0.002668
2459993.370161 20.023877 0.002677
2459993.863228 20.018849 0.002665
2459994.366821 20.016981 0.002660
2459994.859888 20.021012 0.002670
2459995.352956 20.022763 0.002675
2459995.856549 20.023455 0.002676
2459996.349616 20.020127 0.002668
2459996.842683 20.018930 0.002665
2459997.346277 20.023320 0.002676
2459997.839344 20.024489 0.002679
2459998.332411 20.022114 0.002673
2459998.836005 20.029234 0.002691
2459999.329072 20.021250 0.002671
2459999.822139 20.020888 0.002670
2460000.325732 20.026989 0.002685
2460000.818800 20.024966 0.002680
2460001.311867 20.020451 0.002669
2460001.815460 20.022622 0.002674
2460002.308527 20.024988 0.002680
2460002.801594 20.021066 0.002670
2460003.305188 20.023645 0.002677
2460003.798255 20.022125 0.002673
2460004.291322 20.022411 0.002674
2460004.794916 20.022374 0.002674
2460005.287983 20.021115 0.002671
2460005.781050 20.026908 0.002685
2460006.284644 20.025031 0.002680
2460006.777711 20.022444 0.002674
2460007.270778 20.023060 0.002675
2460007.774371 20.023482 0.002676
2460008.267438 20.022557 0.002674
2460008.760506 20.022909 0.002675
2460009.264099 20.023428 0.002676
2460009.757166 20.023363 0.002676
2460010.250233 20.027755 0.002687
2460010.753827 20.024923 0.002680
2460011.246894 20.022152 0.002673
2460011.739961 20.019895 0.002668
2460012.243555 20.020980 0.002670
2460012.736622 20.026555 0.002684
2460013.229689 20.021536 0.002672
2460013.733282 20.023288 0.002676
2460014.226350 20.026088 0.002683
2460014.719417 20.021153 0.002671
2460015.223010 20.024062 0.002678
2460015.716077 20.022595 0.002674
2460016.209144 20.021639 0.002672
2460016.712738 20.021180 0.002671
2460017.205805 20.024170 0.002678
2460017.698872 20.022152 0.002673
2460018.202466 20.026468 0.002684
2460018.695533 20.022341 0.002674
2460019.188600 20.024170 0.002678
2460019.692194 20.023352 0.002676
2460020.185261 20.022076 0.002673
2460020.678328 20.018257 0.002664
2460021.181921 20.020748 0.002670
2460021.674988 20.024755 0.002680
2460022.168056 20.023894 0.002677
2460022.671649 20.025514 0.002681
2460023.164716 20.021984 0.002673
2460023.657783 20.022871 0.002675
2460024.161377 20.024316 0.002678
2460024.654444 20.024695 0.002679
2460025.147511 20.017331 0.002661
2460025.651105 20.025107 0.002680
2460026.144172 20.027342 0.002686
2460026.637239 20.024137 0.002678
2460027.140832 20.022525 0.002674
2460027.633900 20.026946 0.002685
2460028.126967 20.022438 0.002674
2460028.630560 20.020866 0.002670
2460029.123627 20.021390 0.002671
2460029.616694 20.020969 0.002670
2460030.120288 20.021331 0.002671
2460030.613355 20.021115 0.002671
2460031.106422 20.019313 0.002666
2460031.610016 20.022136 0.002673
2460032.103083 20.021358 0.002671
2460032.596150 20.020418 0.002669
2460033.099744 20.022601 0.002674
2460033.592811 20.022995 0.002675
2460034.085878 20.030703 0.002694
2460034.589471 20.018515 0.002664
2460035.082538 20.021477 0.002671
2460035.575606 20.022028 0.002673
2460036.079199 20.026799 0.002685
2460036.572266 20.024305 0.002678
2460037.065333 20.020910 0.002670
2460037.568927 20.020467 0.002669
2460038.061994 20.020947 0.002670
2460038.555061 20.021617 0.002672
2460039.058655 20.025508 0.002681
2460039.551722 20.024722 0.002679
2460040.044789 20.021536 0.002672
2460040.548382 20.024825 0.002680
2460041.041450 20.023212 0.002676
2460041.534517 20.021811 0.002672
2460042.038110 20.024988 0.002680
2460042.531177 20.023921 0.002677
2460043.024244 20.023482 0.002676
2460043.527838 20.023412 0.002676
2460044.020905 20.021947 0.002673
2460044.513972 20.022271 0.002673
2460045.017566 20.021261 0.002671
2460045.510633 20.019895 0.002668
2460046.003700 20.023374 0.002676
2460046.507294 20.025102 0.002680
2460047.000361 20.021763 0.002672
2460047.493428 20.022103 0.002673
2460047.997021 20.023261 0.002676
2460048.490088 20.023785 0.002677
2460048.983156 20.022319 0.002674
2460049.486749 20.024717 0.002679
2460049.979816 20.023125 0.002675
2460050.472883 20.022092 0.002673
2460050.976477 20.020181 0.002668
2460051.469544 20.022206 0.002673
2460051.962611 20.028315 0.002688
2460052.466205 20.021865 0.002672
2460052.959272 20.026642 0.002684
2460053.452339 20.020829 0.002670
2460053.955932 20.021671 0.002672
2460054.449000 20.020489 0.002669
2460054.942067 20.021180 0.002671
2460055.445660 20.025042 0.002680
2460055.938727 20.024571 0.002679
2460056.431794 20.029462 0.002691
2460056.935388 20.017891 0.002663
2460057.428455 20.021968 0.002673
2460057.921522 20.024728 0.002679
2460058.425116 20.022974 0.002675
2460058.918183 20.023488 0.002676
