2458346.727899 22.268556 0.007089
2458347.220966 22.267116 0.007080
2458347.714033 22.259267 0.007029
2458348.217627 22.259545 0.007031
2458348.710694 22.276634 0.007142
2458349.203761 22.270520 0.007102
2458349.707355 22.282458 0.007181
2458350.200422 22.274740 0.007130
2458350.693489 22.274579 0.007129
2458351.197082 22.263523 0.007057
2458351.690150 22.273251 0.007120
2458352.183217 22.261174 0.007041
2458352.686810 22.263005 0.007053
2458353.179877 22.267956 0.007085
2458353.672944 22.271282 0.007107
2458354.176538 22.260340 0.007036
2458354.669605 22.251081 0.006976
2458355.162672 22.273573 0.007122
2458355.666266 22.286725 0.007209
2458356.159333 22.268717 0.007090
2458356.652400 22.266436 0.007076
2458357.155994 22.271644 0.007110
2458357.649061 22.264919 0.007066
2458358.142128 22.272407 0.007115
2458358.645721 22.263125 0.007054
2458359.138788 22.274941 0.007131
2458359.631856 22.278370 0.007154
2458360.135449 22.261970 0.007047
2458360.628516 22.282945 0.007184
2458361.121583 22.267596 0.007083
2458361.625177 22.266476 0.007076
2458362.118244 22.269959 0.007099
2458362.611311 22.263563 0.007057
2458363.114905 22.266876 0.007078
2458363.607972 22.267516 0.007083
2458364.101039 22.273130 0.007119
2458364.604632 22.271323 0.007107
2458365.097700 22.251475 0.006979
2458365.590767 22.273895 0.007124
2458366.094360 22.271724 0.007110
2458366.587427 22.274056 0.007125
2458367.080494 22.272166 0.007113
2458367.584088 22.275102 0.007132
2458368.077155 22.268556 0.007089
2458368.570222 22.266197 0.007074
2458369.073816 22.275022 0.007132
2458369.566883 22.277280 0.007147
2458370.059950 22.275586 0.007135
2458370.563544 22.261135 0.007041
2458371.056611 22.276191 0.007139
2458371.549678 22.266316 0.007075
2458372.053271 22.267116 0.007080
2458372.546338 22.292440 0.007247
2458373.039406 22.268717 0.007090
2458373.542999 22.270801 0.007104
2458374.036066 22.275989 0.007138
2458374.529133 22.274861 0.007131
2458375.032727 22.266556 0.007076
2458375.525794 22.266476 0.007076
2458376.018861 22.269237 0.007094
2458376.522455 22.280676 0.007169
2458377.015522 22.269758 0.007097
2458377.508589 22.271323 0.007107
2458378.012182 22.268396 0.007088
2458378.505250 22.271082 0.007106
2458378.998317 22.279300 0.007160
2458379.501910 22.276675 0.007143
2458379.994977 22.269077 0.007093
2458380.488044 22.270320 0.007101
2458380.991638 22.269277 0.007094
2458381.484705 22.268596 0.007090
2458381.977772 22.278128 0.007152
2458382.481366 22.276352 0.007140
2458382.974433 22.265238 0.007068
2458383.467500 22.278168 0.007152
2458383.971094 22.281040 0.007171
2458384.464161 22.277118 0.007146
2458384.957228 22.261731 0.007045
2458385.460821 22.269518 0.007096
2458385.953888 22.263922 0.007059
2458386.446956 22.263882 0.007059
2458386.950549 22.271122 0.007106
2458387.443616 22.273774 0.007124
2458387.936683 22.273211 0.007120
2458388.440277 22.272126 0.007113
2458388.933344 22.267556 0.007083
2458389.426411 22.267236 0.007081
2458389.930005 22.272849 0.007117
2458390.423072 22.271122 0.007106
2458390.916139 22.270239 0.007100
2458391.419732 22.273412 0.007121
2458391.912800 22.260578 0.007038
2458392.405867 22.266157 0.007074
2458392.909460 22.272086 0.007112
2458393.402527 22.279623 0.007162
2458393.895594 22.267956 0.007085
2458394.399188 22.265877 0.007072
2458394.892255 22.270600 0.007103
2458395.385322 22.265079 0.007067
2458395.888916 22.264919 0.007066
2458396.381983 22.268076 0.007086
2458396.875050 22.254040 0.006995
2458397.378644 22.270039 0.007099
2458397.871711 22.272086 0.007112
2458398.364778 22.271242 0.007107
2458398.868371 22.259585 0.007031
2458399.361438 22.258354 0.007023
2458399.854506 22.276312 0.007140
2458400.358099 22.286237 0.007206
2458400.851166 22.276070 0.007139
2458401.344233 22.264959 0.007066
2458401.847827 22.272005 0.007112
2458402.340894 22.255225 0.007003
2458402.833961 22.273613 0.007123
2458403.337555 22.266157 0.007074
2458403.830622 22.270320 0.007101
2458404.323689 22.266916 0.007079
2458404.827282 22.280311 0.007167
2458405.320350 22.267436 0.007082
2458405.813417 22.264759 0.007065
2458406.317010 22.272327 0.007114
2458406.810077 22.274941 0.007131
2458407.303144 22.260538 0.007037
2458407.806738 22.274257 0.007127
2458408.299805 22.252027 0.006982
2458408.792872 22.270600 0.007103
2458409.296466 22.271804 0.007111
2458409.789533 22.268236 0.007087
2458410.282600 22.272769 0.007117
2458410.786194 22.279057 0.007158
2458411.279261 22.272246 0.007114
2458411.772328 22.267756 0.007084
2458412.275921 22.270360 0.007101
2458412.768988 22.261652 0.007044
2458413.262056 22.267156 0.007080
2458413.765649 22.263563 0.007057
2458414.258716 22.268076 0.007086
2458414.751783 22.274579 0.007129
2458415.255377 22.274096 0.007126
2458415.748444 22.267516 0.007083
2458416.241511 22.275908 0.007138
2458416.745105 22.266077 0.007073
2458417.238172 22.277885 0.007151
2458417.731239 22.256333 0.007010
2458418.234832 22.274257 0.007127
2458526.481367 22.254277 0.006997
2458526.984960 22.269077 0.007093
2458527.478027 22.260856 0.007039
2458527.971094 22.249703 0.006967
2458528.474688 22.272286 0.007114
2458528.967755 22.273774 0.007124
2458529.460822 22.269758 0.007097
2458529.964416 22.273854 0.007124
2458530.457483 22.264959 0.007066
2458530.950550 22.264281 0.007062
2458531.454144 22.278693 0.007156
2458531.947211 22.280635 0.007169
2458532.440278 22.259386 0.007030
2458532.943871 22.262965 0.007053
2458533.436938 22.274901 0.007131
2458533.930006 22.271885 0.007111
2458534.433599 22.272126 0.007113
2458534.926666 22.252421 0.006985
2458535.419733 22.263882 0.007059
2458535.923327 22.269879 0.007098
2458536.416394 22.280554 0.007168
2458536.909461 22.272447 0.007115
2458537.413055 22.273171 0.007120
2458537.906122 22.276271 0.007140
2458538.399189 22.277361 0.007147
2458538.902782 22.263882 0.007059
2458539.395850 22.275384 0.007134
2458539.888917 22.279178 0.007159
2458540.392510 22.275022 0.007132
2458540.885577 22.266077 0.007073
2458541.378644 22.272889 0.007118
2458541.882238 22.285138 0.007199
2458542.375305 22.274861 0.007131
2458542.868372 22.262567 0.007050
2458543.371966 22.266516 0.007076
2458543.865033 22.268276 0.007088
2458544.358100 22.264201 0.007061
2458544.861694 22.268837 0.007091
2458545.354761 22.271925 0.007111
2458545.847828 22.276634 0.007142
2458546.351421 22.271523 0.007109
2458546.844488 22.267236 0.007081
2458547.337556 22.278693 0.007156
2458547.841149 22.265917 0.007072
2458548.334216 22.267036 0.007079
2458548.827283 22.276715 0.007143
2458549.330877 22.270159 0.007100
2458549.823944 22.257522 0.007018
2458550.317011 22.255898 0.007007
2458550.820605 22.265717 0.007071
2458551.313672 22.267156 0.007080
2458551.806739 22.262487 0.007050
2458552.310332 22.254079 0.006996
2458552.803400 22.267556 0.007083
2458553.296467 22.264201 0.007061
2458553.800060 22.262926 0.007053
2458554.293127 22.275626 0.007136
2458554.786194 22.268076 0.007086
2458555.289788 22.266436 0.007076
2458555.782855 22.268917 0.007092
2458556.275922 22.288355 0.007220
2458556.779516 22.275949 0.007138
2458557.272583 22.263085 0.007054
2458557.765650 22.261771 0.007045
2458558.269244 22.270360 0.007101
2458558.762311 22.260896 0.007040
2458559.255378 22.261691 0.007045
2458559.758971 22.267796 0.007084
2458560.252038 22.280149 0.007166
2458560.745106 22.268396 0.007088
2458561.248699 22.264680 0.007064
2458561.741766 22.279421 0.007161
2458562.234833 22.259783 0.007032
2458562.738427 22.271002 0.007105
2458563.231494 22.270961 0.007105
2458563.724561 22.258077 0.007021
2458564.228155 22.265238 0.007068
2458564.721222 22.270681 0.007103
2458565.214289 22.278209 0.007153
2458565.717882 22.268596 0.007090
2458566.210950 22.264480 0.007063
2458566.704017 22.264719 0.007064
2458567.207610 22.264321 0.007062
2458567.700677 22.260419 0.007036
2458568.193744 22.266277 0.007075
2458568.697338 22.268356 0.007088
2458569.190405 22.273533 0.007122
2458569.683472 22.273975 0.007125
2458570.187066 22.271242 0.007107
2458570.680133 22.279947 0.007164
2458571.173200 22.279583 0.007162
2458571.676794 22.258870 0.007026
2458572.169861 22.281283 0.007173
2458572.662928 22.265637 0.007070
2458573.166521 22.257046 0.007015
2458573.659588 22.278451 0.007154
2458574.152656 22.266077 0.007073
2458574.656249 22.263324 0.007055
2458575.149316 22.269798 0.007098
2458575.642383 22.281810 0.007176
2458576.145977 22.280716 0.007169
2458576.639044 22.270360 0.007101
2458577.132111 22.281445 0.007174
2458577.635705 22.264879 0.007065
2458578.128772 22.270560 0.007103
2458578.621839 22.261174 0.007041
2458579.125432 22.278653 0.007156
2458579.618500 22.259903 0.007033
2458580.111567 22.261135 0.007041
2458580.615160 22.265677 0.007071
2458581.108227 22.277239 0.007146
2458581.601294 22.262209 0.007048
2458582.104888 22.272648 0.007116
2458582.597955 22.255819 0.007007
2458583.091022 22.273211 0.007120
2458583.594616 22.272447 0.007115
2458584.087683 22.256175 0.007009
2458584.580750 22.272447 0.007115
2458585.084344 22.256294 0.007010
2458585.577411 22.261413 0.007043
2458586.070478 22.270119 0.007100
2458586.574071 22.275062 0.007132
2458587.067138 22.262010 0.007047
2458587.560206 22.267596 0.007083
2458588.063799 22.266756 0.007078
2458588.556866 22.265837 0.007072
2458589.049933 22.256017 0.007008
2458589.553527 22.271202 0.007107
2458590.046594 22.271042 0.007106
2458590.539661 22.276029 0.007138
2458591.043255 22.285179 0.007199
2458591.536322 22.261771 0.007045
2458592.029389 22.283716 0.007189
2458592.532982 22.275264 0.007133
2458593.026050 22.259505 0.007031
2458593.519117 22.279259 0.007160
2458594.022710 22.270119 0.007100
2458594.515777 22.274539 0.007129
2458595.008844 22.273975 0.007125
2458595.512438 22.258711 0.007025
2458596.005505 22.274619 0.007129
2458596.498572 22.278774 0.007156
2458597.002166 22.264241 0.007061
2458597.495233 22.268436 0.007089
2458597.988300 22.247580 0.006954
2458712.204272 22.262926 0.007053
2458712.697339 22.273090 0.007119
2458713.200932 22.271162 0.007106
2458713.694000 22.279098 0.007159
2458714.187067 22.279623 0.007162
2458714.690660 22.273613 0.007123
2458715.183727 22.273895 0.007124
2458715.676794 22.268797 0.007091
2458716.180388 22.278209 0.007153
2458716.673455 22.268396 0.007088
2458717.166522 22.274579 0.007129
2458717.670116 22.257482 0.007017
2458718.163183 22.280473 0.007168
2458718.656250 22.270721 0.007104
2458719.159844 22.268476 0.007089
2458719.652911 22.271764 0.007110
2458720.145978 22.268236 0.007087
2458720.649571 22.282418 0.007180
2458721.142638 22.264360 0.007062
2458721.635706 22.273211 0.007120
2458722.139299 22.274982 0.007131
2458722.632366 22.273814 0.007124
2458723.125433 22.285098 0.007198
2458723.629027 22.261214 0.007042
2458724.122094 22.267756 0.007084
2458724.615161 22.278936 0.007158
2458725.118755 22.267676 0.007084
2458725.611822 22.272005 0.007112
2458726.104889 22.278087 0.007152
2458726.608482 22.271002 0.007105
2458727.101550 22.266756 0.007078
2458727.594617 22.267596 0.007083
2458728.098210 22.276634 0.007142
2458728.591277 22.261851 0.007046
2458729.084344 22.266237 0.007074
2458729.587938 22.251514 0.006979
2458730.081005 22.284041 0.007191
2458730.574072 22.274821 0.007130
2458731.077666 22.271885 0.007111
2458731.570733 22.269798 0.007098
2458732.063800 22.277764 0.007150
2458732.567394 22.279664 0.007162
2458733.060461 22.263204 0.007055
2458733.553528 22.276554 0.007142
2458734.057121 22.271162 0.007106
2458734.550188 22.269718 0.007097
2458735.043256 22.270360 0.007101
2458735.546849 22.273211 0.007120
2458736.039916 22.272970 0.007118
2458736.532983 22.270921 0.007105
2458737.036577 22.261811 0.007045
2458737.529644 22.269879 0.007098
2458738.022711 22.265598 0.007070
2458738.526305 22.269718 0.007097
2458739.019372 22.265039 0.007066
2458739.512439 22.281931 0.007177
2458740.016032 22.266756 0.007078
2458740.509100 22.261811 0.007045
2458741.002167 22.272809 0.007117
2458741.505760 22.263404 0.007056
2458741.998827 22.279704 0.007163
2458742.491894 22.265478 0.007069
2458742.995488 22.266676 0.007077
2458743.488555 22.267956 0.007085
2458743.981622 22.266716 0.007077
2458744.485216 22.267476 0.007082
2458744.978283 22.266876 0.007078
2458745.471350 22.279704 0.007163
2458745.974944 22.269317 0.007094
2458746.468011 22.254711 0.007000
2458746.961078 22.261055 0.007041
2458747.464671 22.271644 0.007110
2458747.957738 22.278370 0.007154
2458748.450806 22.280837 0.007170
2458748.954399 22.261413 0.007043
2458749.447466 22.268036 0.007086
2458749.940533 22.272327 0.007114
2458750.444127 22.265039 0.007066
2458750.937194 22.272528 0.007115
2458751.430261 22.265598 0.007070
2458751.933855 22.278815 0.007157
2458752.426922 22.259942 0.007033
2458752.919989 22.273694 0.007123
2458753.423582 22.280271 0.007166
2458753.916650 22.279745 0.007163
2458754.409717 22.275586 0.007135
2458754.913310 22.265318 0.007068
2458755.406377 22.275264 0.007133
2458755.899444 22.273854 0.007124
2458756.403038 22.263244 0.007055
2458756.896105 22.268757 0.007091
2458757.389172 22.266476 0.007076
2458757.892766 22.260578 0.007038
2458758.385833 22.263364 0.007056
2458758.878900 22.275425 0.007134
2458759.382494 22.268636 0.007090
2458759.875561 22.268036 0.007086
2458760.368628 22.275908 0.007138
2458760.872221 22.271604 0.007109
2458761.365288 22.267236 0.007081
2458761.858356 22.261174 0.007041
2458762.361949 22.270761 0.007104
2458762.855016 22.267876 0.007085
2458763.348083 22.265757 0.007071
2458763.851677 22.268957 0.007092
2458764.344744 22.263085 0.007054
2458764.837811 22.264161 0.007061
2458765.341405 22.269277 0.007094
2458765.834472 22.275747 0.007137
2458766.327539 22.276836 0.007144
2458766.831132 22.265158 0.007067
2458767.324200 22.265119 0.007067
2458767.817267 22.272970 0.007118
2458768.320860 22.257958 0.007021
2458768.813927 22.272849 0.007117
2458769.306994 22.262567 0.007050
2458769.810588 22.255938 0.007007
2458770.303655 22.272045 0.007112
2458770.796722 22.273171 0.007120
2458771.300316 22.279381 0.007160
2458771.793383 22.273130 0.007119
2458772.286450 22.275223 0.007133
2458772.790044 22.273372 0.007121
2458773.283111 22.267036 0.007079
2458773.776178 22.279664 0.007162
2458774.279771 22.286562 0.007208
2458774.772838 22.257641 0.007018
2458775.265906 22.266796 0.007078
2458775.769499 22.269919 0.007098
2458776.262566 22.273492 0.007122
2458776.755633 22.274941 0.007131
2458777.259227 22.266836 0.007078
2458777.752294 22.260459 0.007037
2458778.245361 22.246285 0.006945
2458778.748955 22.270761 0.007104
2458779.242022 22.280756 0.007170
2458779.735089 22.271804 0.007111
2458780.238682 22.268396 0.007088
2458780.731750 22.272126 0.007113
2458781.224817 22.275264 0.007133
2458781.728410 22.263045 0.007054
2458782.221477 22.282094 0.007178
2458782.714544 22.260936 0.007040
2458783.218138 22.275304 0.007134
2458783.711205 22.265079 0.007067
2459622.427944 22.271403 0.007109
2459622.921011 22.273533 0.007123
2459623.424605 22.276312 0.007142
2459623.917672 22.279987 0.007166
2459624.410739 22.268076 0.007088
2459624.914332 22.271965 0.007113
2459625.407400 22.279300 0.007161
2459625.900467 22.270801 0.007105
2459626.404060 22.268516 0.007091
2459626.897127 22.275626 0.007137
2459627.390194 22.271925 0.007113
2459627.893788 22.273613 0.007124
2459628.386855 22.273452 0.007123
2459628.879922 22.264201 0.007062
2459629.383516 22.263683 0.007059
2459629.876583 22.263324 0.007057
2459630.369650 22.268116 0.007088
2459630.873244 22.260777 0.007040
2459631.366311 22.255146 0.007004
2459631.859378 22.250017 0.006971
2459632.362971 22.278774 0.007158
2459632.856038 22.272849 0.007119
2459633.349106 22.281688 0.007177
2459633.852699 22.274619 0.007131
2459634.345766 22.274136 0.007128
2459634.838833 22.270440 0.007103
2459635.342427 22.279219 0.007161
2459635.835494 22.270159 0.007102
2459636.328561 22.274901 0.007133
2459636.832155 22.270600 0.007104
2459637.325222 22.269838 0.007100
2459637.818289 22.264041 0.007062
2459638.321882 22.272608 0.007118
2459638.814950 22.272648 0.007118
2459639.308017 22.270039 0.007101
2459639.811610 22.267436 0.007084
2459640.304677 22.262965 0.007055
2459640.797744 22.268997 0.007094
2459641.301338 22.259347 0.007031
2459641.794405 22.271644 0.007112
2459642.287472 22.269518 0.007098
2459642.791066 22.275465 0.007137
2459643.284133 22.272889 0.007120
2459643.777200 22.278653 0.007158
2459644.280794 22.269558 0.007098
2459644.773861 22.275022 0.007134
2459645.266928 22.264440 0.007065
2459645.770521 22.269438 0.007097
2459646.263588 22.269157 0.007095
2459646.756656 22.255067 0.007004
2459647.260249 22.269197 0.007096
2459647.753316 22.262687 0.007053
2459648.246383 22.277401 0.007150
2459648.749977 22.280878 0.007173
2459649.243044 22.261970 0.007049
2459649.736111 22.282905 0.007186
2459650.239705 22.268837 0.007094
2459650.732772 22.259823 0.007035
2459651.225839 22.267156 0.007083
2459651.729432 22.265558 0.007072
2459652.222500 22.263523 0.007059
2459652.715567 22.268636 0.007092
2459653.219160 22.264440 0.007065
2459653.712227 22.268396 0.007091
2459654.205294 22.260896 0.007042
2459654.708888 22.274619 0.007132
2459655.201955 22.266956 0.007082
2459655.695022 22.270320 0.007104
2459656.198616 22.280837 0.007173
2459656.691683 22.272970 0.007121
2459657.184750 22.260976 0.007043
2459657.688344 22.264879 0.007068
2459658.181411 22.274498 0.007131
2459658.674478 22.274096 0.007129
2459659.178071 22.282783 0.007186
2459659.671138 22.270681 0.007106
2459660.164206 22.262368 0.007052
2459660.667799 22.261970 0.007050
2459661.160866 22.273573 0.007125
2459661.653933 22.268116 0.007090
2459662.157527 22.280433 0.007171
2459662.650594 22.271363 0.007111
2459663.143661 22.281729 0.007179
2459663.647255 22.264719 0.007068
2459664.140322 22.260499 0.007040
2459664.633389 22.272970 0.007122
2459665.136982 22.269317 0.007098
2459665.630050 22.258275 0.007026
2459666.123117 22.274257 0.007130
2459666.626710 22.260061 0.007038
2459667.119777 22.271563 0.007113
2459667.612844 22.260220 0.007039
2459668.116438 22.270520 0.007106
2459668.609505 22.268917 0.007096
2459669.102572 22.262288 0.007052
2459669.606166 22.261890 0.007050
2459670.099233 22.257324 0.007020
2459670.592300 22.269959 0.007103
2459671.095894 22.267836 0.007089
2459671.588961 22.257641 0.007023
2459672.082028 22.269518 0.007100
2459672.585621 22.270320 0.007105
2459673.078688 22.266516 0.007080
2459673.571756 22.266237 0.007079
2459674.075349 22.257839 0.007024
2459674.568416 22.263962 0.007064
2459675.061483 22.268797 0.007095
2459675.565077 22.270560 0.007107
2459676.058144 22.271925 0.007116
2459676.551211 22.261373 0.007047
2459677.054805 22.266316 0.007080
2459677.547872 22.274498 0.007133
2459678.040939 22.268236 0.007092
2459678.544532 22.269237 0.007099
2459679.037600 22.257086 0.007020
2459679.530667 22.275989 0.007143
2459680.034260 22.264281 0.007067
2459680.527327 22.273171 0.007125
2459681.020394 22.261493 0.007049
2459681.523988 22.272246 0.007119
2459682.017055 22.262249 0.007054
2459682.510122 22.270640 0.007109
2459683.013716 22.271363 0.007113
2459683.506783 22.268997 0.007098
2459683.999850 22.262328 0.007055
2459684.503444 22.260618 0.007044
2459684.996511 22.257601 0.007024
2459685.489578 22.273613 0.007129
2459685.993171 22.263483 0.007062
2459686.486238 22.270761 0.007110
2459686.979306 22.267156 0.007087
2459687.482899 22.273332 0.007127
2459687.975966 22.263085 0.007060
2459688.469033 22.259505 0.007037
2459688.972627 22.272086 0.007119
2459689.465694 22.269558 0.007103
2459689.958761 22.267876 0.007092
2459690.462355 22.268036 0.007093
2459690.955422 22.265877 0.007079
2459691.448489 22.253605 0.007000
2459691.952082 22.270199 0.007107
2459692.445150 22.262647 0.007058
2459692.938217 22.274378 0.007135
2459693.441810 22.264999 0.007074
2459693.934877 22.276473 0.007149
2459807.647256 22.003907 0.006221
2459808.150849 21.998774 0.006191
2459808.643916 21.993819 0.006163
2459809.136983 22.006515 0.006234
2459809.640577 22.003970 0.006217
2459810.133644 22.012223 0.006262
2459810.626711 22.009192 0.006242
2459811.130305 22.007963 0.006231
2459811.623372 22.016119 0.006274
2459812.116439 22.016024 0.006269
2459812.620032 21.994473 0.006140
2459813.113100 22.002340 0.006179
2459813.606167 22.029401 0.006329
2459814.109760 22.027475 0.006311
2459814.602827 22.025521 0.006292
2459815.095894 22.027892 0.006299
2459815.599488 22.030687 0.006307
2459816.092555 22.039211 0.006348
2459816.585622 22.037364 0.006329
2459817.089216 22.047051 0.006377
2459817.582283 22.043888 0.006349
2459818.075350 22.050190 0.006377
2459818.578944 22.048979 0.006360
2459819.072011 22.065059 0.006445
2459819.565078 22.055474 0.006378
2459820.068671 22.061777 0.006405
2459820.561738 22.070984 0.006449
2459821.054806 22.070050 0.006433
2459821.558399 22.072453 0.006437
2459822.051466 22.069649 0.006410
2459822.544533 22.083100 0.006479
2459823.048127 22.083235 0.006469
2459823.541194 22.076438 0.006418
2459824.034261 22.095217 0.006520
2459824.537855 22.089872 0.006477
2459825.030922 22.103233 0.006547
2459825.523989 22.104747 0.006545
2459826.027582 22.105505 0.006539
2459826.520650 22.098978 0.006490
2459827.013717 22.115891 0.006581
2459827.517310 22.111760 0.006546
2459828.010377 22.118608 0.006578
2459828.503444 22.117876 0.006563
2459829.007038 22.132260 0.006641
2459829.500105 22.131483 0.006627
2459829.993172 22.140377 0.006672
2459830.496766 22.146049 0.006697
2459830.989833 22.137996 0.006638
2459831.482900 22.159473 0.006762
2459831.986494 22.134381 0.006599
2459832.479561 22.147517 0.006670
2459832.972628 22.153947 0.006701
2459833.476221 22.153766 0.006692
2459833.969288 22.149201 0.006656
2459834.462356 22.145835 0.006627
2459834.965949 22.178579 0.006822
2459835.459016 22.171819 0.006772
2459835.952083 22.170135 0.006754
2459836.455677 22.170245 0.006747
2459836.948744 22.185938 0.006838
2459837.441811 22.176149 0.006770
2459837.945405 22.166958 0.006706
2459838.438472 22.186197 0.006819
2459838.931539 22.180718 0.006778
2459839.435132 22.200581 0.006897
2459839.928200 22.189208 0.006818
2459840.421267 22.200543 0.006884
2459840.924860 22.201033 0.006881
2459841.417927 22.200431 0.006871
2459841.910994 22.192712 0.006817
2459842.414588 22.199115 0.006852
2459842.907655 22.206842 0.006895
2459843.400722 22.191145 0.006791
2459843.904316 22.191369 0.006788
2459844.397383 22.195703 0.006810
2459844.890450 22.207675 0.006881
2459845.394044 22.232177 0.007033
2459845.887111 22.223461 0.006972
2459846.380178 22.211505 0.006891
2459846.883771 22.210707 0.006882
2459847.376838 22.202652 0.006827
2459847.869906 22.223384 0.006954
2459848.373499 22.222808 0.006946
2459848.866566 22.230281 0.006989
2459849.359633 22.230165 0.006983
2459849.863227 22.235162 0.007010
2459850.356294 22.224960 0.006939
2459850.849361 22.215921 0.006874
2459851.352955 22.234813 0.006987
2459851.846022 22.228505 0.006939
2459852.339089 22.217753 0.006864
2459852.842682 22.238468 0.006991
2459853.335750 22.247698 0.007047
2459853.828817 22.242838 0.007014
2459854.332410 22.248012 0.007049
2459854.825477 22.237961 0.006993
2459855.318544 22.231596 0.006990
2459855.822138 22.143655 0.006654
2459856.315205 22.221159 0.006928
2459856.808272 22.221274 0.006903
2459857.311866 22.229740 0.006946
2459857.804933 22.245657 0.007042
2459858.298000 22.232332 0.006952
2459858.801594 22.246324 0.007038
2459859.294661 22.249152 0.007053
2459859.787728 22.236289 0.006967
2459860.291321 22.236600 0.006967
2459860.784388 22.236522 0.006964
2459861.277456 22.239403 0.006980
2459861.781049 22.244952 0.007014
2459862.274116 22.248955 0.007038
2459862.767183 22.245422 0.007013
2459863.270777 22.243307 0.006997
2459863.763844 22.232022 0.006923
2459864.256911 22.248483 0.007027
2459864.760505 22.239870 0.006970
2459865.253572 22.243229 0.006990
2459865.746639 22.271845 0.007175
2459866.250232 22.249034 0.007024
2459866.743300 22.260459 0.007097
2459867.236367 22.250450 0.007031
2459867.739960 22.239987 0.006962
2459868.233027 22.251475 0.007035
2459868.726094 22.258394 0.007078
2459869.229688 22.250214 0.007024
2459869.722755 22.252027 0.007034
2459870.215822 22.243855 0.006980
2459870.719416 22.252382 0.007034
2459871.212483 22.243620 0.006977
2459871.705550 22.238779 0.006944
2459872.209144 22.251356 0.007024
2459872.702211 22.251593 0.007025
2459873.195278 22.248130 0.007001
2459873.698871 22.250765 0.007017
2459874.191938 22.259823 0.007075
2459874.685006 22.263005 0.007095
2459875.188599 22.264400 0.007103
2459875.681666 22.250923 0.007015
2459876.174733 22.251278 0.007016
2459876.678327 22.253921 0.007032
2459877.171394 22.247698 0.006991
2459877.664461 22.258831 0.007063
2459878.168055 22.257284 0.007052
2459878.661122 22.264201 0.007096
2459879.154189 22.264201 0.007095
2459987.411250 22.279664 0.007164
2459987.904317 22.253408 0.006992
2459988.407910 22.261691 0.007046
2459988.900977 22.272407 0.007116
2459989.394044 22.270360 0.007102
2459989.897638 22.278774 0.007158
2459990.390705 22.269438 0.007096
2459990.883772 22.270600 0.007104
2459991.387366 22.263523 0.007058
2459991.880433 22.267236 0.007082
2459992.373500 22.269077 0.007094
2459992.877094 22.276070 0.007140
2459993.370161 22.263802 0.007060
2459993.863228 22.272206 0.007114
2459994.366821 22.275344 0.007135
2459994.859888 22.283108 0.007186
2459995.352956 22.266756 0.007079
2459995.856549 22.267996 0.007087
2459996.349616 22.277078 0.007146
2459996.842683 22.262647 0.007052
2459997.346277 22.289130 0.007226
2459997.839344 22.265757 0.007072
2459998.332411 22.262766 0.007053
2459998.836005 22.270640 0.007104
2459999.329072 22.272929 0.007119
2459999.822139 22.274297 0.007128
2460000.325732 22.267516 0.007084
2460000.818800 22.261811 0.007046
2460001.311867 22.270199 0.007101
2460001.815460 22.279583 0.007163
2460002.308527 22.278451 0.007155
2460002.801594 22.265558 0.007071
2460003.305188 22.277764 0.007151
2460003.798255 22.269879 0.007099
2460004.291322 22.268797 0.007092
2460004.794916 22.253447 0.006992
2460005.287983 22.266876 0.007079
2460005.781050 22.264520 0.007064
2460006.284644 22.265518 0.007070
2460006.777711 22.263085 0.007055
2460007.270778 22.279340 0.007161
2460007.774371 22.265637 0.007071
2460008.267438 22.269438 0.007096
2460008.760506 22.274056 0.007126
2460009.264099 22.273211 0.007121
2460009.757166 22.272608 0.007117
2460010.250233 22.265797 0.007072
2460010.753827 22.272126 0.007114
2460011.246894 22.284813 0.007197
2460011.739961 22.259188 0.007029
2460012.243555 22.270360 0.007102
2460012.736622 22.273452 0.007122
2460013.229689 22.265238 0.007069
2460013.733282 22.267196 0.007081
2460014.226350 22.263643 0.007058
2460014.719417 22.266277 0.007075
2460015.223010 22.258315 0.007024
2460015.716077 22.268596 0.007090
2460016.209144 22.249781 0.006969
2460016.712738 22.260300 0.007036
2460017.205805 22.263962 0.007060
2460017.698872 22.263962 0.007060
2460018.202466 22.268957 0.007093
2460018.695533 22.279826 0.007164
2460019.188600 22.283473 0.007188
2460019.692194 22.271443 0.007109
2460020.185261 22.274982 0.007132
2460020.678328 22.283554 0.007189
2460021.181921 22.252027 0.006983
2460021.674988 22.286522 0.007208
2460022.168056 22.264041 0.007061
2460022.671649 22.276473 0.007142
2460023.164716 22.267756 0.007085
2460023.657783 22.273251 0.007121
2460024.161377 22.270039 0.007100
2460024.654444 22.266716 0.007078
2460025.147511 22.266436 0.007076
2460025.651105 22.254395 0.006998
2460026.144172 22.260141 0.007035
2460026.637239 22.277239 0.007147
2460027.140832 22.278491 0.007155
2460027.633900 22.266636 0.007077
2460028.126967 22.265837 0.007072
2460028.630560 22.262567 0.007051
2460029.123627 22.265518 0.007070
2460029.616694 22.272929 0.007119
2460030.120288 22.256413 0.007011
2460030.613355 22.274378 0.007128
2460031.106422 22.266836 0.007079
2460031.610016 22.269037 0.007093
2460032.103083 22.271885 0.007112
2460032.596150 22.259823 0.007033
2460033.099744 22.266476 0.007076
2460033.592811 22.265957 0.007073
2460034.085878 22.273935 0.007125
2460034.589471 22.265677 0.007071
2460035.082538 22.268076 0.007087
2460035.575606 22.269398 0.007095
2460036.079199 22.267796 0.007085
2460036.572266 22.267676 0.007084
2460037.065333 22.270761 0.007104
2460037.568927 22.258632 0.007025
2460038.061994 22.260896 0.007040
2460038.555061 22.259982 0.007034
2460039.058655 22.266396 0.007076
2460039.551722 22.263284 0.007056
2460040.044789 22.282742 0.007183
2460040.548382 22.265558 0.007070
2460041.041450 22.268276 0.007088
2460041.534517 22.266117 0.007074
2460042.038110 22.273533 0.007122
2460042.531177 22.269478 0.007096
2460043.024244 22.265917 0.007073
2460043.527838 22.290069 0.007232
2460044.020905 22.268516 0.007090
2460044.513972 22.273935 0.007125
2460045.017566 22.264640 0.007064
2460045.510633 22.270600 0.007103
2460046.003700 22.264560 0.007064
2460046.507294 22.284244 0.007193
2460047.000361 22.266197 0.007074
2460047.493428 22.274780 0.007131
2460047.997021 22.273814 0.007124
2460048.490088 22.258156 0.007022
2460048.983156 22.262687 0.007052
2460049.486749 22.263802 0.007059
2460049.979816 22.273050 0.007119
2460050.472883 22.267796 0.007085
2460050.976477 22.272126 0.007113
2460051.469544 22.272005 0.007112
2460051.962611 22.264600 0.007064
2460052.466205 22.278532 0.007155
2460052.959272 22.269398 0.007095
2460053.452339 22.269838 0.007098
2460053.955932 22.267796 0.007085
2460054.449000 22.256690 0.007013
2460054.942067 22.279745 0.007163
2460055.445660 22.266396 0.007076
2460055.938727 22.276836 0.007144
2460056.431794 22.276513 0.007142
2460056.935388 22.265558 0.007070
2460057.428455 22.273171 0.007120
2460057.921522 22.284610 0.007195
2460058.425116 22.276271 0.007140
2460058.918183 22.262607 0.007051
