2458346.727899 20.144815 0.003470
2458347.220966 20.137919 0.003448
2458347.714033 20.132103 0.003430
2458348.217627 20.143113 0.003465
2458348.710694 20.133969 0.003436
2458349.203761 20.132284 0.003430
2458349.707355 20.143440 0.003466
2458350.200422 20.131362 0.003427
2458350.693489 20.133978 0.003436
2458351.197082 20.139431 0.003453
2458351.690150 20.132293 0.003430
2458352.183217 20.134016 0.003436
2458352.686810 20.132997 0.003432
2458353.179877 20.138904 0.003451
2458353.672944 20.136553 0.003444
2458354.176538 20.136553 0.003444
2458354.669605 20.135427 0.003440
2458355.162672 20.136849 0.003445
2458355.666266 20.134588 0.003438
2458356.159333 20.137308 0.003446
2458356.652400 20.136419 0.003443
2458357.155994 20.135828 0.003441
2458357.649061 20.137680 0.003447
2458358.142128 20.144526 0.003469
2458358.645721 20.136400 0.003443
2458359.138788 20.136782 0.003444
2458359.631856 20.138856 0.003451
2458360.135449 20.136868 0.003445
2458360.628516 20.131961 0.003429
2458361.121583 20.137050 0.003445
2458361.625177 20.136668 0.003444
2458362.118244 20.130583 0.003425
2458362.611311 20.137690 0.003447
2458363.114905 20.134216 0.003436
2458363.607972 20.137212 0.003446
2458364.101039 20.141462 0.003459
2458364.604632 20.136238 0.003443
2458365.097700 20.138828 0.003451
2458365.590767 20.135933 0.003442
2458366.094360 20.134845 0.003438
2458366.587427 20.139670 0.003454
2458367.080494 20.136123 0.003442
2458367.584088 20.141232 0.003459
2458368.077155 20.134845 0.003438
2458368.570222 20.137460 0.003447
2458369.073816 20.142191 0.003462
2458369.566883 20.140427 0.003456
2458370.059950 20.136286 0.003443
2458370.563544 20.136887 0.003445
2458371.056611 20.131913 0.003429
2458371.549678 20.137279 0.003446
2458372.053271 20.134836 0.003438
2458372.546338 20.138397 0.003450
2458373.039406 20.132607 0.003431
2458373.542999 20.136563 0.003444
2458374.036066 20.138923 0.003451
2458374.529133 20.136038 0.003442
2458375.032727 20.142278 0.003462
2458375.525794 20.134302 0.003437
2458376.018861 20.135885 0.003442
2458376.522455 20.138082 0.003449
2458377.015522 20.134474 0.003437
2458377.508589 20.138923 0.003451
2458378.012182 20.142969 0.003464
2458378.505250 20.138397 0.003450
2458378.998317 20.138149 0.003449
2458379.501910 20.138703 0.003451
2458379.994977 20.138895 0.003451
2458380.488044 20.134426 0.003437
2458380.991638 20.138598 0.003450
2458381.484705 20.139115 0.003452
2458381.977772 20.136639 0.003444
2458382.481366 20.138235 0.003449
2458382.974433 20.140848 0.003457
2458383.467500 20.140666 0.003457
2458383.971094 20.136257 0.003443
2458384.464161 20.147020 0.003477
2458384.957228 20.135637 0.003441
2458385.460821 20.133950 0.003436
2458385.953888 20.134626 0.003438
2458386.446956 20.144516 0.003469
2458386.950549 20.140168 0.003455
2458387.443616 20.137709 0.003447
2458387.936683 20.137183 0.003446
2458388.440277 20.138388 0.003450
2458388.933344 20.137308 0.003446
2458389.426411 20.139651 0.003454
2458389.930005 20.135723 0.003441
2458390.423072 20.141644 0.003460
2458390.916139 20.129178 0.003420
2458391.419732 20.135169 0.003439
2458391.912800 20.141779 0.003460
2458392.405867 20.136543 0.003444
2458392.909460 20.139622 0.003453
2458393.402527 20.134435 0.003437
2458393.895594 20.141222 0.003459
2458394.399188 20.136028 0.003442
2458394.892255 20.137050 0.003445
2458395.385322 20.137155 0.003446
2458395.888916 20.133388 0.003434
2458396.381983 20.133654 0.003435
2458396.875050 20.141155 0.003458
2458397.378644 20.137231 0.003446
2458397.871711 20.138082 0.003449
2458398.364778 20.138483 0.003450
2458398.868371 20.136792 0.003445
2458399.361438 20.139996 0.003455
2458399.854506 20.138943 0.003451
2458400.358099 20.138646 0.003450
2458400.851166 20.133721 0.003435
2458401.344233 20.139718 0.003454
2458401.847827 20.135427 0.003440
2458402.340894 20.138407 0.003450
2458402.833961 20.134083 0.003436
2458403.337555 20.134950 0.003439
2458403.830622 20.139345 0.003453
2458404.323689 20.134397 0.003437
2458404.827282 20.131362 0.003427
2458405.320350 20.140935 0.003458
2458405.813417 20.135608 0.003441
2458406.317010 20.134245 0.003436
2458406.810077 20.133264 0.003433
2458407.303144 20.129700 0.003422
2458407.806738 20.133959 0.003436
2458408.299805 20.142979 0.003464
2458408.792872 20.135904 0.003442
2458409.296466 20.137881 0.003448
2458409.789533 20.138541 0.003450
2458410.282600 20.136419 0.003443
2458410.786194 20.137537 0.003447
2458411.279261 20.143152 0.003465
2458411.772328 20.132103 0.003430
2458412.275921 20.143084 0.003465
2458412.768988 20.141194 0.003459
2458413.262056 20.138943 0.003451
2458413.765649 20.136095 0.003442
2458414.258716 20.134779 0.003438
2458414.751783 20.139613 0.003453
2458415.255377 20.139967 0.003455
2458415.748444 20.141347 0.003459
2458416.241511 20.136467 0.003443
2458416.745105 20.142902 0.003464
2458417.238172 20.135370 0.003440
2458417.731239 20.142508 0.003463
2458418.234832 20.135436 0.003440
2458526.481367 20.135904 0.003442
2458526.984960 20.137078 0.003445
2458527.478027 20.141242 0.003459
2458527.971094 20.137575 0.003447
2458528.474688 20.140178 0.003455
2458528.967755 20.138407 0.003450
2458529.460822 20.130678 0.003425
2458529.964416 20.132798 0.003432
2458530.457483 20.133464 0.003434
2458530.950550 20.133397 0.003434
2458531.454144 20.139096 0.003452
2458531.947211 20.138091 0.003449
2458532.440278 20.139345 0.003453
2458532.943871 20.141050 0.003458
2458533.436938 20.139402 0.003453
2458533.930006 20.142873 0.003464
2458534.433599 20.133883 0.003435
2458534.926666 20.141491 0.003459
2458535.419733 20.140503 0.003456
2458535.923327 20.137384 0.003446
2458536.416394 20.136066 0.003442
2458536.909461 20.144026 0.003468
2458537.413055 20.135427 0.003440
2458537.906122 20.139105 0.003452
2458538.399189 20.142287 0.003462
2458538.902782 20.138818 0.003451
2458539.395850 20.138952 0.003451
2458539.888917 20.140551 0.003456
2458540.392510 20.136687 0.003444
2458540.885577 20.135770 0.003441
2458541.378644 20.134493 0.003437
2458541.882238 20.136906 0.003445
2458542.375305 20.134731 0.003438
2458542.868372 20.133978 0.003436
2458543.371966 20.132959 0.003432
2458543.865033 20.137174 0.003446
2458544.358100 20.130421 0.003424
2458544.861694 20.130573 0.003425
2458545.354761 20.134569 0.003437
2458545.847828 20.139287 0.003452
2458546.351421 20.142643 0.003463
2458546.844488 20.136830 0.003445
2458547.337556 20.137097 0.003445
2458547.841149 20.142825 0.003464
2458548.334216 20.132921 0.003432
2458548.827283 20.138799 0.003451
2458549.330877 20.135522 0.003440
2458549.823944 20.140178 0.003455
2458550.317011 20.138550 0.003450
2458550.820605 20.138904 0.003451
2458551.313672 20.137317 0.003446
2458551.806739 20.134331 0.003437
2458552.310332 20.138369 0.003450
2458552.803400 20.134350 0.003437
2458553.296467 20.138340 0.003449
2458553.800060 20.136878 0.003445
2458554.293127 20.133435 0.003434
2458554.786194 20.135236 0.003440
2458555.289788 20.131751 0.003429
2458555.782855 20.135370 0.003440
2458556.275922 20.140063 0.003455
2458556.779516 20.136419 0.003443
2458557.272583 20.136830 0.003445
2458557.765650 20.134569 0.003437
2458558.269244 20.136744 0.003444
2458558.762311 20.142134 0.003461
2458559.255378 20.139115 0.003452
2458559.758971 20.133616 0.003434
2458560.252038 20.133216 0.003433
2458560.745106 20.134321 0.003437
2458561.248699 20.136820 0.003445
2458561.741766 20.132503 0.003431
2458562.234833 20.139593 0.003453
2458562.738427 20.143478 0.003466
2458563.231494 20.139996 0.003455
2458563.724561 20.139325 0.003453
2458564.228155 20.130298 0.003424
2458564.721222 20.135475 0.003440
2458565.214289 20.138904 0.003451
2458565.717882 20.140427 0.003456
2458566.210950 20.137871 0.003448
2458566.704017 20.134216 0.003436
2458567.207610 20.136935 0.003445
2458567.700677 20.138483 0.003450
2458568.193744 20.138799 0.003451
2458568.697338 20.136505 0.003444
2458569.190405 20.134493 0.003437
2458569.683472 20.135923 0.003442
2458570.187066 20.134588 0.003438
2458570.680133 20.135751 0.003441
2458571.173200 20.140743 0.003457
2458571.676794 20.137747 0.003448
2458572.169861 20.137652 0.003447
2458572.662928 20.131713 0.003428
2458573.166521 20.138522 0.003450
2458573.659588 20.139201 0.003452
2458574.152656 20.132931 0.003432
2458574.656249 20.138531 0.003450
2458575.149316 20.138263 0.003449
2458575.642383 20.140091 0.003455
2458576.145977 20.142940 0.003464
2458576.639044 20.139268 0.003452
2458577.132111 20.135055 0.003439
2458577.635705 20.133921 0.003435
2458578.128772 20.139852 0.003454
2458578.621839 20.133988 0.003436
2458579.125432 20.142393 0.003462
2458579.618500 20.134950 0.003439
2458580.111567 20.138560 0.003450
2458580.615160 20.137527 0.003447
2458581.108227 20.133359 0.003434
2458581.601294 20.139163 0.003452
2458582.104888 20.138895 0.003451
2458582.597955 20.133778 0.003435
2458583.091022 20.134855 0.003438
2458583.594616 20.137613 0.003447
2458584.087683 20.138675 0.003450
2458584.580750 20.137317 0.003446
2458585.084344 20.133273 0.003433
2458585.577411 20.134102 0.003436
2458586.070478 20.139459 0.003453
2458586.574071 20.142153 0.003462
2458587.067138 20.141337 0.003459
2458587.560206 20.136076 0.003442
2458588.063799 20.134092 0.003436
2458588.556866 20.136563 0.003444
2458589.049933 20.136878 0.003445
2458589.553527 20.136629 0.003444
2458590.046594 20.143517 0.003466
2458590.539661 20.136601 0.003444
2458591.043255 20.136247 0.003443
2458591.536322 20.139555 0.003453
2458592.029389 20.133730 0.003435
2458592.532982 20.138244 0.003449
2458593.026050 20.134369 0.003437
2458593.519117 20.135351 0.003440
2458594.022710 20.136792 0.003445
2458594.515777 20.141002 0.003458
2458595.008844 20.129823 0.003422
2458595.512438 20.138589 0.003450
2458596.005505 20.135837 0.003441
2458596.498572 20.135684 0.003441
2458597.002166 20.137050 0.003445
2458597.495233 20.140647 0.003457
2458597.988300 20.131723 0.003428
2458712.204272 20.144372 0.003469
2458712.697339 20.135513 0.003440
2458713.200932 20.138780 0.003451
2458713.694000 20.137785 0.003448
2458714.187067 20.133597 0.003434
2458714.690660 20.134369 0.003437
2458715.183727 20.135618 0.003441
2458715.676794 20.138483 0.003450
2458716.180388 20.137910 0.003448
2458716.673455 20.134407 0.003437
2458717.166522 20.132541 0.003431
2458717.670116 20.135036 0.003439
2458718.163183 20.131751 0.003429
2458718.656250 20.138397 0.003450
2458719.159844 20.134131 0.003436
2458719.652911 20.136162 0.003443
2458720.145978 20.128534 0.003418
2458720.649571 20.143305 0.003465
2458721.142638 20.141174 0.003458
2458721.635706 20.140628 0.003457
2458722.139299 20.137422 0.003447
2458722.632366 20.138751 0.003451
2458723.125433 20.143324 0.003465
2458723.629027 20.132018 0.003429
2458724.122094 20.146750 0.003476
2458724.615161 20.138235 0.003449
2458725.118755 20.137136 0.003446
2458725.611822 20.137881 0.003448
2458726.104889 20.137824 0.003448
2458726.608482 20.134779 0.003438
2458727.101550 20.143968 0.003467
2458727.594617 20.135017 0.003439
2458728.098210 20.139766 0.003454
2458728.591277 20.136286 0.003443
2458729.084344 20.136085 0.003442
2458729.587938 20.130763 0.003425
2458730.081005 20.140571 0.003457
2458730.574072 20.138751 0.003451
2458731.077666 20.132921 0.003432
2458731.570733 20.135532 0.003441
2458732.063800 20.134960 0.003439
2458732.567394 20.134121 0.003436
2458733.060461 20.133797 0.003435
2458733.553528 20.139278 0.003452
2458734.057121 20.140848 0.003457
2458734.550188 20.133054 0.003433
2458735.043256 20.137957 0.003448
2458735.546849 20.135332 0.003440
2458736.039916 20.140647 0.003457
2458736.532983 20.134178 0.003436
2458737.036577 20.139249 0.003452
2458737.529644 20.133626 0.003434
2458738.022711 20.138809 0.003451
2458738.526305 20.135208 0.003439
2458739.019372 20.128259 0.003418
2458739.512439 20.140120 0.003455
2458740.016032 20.134874 0.003438
2458740.509100 20.137183 0.003446
2458741.002167 20.136028 0.003442
2458741.505760 20.139852 0.003454
2458741.998827 20.139728 0.003454
2458742.491894 20.138397 0.003450
2458742.995488 20.134264 0.003436
2458743.488555 20.135713 0.003441
2458743.981622 20.142307 0.003462
2458744.485216 20.133873 0.003435
2458744.978283 20.136859 0.003445
2458745.471350 20.132151 0.003430
2458745.974944 20.137097 0.003445
2458746.468011 20.133769 0.003435
2458746.961078 20.137413 0.003446
2458747.464671 20.141779 0.003460
2458747.957738 20.138962 0.003451
2458748.450806 20.134607 0.003438
2458748.954399 20.140139 0.003455
2458749.447466 20.138445 0.003450
2458749.940533 20.134750 0.003438
2458750.444127 20.138283 0.003449
2458750.937194 20.137480 0.003447
2458751.430261 20.135160 0.003439
2458751.933855 20.134216 0.003436
2458752.426922 20.137938 0.003448
2458752.919989 20.143853 0.003467
2458753.423582 20.136763 0.003444
2458753.916650 20.139086 0.003452
2458754.409717 20.137738 0.003448
2458754.913310 20.134588 0.003438
2458755.406377 20.138311 0.003449
2458755.899444 20.136143 0.003442
2458756.403038 20.145912 0.003474
2458756.896105 20.135866 0.003442
2458757.389172 20.140302 0.003456
2458757.892766 20.140705 0.003457
2458758.385833 20.136859 0.003445
2458758.878900 20.137288 0.003446
2458759.382494 20.139823 0.003454
2458759.875561 20.132807 0.003432
2458760.368628 20.136563 0.003444
2458760.872221 20.133692 0.003435
2458761.365288 20.134759 0.003438
2458761.858356 20.137776 0.003448
2458762.361949 20.137011 0.003445
2458762.855016 20.136658 0.003444
2458763.348083 20.135351 0.003440
2458763.851677 20.131894 0.003429
2458764.344744 20.135913 0.003442
2458764.837811 20.137537 0.003447
2458765.341405 20.138196 0.003449
2458765.834472 20.139191 0.003452
2458766.327539 20.135303 0.003440
2458766.831132 20.132312 0.003430
2458767.324200 20.131561 0.003428
2458767.817267 20.140743 0.003457
2458768.320860 20.138656 0.003450
2458768.813927 20.141174 0.003458
2458769.306994 20.134826 0.003438
2458769.810588 20.136171 0.003443
2458770.303655 20.144497 0.003469
2458770.796722 20.132874 0.003432
2458771.300316 20.134302 0.003437
2458771.793383 20.134569 0.003437
2458772.286450 20.138407 0.003450
2458772.790044 20.128809 0.003419
2458773.283111 20.136668 0.003444
2458773.776178 20.141990 0.003461
2458774.279771 20.140206 0.003455
2458774.772838 20.137164 0.003446
2458775.265906 20.140187 0.003455
2458775.769499 20.138225 0.003449
2458776.262566 20.129406 0.003421
2458776.755633 20.138656 0.003450
2458777.259227 20.137690 0.003447
2458777.752294 20.135198 0.003439
2458778.245361 20.140724 0.003457
2458778.748955 20.144228 0.003468
2458779.242022 20.133112 0.003433
2458779.735089 20.140532 0.003456
2458780.238682 20.138187 0.003449
2458780.731750 20.129055 0.003420
2458781.224817 20.133426 0.003434
2458781.728410 20.134950 0.003439
2458782.221477 20.134664 0.003438
2458782.714544 20.140379 0.003456
2458783.218138 20.138675 0.003450
2458783.711205 20.134302 0.003437
2459622.427944 20.083095 0.003363
2459622.921011 20.085579 0.003374
2459623.424605 20.077583 0.003354
2459623.917672 20.082232 0.003373
2459624.410739 20.075685 0.003357
2459624.914332 20.068810 0.003341
2459625.407400 20.071514 0.003355
2459625.900467 20.062469 0.003333
2459626.404060 20.065568 0.003349
2459626.897127 20.064138 0.003351
2459627.390194 20.055473 0.003331
2459627.893788 20.047466 0.003314
2459628.386855 20.043585 0.003309
2459628.879922 20.041580 0.003311
2459629.383516 20.037711 0.003308
2459629.876583 20.033544 0.003305
2459630.369650 20.020570 0.003275
2459630.873244 20.014665 0.003267
2459631.366311 20.015826 0.003282
2459631.859378 20.001753 0.003251
2459632.362971 19.990378 0.003229
2459632.856038 19.984643 0.003225
2459633.349106 19.985166 0.003241
2459633.852699 19.969950 0.003211
2459634.345766 19.959939 0.003197
2459634.838833 19.944014 0.003166
2459635.342427 19.937994 0.003167
2459635.835494 19.932671 0.003170
2459636.328561 19.914185 0.003137
2459636.832155 19.899166 0.003115
2459637.325222 19.886799 0.003102
2459637.818289 19.870334 0.003080
2459638.321882 19.855419 0.003064
2459638.814950 19.838084 0.003043
2459639.308017 19.816718 0.003012
2459639.811610 19.799299 0.002996
2459640.304677 19.782714 0.002984
2459640.797744 19.756268 0.002947
2459641.301338 19.725759 0.002904
2459641.794405 19.699014 0.002873
2459642.287472 19.673804 0.002849
2459642.791066 19.640667 0.002810
2459643.284133 19.603123 0.002762
2459643.777200 19.566806 0.002723
2459644.280794 19.523741 0.002673
2459644.773861 19.488966 0.002647
2459645.266928 19.443175 0.002600
2459645.770521 19.390245 0.002544
2459646.263588 19.333779 0.002485
2459646.756656 19.281038 0.002442
2459647.260249 19.212664 0.002374
2459647.753316 19.149511 0.002325
2459648.246383 19.077524 0.002266
2459648.749977 18.997476 0.002203
2459649.243044 18.914941 0.002143
2459649.736111 18.818235 0.002066
2459650.239705 18.719160 0.001999
2459650.732772 18.620133 0.001939
2459651.225839 18.514776 0.001875
2459651.729432 18.408893 0.001817
2459652.222500 18.312251 0.001767
2459652.715567 18.233989 0.001729
2459653.219160 18.188551 0.001709
2459653.712227 18.186239 0.001707
2459654.205294 18.229674 0.001727
2459654.708888 18.308376 0.001762
2459655.201955 18.415132 0.001823
2459655.695022 18.524768 0.001881
2459656.198616 18.642967 0.001955
2459656.691683 18.749169 0.002021
2459657.184750 18.851802 0.002092
2459657.688344 18.945648 0.002157
2459658.181411 19.036124 0.002232
2459658.674478 19.115572 0.002295
2459659.178071 19.190868 0.002360
2459659.671138 19.261357 0.002426
2459660.164206 19.319537 0.002474
2459660.667799 19.377481 0.002529
2459661.160866 19.438436 0.002600
2459661.653933 19.479000 0.002630
2459662.157527 19.523980 0.002675
2459662.650594 19.570173 0.002730
2459663.143661 19.608029 0.002770
2459663.647255 19.646360 0.002815
2459664.140322 19.678434 0.002850
2459664.633389 19.707965 0.002881
2459665.136982 19.740025 0.002922
2459665.630050 19.763334 0.002944
2459666.123117 19.792149 0.002984
2459666.626710 19.812332 0.003002
2459667.119777 19.843086 0.003053
2459667.612844 19.861086 0.003072
2459668.116438 19.876681 0.003084
2459668.609505 19.900986 0.003125
2459669.102572 19.915283 0.003139
2459669.606166 19.924802 0.003140
2459670.099233 19.941084 0.003164
2459670.592300 19.964819 0.003211
2459671.095894 19.971261 0.003209
2459671.588961 19.985881 0.003233
2459672.082028 19.999917 0.003257
2459672.585621 20.009081 0.003268
2459673.078688 20.012815 0.003264
2459673.571756 20.024963 0.003287
2459674.075349 20.027387 0.003283
2459674.568416 20.041475 0.003315
2459675.061483 20.042647 0.003309
2459675.565077 20.049790 0.003322
2459676.058144 20.054791 0.003330
2459676.551211 20.059165 0.003337
2459677.054805 20.060099 0.003333
2459677.547872 20.061061 0.003331
2459678.040939 20.068604 0.003349
2459678.544532 20.071163 0.003352
2459679.037600 20.068622 0.003340
2459679.530667 20.076426 0.003360
2459680.034260 20.082568 0.003375
2459680.527327 20.076128 0.003352
2459681.020394 20.083704 0.003372
2459681.523988 20.083641 0.003368
2459682.017055 20.084760 0.003369
2459682.510122 20.090876 0.003384
2459683.013716 20.091142 0.003382
2459683.506783 20.090025 0.003376
2459683.999850 20.090766 0.003375
2459684.503444 20.093369 0.003381
2459684.996511 20.091829 0.003373
2459685.489578 20.100393 0.003397
2459685.993171 20.098962 0.003390
2459686.486238 20.100097 0.003392
2459686.979306 20.107787 0.003413
2459687.482899 20.105280 0.003403
2459687.975966 20.100929 0.003388
2459688.469033 20.106459 0.003403
2459688.972627 20.102519 0.003388
2459689.465694 20.103056 0.003388
2459689.958761 20.110348 0.003409
2459690.462355 20.108085 0.003400
2459690.955422 20.113886 0.003417
2459691.448489 20.114980 0.003419
2459691.952082 20.108457 0.003397
2459692.445150 20.111327 0.003404
2459692.938217 20.116535 0.003419
2459693.441810 20.119154 0.003426
2459693.934877 20.115261 0.003412
2459807.647256 20.135074 0.003439
2459808.150849 20.136763 0.003445
2459808.643916 20.135541 0.003441
2459809.136983 20.139833 0.003454
2459809.640577 20.139699 0.003454
2459810.133644 20.127956 0.003417
2459810.626711 20.133559 0.003435
2459811.130305 20.131495 0.003428
2459811.623372 20.132883 0.003432
2459812.116439 20.136448 0.003444
2459812.620032 20.139345 0.003453
2459813.113100 20.136677 0.003444
2459813.606167 20.134588 0.003438
2459814.109760 20.142086 0.003462
2459814.602827 20.137642 0.003447
2459815.095894 20.133511 0.003434
2459815.599488 20.140618 0.003457
2459816.092555 20.138369 0.003450
2459816.585622 20.140676 0.003457
2459817.089216 20.136209 0.003443
2459817.582283 20.136238 0.003443
2459818.075350 20.131219 0.003427
2459818.578944 20.139852 0.003454
2459819.072011 20.142028 0.003461
2459819.565078 20.138589 0.003450
2459820.068671 20.130118 0.003424
2459820.561738 20.140705 0.003457
2459821.054806 20.134759 0.003438
2459821.558399 20.138703 0.003451
2459822.051466 20.136706 0.003444
2459822.544533 20.134092 0.003436
2459823.048127 20.137136 0.003446
2459823.541194 20.137355 0.003446
2459824.034261 20.132579 0.003431
2459824.537855 20.138522 0.003450
2459825.030922 20.133892 0.003436
2459825.523989 20.133521 0.003434
2459826.027582 20.137527 0.003447
2459826.520650 20.138216 0.003449
2459827.013717 20.133702 0.003435
2459827.517310 20.139316 0.003453
2459828.010377 20.140638 0.003457
2459828.503444 20.139144 0.003452
2459829.007038 20.132455 0.003431
2459829.500105 20.137432 0.003447
2459829.993172 20.135665 0.003441
2459830.496766 20.139201 0.003452
2459830.989833 20.137546 0.003447
2459831.482900 20.137508 0.003447
2459831.986494 20.138828 0.003451
2459832.479561 20.134474 0.003437
2459832.972628 20.127899 0.003417
2459833.476221 20.134874 0.003439
2459833.969288 20.137499 0.003447
2459834.462356 20.138904 0.003451
2459834.965949 20.135665 0.003441
2459835.459016 20.133007 0.003433
2459835.952083 20.135665 0.003441
2459836.455677 20.134026 0.003436
2459836.948744 20.137910 0.003448
2459837.441811 20.136209 0.003443
2459837.945405 20.140964 0.003458
2459838.438472 20.132836 0.003432
2459838.931539 20.136419 0.003443
2459839.435132 20.131381 0.003428
2459839.928200 20.141942 0.003461
2459840.421267 20.131124 0.003427
2459840.924860 20.142825 0.003464
2459841.417927 20.137900 0.003448
2459841.910994 20.143469 0.003466
2459842.414588 20.131314 0.003427
2459842.907655 20.141280 0.003459
2459843.400722 20.133978 0.003436
2459843.904316 20.135160 0.003439
2459844.397383 20.137986 0.003448
2459844.890450 20.133692 0.003435
2459845.394044 20.138818 0.003451
2459845.887111 20.138464 0.003450
2459846.380178 20.134216 0.003436
2459846.883771 20.139431 0.003453
2459847.376838 20.133673 0.003435
2459847.869906 20.136534 0.003444
2459848.373499 20.135799 0.003441
2459848.866566 20.134712 0.003438
2459849.359633 20.139038 0.003452
2459849.863227 20.144988 0.003471
2459850.356294 20.137824 0.003448
2459850.849361 20.135570 0.003441
2459851.352955 20.140226 0.003456
2459851.846022 20.138359 0.003450
2459852.339089 20.138053 0.003449
2459852.842682 20.138904 0.003451
2459853.335750 20.135904 0.003442
2459853.828817 20.138273 0.003449
2459854.332410 20.132493 0.003431
2459854.825477 20.135093 0.003439
2459855.318544 20.139134 0.003452
2459855.822138 20.132836 0.003432
2459856.315205 20.134197 0.003436
2459856.808272 20.142038 0.003461
2459857.311866 20.138206 0.003449
2459857.804933 20.138388 0.003450
2459858.298000 20.138761 0.003451
2459858.801594 20.133816 0.003435
2459859.294661 20.140868 0.003458
2459859.787728 20.130611 0.003425
2459860.291321 20.141942 0.003461
2459860.784388 20.138416 0.003450
2459861.277456 20.140360 0.003456
2459861.781049 20.139373 0.003453
2459862.274116 20.132997 0.003433
2459862.767183 20.128354 0.003418
2459863.270777 20.133178 0.003433
2459863.763844 20.133369 0.003434
2459864.256911 20.129254 0.003421
2459864.760505 20.141261 0.003459
2459865.253572 20.139182 0.003452
2459865.746639 20.138436 0.003450
2459866.250232 20.141548 0.003460
2459866.743300 20.137279 0.003446
2459867.236367 20.138158 0.003449
2459867.739960 20.132931 0.003432
2459868.233027 20.135103 0.003439
2459868.726094 20.136992 0.003445
2459869.229688 20.138053 0.003449
2459869.722755 20.132636 0.003431
2459870.215822 20.139297 0.003453
2459870.719416 20.133054 0.003433
2459871.212483 20.136801 0.003445
2459871.705550 20.137432 0.003447
2459872.209144 20.134521 0.003437
2459872.702211 20.136505 0.003444
2459873.195278 20.135885 0.003442
2459873.698871 20.137355 0.003446
2459874.191938 20.139862 0.003454
2459874.685006 20.137594 0.003447
2459875.188599 20.142259 0.003462
2459875.681666 20.140801 0.003457
2459876.174733 20.135065 0.003439
2459876.678327 20.134416 0.003437
2459877.171394 20.133864 0.003435
2459877.664461 20.142383 0.003462
2459878.168055 20.142815 0.003464
2459878.661122 20.132759 0.003432
2459879.154189 20.135274 0.003440
2459987.411250 20.137843 0.003448
2459987.904317 20.147869 0.003480
2459988.407910 20.133226 0.003433
2459988.900977 20.140532 0.003456
2459989.394044 20.136543 0.003444
2459989.897638 20.138952 0.003451
2459990.390705 20.137480 0.003447
2459990.883772 20.139297 0.003452
2459991.387366 20.141251 0.003459
2459991.880433 20.139517 0.003453
2459992.373500 20.140753 0.003457
2459992.877094 20.131324 0.003427
2459993.370161 20.135742 0.003441
2459993.863228 20.133492 0.003434
2459994.366821 20.135360 0.003440
2459994.859888 20.136295 0.003443
2459995.352956 20.137642 0.003447
2459995.856549 20.141846 0.003461
2459996.349616 20.137929 0.003448
2459996.842683 20.138101 0.003449
2459997.346277 20.136305 0.003443
2459997.839344 20.141999 0.003461
2459998.332411 20.141165 0.003458
2459998.836005 20.128979 0.003420
2459999.329072 20.137718 0.003447
2459999.822139 20.137986 0.003448
2460000.325732 20.140226 0.003455
2460000.818800 20.141846 0.003461
2460001.311867 20.136171 0.003443
2460001.815460 20.139459 0.003453
2460002.308527 20.136543 0.003444
2460002.801594 20.141760 0.003460
2460003.305188 20.133416 0.003434
2460003.798255 20.139785 0.003454
2460004.291322 20.139546 0.003453
2460004.794916 20.133788 0.003435
2460005.287983 20.142729 0.003463
2460005.781050 20.132531 0.003431
2460006.284644 20.134426 0.003437
2460006.777711 20.136553 0.003444
2460007.270778 20.133321 0.003434
2460007.774371 20.136830 0.003445
2460008.267438 20.138034 0.003448
2460008.760506 20.135188 0.003439
2460009.264099 20.140973 0.003458
2460009.757166 20.142211 0.003462
2460010.250233 20.137824 0.003448
2460010.753827 20.138866 0.003451
2460011.246894 20.131276 0.003427
2460011.739961 20.141625 0.003460
2460012.243555 20.143968 0.003467
2460012.736622 20.142047 0.003461
2460013.229689 20.135742 0.003441
2460013.733282 20.138464 0.003450
2460014.226350 20.137594 0.003447
2460014.719417 20.142268 0.003462
2460015.223010 20.134807 0.003438
2460015.716077 20.138139 0.003449
2460016.209144 20.131894 0.003429
2460016.712738 20.131248 0.003427
2460017.205805 20.142931 0.003464
2460017.698872 20.138904 0.003451
2460018.202466 20.137126 0.003446
2460018.695533 20.137040 0.003445
2460019.188600 20.140245 0.003455
2460019.692194 20.136247 0.003443
2460020.185261 20.144084 0.003468
2460020.678328 20.136429 0.003443
2460021.181921 20.136687 0.003444
2460021.674988 20.138684 0.003451
2460022.168056 20.136181 0.003443
2460022.671649 20.138598 0.003450
2460023.164716 20.142959 0.003464
2460023.657783 20.130592 0.003425
2460024.161377 20.133797 0.003435
2460024.654444 20.133245 0.003433
2460025.147511 20.136438 0.003443
2460025.651105 20.135160 0.003439
2460026.144172 20.141692 0.003460
2460026.637239 20.131438 0.003428
2460027.140832 20.136687 0.003444
2460027.633900 20.132750 0.003432
2460028.126967 20.140120 0.003455
2460028.630560 20.137260 0.003446
2460029.123627 20.139258 0.003452
2460029.616694 20.137241 0.003446
2460030.120288 20.140714 0.003457
2460030.613355 20.136076 0.003442
2460031.106422 20.139909 0.003454
2460031.610016 20.141558 0.003460
2460032.103083 20.134607 0.003438
2460032.596150 20.138943 0.003451
2460033.099744 20.139383 0.003453
2460033.592811 20.141213 0.003459
2460034.085878 20.138962 0.003451
2460034.589471 20.138923 0.003451
2460035.082538 20.139258 0.003452
2460035.575606 20.137632 0.003447
2460036.079199 20.132417 0.003431
2460036.572266 20.136458 0.003443
2460037.065333 20.142095 0.003461
2460037.568927 20.134169 0.003436
2460038.061994 20.144497 0.003469
2460038.555061 20.134054 0.003436
2460039.058655 20.132855 0.003432
2460039.551722 20.137642 0.003447
2460040.044789 20.133492 0.003434
2460040.548382 20.131932 0.003429
2460041.041450 20.135913 0.003442
2460041.534517 20.140551 0.003456
2460042.038110 20.136801 0.003445
2460042.531177 20.137336 0.003446
2460043.024244 20.140245 0.003455
2460043.527838 20.138665 0.003450
2460044.020905 20.134302 0.003437
2460044.513972 20.135417 0.003440
2460045.017566 20.139938 0.003455
2460045.510633 20.137776 0.003448
2460046.003700 20.136133 0.003442
2460046.507294 20.136324 0.003443
2460047.000361 20.137355 0.003446
2460047.493428 20.136028 0.003442
2460047.997021 20.144555 0.003469
2460048.490088 20.133969 0.003436
2460048.983156 20.140101 0.003455
2460049.486749 20.137480 0.003447
2460049.979816 20.138283 0.003449
2460050.472883 20.141079 0.003458
2460050.976477 20.132541 0.003431
2460051.469544 20.140724 0.003457
2460051.962611 20.137460 0.003447
2460052.466205 20.134607 0.003438
2460052.959272 20.136782 0.003444
2460053.452339 20.134292 0.003437
2460053.955932 20.144718 0.003470
2460054.449000 20.131694 0.003428
2460054.942067 20.142143 0.003462
2460055.445660 20.140015 0.003455
2460055.938727 20.140130 0.003455
2460056.431794 20.140839 0.003457
2460056.935388 20.140647 0.003457
2460057.428455 20.138502 0.003450
2460057.921522 20.134912 0.003439
2460058.425116 20.140005 0.003455
2460058.918183 20.139268 0.003452
