2458346.727899 19.114980 0.002428
2458347.220966 19.092153 0.002403
2458347.714033 19.075025 0.002394
2458348.217627 19.046338 0.002364
2458348.710694 19.015043 0.002333
2458349.203761 18.988315 0.002318
2458349.707355 18.947236 0.002281
2458350.200422 18.900456 0.002239
2458350.693489 18.855813 0.002212
2458351.197082 18.788460 0.002153
2458351.690150 18.719740 0.002106
2458352.183217 18.636351 0.002050
2458352.686810 18.526844 0.001975
2458353.179877 18.396177 0.001895
2458353.672944 18.226669 0.001798
2458354.176538 18.001823 0.001692
2458354.669605 17.678933 0.001556
2458355.162672 17.163847 0.001397
2458355.666266 -99.000000 -99.000000
2458356.159333 -99.000000 -99.000000
2458356.652400 17.368059 0.001453
2458357.155994 17.807579 0.001606
2458357.649061 18.087665 0.001730
2458358.142128 18.288903 0.001833
2458358.645721 18.440955 0.001916
2458359.138788 18.566579 0.002000
2458359.631856 18.663132 0.002064
2458360.135449 18.744052 0.002120
2458360.628516 18.815360 0.002178
2458361.121583 18.867530 0.002213
2458361.625177 18.922090 0.002263
2458362.118244 18.962185 0.002294
2458362.611311 18.991343 0.002310
2458363.114905 19.031354 0.002355
2458363.607972 19.053127 0.002367
2458364.101039 19.082113 0.002399
2458364.604632 19.100153 0.002411
2458365.097700 19.117360 0.002425
2458365.590767 19.132156 0.002436
2458366.094360 19.148151 0.002453
2458366.587427 19.160772 0.002464
2458367.080494 19.172326 0.002475
2458367.584088 19.182517 0.002485
2458368.077155 19.190515 0.002491
2458368.570222 19.197304 0.002495
2458369.073816 19.212758 0.002521
2458369.566883 19.212333 0.002511
2458370.059950 19.219764 0.002520
2458370.563544 19.227071 0.002530
2458371.056611 19.230437 0.002531
2458371.549678 19.235481 0.002537
2458372.053271 19.243726 0.002551
2458372.546338 19.242228 0.002543
2458373.039406 19.246941 0.002549
2458373.542999 19.250360 0.002553
2458374.036066 19.255916 0.002563
2458374.529133 19.251017 0.002548
2458375.032727 19.257273 0.002559
2458375.525794 19.258193 0.002559
2458376.018861 19.260977 0.002563
2458376.522455 19.259611 0.002557
2458377.015522 19.265543 0.002569
2458377.508589 19.263838 0.002563
2458378.012182 19.265543 0.002565
2458378.505250 19.267138 0.002567
2458378.998317 19.270217 0.002573
2458379.501910 19.268642 0.002568
2458379.994977 19.266618 0.002562
2458380.488044 19.266642 0.002561
2458380.991638 19.273872 0.002577
2458381.484705 19.274189 0.002576
2458381.977772 19.272470 0.002571
2458382.481366 19.273754 0.002573
2458382.974433 19.277188 0.002581
2458383.467500 19.276182 0.002578
2458383.971094 19.277441 0.002580
2458384.464161 19.279818 0.002585
2458384.957228 19.278468 0.002581
2458385.460821 19.277996 0.002579
2458385.953888 19.280683 0.002585
2458386.446956 19.282898 0.002590
2458386.950549 19.280062 0.002583
2458387.443616 19.277500 0.002576
2458387.936683 19.279982 0.002582
2458388.440277 19.276727 0.002574
2458388.933344 19.278929 0.002578
2458389.426411 19.278721 0.002578
2458389.930005 19.277228 0.002574
2458390.423072 19.279123 0.002578
2458390.916139 19.279664 0.002579
2458391.419732 19.283546 0.002588
2458391.912800 19.282072 0.002584
2458392.405867 19.279784 0.002578
2458392.909460 19.286202 0.002594
2458393.402527 19.279312 0.002577
2458393.895594 19.281091 0.002581
2458394.399188 19.280668 0.002580
2458394.892255 19.281126 0.002581
2458395.385322 19.281385 0.002581
2458395.888916 19.278776 0.002575
2458396.381983 19.280932 0.002580
2458396.875050 19.284015 0.002587
2458397.378644 19.274732 0.002565
2458397.871711 19.283442 0.002585
2458398.364778 19.282191 0.002582
2458398.868371 19.281828 0.002581
2458399.361438 19.278418 0.002573
2458399.854506 19.283751 0.002586
2458400.358099 19.281962 0.002581
2458400.851166 19.279227 0.002575
2458401.344233 19.282201 0.002582
2458401.847827 19.283367 0.002584
2458402.340894 19.286962 0.002593
2458402.833961 19.284180 0.002586
2458403.337555 19.283711 0.002585
2458403.830622 19.282435 0.002582
2458404.323689 19.282226 0.002581
2458404.827282 19.284205 0.002586
2458405.320350 19.283626 0.002584
2458405.813417 19.282659 0.002582
2458406.317010 19.283606 0.002584
2458406.810077 19.286247 0.002591
2458407.303144 19.283168 0.002583
2458407.806738 19.284130 0.002585
2458408.299805 19.281310 0.002579
2458408.792872 19.280619 0.002577
2458409.296466 19.281265 0.002578
2458409.789533 19.286362 0.002591
2458410.282600 19.284589 0.002586
2458410.786194 19.281922 0.002580
2458411.279261 19.280589 0.002577
2458411.772328 19.281444 0.002579
2458412.275921 19.285772 0.002589
2458412.768988 19.285737 0.002589
2458413.262056 19.285318 0.002588
2458413.765649 19.285518 0.002588
2458414.258716 19.284245 0.002585
2458414.751783 19.288599 0.002596
2458415.255377 19.282928 0.002582
2458415.748444 19.285682 0.002589
2458416.241511 19.283073 0.002582
2458416.745105 19.286252 0.002590
2458417.238172 19.287447 0.002593
2458417.731239 19.286832 0.002591
2458418.234832 19.285453 0.002588
2458526.481367 19.285163 0.002587
2458526.984960 19.285627 0.002588
2458527.478027 19.283586 0.002583
2458527.971094 19.283367 0.002582
2458528.474688 19.281932 0.002579
2458528.967755 19.284619 0.002585
2458529.460822 19.282550 0.002580
2458529.964416 19.287422 0.002592
2458530.457483 19.286887 0.002591
2458530.950550 19.286622 0.002590
2458531.454144 19.282958 0.002581
2458531.947211 19.281335 0.002577
2458532.440278 19.284160 0.002584
2458532.943871 19.287182 0.002591
2458533.436938 19.288183 0.002594
2458533.930006 19.287012 0.002591
2458534.433599 19.289887 0.002598
2458534.926666 19.285298 0.002587
2458535.419733 19.284519 0.002585
2458535.923327 19.285807 0.002588
2458536.416394 19.281808 0.002579
2458536.909461 19.284923 0.002586
2458537.413055 19.282475 0.002580
2458537.906122 19.282998 0.002581
2458538.399189 19.281186 0.002577
2458538.902782 19.284973 0.002586
2458539.395850 19.285223 0.002587
2458539.888917 19.287502 0.002592
2458540.392510 19.285782 0.002588
2458540.885577 19.282171 0.002579
2458541.378644 19.286137 0.002589
2458541.882238 19.286752 0.002590
2458542.375305 19.284295 0.002585
2458542.868372 19.282027 0.002579
2458543.371966 19.286092 0.002589
2458543.865033 19.284454 0.002585
2458544.358100 19.283611 0.002583
2458544.861694 19.286717 0.002590
2458545.354761 19.283651 0.002583
2458545.847828 19.286102 0.002589
2458546.351421 19.283965 0.002584
2458546.844488 19.285887 0.002588
2458547.337556 19.285378 0.002587
2458547.841149 19.287522 0.002592
2458548.334216 19.284349 0.002585
2458548.827283 19.285877 0.002588
2458549.330877 19.285588 0.002588
2458549.823944 19.283601 0.002583
2458550.317011 19.289065 0.002596
2458550.820605 19.284594 0.002585
2458551.313672 19.283781 0.002583
2458551.806739 19.286242 0.002589
2458552.310332 19.288619 0.002595
2458552.803400 19.284305 0.002585
2458553.296467 19.284384 0.002585
2458553.800060 19.285468 0.002587
2458554.293127 19.285098 0.002586
2458554.786194 19.282754 0.002581
2458555.289788 19.291558 0.002602
2458555.782855 19.286827 0.002591
2458556.275922 19.285363 0.002587
2458556.779516 19.280569 0.002576
2458557.272583 19.283501 0.002583
2458557.765650 19.285972 0.002589
2458558.269244 19.286027 0.002589
2458558.762311 19.283796 0.002583
2458559.255378 19.281952 0.002579
2458559.758971 19.283786 0.002583
2458560.252038 19.285453 0.002587
2458560.745106 19.284834 0.002586
2458561.248699 19.285558 0.002588
2458561.741766 19.284534 0.002585
2458562.234833 19.282077 0.002579
2458562.738427 19.280758 0.002576
2458563.231494 19.279893 0.002574
2458563.724561 19.284250 0.002584
2458564.228155 19.291618 0.002602
2458564.721222 19.281952 0.002579
2458565.214289 19.286922 0.002591
2458565.717882 19.286047 0.002589
2458566.210950 19.285747 0.002588
2458566.704017 19.282330 0.002580
2458567.207610 19.286157 0.002589
2458567.700677 19.281315 0.002577
2458568.193744 19.288033 0.002593
2458568.697338 19.284993 0.002586
2458569.190405 19.293811 0.002607
2458569.683472 19.281574 0.002578
2458570.187066 19.287207 0.002591
2458570.680133 19.286437 0.002590
2458571.173200 19.283197 0.002582
2458571.676794 19.283676 0.002583
2458572.169861 19.286912 0.002591
2458572.662928 19.283806 0.002583
2458573.166521 19.285478 0.002587
2458573.659588 19.283995 0.002584
2458574.152656 19.279918 0.002574
2458574.656249 19.282007 0.002579
2458575.149316 19.289416 0.002597
2458575.642383 19.282450 0.002580
2458576.145977 19.288494 0.002595
2458576.639044 19.286297 0.002589
2458577.132111 19.281420 0.002578
2458577.635705 19.283217 0.002582
2458578.128772 19.284849 0.002586
2458578.621839 19.287743 0.002593
2458579.125432 19.284015 0.002584
2458579.618500 19.285732 0.002588
2458580.111567 19.283013 0.002581
2458580.615160 19.282236 0.002580
2458581.108227 19.284310 0.002585
2458581.601294 19.285043 0.002586
2458582.104888 19.283392 0.002582
2458582.597955 19.286977 0.002591
2458583.091022 19.285153 0.002587
2458583.594616 19.283905 0.002584
2458584.087683 19.289992 0.002598
2458584.580750 19.285712 0.002588
2458585.084344 19.283442 0.002582
2458585.577411 19.289260 0.002596
2458586.070478 19.283417 0.002582
2458586.574071 19.284754 0.002586
2458587.067138 19.282360 0.002580
2458587.560206 19.283960 0.002584
2458588.063799 19.282784 0.002581
2458588.556866 19.284928 0.002586
2458589.049933 19.284779 0.002586
2458589.553527 19.286557 0.002590
2458590.046594 19.286012 0.002589
2458590.539661 19.284060 0.002584
2458591.043255 19.281997 0.002579
2458591.536322 19.286112 0.002589
2458592.029389 19.283247 0.002582
2458592.532982 19.285687 0.002588
2458593.026050 19.281857 0.002579
2458593.519117 19.286712 0.002590
2458594.022710 19.283113 0.002582
2458594.515777 19.285617 0.002588
2458595.008844 19.286497 0.002590
2458595.512438 19.287642 0.002592
2458596.005505 19.287627 0.002592
2458596.498572 19.281559 0.002578
2458597.002166 19.284439 0.002585
2458597.495233 19.284140 0.002584
2458597.988300 19.286637 0.002590
2458712.204272 19.283721 0.002583
2458712.697339 19.287447 0.002592
2458713.200932 19.286852 0.002591
2458713.694000 19.286832 0.002591
2458714.187067 19.288609 0.002595
2458714.690660 19.286122 0.002589
2458715.183727 19.286852 0.002591
2458715.676794 19.281265 0.002577
2458716.180388 19.285697 0.002588
2458716.673455 19.283013 0.002581
2458717.166522 19.281255 0.002577
2458717.670116 19.282834 0.002581
2458718.163183 19.282634 0.002581
2458718.656250 19.281012 0.002577
2458719.159844 19.286592 0.002590
2458719.652911 19.283841 0.002583
2458720.145978 19.289421 0.002597
2458720.649571 19.282859 0.002581
2458721.142638 19.283771 0.002583
2458721.635706 19.286832 0.002591
2458722.139299 19.286657 0.002590
2458722.632366 19.287392 0.002592
2458723.125433 19.290062 0.002598
2458723.629027 19.289581 0.002597
2458724.122094 19.285173 0.002587
2458724.615161 19.280415 0.002575
2458725.118755 19.282385 0.002580
2458725.611822 19.282151 0.002579
2458726.104889 19.285428 0.002587
2458726.608482 19.280624 0.002576
2458727.101550 19.283691 0.002583
2458727.594617 19.290037 0.002598
2458728.098210 19.284824 0.002586
2458728.591277 19.284414 0.002585
2458729.084344 19.287067 0.002591
2458729.587938 19.285418 0.002587
2458730.081005 19.284863 0.002586
2458730.574072 19.290118 0.002598
2458731.077666 19.287117 0.002591
2458731.570733 19.284310 0.002585
2458732.063800 19.282480 0.002580
2458732.567394 19.288078 0.002594
2458733.060461 19.281320 0.002577
2458733.553528 19.287392 0.002592
2458734.057121 19.286172 0.002589
2458734.550188 19.285812 0.002588
2458735.043256 19.280972 0.002577
2458735.546849 19.286482 0.002590
2458736.039916 19.285128 0.002586
2458736.532983 19.289396 0.002597
2458737.036577 19.284893 0.002586
2458737.529644 19.283153 0.002582
2458738.022711 19.285263 0.002587
2458738.526305 19.282256 0.002580
2458739.019372 19.284399 0.002585
2458739.512439 19.286217 0.002589
2458740.016032 19.282585 0.002580
2458740.509100 19.286037 0.002589
2458741.002167 19.282684 0.002581
2458741.505760 19.285752 0.002588
2458741.998827 19.291242 0.002601
2458742.491894 19.291307 0.002601
2458742.995488 19.284050 0.002584
2458743.488555 19.287262 0.002592
2458743.981622 19.285992 0.002589
2458744.485216 19.283721 0.002583
2458744.978283 19.285812 0.002588
2458745.471350 19.285747 0.002588
2458745.974944 19.286827 0.002591
2458746.468011 19.284679 0.002585
2458746.961078 19.287422 0.002592
2458747.464671 19.284095 0.002584
2458747.957738 19.283995 0.002584
2458748.450806 19.283970 0.002584
2458748.954399 19.282191 0.002580
2458749.447466 19.286277 0.002589
2458749.940533 19.286602 0.002590
2458750.444127 19.284868 0.002586
2458750.937194 19.288233 0.002594
2458751.430261 19.281454 0.002578
2458751.933855 19.287257 0.002592
2458752.426922 19.285053 0.002586
2458752.919989 19.284764 0.002586
2458753.423582 19.286737 0.002590
2458753.916650 19.287262 0.002592
2458754.409717 19.290644 0.002600
2458754.913310 19.282002 0.002579
2458755.406377 19.285503 0.002587
2458755.899444 19.284569 0.002585
2458756.403038 19.283183 0.002582
2458756.896105 19.280504 0.002576
2458757.389172 19.283741 0.002583
2458757.892766 19.282410 0.002580
2458758.385833 19.288293 0.002594
2458758.878900 19.283896 0.002584
2458759.382494 19.287227 0.002592
2458759.875561 19.282644 0.002581
2458760.368628 19.286697 0.002590
2458760.872221 19.280723 0.002576
2458761.365288 19.284135 0.002584
2458761.858356 19.283756 0.002583
2458762.361949 19.285827 0.002588
2458762.855016 19.286892 0.002591
2458763.348083 19.281355 0.002578
2458763.851677 19.283886 0.002584
2458764.344744 19.278880 0.002572
2458764.837811 19.288874 0.002595
2458765.341405 19.279297 0.002573
2458765.834472 19.286777 0.002590
2458766.327539 19.281211 0.002577
2458766.831132 19.288764 0.002595
2458767.324200 19.283546 0.002583
2458767.817267 19.284095 0.002584
2458768.320860 19.282425 0.002580
2458768.813927 19.291141 0.002601
2458769.306994 19.287903 0.002593
2458769.810588 19.280654 0.002576
2458770.303655 19.281997 0.002579
2458770.796722 19.287517 0.002592
2458771.300316 19.287958 0.002593
2458771.793383 19.285498 0.002587
2458772.286450 19.284844 0.002586
2458772.790044 19.285952 0.002588
2458773.283111 19.282729 0.002581
2458773.776178 19.286017 0.002589
2458774.279771 19.286282 0.002589
2458774.772838 19.283521 0.002583
2458775.265906 19.287968 0.002593
2458775.769499 19.286532 0.002590
2458776.262566 19.284988 0.002586
2458776.755633 19.282629 0.002581
2458777.259227 19.283477 0.002583
2458777.752294 19.282186 0.002579
2458778.245361 19.286272 0.002589
2458778.748955 19.283776 0.002583
2458779.242022 19.287237 0.002592
2458779.735089 19.282335 0.002580
2458780.238682 19.286912 0.002591
2458780.731750 19.285333 0.002587
2458781.224817 19.292845 0.002605
2458781.728410 19.284863 0.002586
2458782.221477 19.285523 0.002587
2458782.714544 19.283272 0.002582
2458783.218138 19.283412 0.002582
2458783.711205 19.285498 0.002587
2459622.427944 19.285807 0.002588
2459622.921011 19.284839 0.002586
2459623.424605 19.284834 0.002586
2459623.917672 19.285513 0.002587
2459624.410739 19.288499 0.002595
2459624.914332 19.286912 0.002591
2459625.407400 19.285148 0.002587
2459625.900467 19.283970 0.002584
2459626.404060 19.286367 0.002589
2459626.897127 19.283566 0.002583
2459627.390194 19.287948 0.002593
2459627.893788 19.284020 0.002584
2459628.386855 19.284584 0.002585
2459628.879922 19.288328 0.002594
2459629.383516 19.281076 0.002577
2459629.876583 19.290424 0.002599
2459630.369650 19.285428 0.002587
2459630.873244 19.288789 0.002595
2459631.366311 19.284819 0.002586
2459631.859378 19.283551 0.002583
2459632.362971 19.281504 0.002578
2459632.856038 19.287632 0.002592
2459633.349106 19.280708 0.002576
2459633.852699 19.283656 0.002583
2459634.345766 19.285603 0.002588
2459634.838833 19.287387 0.002592
2459635.342427 19.287607 0.002592
2459635.835494 19.286827 0.002591
2459636.328561 19.287117 0.002591
2459636.832155 19.283955 0.002584
2459637.325222 19.286182 0.002589
2459637.818289 19.282365 0.002580
2459638.321882 19.288178 0.002594
2459638.814950 19.285687 0.002588
2459639.308017 19.285333 0.002587
2459639.811610 19.281459 0.002578
2459640.304677 19.284020 0.002584
2459640.797744 19.286807 0.002590
2459641.301338 19.286247 0.002589
2459641.794405 19.289546 0.002597
2459642.287472 19.288098 0.002594
2459642.791066 19.283935 0.002584
2459643.284133 19.286017 0.002589
2459643.777200 19.284125 0.002584
2459644.280794 19.283626 0.002583
2459644.773861 19.284339 0.002585
2459645.266928 19.286297 0.002589
2459645.770521 19.284429 0.002585
2459646.263588 19.283846 0.002583
2459646.756656 19.284609 0.002585
2459647.260249 19.284604 0.002585
2459647.753316 19.285802 0.002588
2459648.246383 19.284724 0.002586
2459648.749977 19.280509 0.002576
2459649.243044 19.281922 0.002579
2459649.736111 19.283546 0.002583
2459650.239705 19.283163 0.002582
2459650.732772 19.289200 0.002596
2459651.225839 19.286057 0.002589
2459651.729432 19.287232 0.002592
2459652.222500 19.285473 0.002587
2459652.715567 19.286692 0.002590
2459653.219160 19.284230 0.002584
2459653.712227 19.286957 0.002591
2459654.205294 19.288594 0.002595
2459654.708888 19.281096 0.002577
2459655.201955 19.287477 0.002592
2459655.695022 19.284878 0.002586
2459656.198616 19.287172 0.002591
2459656.691683 19.282744 0.002581
2459657.184750 19.287958 0.002593
2459657.688344 19.286257 0.002589
2459658.181411 19.286662 0.002590
2459658.674478 19.285213 0.002587
2459659.178071 19.289947 0.002598
2459659.671138 19.288258 0.002594
2459660.164206 19.284494 0.002585
2459660.667799 19.281444 0.002578
2459661.160866 19.286407 0.002590
2459661.653933 19.287207 0.002591
2459662.157527 19.288864 0.002595
2459662.650594 19.283123 0.002582
2459663.143661 19.285872 0.002588
2459663.647255 19.283811 0.002583
2459664.140322 19.283332 0.002582
2459664.633389 19.279505 0.002573
2459665.136982 19.281703 0.002578
2459665.630050 19.285513 0.002587
2459666.123117 19.278924 0.002572
2459666.626710 19.287753 0.002593
2459667.119777 19.284799 0.002586
2459667.612844 19.283636 0.002583
2459668.116438 19.286832 0.002591
2459668.609505 19.285323 0.002587
2459669.102572 19.285133 0.002587
2459669.606166 19.281848 0.002579
2459670.099233 19.285982 0.002589
2459670.592300 19.282052 0.002579
2459671.095894 19.284055 0.002584
2459671.588961 19.289295 0.002596
2459672.082028 19.284200 0.002584
2459672.585621 19.282624 0.002581
2459673.078688 19.288539 0.002595
2459673.571756 19.286547 0.002590
2459674.075349 19.279719 0.002574
2459674.568416 19.287377 0.002592
2459675.061483 19.280977 0.002577
2459675.565077 19.284329 0.002585
2459676.058144 19.285902 0.002588
2459676.551211 19.284868 0.002586
2459677.054805 19.284095 0.002584
2459677.547872 19.281211 0.002577
2459678.040939 19.284115 0.002584
2459678.544532 19.286072 0.002589
2459679.037600 19.287197 0.002591
2459679.530667 19.283462 0.002583
2459680.034260 19.286207 0.002589
2459680.527327 19.280629 0.002576
2459681.020394 19.285178 0.002587
2459681.523988 19.283118 0.002582
2459682.017055 19.290213 0.002599
2459682.510122 19.282599 0.002580
2459683.013716 19.283571 0.002583
2459683.506783 19.284634 0.002585
2459683.999850 19.290619 0.002600
2459684.503444 19.280579 0.002576
2459684.996511 19.284499 0.002585
2459685.489578 19.281803 0.002579
2459685.993171 19.290017 0.002598
2459686.486238 19.282296 0.002580
2459686.979306 19.284409 0.002585
2459687.482899 19.290138 0.002598
2459687.975966 19.288163 0.002594
2459688.469033 19.279461 0.002573
2459688.972627 19.285203 0.002587
2459689.465694 19.285607 0.002588
2459689.958761 19.290193 0.002599
2459690.462355 19.283731 0.002583
2459690.955422 19.284883 0.002586
2459691.448489 19.283786 0.002583
2459691.952082 19.287763 0.002593
2459692.445150 19.282644 0.002581
2459692.938217 19.285997 0.002589
2459693.441810 19.283871 0.002584
2459693.934877 19.283950 0.002584
2459807.647256 19.279734 0.002574
2459808.150849 19.286727 0.002590
2459808.643916 19.288058 0.002593
2459809.136983 19.288960 0.002596
2459809.640577 19.283536 0.002583
2459810.133644 19.285033 0.002586
2459810.626711 19.282664 0.002581
2459811.130305 19.288960 0.002596
2459811.623372 19.286862 0.002591
2459812.116439 19.280082 0.002575
2459812.620032 19.281828 0.002579
2459813.113100 19.287527 0.002592
2459813.606167 19.288829 0.002595
2459814.109760 19.285228 0.002587
2459814.602827 19.285503 0.002587
2459815.095894 19.290378 0.002599
2459815.599488 19.283312 0.002582
2459816.092555 19.281449 0.002578
2459816.585622 19.282141 0.002579
2459817.089216 19.286657 0.002590
2459817.582283 19.286112 0.002589
2459818.075350 19.278875 0.002572
2459818.578944 19.286087 0.002589
2459819.072011 19.283846 0.002583
2459819.565078 19.284574 0.002585
2459820.068671 19.287988 0.002593
2459820.561738 19.290298 0.002599
2459821.054806 19.288223 0.002594
2459821.558399 19.287547 0.002592
2459822.051466 19.285493 0.002587
2459822.544533 19.284329 0.002585
2459823.048127 19.282256 0.002580
2459823.541194 19.287968 0.002593
2459824.034261 19.288068 0.002594
2459824.537855 19.278622 0.002571
2459825.030922 19.287167 0.002591
2459825.523989 19.285503 0.002587
2459826.027582 19.283915 0.002584
2459826.520650 19.284270 0.002584
2459827.013717 19.287532 0.002592
2459827.517310 19.283173 0.002582
2459828.010377 19.287768 0.002593
2459828.503444 19.287312 0.002592
2459829.007038 19.285867 0.002588
2459829.500105 19.287552 0.002592
2459829.993172 19.286027 0.002589
2459830.496766 19.280335 0.002575
2459830.989833 19.285158 0.002587
2459831.482900 19.285073 0.002586
2459831.986494 19.284409 0.002585
2459832.479561 19.288839 0.002595
2459832.972628 19.281643 0.002578
2459833.476221 19.285268 0.002587
2459833.969288 19.287813 0.002593
2459834.462356 19.287407 0.002592
2459834.965949 19.285962 0.002588
2459835.459016 19.286632 0.002590
2459835.952083 19.281952 0.002579
2459836.455677 19.287392 0.002592
2459836.948744 19.284280 0.002584
2459837.441811 19.278145 0.002570
2459837.945405 19.288599 0.002595
2459838.438472 19.284933 0.002586
2459838.931539 19.283113 0.002582
2459839.435132 19.283457 0.002583
2459839.928200 19.282072 0.002579
2459840.421267 19.282903 0.002581
2459840.924860 19.281345 0.002578
2459841.417927 19.286382 0.002589
2459841.910994 19.285727 0.002588
2459842.414588 19.283392 0.002582
2459842.907655 19.286992 0.002591
2459843.400722 19.284175 0.002584
2459843.904316 19.285967 0.002588
2459844.397383 19.280335 0.002575
2459844.890450 19.284759 0.002586
2459845.394044 19.285348 0.002587
2459845.887111 19.290850 0.002600
2459846.380178 19.287102 0.002591
2459846.883771 19.286042 0.002589
2459847.376838 19.282141 0.002579
2459847.869906 19.280529 0.002576
2459848.373499 19.286672 0.002590
2459848.866566 19.282585 0.002580
2459849.359633 19.282495 0.002580
2459849.863227 19.287863 0.002593
2459850.356294 19.284270 0.002584
2459850.849361 19.287823 0.002593
2459851.352955 19.279560 0.002573
2459851.846022 19.284774 0.002586
2459852.339089 19.280300 0.002575
2459852.842682 19.282520 0.002580
2459853.335750 19.284160 0.002584
2459853.828817 19.288909 0.002596
2459854.332410 19.284709 0.002585
2459854.825477 19.285213 0.002587
2459855.318544 19.283950 0.002584
2459855.822138 19.284120 0.002584
2459856.315205 19.280768 0.002576
2459856.808272 19.282206 0.002580
2459857.311866 19.284055 0.002584
2459857.804933 19.283841 0.002583
2459858.298000 19.282166 0.002579
2459858.801594 19.283851 0.002583
2459859.294661 19.282819 0.002581
2459859.787728 19.285408 0.002587
2459860.291321 19.279818 0.002574
2459860.784388 19.285168 0.002587
2459861.277456 19.278671 0.002571
2459861.781049 19.285168 0.002587
2459862.274116 19.283596 0.002583
2459862.767183 19.287162 0.002591
2459863.270777 19.288358 0.002594
2459863.763844 19.285712 0.002588
2459864.256911 19.286427 0.002590
2459864.760505 19.288654 0.002595
2459865.253572 19.280579 0.002576
2459865.746639 19.285163 0.002587
2459866.250232 19.284694 0.002585
2459866.743300 19.282330 0.002580
2459867.236367 19.278632 0.002571
2459867.739960 19.280788 0.002576
2459868.233027 19.285018 0.002586
2459868.726094 19.283905 0.002584
2459869.229688 19.285003 0.002586
2459869.722755 19.285153 0.002587
2459870.215822 19.280514 0.002576
2459870.719416 19.285872 0.002588
2459871.212483 19.282296 0.002580
2459871.705550 19.288058 0.002593
2459872.209144 19.283352 0.002582
2459872.702211 19.283232 0.002582
2459873.195278 19.287602 0.002592
2459873.698871 19.285328 0.002587
2459874.191938 19.285523 0.002587
2459874.685006 19.284849 0.002586
2459875.188599 19.290434 0.002599
2459875.681666 19.285068 0.002586
2459876.174733 19.287703 0.002593
2459876.678327 19.287352 0.002592
2459877.171394 19.280619 0.002576
2459877.664461 19.286392 0.002590
2459878.168055 19.281519 0.002578
2459878.661122 19.285398 0.002587
2459879.154189 19.283402 0.002582
2459987.411250 19.282669 0.002581
2459987.904317 19.282938 0.002581
2459988.407910 19.284739 0.002586
2459988.900977 19.285573 0.002588
2459989.394044 19.285138 0.002587
2459989.897638 19.287162 0.002591
2459990.390705 19.285827 0.002588
2459990.883772 19.282495 0.002580
2459991.387366 19.283043 0.002582
2459991.880433 19.281713 0.002578
2459992.373500 19.286997 0.002591
2459992.877094 19.284839 0.002586
2459993.370161 19.290479 0.002599
2459993.863228 19.287758 0.002593
2459994.366821 19.285413 0.002587
2459994.859888 19.285593 0.002588
2459995.352956 19.284374 0.002585
2459995.856549 19.291066 0.002601
2459996.349616 19.285143 0.002587
2459996.842683 19.288644 0.002595
2459997.346277 19.284399 0.002585
2459997.839344 19.284145 0.002584
2459998.332411 19.283551 0.002583
2459998.836005 19.285752 0.002588
2459999.329072 19.283826 0.002583
2459999.822139 19.281494 0.002578
2460000.325732 19.282002 0.002579
2460000.818800 19.285188 0.002587
2460001.311867 19.285063 0.002586
2460001.815460 19.285957 0.002588
2460002.308527 19.284085 0.002584
2460002.801594 19.283671 0.002583
2460003.305188 19.284255 0.002584
2460003.798255 19.286552 0.002590
2460004.291322 19.284060 0.002584
2460004.794916 19.279441 0.002573
2460005.287983 19.284334 0.002585
2460005.781050 19.283985 0.002584
2460006.284644 19.285313 0.002587
2460006.777711 19.286422 0.002590
2460007.270778 19.287277 0.002592
2460007.774371 19.285203 0.002587
2460008.267438 19.281579 0.002578
2460008.760506 19.286377 0.002589
2460009.264099 19.290258 0.002599
2460009.757166 19.288038 0.002593
2460010.250233 19.286322 0.002589
2460010.753827 19.285348 0.002587
2460011.246894 19.284090 0.002584
2460011.739961 19.283202 0.002582
2460012.243555 19.284295 0.002585
2460012.736622 19.286472 0.002590
2460013.229689 19.284499 0.002585
2460013.733282 19.279883 0.002574
2460014.226350 19.286562 0.002590
2460014.719417 19.282166 0.002579
2460015.223010 19.283806 0.002583
2460015.716077 19.288664 0.002595
2460016.209144 19.283606 0.002583
2460016.712738 19.286847 0.002591
2460017.205805 19.283173 0.002582
2460017.698872 19.283970 0.002584
2460018.202466 19.283656 0.002583
2460018.695533 19.287908 0.002593
2460019.188600 19.278949 0.002572
2460019.692194 19.287252 0.002592
2460020.185261 19.282236 0.002580
2460020.678328 19.287182 0.002591
2460021.181921 19.283143 0.002582
2460021.674988 19.285543 0.002587
2460022.168056 19.284744 0.002586
2460022.671649 19.285533 0.002587
2460023.164716 19.283232 0.002582
2460023.657783 19.285363 0.002587
2460024.161377 19.282136 0.002579
2460024.654444 19.287763 0.002593
2460025.147511 19.284674 0.002585
2460025.651105 19.287668 0.002593
2460026.144172 19.291312 0.002601
2460026.637239 19.284319 0.002585
2460027.140832 19.285333 0.002587
2460027.633900 19.283277 0.002582
2460028.126967 19.279779 0.002574
2460028.630560 19.288664 0.002595
2460029.123627 19.285278 0.002587
2460029.616694 19.284095 0.002584
2460030.120288 19.287457 0.002592
2460030.613355 19.284819 0.002586
2460031.106422 19.284764 0.002586
2460031.610016 19.284589 0.002585
2460032.103083 19.284639 0.002585
2460032.596150 19.287337 0.002592
2460033.099744 19.287838 0.002593
2460033.592811 19.283831 0.002583
2460034.085878 19.287778 0.002593
2460034.589471 19.286837 0.002591
2460035.082538 19.281743 0.002578
2460035.575606 19.290213 0.002599
2460036.079199 19.290634 0.002600
2460036.572266 19.283676 0.002583
2460037.065333 19.282460 0.002580
2460037.568927 19.285238 0.002587
2460038.061994 19.280420 0.002575
2460038.555061 19.286217 0.002589
2460039.058655 19.280136 0.002575
2460039.551722 19.285178 0.002587
2460040.044789 19.285972 0.002589
2460040.548382 19.286987 0.002591
2460041.041450 19.281818 0.002579
2460041.534517 19.282928 0.002581
2460042.038110 19.286157 0.002589
2460042.531177 19.284549 0.002585
2460043.024244 19.281549 0.002578
2460043.527838 19.284015 0.002584
2460044.020905 19.281843 0.002579
2460044.513972 19.284834 0.002586
2460045.017566 19.284384 0.002585
2460045.510633 19.279982 0.002574
2460046.003700 19.283681 0.002583
2460046.507294 19.283342 0.002582
2460047.000361 19.282674 0.002581
2460047.493428 19.282161 0.002579
2460047.997021 19.282231 0.002580
2460048.490088 19.287052 0.002591
2460048.983156 19.285667 0.002588
2460049.486749 19.286352 0.002589
2460049.979816 19.278766 0.002571
2460050.472883 19.284255 0.002584
2460050.976477 19.287683 0.002593
2460051.469544 19.282375 0.002580
2460051.962611 19.286322 0.002589
2460052.466205 19.284908 0.002586
2460052.959272 19.279520 0.002573
2460053.452339 19.282151 0.002579
2460053.955932 19.285553 0.002588
2460054.449000 19.285008 0.002586
2460054.942067 19.285153 0.002587
2460055.445660 19.286662 0.002590
2460055.938727 19.285508 0.002587
2460056.431794 19.282729 0.002581
2460056.935388 19.284010 0.002584
2460057.428455 19.284769 0.002586
2460057.921522 19.287943 0.002593
2460058.425116 19.283312 0.002582
2460058.918183 19.286777 0.002590
