2458346.727899 24.078188 0.009650
2458347.220966 24.070276 0.009580
2458347.714033 24.069665 0.009575
2458348.217627 24.056836 0.009462
2458348.710694 24.064921 0.009533
2458349.203761 24.081959 0.009684
2458349.707355 24.059592 0.009486
2458350.200422 24.070480 0.009582
2458350.693489 24.070412 0.009581
2458351.197082 24.056903 0.009463
2458351.690150 24.063637 0.009522
2458352.183217 24.068578 0.009565
2458352.686810 24.062826 0.009514
2458353.179877 24.061006 0.009498
2458353.672944 24.050212 0.009405
2458354.176538 24.065732 0.009540
2458354.669605 24.057038 0.009464
2458355.162672 24.077025 0.009640
2458355.666266 24.078462 0.009652
2458356.159333 24.059322 0.009484
2458356.652400 24.047613 0.009382
2458357.155994 24.057575 0.009469
2458357.649061 24.072930 0.009603
2458358.142128 24.052482 0.009424
2458358.645721 24.079900 0.009665
2458359.138788 24.062219 0.009509
2458359.631856 24.062961 0.009516
2458360.135449 24.076819 0.009638
2458360.628516 24.057373 0.009467
2458361.121583 24.060871 0.009497
2458361.625177 24.062219 0.009509
2458362.118244 24.063164 0.009517
2458362.611311 24.057776 0.009470
2458363.114905 24.068646 0.009566
2458363.607972 24.074088 0.009614
2458364.101039 24.071568 0.009591
2458364.604632 24.066206 0.009544
2458365.097700 24.068443 0.009564
2458365.590767 24.045751 0.009366
2458366.094360 24.054824 0.009445
2458366.587427 24.047147 0.009378
2458367.080494 24.071908 0.009594
2458367.584088 24.057911 0.009471
2458368.077155 24.051012 0.009411
2458368.570222 24.056970 0.009463
2458369.073816 24.062691 0.009513
2458369.566883 24.062287 0.009510
2458370.059950 24.063704 0.009522
2458370.563544 24.048678 0.009391
2458371.056611 24.058516 0.009477
2458371.549678 24.056568 0.009460
2458372.053271 24.064380 0.009528
2458372.546338 24.072589 0.009600
2458373.039406 24.074566 0.009618
2458373.542999 24.062152 0.009509
2458374.036066 24.055495 0.009450
2458374.529133 24.048212 0.009387
2458375.032727 24.065394 0.009537
2458375.525794 24.066884 0.009550
2458376.018861 24.051947 0.009420
2458376.522455 24.069936 0.009577
2458377.015522 24.046349 0.009371
2458377.508589 24.063704 0.009522
2458378.012182 24.060736 0.009496
2458378.505250 24.071160 0.009588
2458378.998317 24.069121 0.009570
2458379.501910 24.067697 0.009557
2458379.994977 24.072317 0.009598
2458380.488044 24.077230 0.009641
2458380.991638 24.075863 0.009629
2458381.484705 24.073543 0.009609
2458381.977772 24.058112 0.009473
2458382.481366 24.064515 0.009529
2458382.974433 24.069597 0.009574
2458383.467500 24.060265 0.009492
2458383.971094 24.063367 0.009519
2458384.464161 24.052616 0.009425
2458384.957228 24.067019 0.009551
2458385.460821 24.063164 0.009517
2458385.953888 24.055025 0.009446
2458386.446956 24.071364 0.009590
2458386.950549 24.076068 0.009631
2458387.443616 24.081890 0.009683
2458387.936683 24.070344 0.009581
2458388.440277 24.063839 0.009523
2458388.933344 24.062287 0.009510
2458389.426411 24.068104 0.009561
2458389.930005 24.070752 0.009584
2458390.423072 24.063637 0.009522
2458390.916139 24.061814 0.009506
2458391.419732 24.049611 0.009399
2458391.912800 24.070480 0.009582
2458392.405867 24.069325 0.009572
2458392.909460 24.059659 0.009487
2458393.402527 24.078667 0.009654
2458393.895594 24.060063 0.009490
2458394.399188 24.060265 0.009492
2458394.892255 24.049545 0.009399
2458395.385322 24.060197 0.009491
2458395.888916 24.074293 0.009615
2458396.381983 24.056769 0.009462
2458396.875050 24.057978 0.009472
2458397.378644 24.052683 0.009426
2458397.871711 24.044954 0.009359
2458398.364778 24.067426 0.009555
2458398.868371 24.059390 0.009484
2458399.361438 24.047014 0.009377
2458399.854506 24.073952 0.009612
2458400.358099 24.065191 0.009535
2458400.851166 24.063096 0.009517
2458401.344233 24.052014 0.009420
2458401.847827 24.044954 0.009359
2458402.340894 24.063029 0.009516
2458402.833961 24.059053 0.009481
2458403.337555 24.058179 0.009474
2458403.830622 24.065529 0.009538
2458404.323689 24.071432 0.009590
2458404.827282 24.062152 0.009509
2458405.320350 24.084297 0.009704
2458405.813417 24.067426 0.009555
2458406.317010 24.051947 0.009420
2458406.810077 24.073475 0.009608
2458407.303144 24.053419 0.009432
2458407.806738 24.080243 0.009668
2458408.299805 24.058583 0.009477
2458408.792872 24.059659 0.009487
2458409.296466 24.061477 0.009503
2458409.789533 24.058919 0.009480
2458410.282600 24.057844 0.009471
2458410.786194 24.048345 0.009388
2458411.279261 24.070752 0.009584
2458411.772328 24.060804 0.009497
2458412.275921 24.077367 0.009643
2458412.768988 24.062354 0.009510
2458413.262056 24.072044 0.009596
2458413.765649 24.060736 0.009496
2458414.258716 24.068850 0.009567
2458414.751783 24.064718 0.009531
2458415.255377 24.067426 0.009555
2458415.748444 24.052348 0.009423
2458416.241511 24.058448 0.009476
2458416.745105 24.058314 0.009475
2458417.238172 24.061073 0.009499
2458417.731239 24.045552 0.009364
2458418.234832 24.066003 0.009542
2458526.481367 24.049345 0.009397
2458526.984960 24.053887 0.009436
2458527.478027 24.056299 0.009457
2458527.971094 24.062759 0.009514
2458528.474688 24.060669 0.009496
2458528.967755 24.056702 0.009461
2458529.460822 24.053552 0.009434
2458529.964416 24.064650 0.009530
2458530.457483 24.060265 0.009492
2458530.950550 24.084986 0.009711
2458531.454144 24.074156 0.009614
2458531.947211 24.069800 0.009576
2458532.440278 24.058314 0.009475
2458532.943871 24.054824 0.009445
2458533.436938 24.056836 0.009462
2458533.930006 24.071160 0.009588
2458534.433599 24.070072 0.009578
2458534.926666 24.064042 0.009525
2458535.419733 24.063502 0.009520
2458535.923327 24.087261 0.009731
2458536.416394 24.063637 0.009522
2458536.909461 24.060399 0.009493
2458537.413055 24.063907 0.009524
2458537.906122 24.046748 0.009375
2458538.399189 24.043229 0.009344
2458538.902782 24.064447 0.009529
2458539.395850 24.058986 0.009481
2458539.888917 24.061612 0.009504
2458540.392510 24.074088 0.009614
2458540.885577 24.037214 0.009293
2458541.378644 24.052348 0.009423
2458541.882238 24.065665 0.009539
2458542.375305 24.080312 0.009669
2458542.868372 24.075248 0.009624
2458543.371966 24.073134 0.009605
2458543.865033 24.074839 0.009620
2458544.358100 24.067426 0.009555
2458544.861694 24.075521 0.009626
2458545.354761 24.070208 0.009579
2458545.847828 24.062354 0.009510
2458546.351421 24.072180 0.009597
2458546.844488 24.045286 0.009362
2458547.337556 24.065732 0.009540
2458547.841149 24.074361 0.009616
2458548.334216 24.057776 0.009470
2458548.827283 24.054758 0.009444
2458549.330877 24.064988 0.009533
2458549.823944 24.045021 0.009360
2458550.317011 24.061275 0.009501
2458550.820605 24.056635 0.009460
2458551.313672 24.055964 0.009455
2458551.806739 24.046615 0.009373
2458552.310332 24.070820 0.009585
2458552.803400 24.074293 0.009615
2458553.296467 24.058516 0.009477
2458553.800060 24.075112 0.009623
2458554.293127 24.062759 0.009514
2458554.786194 24.064447 0.009529
2458555.289788 24.082853 0.009692
2458555.782855 24.055629 0.009452
2458556.275922 24.083196 0.009695
2458556.779516 24.065597 0.009539
2458557.272583 24.061006 0.009499
2458557.765650 24.069189 0.009570
2458558.269244 24.067358 0.009554
2458558.762311 24.058045 0.009473
2458559.255378 24.055361 0.009449
2458559.758971 24.062624 0.009513
2458560.252038 24.056635 0.009460
2458560.745106 24.045884 0.009367
2458561.248699 24.070752 0.009584
2458561.741766 24.055629 0.009452
2458562.234833 24.071024 0.009587
2458562.738427 24.060669 0.009496
2458563.231494 24.050879 0.009410
2458563.724561 24.051413 0.009415
2458564.228155 24.063029 0.009516
2458564.721222 24.054958 0.009446
2458565.214289 24.070208 0.009579
2458565.717882 24.063772 0.009523
2458566.210950 24.051814 0.009418
2458566.704017 24.066206 0.009544
2458567.207610 24.058650 0.009478
2458567.700677 24.076546 0.009635
2458568.193744 24.064853 0.009532
2458568.697338 24.065732 0.009540
2458569.190405 24.062084 0.009508
2458569.683472 24.072793 0.009602
2458570.187066 24.054891 0.009445
2458570.680133 24.070140 0.009579
2458571.173200 24.057373 0.009467
2458571.676794 24.064988 0.009533
2458572.169861 24.072861 0.009603
2458572.662928 24.080037 0.009666
2458573.166521 24.075453 0.009626
2458573.659588 24.074020 0.009613
2458574.152656 24.074429 0.009617
2458574.656249 24.061410 0.009502
2458575.149316 24.057239 0.009466
2458575.642383 24.066206 0.009544
2458576.145977 24.065597 0.009539
2458576.639044 24.069393 0.009572
2458577.132111 24.048678 0.009391
2458577.635705 24.062624 0.009513
2458578.128772 24.063164 0.009517
2458578.621839 24.073134 0.009605
2458579.125432 24.064853 0.009532
2458579.618500 24.056836 0.009462
2458580.111567 24.060332 0.009493
2458580.615160 24.058448 0.009476
2458581.108227 24.090026 0.009756
2458581.601294 24.061141 0.009500
2458582.104888 24.052549 0.009425
2458582.597955 24.056165 0.009456
2458583.091022 24.071500 0.009591
2458583.594616 24.063164 0.009517
2458584.087683 24.074361 0.009616
2458584.580750 24.067155 0.009552
2458585.084344 24.047413 0.009380
2458585.577411 24.061545 0.009503
2458586.070478 24.057844 0.009471
2458586.574071 24.036819 0.009289
2458587.067138 24.058179 0.009474
2458587.560206 24.055495 0.009450
2458588.063799 24.064583 0.009530
2458588.556866 24.062084 0.009508
2458589.049933 24.060669 0.009496
2458589.553527 24.063907 0.009524
2458590.046594 24.063569 0.009521
2458590.539661 24.064921 0.009533
2458591.043255 24.056299 0.009457
2458591.536322 24.067493 0.009555
2458592.029389 24.047680 0.009383
2458592.532982 24.061477 0.009503
2458593.026050 24.070888 0.009585
2458593.519117 24.055428 0.009450
2458594.022710 24.075658 0.009628
2458594.515777 24.054356 0.009441
2458595.008844 24.063772 0.009523
2458595.512438 24.080449 0.009670
2458596.005505 24.069461 0.009573
2458596.498572 24.076683 0.009637
2458597.002166 24.063029 0.009516
2458597.495233 24.067561 0.009556
2458597.988300 24.072453 0.009599
2458712.204272 24.077572 0.009645
2458712.697339 24.069732 0.009575
2458713.200932 24.077503 0.009644
2458713.694000 24.049678 0.009400
2458714.187067 24.058986 0.009481
2458714.690660 24.071432 0.009590
2458715.183727 24.076136 0.009632
2458715.676794 24.060197 0.009491
2458716.180388 24.047081 0.009377
2458716.673455 24.064042 0.009525
2458717.166522 24.064583 0.009530
2458717.670116 24.079763 0.009664
2458718.163183 24.056031 0.009455
2458718.656250 24.062691 0.009513
2458719.159844 24.058247 0.009474
2458719.652911 24.050679 0.009409
2458720.145978 24.071092 0.009587
2458720.649571 24.066003 0.009542
2458721.142638 24.067493 0.009555
2458721.635706 24.073406 0.009608
2458722.139299 24.042169 0.009335
2458722.632366 24.070412 0.009581
2458723.125433 24.055897 0.009454
2458723.629027 24.076683 0.009637
2458724.122094 24.053352 0.009432
2458724.615161 24.059592 0.009486
2458725.118755 24.058583 0.009477
2458725.611822 24.041110 0.009326
2458726.104889 24.065597 0.009539
2458726.608482 24.050612 0.009408
2458727.101550 24.069189 0.009570
2458727.594617 24.074020 0.009613
2458728.098210 24.066545 0.009547
2458728.591277 24.071840 0.009594
2458729.084344 24.072249 0.009597
2458729.587938 24.062489 0.009512
2458730.081005 24.075658 0.009628
2458730.574072 24.070548 0.009582
2458731.077666 24.049611 0.009399
2458731.570733 24.051413 0.009415
2458732.063800 24.067222 0.009553
2458732.567394 24.043959 0.009351
2458733.060461 24.054222 0.009439
2458733.553528 24.067222 0.009553
2458734.057121 24.057709 0.009470
2458734.550188 24.074566 0.009618
2458735.043256 24.055964 0.009455
2458735.546849 24.065597 0.009539
2458736.039916 24.069597 0.009574
2458736.532983 24.063434 0.009520
2458737.036577 24.070888 0.009585
2458737.529644 24.065732 0.009540
2458738.022711 24.065394 0.009537
2458738.526305 24.086226 0.009722
2458739.019372 24.061141 0.009500
2458739.512439 24.065327 0.009536
2458740.016032 24.069732 0.009575
2458740.509100 24.066680 0.009548
2458741.002167 24.070072 0.009578
2458741.505760 24.061343 0.009501
2458741.998827 24.067222 0.009553
2458742.491894 24.073066 0.009605
2458742.995488 24.059524 0.009486
2458743.488555 24.066680 0.009548
2458743.981622 24.070140 0.009579
2458744.485216 24.071092 0.009587
2458744.978283 24.082371 0.009687
2458745.471350 24.049745 0.009401
2458745.974944 24.066680 0.009548
2458746.468011 24.063096 0.009517
2458746.961078 24.065800 0.009541
2458747.464671 24.047347 0.009380
2458747.957738 24.078119 0.009649
2458748.450806 24.061545 0.009503
2458748.954399 24.062287 0.009510
2458749.447466 24.053954 0.009437
2458749.940533 24.061949 0.009507
2458750.444127 24.064921 0.009533
2458750.937194 24.064110 0.009526
2458751.430261 24.064650 0.009530
2458751.933855 24.061477 0.009503
2458752.426922 24.070888 0.009585
2458752.919989 24.074156 0.009614
2458753.423582 24.070820 0.009585
2458753.916650 24.039788 0.009315
2458754.409717 24.064853 0.009532
2458754.913310 24.081135 0.009676
2458755.406377 24.066951 0.009551
2458755.899444 24.064177 0.009526
2458756.403038 24.053419 0.009432
2458756.896105 24.039193 0.009310
2458757.389172 24.081684 0.009681
2458757.892766 24.050879 0.009410
2458758.385833 24.046881 0.009376
2458758.878900 24.062084 0.009508
2458759.382494 24.057575 0.009469
2458759.875561 24.062624 0.009513
2458760.368628 24.059592 0.009486
2458760.872221 24.077093 0.009640
2458761.365288 24.056367 0.009458
2458761.858356 24.056367 0.009458
2458762.361949 24.059592 0.009486
2458762.855016 24.085744 0.009717
2458763.348083 24.066477 0.009547
2458763.851677 24.064785 0.009532
2458764.344744 24.054891 0.009445
2458764.837811 24.073747 0.009611
2458765.341405 24.068239 0.009562
2458765.834472 24.047347 0.009380
2458766.327539 24.059726 0.009487
2458766.831132 24.062489 0.009512
2458767.324200 24.061882 0.009506
2458767.817267 24.071160 0.009588
2458768.320860 24.062961 0.009516
2458768.813927 24.063029 0.009516
2458769.306994 24.074634 0.009619
2458769.810588 24.086157 0.009721
2458770.303655 24.072112 0.009596
2458770.796722 24.069053 0.009569
2458771.300316 24.050412 0.009406
2458771.793383 24.056031 0.009455
2458772.286450 24.047480 0.009381
2458772.790044 24.083128 0.009694
2458773.283111 24.064245 0.009527
2458773.776178 24.049745 0.009401
2458774.279771 24.070548 0.009582
2458774.772838 24.076751 0.009637
2458775.265906 24.057440 0.009467
2458775.769499 24.036621 0.009288
2458776.262566 24.061073 0.009499
2458776.755633 24.075931 0.009630
2458777.259227 24.055763 0.009453
2458777.752294 24.054557 0.009442
2458778.245361 24.063839 0.009523
2458778.748955 24.061073 0.009499
2458779.242022 24.074020 0.009613
2458779.735089 24.054824 0.009445
2458780.238682 24.063772 0.009523
2458780.731750 24.055897 0.009454
2458781.224817 24.056568 0.009460
2458781.728410 24.077777 0.009646
2458782.221477 24.069597 0.009574
2458782.714544 24.074429 0.009617
2458783.218138 24.067832 0.009558
2458783.711205 24.045419 0.009363
2459622.427944 24.027502 0.009336
2459622.921011 24.018459 0.009260
2459623.424605 24.024892 0.009317
2459623.917672 24.029987 0.009362
2459624.410739 24.022418 0.009299
2459624.914332 24.009940 0.009194
2459625.407400 24.014191 0.009231
2459625.900467 24.035370 0.009415
2459626.404060 24.035304 0.009416
2459626.897127 24.037016 0.009432
2459627.390194 24.025478 0.009334
2459627.893788 24.036292 0.009430
2459628.386855 24.020209 0.009293
2459628.879922 24.016323 0.009261
2459629.383516 24.012192 0.009228
2459629.876583 24.017487 0.009275
2459630.369650 24.016129 0.009265
2459630.873244 24.027502 0.009364
2459631.366311 24.018653 0.009290
2459631.859378 24.014772 0.009259
2459632.362971 24.029202 0.009385
2459632.856038 23.999767 0.009135
2459633.349106 24.034646 0.009436
2459633.852699 24.007500 0.009205
2459634.345766 24.024240 0.009350
2459634.838833 24.020274 0.009318
2459635.342427 23.999448 0.009143
2459635.835494 24.025413 0.009366
2459636.328561 24.009940 0.009236
2459636.832155 24.010133 0.009240
2459637.325222 24.019496 0.009322
2459637.818289 24.007308 0.009220
2459638.321882 24.014385 0.009283
2459638.814950 24.014772 0.009289
2459639.308017 24.009105 0.009243
2459639.811610 23.999130 0.009161
2459640.304677 24.017876 0.009323
2459640.797744 23.995953 0.009139
2459641.301338 24.016193 0.009314
2459641.794405 24.011484 0.009276
2459642.287472 23.978140 0.008999
2459642.791066 24.005193 0.009229
2459643.284133 24.006666 0.009244
2459643.777200 24.025674 0.009411
2459644.280794 24.007500 0.009258
2459644.773861 24.004042 0.009232
2459645.266928 23.993354 0.009145
2459645.770521 23.996841 0.009178
2459646.263588 23.987041 0.009099
2459646.756656 24.001998 0.009229
2459647.260249 23.999640 0.009214
2459647.753316 23.994938 0.009179
2459648.246383 23.992341 0.009162
2459648.749977 23.977953 0.009047
2459649.243044 23.993860 0.009186
2459649.736111 23.972040 0.009010
2459650.239705 23.973095 0.009027
2459650.732772 23.992152 0.009195
2459651.225839 23.977641 0.009083
2459651.729432 23.978203 0.009099
2459652.222500 23.964739 0.009001
2459652.715567 23.986223 0.009197
2459653.219160 23.952903 0.008940
2459653.712227 23.958100 0.009008
2459654.205294 23.949310 0.008965
2459654.708888 23.948460 0.008994
2459655.201955 23.934398 0.008912
2459655.695022 23.912788 0.008754
2459656.198616 23.909560 0.008719
2459656.691683 23.927643 0.008837
2459657.184750 23.942040 0.008921
2459657.688344 23.957487 0.009019
2459658.181411 23.945184 0.008894
2459658.674478 23.949250 0.008909
2459659.178071 23.971109 0.009075
2459659.671138 23.982707 0.009161
2459660.164206 23.978452 0.009116
2459660.667799 23.983773 0.009154
2459661.160866 23.976955 0.009091
2459661.653933 23.977641 0.009092
2459662.157527 23.987104 0.009168
2459662.650594 23.984213 0.009141
2459663.143661 23.988553 0.009175
2459663.647255 23.982080 0.009118
2459664.140322 23.996587 0.009239
2459664.633389 23.980327 0.009100
2459665.136982 23.987671 0.009160
2459665.630050 23.979452 0.009090
2459666.123117 23.974401 0.009047
2459666.626710 23.978015 0.009076
2459667.119777 23.986790 0.009148
2459667.612844 23.988301 0.009160
2459668.116438 23.976394 0.009059
2459668.609505 23.971791 0.009019
2459669.102572 23.998303 0.009241
2459669.606166 23.981454 0.009097
2459670.099233 23.978827 0.009074
2459670.592300 23.973904 0.009032
2459671.095894 23.978328 0.009067
2459671.588961 23.997985 0.009231
2459672.082028 23.995508 0.009209
2459672.585621 23.974277 0.009029
2459673.078688 23.984778 0.009115
2459673.571756 23.996714 0.009214
2459674.075349 23.993734 0.009187
2459674.568416 23.998494 0.009225
2459675.061483 23.984401 0.009104
2459675.565077 24.000595 0.009239
2459676.058144 23.997540 0.009211
2459676.551211 23.994241 0.009181
2459677.054805 23.990572 0.009148
2459677.547872 23.993227 0.009168
2459678.040939 23.996206 0.009191
2459678.544532 23.975708 0.009017
2459679.037600 23.988238 0.009119
2459679.530667 24.001679 0.009230
2459680.034260 23.989814 0.009128
2459680.527327 24.000022 0.009211
2459681.020394 23.991709 0.009139
2459681.523988 23.992784 0.009145
2459682.017055 24.013159 0.009316
2459682.510122 24.002509 0.009223
2459683.013716 23.985092 0.009073
2459683.506783 23.996778 0.009169
2459683.999850 24.004873 0.009235
2459684.503444 24.011162 0.009287
2459684.996511 24.007243 0.009251
2459685.489578 23.998303 0.009172
2459685.993171 24.004362 0.009221
2459686.486238 24.024501 0.009391
2459686.979306 24.003083 0.009205
2459687.482899 23.999512 0.009173
2459687.975966 24.006026 0.009226
2459688.469033 24.003850 0.009205
2459688.972627 24.009233 0.009248
2459689.465694 24.019950 0.009337
2459689.958761 24.017681 0.009316
2459690.462355 24.007821 0.009229
2459690.955422 24.020469 0.009335
2459691.448489 24.004362 0.009195
2459691.952082 24.021768 0.009342
2459692.445150 24.023394 0.009353
2459692.938217 24.000149 0.009153
2459693.441810 24.005706 0.009198
2459693.934877 24.017487 0.009296
2459807.647256 24.076546 0.009655
2459808.150849 24.052683 0.009445
2459808.643916 24.053485 0.009452
2459809.136983 24.056635 0.009479
2459809.640577 24.063096 0.009536
2459810.133644 24.074293 0.009634
2459810.626711 24.062017 0.009526
2459811.130305 24.057239 0.009484
2459811.623372 24.063029 0.009534
2459812.116439 24.069868 0.009595
2459812.620032 24.066884 0.009568
2459813.113100 24.056098 0.009473
2459813.606167 24.066680 0.009566
2459814.109760 24.045419 0.009380
2459814.602827 24.041176 0.009344
2459815.095894 24.054021 0.009455
2459815.599488 24.043826 0.009366
2459816.092555 24.052215 0.009439
2459816.585622 24.067222 0.009570
2459817.089216 24.052616 0.009442
2459817.582283 24.044556 0.009372
2459818.075350 24.063974 0.009541
2459818.578944 24.062422 0.009527
2459819.072011 24.073134 0.009621
2459819.565078 24.066748 0.009565
2459820.068671 24.063502 0.009536
2459820.561738 24.057105 0.009480
2459821.054806 24.065800 0.009556
2459821.558399 24.047746 0.009398
2459822.051466 24.066748 0.009564
2459822.544533 24.061410 0.009517
2459823.048127 24.068782 0.009582
2459823.541194 24.067222 0.009568
2459824.034261 24.047413 0.009395
2459824.537855 24.070412 0.009596
2459825.030922 24.065124 0.009549
2459825.523989 24.058583 0.009492
2459826.027582 24.069665 0.009589
2459826.520650 24.045751 0.009380
2459827.013717 24.042302 0.009350
2459827.517310 24.048212 0.009401
2459828.010377 24.064515 0.009543
2459828.503444 24.061949 0.009521
2459829.007038 24.056769 0.009475
2459829.500105 24.063974 0.009538
2459829.993172 24.065394 0.009551
2459830.496766 24.072725 0.009615
2459830.989833 24.055428 0.009463
2459831.482900 24.055830 0.009466
2459831.986494 24.066816 0.009563
2459832.479561 24.051614 0.009430
2459832.972628 24.080792 0.009686
2459833.476221 24.055562 0.009464
2459833.969288 24.061882 0.009519
2459834.462356 24.059322 0.009496
2459834.965949 24.070072 0.009591
2459835.459016 24.053419 0.009445
2459835.952083 24.074156 0.009627
2459836.455677 24.058516 0.009489
2459836.948744 24.074429 0.009629
2459837.441811 24.065327 0.009548
2459837.945405 24.064718 0.009543
2459838.438472 24.045419 0.009375
2459838.931539 24.050345 0.009417
2459839.435132 24.062826 0.009526
2459839.928200 24.059659 0.009498
2459840.421267 24.080861 0.009685
2459840.924860 24.063637 0.009533
2459841.417927 24.073406 0.009619
2459841.910994 24.068104 0.009572
2459842.414588 24.047081 0.009388
2459842.907655 24.066003 0.009553
2459843.400722 24.053017 0.009440
2459843.904316 24.061814 0.009516
2459844.397383 24.066951 0.009562
2459844.890450 24.060736 0.009507
2459845.394044 24.046682 0.009385
2459845.887111 24.061882 0.009517
2459846.380178 24.057642 0.009480
2459846.883771 24.057306 0.009477
2459847.376838 24.065394 0.009547
2459847.869906 24.066003 0.009553
2459848.373499 24.075316 0.009635
2459848.866566 24.060130 0.009501
2459849.359633 24.060601 0.009505
2459849.863227 24.053820 0.009446
2459850.356294 24.058852 0.009490
2459850.849361 24.048878 0.009403
2459851.352955 24.044755 0.009367
2459851.846022 24.050679 0.009418
2459852.339089 24.061275 0.009510
2459852.842682 24.058247 0.009484
2459853.335750 24.065935 0.009551
2459853.828817 24.067968 0.009569
2459854.332410 24.063637 0.009531
2459854.825477 24.055696 0.009461
2459855.318544 24.062961 0.009525
2459855.822138 24.066139 0.009553
2459856.315205 24.048678 0.009400
2459856.808272 24.068375 0.009572
2459857.311866 24.062017 0.009516
2459857.804933 24.048878 0.009402
2459858.298000 24.077914 0.009657
2459858.801594 24.069461 0.009582
2459859.294661 24.064042 0.009534
2459859.787728 24.052750 0.009435
2459860.291321 24.069325 0.009580
2459860.784388 24.046283 0.009379
2459861.277456 24.051413 0.009423
2459861.781049 24.057440 0.009476
2459862.274116 24.053887 0.009445
2459862.767183 24.047214 0.009387
2459863.270777 24.059726 0.009496
2459863.763844 24.066206 0.009552
2459864.256911 24.061275 0.009509
2459864.760505 24.077093 0.009649
2459865.253572 24.072453 0.009607
2459865.746639 24.069597 0.009582
2459866.250232 24.085261 0.009721
2459866.743300 24.046150 0.009377
2459867.236367 24.071772 0.009601
2459867.739960 24.079558 0.009670
2459868.233027 24.062826 0.009522
2459868.726094 24.054958 0.009453
2459869.229688 24.062422 0.009519
2459869.722755 24.052750 0.009434
2459870.215822 24.077435 0.009651
2459870.719416 24.075112 0.009630
2459871.212483 24.065327 0.009544
2459871.705550 24.067697 0.009565
2459872.209144 24.073270 0.009614
2459872.702211 24.061545 0.009511
2459873.195278 24.042699 0.009347
2459873.698871 24.070752 0.009591
2459874.191938 24.056232 0.009464
2459874.685006 24.049678 0.009407
2459875.188599 24.061275 0.009508
2459875.681666 24.082509 0.009696
2459876.174733 24.055361 0.009456
2459876.678327 24.084091 0.009710
2459877.171394 24.072112 0.009603
2459877.664461 24.056031 0.009462
2459878.168055 24.071976 0.009602
2459878.661122 24.066477 0.009553
2459879.154189 24.046682 0.009381
2459987.411250 24.063704 0.009524
2459987.904317 24.066613 0.009550
2459988.407910 24.065124 0.009537
2459988.900977 24.073815 0.009613
2459989.394044 24.061747 0.009507
2459989.897638 24.063231 0.009520
2459990.390705 24.070752 0.009586
2459990.883772 24.057642 0.009471
2459991.387366 24.062961 0.009518
2459991.880433 24.068918 0.009570
2459992.373500 24.053820 0.009438
2459992.877094 24.066884 0.009552
2459993.370161 24.061477 0.009505
2459993.863228 24.076341 0.009636
2459994.366821 24.064650 0.009533
2459994.859888 24.054691 0.009445
2459995.352956 24.055227 0.009450
2459995.856549 24.061612 0.009506
2459996.349616 24.062489 0.009514
2459996.842683 24.061747 0.009507
2459997.346277 24.075931 0.009632
2459997.839344 24.051680 0.009419
2459998.332411 24.077640 0.009647
2459998.836005 24.045485 0.009366
2459999.329072 24.072861 0.009605
2459999.822139 24.052282 0.009424
2460000.325732 24.061275 0.009503
2460000.818800 24.076273 0.009635
2460001.311867 24.064042 0.009527
2460001.815460 24.073338 0.009609
2460002.308527 24.070888 0.009587
2460002.801594 24.059322 0.009486
2460003.305188 24.064245 0.009529
2460003.798255 24.053485 0.009435
2460004.291322 24.046150 0.009371
2460004.794916 24.050078 0.009405
2460005.287983 24.068918 0.009570
2460005.781050 24.058516 0.009479
2460006.284644 24.073202 0.009608
2460006.777711 24.058045 0.009474
2460007.270778 24.044556 0.009358
2460007.774371 24.076614 0.009638
2460008.267438 24.051480 0.009417
2460008.760506 24.069121 0.009572
2460009.264099 24.068104 0.009563
2460009.757166 24.048412 0.009391
2460010.250233 24.061949 0.009509
2460010.753827 24.059861 0.009490
2460011.246894 24.055629 0.009453
2460011.739961 24.073202 0.009608
2460012.243555 24.050545 0.009409
2460012.736622 24.053954 0.009439
2460013.229689 24.052683 0.009428
2460013.733282 24.058045 0.009474
2460014.226350 24.059188 0.009484
2460014.719417 24.068578 0.009567
2460015.223010 24.074497 0.009619
2460015.716077 24.066680 0.009550
2460016.209144 24.067900 0.009561
2460016.712738 24.041110 0.009328
2460017.205805 24.058448 0.009478
2460017.698872 24.054490 0.009443
2460018.202466 24.064921 0.009535
2460018.695533 24.067900 0.009561
2460019.188600 24.068646 0.009567
2460019.692194 24.062354 0.009512
2460020.185261 24.082990 0.009694
2460020.678328 24.074770 0.009621
2460021.181921 24.061680 0.009506
2460021.674988 24.061477 0.009504
2460022.168056 24.078051 0.009650
2460022.671649 24.051614 0.009418
2460023.164716 24.057440 0.009469
2460023.657783 24.043428 0.009348
2460024.161377 24.061006 0.009500
2460024.654444 24.071568 0.009593
2460025.147511 24.082165 0.009687
2460025.651105 24.064785 0.009533
2460026.144172 24.071772 0.009595
2460026.637239 24.063164 0.009519
2460027.140832 24.051280 0.009415
2460027.633900 24.063704 0.009524
2460028.126967 24.069121 0.009571
2460028.630560 24.044954 0.009361
2460029.123627 24.071840 0.009595
2460029.616694 24.051747 0.009419
2460030.120288 24.070072 0.009580
2460030.613355 24.066342 0.009547
2460031.106422 24.058045 0.009474
2460031.610016 24.067358 0.009556
2460032.103083 24.073884 0.009613
2460032.596150 24.071160 0.009589
2460033.099744 24.067358 0.009556
2460033.592811 24.055830 0.009455
2460034.085878 24.087468 0.009734
2460034.589471 24.071704 0.009594
2460035.082538 24.059188 0.009484
2460035.575606 24.067561 0.009557
2460036.079199 24.071092 0.009589
2460036.572266 24.065868 0.009543
2460037.065333 24.065259 0.009537
2460037.568927 24.073475 0.009610
2460038.061994 24.075043 0.009624
2460038.555061 24.070276 0.009581
2460039.058655 24.060399 0.009495
2460039.551722 24.056501 0.009461
2460040.044789 24.064447 0.009530
2460040.548382 24.074566 0.009619
2460041.041450 24.068918 0.009569
2460041.534517 24.077640 0.009647
2460042.038110 24.051547 0.009417
2460042.531177 24.065124 0.009536
2460043.024244 24.062759 0.009515
2460043.527838 24.073952 0.009614
2460044.020905 24.057440 0.009469
2460044.513972 24.070140 0.009580
2460045.017566 24.078325 0.009653
2460045.510633 24.058516 0.009478
2460046.003700 24.061680 0.009506
2460046.507294 24.064785 0.009533
2460047.000361 24.087399 0.009734
2460047.493428 24.064110 0.009527
2460047.997021 24.060938 0.009499
2460048.490088 24.067765 0.009559
2460048.983156 24.068714 0.009567
2460049.486749 24.089334 0.009751
2460049.979816 24.060130 0.009492
2460050.472883 24.066951 0.009552
2460050.976477 24.076341 0.009635
2460051.469544 24.066139 0.009545
2460051.962611 24.052215 0.009423
2460052.466205 24.058986 0.009482
2460052.959272 24.059457 0.009486
2460053.452339 24.070072 0.009579
2460053.955932 24.058784 0.009480
2460054.449000 24.059726 0.009489
2460054.942067 24.066680 0.009550
2460055.445660 24.065327 0.009538
2460055.938727 24.065935 0.009543
2460056.431794 24.061006 0.009500
2460056.935388 24.049611 0.009401
2460057.428455 24.060938 0.009499
2460057.921522 24.062017 0.009509
2460058.425116 24.069325 0.009573
2460058.918183 24.068986 0.009570
