2458346.727899 22.000991 0.007103
2458347.220966 21.994798 0.007063
2458347.714033 22.011946 0.007175
2458348.217627 21.988798 0.007024
2458348.710694 22.006616 0.007140
2458349.203761 21.995754 0.007069
2458349.707355 21.999910 0.007096
2458350.200422 21.993842 0.007056
2458350.693489 21.993523 0.007054
2458351.197082 21.985948 0.007005
2458351.690150 21.994200 0.007059
2458352.183217 22.002194 0.007111
2458352.686810 22.007100 0.007143
2458353.179877 21.979486 0.006964
2458353.672944 22.001312 0.007105
2458354.176538 22.001152 0.007104
2458354.669605 22.007261 0.007144
2458355.162672 21.993722 0.007056
2458355.666266 22.002475 0.007113
2458356.159333 22.012068 0.007176
2458356.652400 22.001913 0.007109
2458357.155994 21.992092 0.007045
2458357.649061 21.994200 0.007059
2458358.142128 22.006173 0.007137
2458358.645721 22.023095 0.007249
2458359.138788 21.985672 0.007003
2458359.631856 21.998430 0.007086
2458360.135449 22.010086 0.007163
2458360.628516 21.987926 0.007018
2458361.121583 22.001031 0.007103
2458361.625177 21.989908 0.007031
2458362.118244 22.012270 0.007177
2458362.611311 21.996153 0.007071
2458363.114905 21.998230 0.007085
2458363.607972 22.001994 0.007109
2458364.101039 22.003117 0.007117
2458364.604632 21.999510 0.007093
2458365.097700 21.989154 0.007026
2458365.590767 21.999430 0.007093
2458366.094360 21.991535 0.007041
2458366.587427 22.007583 0.007146
2458367.080494 22.006858 0.007141
2458367.584088 22.011299 0.007171
2458368.077155 22.004725 0.007127
2458368.570222 22.007906 0.007148
2458369.073816 22.002475 0.007113
2458369.566883 22.002435 0.007112
2458370.059950 21.993643 0.007055
2458370.563544 22.007140 0.007143
2458371.056611 21.983225 0.006988
2458371.549678 21.994439 0.007060
2458372.053271 21.996952 0.007077
2458372.546338 22.009197 0.007157
2458373.039406 21.995196 0.007065
2458373.542999 21.990543 0.007035
2458374.036066 22.001633 0.007107
2458374.529133 22.006093 0.007136
2458375.032727 21.992211 0.007046
2458375.525794 22.003398 0.007119
2458376.018861 21.998270 0.007085
2458376.522455 22.011703 0.007173
2458377.015522 21.990265 0.007033
2458377.508589 22.010409 0.007165
2458378.012182 21.997111 0.007078
2458378.505250 22.007866 0.007148
2458378.998317 21.995156 0.007065
2458379.501910 21.990186 0.007033
2458379.994977 21.992887 0.007050
2458380.488044 21.985435 0.007002
2458380.991638 21.997231 0.007078
2458381.484705 22.000991 0.007103
2458381.977772 22.003157 0.007117
2458382.481366 21.998910 0.007089
2458382.974433 21.998990 0.007090
2458383.467500 22.002154 0.007111
2458383.971094 21.998870 0.007089
2458384.464161 21.999710 0.007095
2458384.957228 22.005529 0.007133
2458385.460821 21.989075 0.007025
2458385.953888 22.006052 0.007136
2458386.446956 21.993922 0.007057
2458386.950549 21.992648 0.007049
2458387.443616 21.995874 0.007070
2458387.936683 21.997590 0.007081
2458388.440277 22.003639 0.007120
2458388.933344 22.018727 0.007220
2458389.426411 21.997231 0.007078
2458389.930005 21.997151 0.007078
2458390.423072 21.989234 0.007026
2458390.916139 21.995276 0.007066
2458391.419732 22.008551 0.007153
2458391.912800 22.004363 0.007125
2458392.405867 22.006334 0.007138
2458392.909460 21.997151 0.007078
2458393.402527 21.999790 0.007095
2458393.895594 21.986581 0.007009
2458394.399188 21.997590 0.007081
2458394.892255 21.999750 0.007095
2458395.385322 21.993444 0.007054
2458395.888916 22.006898 0.007142
2458396.381983 22.004282 0.007124
2458396.875050 21.992489 0.007048
2458397.378644 22.002957 0.007116
2458397.871711 21.992728 0.007049
2458398.364778 21.993086 0.007051
2458398.868371 21.995475 0.007067
2458399.361438 21.992887 0.007050
2458399.854506 22.005811 0.007135
2458400.358099 21.988758 0.007023
2458400.851166 22.001071 0.007103
2458401.344233 21.991297 0.007040
2458401.847827 21.990344 0.007034
2458402.340894 21.997431 0.007080
2458402.833961 21.999150 0.007091
2458403.337555 22.000591 0.007100
2458403.830622 22.013526 0.007185
2458404.323689 22.010409 0.007165
2458404.827282 21.999310 0.007092
2458405.320350 21.992768 0.007049
2458405.813417 22.002917 0.007116
2458406.317010 21.994838 0.007063
2458406.810077 21.993802 0.007056
2458407.303144 21.995914 0.007070
2458407.806738 22.002756 0.007114
2458408.299805 22.002917 0.007116
2458408.792872 22.002114 0.007110
2458409.296466 21.996193 0.007072
2458409.789533 22.002555 0.007113
2458410.282600 21.997750 0.007082
2458410.786194 22.007422 0.007145
2458411.279261 21.983028 0.006986
2458411.772328 22.006938 0.007142
2458412.275921 21.997790 0.007082
2458412.768988 22.006133 0.007137
2458413.262056 21.992171 0.007045
2458413.765649 22.009116 0.007156
2458414.258716 21.994160 0.007058
2458414.751783 21.989749 0.007030
2458415.255377 21.999710 0.007095
2458415.748444 21.999110 0.007091
2458416.241511 21.998430 0.007086
2458416.745105 22.009197 0.007157
2458417.238172 21.989392 0.007027
2458417.731239 21.997311 0.007079
2458418.234832 21.988560 0.007022
2458526.481367 21.895413 0.006729
2458526.984960 21.882151 0.006687
2458527.478027 21.865788 0.006632
2458527.971094 21.851238 0.006595
2458528.474688 21.825366 0.006501
2458528.967755 21.805907 0.006455
2458529.460822 21.773093 0.006343
2458529.964416 21.716417 0.006114
2458530.457483 21.702538 0.006146
2458530.950550 21.644714 0.005953
2458531.454144 21.589567 0.005804
2458531.947211 21.531039 0.005661
2458532.440278 21.447540 0.005411
2458532.943871 21.373261 0.005222
2458533.436938 21.316934 0.005089
2458533.930006 21.292081 0.005036
2458534.433599 21.302097 0.005048
2458534.926666 21.358859 0.005198
2458535.419733 21.431366 0.005387
2458535.923327 21.502613 0.005566
2458536.416394 21.566630 0.005730
2458536.909461 21.631517 0.005926
2458537.413055 21.673700 0.006021
2458537.906122 21.710513 0.006112
2458538.399189 21.754094 0.006262
2458538.902782 21.794185 0.006409
2458539.395850 21.832274 0.006563
2458539.888917 21.837329 0.006530
2458540.392510 21.868232 0.006662
2458540.885577 21.884092 0.006712
2458541.378644 21.887155 0.006691
2458541.882238 21.894069 0.006698
2458542.375305 21.928078 0.006879
2458542.868372 21.922919 0.006820
2458543.371966 21.920573 0.006782
2458543.865033 21.938394 0.006873
2458544.358100 21.942221 0.006880
2458544.861694 21.955590 0.006949
2458545.354761 21.959517 0.006960
2458545.847828 21.955743 0.006923
2458546.351421 21.971696 0.007015
2458546.844488 21.975369 0.007029
2458547.337556 21.968347 0.006975
2458547.841149 21.972555 0.006994
2458548.334216 21.991376 0.007109
2458548.827283 21.981374 0.007038
2458549.330877 21.984487 0.007052
2458549.823944 21.978858 0.007011
2458550.317011 21.991416 0.007088
2458550.820605 21.987056 0.007056
2458551.313672 21.980233 0.007008
2458551.806739 21.977406 0.006986
2458552.310332 21.993285 0.007086
2458552.803400 21.984803 0.007029
2458553.296467 21.994001 0.007086
2458553.800060 21.987135 0.007039
2458554.293127 21.977720 0.006976
2458554.786194 21.991972 0.007067
2458555.289788 21.983935 0.007013
2458555.782855 21.982949 0.007005
2458556.275922 21.986383 0.007026
2458556.779516 21.999990 0.007113
2458557.272583 21.990741 0.007052
2458557.765650 21.994001 0.007072
2458558.269244 21.995754 0.007082
2458558.762311 21.994479 0.007073
2458559.255378 21.991218 0.007051
2458559.758971 21.998829 0.007100
2458560.252038 21.992688 0.007059
2458560.745106 22.004523 0.007136
2458561.248699 21.995236 0.007075
2458561.741766 21.992529 0.007056
2458562.234833 21.984803 0.007006
2458562.738427 22.010167 0.007171
2458563.231494 22.001192 0.007111
2458563.724561 21.986700 0.007017
2458564.228155 21.991019 0.007044
2458564.721222 21.990860 0.007043
2458565.214289 21.988124 0.007025
2458565.717882 21.996233 0.007077
2458566.210950 22.004202 0.007129
2458566.704017 21.996512 0.007078
2458567.207610 21.996832 0.007080
2458567.700677 21.993245 0.007057
2458568.193744 22.003358 0.007123
2458568.697338 21.993683 0.007059
2458569.190405 22.000110 0.007101
2458569.683472 21.992648 0.007052
2458570.187066 22.006616 0.007143
2458570.680133 22.001152 0.007107
2458571.173200 22.005086 0.007133
2458571.676794 22.010773 0.007170
2458572.169861 22.015717 0.007203
2458572.662928 22.000631 0.007103
2458573.166521 22.003639 0.007123
2458573.659588 21.991972 0.007047
2458574.152656 21.990662 0.007038
2458574.656249 22.001272 0.007107
2458575.149316 21.991218 0.007041
2458575.642383 21.996393 0.007075
2458576.145977 22.003278 0.007120
2458576.639044 21.987887 0.007019
2458577.132111 22.007946 0.007150
2458577.635705 21.991972 0.007046
2458578.128772 22.014783 0.007195
2458578.621839 21.990900 0.007039
2458579.125432 21.996193 0.007073
2458579.618500 21.990781 0.007038
2458580.111567 21.989749 0.007031
2458580.615160 22.004282 0.007126
2458581.108227 21.990027 0.007033
2458581.601294 21.988996 0.007026
2458582.104888 22.003398 0.007120
2458582.597955 21.982200 0.006982
2458583.091022 22.005288 0.007132
2458583.594616 21.997231 0.007079
2458584.087683 22.007422 0.007146
2458584.580750 21.999830 0.007096
2458585.084344 22.006173 0.007138
2458585.577411 22.011218 0.007171
2458586.070478 22.001392 0.007106
2458586.574071 21.997391 0.007080
2458587.067138 22.014378 0.007192
2458587.560206 21.993126 0.007052
2458588.063799 21.992410 0.007048
2458588.556866 21.993683 0.007056
2458589.049933 22.011097 0.007170
2458589.553527 21.999430 0.007093
2458590.046594 21.995794 0.007070
2458590.539661 21.995276 0.007066
2458591.043255 21.999630 0.007095
2458591.536322 22.007261 0.007145
2458592.029389 21.989829 0.007031
2458592.532982 21.984093 0.006994
2458593.026050 21.998190 0.007085
2458593.519117 22.007543 0.007146
2458594.022710 21.994399 0.007060
2458594.515777 21.998270 0.007086
2458595.008844 22.003037 0.007117
2458595.512438 21.987649 0.007017
2458596.005505 21.997271 0.007079
2458596.498572 22.005449 0.007133
2458597.002166 21.993563 0.007055
2458597.495233 22.010692 0.007167
2458597.988300 22.001432 0.007106
2458712.204272 22.002395 0.007112
2458712.697339 22.008632 0.007153
2458713.200932 21.997071 0.007077
2458713.694000 22.001953 0.007109
2458714.187067 22.000230 0.007098
2458714.690660 22.009601 0.007159
2458715.183727 21.994917 0.007063
2458715.676794 21.992728 0.007049
2458716.180388 21.992449 0.007047
2458716.673455 21.994041 0.007058
2458717.166522 22.001873 0.007109
2458717.670116 21.987887 0.007018
2458718.163183 21.999430 0.007093
2458718.656250 21.998230 0.007085
2458719.159844 21.991972 0.007044
2458719.652911 22.005650 0.007133
2458720.145978 22.007986 0.007149
2458720.649571 21.987056 0.007012
2458721.142638 22.003278 0.007118
2458721.635706 21.994917 0.007063
2458722.139299 21.986739 0.007010
2458722.632366 22.014013 0.007189
2458723.125433 22.004604 0.007127
2458723.629027 21.994758 0.007062
2458724.122094 21.999110 0.007091
2458724.615161 22.002074 0.007110
2458725.118755 21.993882 0.007057
2458725.611822 21.996073 0.007071
2458726.104889 21.996073 0.007071
2458726.608482 21.999550 0.007093
2458727.101550 21.993205 0.007052
2458727.594617 22.009682 0.007160
2458728.098210 22.009238 0.007157
2458728.591277 22.004885 0.007128
2458729.084344 22.003439 0.007119
2458729.587938 21.998110 0.007084
2458730.081005 22.009520 0.007159
2458730.574072 21.989868 0.007031
2458731.077666 21.991337 0.007040
2458731.570733 22.004805 0.007128
2458732.063800 22.002997 0.007116
2458732.567394 21.988124 0.007019
2458733.060461 21.994041 0.007058
2458733.553528 22.002315 0.007112
2458734.057121 21.998430 0.007086
2458734.550188 21.989234 0.007026
2458735.043256 21.988679 0.007023
2458735.546849 22.005690 0.007134
2458736.039916 21.994479 0.007060
2458736.532983 22.000751 0.007101
2458737.036577 22.010571 0.007166
2458737.529644 22.009924 0.007162
2458738.022711 22.000190 0.007098
2458738.526305 22.001753 0.007108
2458739.019372 21.996991 0.007077
2458739.512439 21.993683 0.007055
2458740.016032 22.000871 0.007102
2458740.509100 22.016855 0.007207
2458741.002167 21.988718 0.007023
2458741.505760 22.003680 0.007121
2458741.998827 21.997231 0.007078
2458742.491894 22.001673 0.007107
2458742.995488 21.994399 0.007060
2458743.488555 22.004604 0.007127
2458743.981622 21.989234 0.007026
2458744.485216 21.987214 0.007013
2458744.978283 22.010894 0.007168
2458745.471350 21.985040 0.006999
2458745.974944 22.003278 0.007118
2458746.468011 22.004443 0.007126
2458746.961078 21.993205 0.007052
2458747.464671 21.998470 0.007086
2458747.957738 22.000671 0.007101
2458748.450806 21.983225 0.006988
2458748.954399 22.004644 0.007127
2458749.447466 21.983619 0.006990
2458749.940533 21.989670 0.007029
2458750.444127 21.991933 0.007044
2458750.937194 21.991496 0.007041
2458751.430261 22.009561 0.007159
2458751.933855 22.000110 0.007097
2458752.426922 22.008955 0.007155
2458752.919989 22.007986 0.007149
2458753.423582 21.990265 0.007033
2458753.916650 21.999830 0.007095
2458754.409717 21.993046 0.007051
2458754.913310 22.002475 0.007113
2458755.406377 21.998710 0.007088
2458755.899444 22.007301 0.007144
2458756.403038 21.991774 0.007043
2458756.896105 22.010126 0.007163
2458757.389172 21.991218 0.007039
2458757.892766 22.012716 0.007180
2458758.385833 21.997311 0.007079
2458758.878900 22.004604 0.007127
2458759.382494 21.988362 0.007021
2458759.875561 22.010490 0.007165
2458760.368628 21.991218 0.007039
2458760.872221 21.996672 0.007075
2458761.365288 21.997910 0.007083
2458761.858356 21.998670 0.007088
2458762.361949 21.984684 0.006997
2458762.855016 22.001793 0.007108
2458763.348083 21.996712 0.007075
2458763.851677 21.983737 0.006991
2458764.344744 21.995117 0.007065
2458764.837811 21.993126 0.007052
2458765.341405 21.993722 0.007056
2458765.834472 21.995834 0.007069
2458766.327539 22.006173 0.007137
2458766.831132 22.001873 0.007109
2458767.324200 22.002355 0.007112
2458767.817267 22.003077 0.007117
2458768.320860 21.996632 0.007074
2458768.813927 21.985711 0.007004
2458769.306994 21.993205 0.007052
2458769.810588 22.002997 0.007116
2458770.303655 21.986858 0.007011
2458770.796722 22.011542 0.007172
2458771.300316 21.998230 0.007085
2458771.793383 22.002234 0.007111
2458772.286450 21.996073 0.007071
2458772.790044 21.989749 0.007030
2458773.283111 21.998030 0.007084
2458773.776178 21.991734 0.007043
2458774.279771 21.998510 0.007087
2458774.772838 22.014865 0.007194
2458775.265906 22.001272 0.007105
2458775.769499 21.991535 0.007041
2458776.262566 21.998670 0.007088
2458776.755633 21.999350 0.007092
2458777.259227 22.004443 0.007126
2458777.752294 21.999110 0.007091
2458778.245361 22.014013 0.007189
2458778.748955 22.005851 0.007135
2458779.242022 22.006213 0.007137
2458779.735089 21.993762 0.007056
2458780.238682 21.995276 0.007066
2458780.731750 22.006817 0.007141
2458781.224817 22.006495 0.007139
2458781.728410 21.988837 0.007024
2458782.221477 22.015961 0.007202
2458782.714544 22.003398 0.007119
2458783.218138 21.996113 0.007071
2458783.711205 21.997790 0.007082
2459622.427944 22.001753 0.007108
2459622.921011 22.004282 0.007124
2459623.424605 21.996113 0.007071
2459623.917672 21.989036 0.007025
2459624.410739 22.008188 0.007150
2459624.914332 21.988481 0.007022
2459625.407400 21.999430 0.007093
2459625.900467 21.992688 0.007049
2459626.404060 21.994718 0.007062
2459626.897127 21.992728 0.007049
2459627.390194 21.992410 0.007047
2459627.893788 21.998350 0.007086
2459628.386855 22.001312 0.007105
2459628.879922 22.000511 0.007100
2459629.383516 21.994200 0.007059
2459629.876583 21.994638 0.007061
2459630.369650 22.003800 0.007121
2459630.873244 21.997550 0.007080
2459631.366311 22.009561 0.007159
2459631.859378 22.015474 0.007198
2459632.362971 21.997870 0.007083
2459632.856038 22.004805 0.007128
2459633.349106 21.999270 0.007092
2459633.852699 22.007341 0.007145
2459634.345766 21.986581 0.007009
2459634.838833 21.996393 0.007073
2459635.342427 21.998590 0.007087
2459635.835494 22.003278 0.007118
2459636.328561 22.004483 0.007126
2459636.832155 21.999550 0.007093
2459637.325222 21.996313 0.007072
2459637.818289 21.997191 0.007078
2459638.321882 22.008834 0.007154
2459638.814950 21.995037 0.007064
2459639.308017 21.991655 0.007042
2459639.811610 22.003398 0.007119
2459640.304677 22.002595 0.007113
2459640.797744 21.987689 0.007016
2459641.301338 22.002957 0.007116
2459641.794405 22.004202 0.007124
2459642.287472 22.004041 0.007123
2459642.791066 21.998310 0.007085
2459643.284133 22.013364 0.007184
2459643.777200 22.004845 0.007128
2459644.280794 22.004845 0.007128
2459644.773861 21.996034 0.007071
2459645.266928 21.996912 0.007076
2459645.770521 22.005489 0.007132
2459646.263588 21.997910 0.007083
2459646.756656 21.993882 0.007057
2459647.260249 21.990265 0.007033
2459647.753316 21.982476 0.006983
2459648.246383 21.993006 0.007051
2459648.749977 21.987135 0.007013
2459649.243044 21.998750 0.007088
2459649.736111 21.987570 0.007016
2459650.239705 21.994838 0.007063
2459650.732772 22.003278 0.007118
2459651.225839 21.990622 0.007035
2459651.729432 21.997910 0.007083
2459652.222500 21.990225 0.007033
2459652.715567 22.001472 0.007106
2459653.219160 22.003358 0.007118
2459653.712227 21.994997 0.007064
2459654.205294 21.997630 0.007081
2459654.708888 21.995196 0.007065
2459655.201955 21.992370 0.007047
2459655.695022 21.998870 0.007089
2459656.198616 21.989987 0.007031
2459656.691683 21.998950 0.007090
2459657.184750 21.992092 0.007045
2459657.688344 22.003479 0.007119
2459658.181411 21.995356 0.007066
2459658.674478 22.007261 0.007144
2459659.178071 22.001713 0.007108
2459659.671138 21.996872 0.007076
2459660.164206 21.998470 0.007086
2459660.667799 22.014499 0.007192
2459661.160866 21.995754 0.007069
2459661.653933 22.005288 0.007131
2459662.157527 22.000150 0.007097
2459662.650594 21.993324 0.007053
2459663.143661 21.989670 0.007029
2459663.647255 21.996832 0.007076
2459664.140322 21.997830 0.007082
2459664.633389 22.000470 0.007100
2459665.136982 22.002836 0.007115
2459665.630050 22.009924 0.007162
2459666.123117 22.003800 0.007121
2459666.626710 21.994559 0.007061
2459667.119777 21.989630 0.007029
2459667.612844 21.999070 0.007090
2459668.116438 21.988996 0.007025
2459668.609505 21.992251 0.007046
2459669.102572 22.002716 0.007114
2459669.606166 22.009157 0.007157
2459670.099233 22.000591 0.007100
2459670.592300 22.000110 0.007097
2459671.095894 22.007825 0.007148
2459671.588961 21.985514 0.007002
2459672.082028 21.998790 0.007089
2459672.585621 21.999750 0.007095
2459673.078688 21.998670 0.007088
2459673.571756 21.983422 0.006989
2459674.075349 22.006334 0.007138
2459674.568416 21.999830 0.007095
2459675.061483 22.003037 0.007116
2459675.565077 21.987768 0.007017
2459676.058144 21.984171 0.006994
2459676.551211 21.985356 0.007001
2459677.054805 21.996313 0.007072
2459677.547872 21.997471 0.007080
2459678.040939 22.001593 0.007107
2459678.544532 22.015880 0.007201
2459679.037600 21.998829 0.007089
2459679.530667 21.992370 0.007047
2459680.034260 21.994598 0.007061
2459680.527327 21.999030 0.007090
2459681.020394 21.983935 0.006992
2459681.523988 21.996073 0.007071
2459682.017055 22.008188 0.007150
2459682.510122 22.002234 0.007111
2459683.013716 21.993126 0.007052
2459683.506783 22.005167 0.007130
2459683.999850 21.985474 0.007002
2459684.503444 22.003117 0.007117
2459684.996511 21.998990 0.007090
2459685.489578 21.999990 0.007096
2459685.993171 21.996832 0.007076
2459686.486238 21.999470 0.007093
2459686.979306 21.994121 0.007058
2459687.482899 21.998470 0.007086
2459687.975966 21.996193 0.007072
2459688.469033 22.006374 0.007138
2459688.972627 21.984605 0.006997
2459689.465694 22.006697 0.007140
2459689.958761 21.986067 0.007006
2459690.462355 22.006536 0.007139
2459690.955422 22.015758 0.007200
2459691.448489 21.997351 0.007079
2459691.952082 22.007906 0.007148
2459692.445150 21.994001 0.007057
2459692.938217 21.989036 0.007025
2459693.441810 22.009561 0.007159
2459693.934877 21.982200 0.006981
2459807.647256 22.000671 0.007101
2459808.150849 22.001272 0.007105
2459808.643916 21.987570 0.007016
2459809.136983 22.012351 0.007178
2459809.640577 21.996034 0.007071
2459810.133644 22.002796 0.007115
2459810.626711 21.998550 0.007087
2459811.130305 21.990463 0.007034
2459811.623372 21.990265 0.007033
2459812.116439 21.994041 0.007058
2459812.620032 21.991218 0.007039
2459813.113100 21.998550 0.007087
2459813.606167 22.007140 0.007143
2459814.109760 22.002194 0.007111
2459814.602827 21.997670 0.007081
2459815.095894 22.001352 0.007105
2459815.599488 21.992052 0.007045
2459816.092555 21.996073 0.007071
2459816.585622 22.001272 0.007105
2459817.089216 22.007422 0.007145
2459817.582283 21.996832 0.007076
2459818.075350 21.999430 0.007093
2459818.578944 21.998750 0.007088
2459819.072011 21.985119 0.007000
2459819.565078 22.009036 0.007156
2459820.068671 22.005851 0.007135
2459820.561738 22.002194 0.007111
2459821.054806 21.991774 0.007043
2459821.558399 22.000150 0.007097
2459822.051466 21.992807 0.007050
2459822.544533 21.992370 0.007047
2459823.048127 21.997071 0.007077
2459823.541194 21.997870 0.007083
2459824.034261 21.995515 0.007067
2459824.537855 21.995515 0.007067
2459825.030922 21.996632 0.007074
2459825.523989 22.002997 0.007116
2459826.027582 21.999110 0.007091
2459826.520650 21.989551 0.007028
2459827.013717 21.989908 0.007031
2459827.517310 21.990900 0.007037
2459828.010377 21.997750 0.007082
2459828.503444 22.000350 0.007099
2459829.007038 22.003720 0.007121
2459829.500105 22.013891 0.007188
2459829.993172 22.005730 0.007134
2459830.496766 21.999190 0.007091
2459830.989833 22.006133 0.007137
2459831.482900 21.987491 0.007015
2459831.986494 21.988481 0.007022
2459832.479561 22.003880 0.007122
2459832.972628 21.999990 0.007096
2459833.476221 21.994360 0.007060
2459833.969288 22.003077 0.007117
2459834.462356 22.009924 0.007162
2459834.965949 22.000390 0.007099
2459835.459016 22.015920 0.007201
2459835.952083 21.985672 0.007003
2459836.455677 21.997630 0.007081
2459836.948744 21.998829 0.007089
2459837.441811 21.991694 0.007042
2459837.945405 21.995356 0.007066
2459838.438472 22.004564 0.007126
2459838.931539 21.992966 0.007051
2459839.435132 21.999430 0.007093
2459839.928200 21.999590 0.007094
2459840.421267 22.002435 0.007112
2459840.924860 21.994638 0.007061
2459841.417927 22.002555 0.007113
2459841.910994 21.999110 0.007091
2459842.414588 21.994798 0.007063
2459842.907655 21.983540 0.006990
2459843.400722 21.994519 0.007061
2459843.904316 21.993722 0.007056
2459844.397383 21.985988 0.007005
2459844.890450 22.000430 0.007099
2459845.394044 22.002796 0.007115
2459845.887111 21.984882 0.006998
2459846.380178 21.998070 0.007084
2459846.883771 22.004966 0.007129
2459847.376838 21.995515 0.007067
2459847.869906 21.998630 0.007087
2459848.373499 22.000390 0.007099
2459848.866566 21.996991 0.007077
2459849.359633 21.999870 0.007096
2459849.863227 21.993563 0.007054
2459850.356294 21.998150 0.007084
2459850.849361 22.018483 0.007218
2459851.352955 21.996552 0.007074
2459851.846022 21.991972 0.007044
2459852.339089 21.998150 0.007084
2459852.842682 22.003238 0.007118
2459853.335750 21.988005 0.007018
2459853.828817 22.011299 0.007171
2459854.332410 21.983619 0.006990
2459854.825477 21.996991 0.007077
2459855.318544 22.000150 0.007097
2459855.822138 22.006979 0.007142
2459856.315205 21.999350 0.007092
2459856.808272 22.000230 0.007098
2459857.311866 22.013648 0.007186
2459857.804933 21.986739 0.007010
2459858.298000 21.997471 0.007080
2459858.801594 21.996952 0.007077
2459859.294661 22.001713 0.007108
2459859.787728 22.012270 0.007177
2459860.291321 21.994997 0.007064
2459860.784388 22.000751 0.007101
2459861.277456 21.999750 0.007095
2459861.781049 22.008632 0.007153
2459862.274116 22.001392 0.007106
2459862.767183 22.005006 0.007129
2459863.270777 21.998510 0.007087
2459863.763844 22.001112 0.007104
2459864.256911 22.008551 0.007153
2459864.760505 21.993006 0.007051
2459865.253572 22.002395 0.007112
2459865.746639 21.991774 0.007043
2459866.250232 21.999270 0.007092
2459866.743300 21.986304 0.007007
2459867.236367 21.997990 0.007083
2459867.739960 22.009157 0.007157
2459868.233027 21.996113 0.007071
2459868.726094 21.996792 0.007075
2459869.229688 22.004604 0.007127
2459869.722755 21.990384 0.007034
2459870.215822 21.997151 0.007078
2459870.719416 21.999630 0.007094
2459871.212483 22.004322 0.007125
2459871.705550 21.985395 0.007002
2459872.209144 21.989590 0.007029
2459872.702211 21.990106 0.007032
2459873.195278 21.996233 0.007072
2459873.698871 21.998030 0.007084
2459874.191938 21.996353 0.007073
2459874.685006 21.988164 0.007019
2459875.188599 22.001112 0.007104
2459875.681666 21.998030 0.007084
2459876.174733 22.005489 0.007132
2459876.678327 22.001192 0.007104
2459877.171394 22.002154 0.007111
2459877.664461 22.000110 0.007097
2459878.168055 22.004001 0.007123
2459878.661122 22.006737 0.007141
2459879.154189 22.002796 0.007115
2459987.411250 22.009399 0.007158
2459987.904317 22.002957 0.007116
2459988.407910 21.995515 0.007067
2459988.900977 21.996273 0.007072
2459989.394044 21.998070 0.007084
2459989.897638 22.006415 0.007138
2459990.390705 21.995595 0.007068
2459990.883772 21.990662 0.007036
2459991.387366 21.988164 0.007019
2459991.880433 21.999350 0.007092
2459992.373500 22.007906 0.007148
2459992.877094 21.997750 0.007082
2459993.370161 22.010692 0.007167
2459993.863228 22.001913 0.007109
2459994.366821 21.994399 0.007060
2459994.859888 22.003800 0.007121
2459995.352956 21.993046 0.007051
2459995.856549 22.002676 0.007114
2459996.349616 22.006374 0.007138
2459996.842683 22.006656 0.007140
2459997.346277 21.994838 0.007063
2459997.839344 21.992887 0.007050
2459998.332411 21.991059 0.007038
2459998.836005 22.001913 0.007109
2459999.329072 21.991694 0.007042
2459999.822139 21.979761 0.006965
2460000.325732 22.003961 0.007122
2460000.818800 22.007301 0.007144
2460001.311867 22.003358 0.007118
2460001.815460 22.002114 0.007110
2460002.308527 21.999990 0.007096
2460002.801594 22.007261 0.007144
2460003.305188 21.999350 0.007092
2460003.798255 22.004765 0.007128
2460004.291322 22.011784 0.007174
2460004.794916 21.989392 0.007027
2460005.287983 22.005247 0.007131
2460005.781050 21.995316 0.007066
2460006.284644 22.002957 0.007116
2460006.777711 21.994041 0.007058
2460007.270778 22.009843 0.007161
2460007.774371 21.996792 0.007075
2460008.267438 22.004202 0.007124
2460008.760506 22.023831 0.007254
2460009.264099 21.995994 0.007070
2460009.757166 21.996393 0.007073
2460010.250233 22.000070 0.007097
2460010.753827 22.004363 0.007125
2460011.246894 22.003559 0.007120
2460011.739961 21.998790 0.007089
2460012.243555 22.009278 0.007157
2460012.736622 22.000350 0.007099
2460013.229689 21.998310 0.007085
2460013.733282 22.002194 0.007111
2460014.226350 21.993882 0.007057
2460014.719417 22.002636 0.007114
2460015.223010 21.998910 0.007089
2460015.716077 21.995316 0.007066
2460016.209144 21.998470 0.007086
2460016.712738 21.993285 0.007053
2460017.205805 22.000951 0.007103
2460017.698872 21.997351 0.007079
2460018.202466 22.007261 0.007144
2460018.695533 21.992966 0.007051
2460019.188600 21.997990 0.007083
2460019.692194 21.993484 0.007054
2460020.185261 21.998190 0.007085
2460020.678328 21.989075 0.007025
2460021.181921 21.994399 0.007060
2460021.674988 21.990701 0.007036
2460022.168056 21.997550 0.007080
2460022.671649 22.005328 0.007131
2460023.164716 21.994997 0.007064
2460023.657783 21.999270 0.007092
2460024.161377 22.015068 0.007196
2460024.654444 21.995475 0.007067
2460025.147511 22.007825 0.007148
2460025.651105 22.003639 0.007120
2460026.144172 22.000791 0.007102
2460026.637239 21.997710 0.007081
2460027.140832 21.993563 0.007054
2460027.633900 21.999350 0.007092
2460028.126967 21.987412 0.007015
2460028.630560 21.999510 0.007093
2460029.123627 21.989709 0.007029
2460029.616694 21.996952 0.007077
2460030.120288 21.992171 0.007045
2460030.613355 21.984132 0.006993
2460031.106422 22.010490 0.007165
2460031.610016 21.988837 0.007024
2460032.103083 21.999270 0.007092
2460032.596150 21.998870 0.007089
2460033.099744 22.000831 0.007102
2460033.592811 22.002756 0.007114
2460034.085878 22.001593 0.007107
2460034.589471 22.003599 0.007120
2460035.082538 21.995196 0.007065
2460035.575606 21.991933 0.007044
2460036.079199 22.003439 0.007119
2460036.572266 21.992171 0.007045
2460037.065333 22.001392 0.007106
2460037.568927 21.998870 0.007089
2460038.061994 21.995675 0.007068
2460038.555061 21.995754 0.007069
2460039.058655 22.004564 0.007126
2460039.551722 22.007906 0.007148
2460040.044789 22.002917 0.007116
2460040.548382 21.989392 0.007027
2460041.041450 21.985277 0.007001
2460041.534517 22.000671 0.007101
2460042.038110 22.003840 0.007122
2460042.531177 21.987253 0.007014
2460043.024244 21.997471 0.007080
2460043.527838 21.986976 0.007012
2460044.020905 22.015839 0.007201
2460044.513972 22.011258 0.007170
2460045.017566 22.005851 0.007135
2460045.510633 22.001873 0.007109
2460046.003700 22.005127 0.007130
2460046.507294 21.995396 0.007066
2460047.000361 21.994280 0.007059
2460047.493428 21.996113 0.007071
2460047.997021 22.002917 0.007116
2460048.490088 21.996313 0.007072
2460048.983156 22.016571 0.007206
2460049.486749 21.996113 0.007071
2460049.979816 21.999190 0.007091
2460050.472883 21.998350 0.007086
2460050.976477 21.998870 0.007089
2460051.469544 21.989709 0.007029
2460051.962611 21.995156 0.007065
2460052.466205 21.991535 0.007041
2460052.959272 22.000591 0.007100
2460053.452339 21.993523 0.007054
2460053.955932 21.998670 0.007088
2460054.449000 21.994200 0.007059
2460054.942067 21.990741 0.007036
2460055.445660 22.002154 0.007111
2460055.938727 22.009763 0.007161
2460056.431794 22.016083 0.007202
2460056.935388 21.998470 0.007086
2460057.428455 22.000110 0.007097
2460057.921522 22.006012 0.007136
2460058.425116 21.999470 0.007093
2460058.918183 21.989115 0.007026
