2458346.727899 21.799545 0.006121
2458347.220966 21.785655 0.006043
2458347.714033 21.797498 0.006110
2458348.217627 21.790365 0.006070
2458348.710694 21.784110 0.006035
2458349.203761 21.793266 0.006086
2458349.707355 21.777152 0.005996
2458350.200422 21.800600 0.006127
2458350.693489 21.786875 0.006050
2458351.197082 21.787680 0.006055
2458351.690150 21.795005 0.006096
2458352.183217 21.788783 0.006061
2458352.686810 21.785150 0.006041
2458353.179877 21.787918 0.006056
2458353.672944 21.790693 0.006071
2458354.176538 21.800841 0.006128
2458354.669605 21.797829 0.006111
2458355.162672 21.784020 0.006034
2458355.666266 21.789469 0.006065
2458356.159333 21.776945 0.005995
2458356.652400 21.784288 0.006036
2458357.155994 21.791381 0.006075
2458357.649061 21.797197 0.006108
2458358.142128 21.793206 0.006086
2458358.645721 21.791650 0.006077
2458359.138788 21.791082 0.006074
2458359.631856 21.783486 0.006031
2458360.135449 21.778363 0.006003
2458360.628516 21.786131 0.006046
2458361.121583 21.785150 0.006041
2458361.625177 21.795605 0.006099
2458362.118244 21.785209 0.006041
2458362.611311 21.782329 0.006025
2458363.114905 21.792548 0.006082
2458363.607972 21.795485 0.006098
2458364.101039 21.788246 0.006058
2458364.604632 21.783753 0.006033
2458365.097700 21.784733 0.006038
2458365.590767 21.781351 0.006019
2458366.094360 21.793177 0.006085
2458366.587427 21.795725 0.006100
2458367.080494 21.793866 0.006089
2458367.584088 21.778215 0.006002
2458368.077155 21.783071 0.006029
2458368.570222 21.788663 0.006060
2458369.073816 21.798942 0.006118
2458369.566883 21.800238 0.006125
2458370.059950 21.791830 0.006078
2458370.563544 21.792398 0.006081
2458371.056611 21.777005 0.005995
2458371.549678 21.786310 0.006047
2458372.053271 21.786935 0.006050
2458372.546338 21.789081 0.006062
2458373.039406 21.781558 0.006021
2458373.542999 21.784050 0.006034
2458374.036066 21.789917 0.006067
2458374.529133 21.792548 0.006082
2458375.032727 21.774352 0.005981
2458375.525794 21.795485 0.006098
2458376.018861 21.795665 0.006099
2458376.522455 21.782359 0.006025
2458377.015522 21.779604 0.006010
2458377.508589 21.781232 0.006019
2458378.012182 21.791501 0.006076
2458378.505250 21.788276 0.006058
2458378.998317 21.796056 0.006101
2458379.501910 21.789350 0.006064
2458379.994977 21.788544 0.006059
2458380.488044 21.793626 0.006088
2458380.991638 21.782833 0.006028
2458381.484705 21.794675 0.006094
2458381.977772 21.790544 0.006071
2458382.481366 21.779309 0.006008
2458382.974433 21.779959 0.006012
2458383.467500 21.792757 0.006083
2458383.971094 21.777831 0.006000
2458384.464161 21.781617 0.006021
2458384.957228 21.780551 0.006015
2458385.460821 21.794495 0.006093
2458385.953888 21.795365 0.006098
2458386.446956 21.787501 0.006054
2458386.950549 21.795155 0.006096
2458387.443616 21.791531 0.006076
2458387.936683 21.788395 0.006059
2458388.440277 21.792458 0.006081
2458388.933344 21.782774 0.006027
2458389.426411 21.785744 0.006044
2458389.930005 21.789797 0.006066
2458390.423072 21.796326 0.006103
2458390.916139 21.789260 0.006063
2458391.419732 21.783189 0.006030
2458391.912800 21.786012 0.006045
2458392.405867 21.795365 0.006098
2458392.909460 21.784347 0.006036
2458393.402527 21.789350 0.006064
2458393.895594 21.781499 0.006020
2458394.399188 21.778924 0.006006
2458394.892255 21.785477 0.006042
2458395.385322 21.789618 0.006065
2458395.888916 21.802924 0.006140
2458396.381983 21.786667 0.006049
2458396.875050 21.796686 0.006105
2458397.378644 21.778156 0.006002
2458397.871711 21.787173 0.006052
2458398.364778 21.797167 0.006108
2458398.868371 21.790723 0.006072
2458399.361438 21.791172 0.006074
2458399.854506 21.789678 0.006066
2458400.358099 21.784169 0.006035
2458400.851166 21.778983 0.006006
2458401.344233 21.788007 0.006056
2458401.847827 21.788097 0.006057
2458402.340894 21.791710 0.006077
2458402.833961 21.796086 0.006102
2458403.337555 21.788813 0.006061
2458403.830622 21.781292 0.006019
2458404.323689 21.782566 0.006026
2458404.827282 21.787084 0.006051
2458405.320350 21.795515 0.006098
2458405.813417 21.784020 0.006034
2458406.317010 21.791680 0.006077
2458406.810077 21.785150 0.006041
2458407.303144 21.793266 0.006086
2458407.806738 21.788813 0.006061
2458408.299805 21.787501 0.006054
2458408.792872 21.782388 0.006025
2458409.296466 21.787173 0.006052
2458409.789533 21.782981 0.006028
2458410.282600 21.786429 0.006048
2458410.786194 21.788127 0.006057
2458411.279261 21.791949 0.006078
2458411.772328 21.791052 0.006073
2458412.275921 21.788842 0.006061
2458412.768988 21.797288 0.006108
2458413.262056 21.789230 0.006063
2458413.765649 21.785239 0.006041
2458414.258716 21.787262 0.006052
2458414.751783 21.790186 0.006069
2458415.255377 21.794585 0.006093
2458415.748444 21.792877 0.006084
2458416.241511 21.788902 0.006061
2458416.745105 21.798250 0.006114
2458417.238172 21.787531 0.006054
2458417.731239 21.794525 0.006093
2458418.234832 21.790096 0.006068
2458526.481367 21.785774 0.006044
2458526.984960 21.780226 0.006013
2458527.478027 21.788037 0.006057
2458527.971094 21.776414 0.005992
2458528.474688 21.787322 0.006053
2458528.967755 21.769213 0.005953
2458529.460822 21.798732 0.006117
2458529.964416 21.794285 0.006092
2458530.457483 21.785953 0.006045
2458530.950550 21.782774 0.006027
2458531.454144 21.787352 0.006053
2458531.947211 21.790186 0.006069
2458532.440278 21.776857 0.005995
2458532.943871 21.785328 0.006042
2458533.436938 21.790126 0.006068
2458533.930006 21.775854 0.005989
2458534.433599 21.794375 0.006092
2458534.926666 21.793476 0.006087
2458535.419733 21.790813 0.006072
2458535.923327 21.780107 0.006013
2458536.416394 21.790903 0.006073
2458536.909461 21.798431 0.006115
2458537.413055 21.795005 0.006096
2458537.906122 21.779693 0.006010
2458538.399189 21.778570 0.006004
2458538.902782 21.787501 0.006054
2458539.395850 21.804406 0.006149
2458539.888917 21.784347 0.006036
2458540.392510 21.777506 0.005998
2458540.885577 21.786101 0.006046
2458541.378644 21.792937 0.006084
2458541.882238 21.791770 0.006077
2458542.375305 21.798039 0.006113
2458542.868372 21.791261 0.006075
2458543.371966 21.792488 0.006081
2458543.865033 21.796927 0.006106
2458544.358100 21.792129 0.006079
2458544.861694 21.789081 0.006062
2458545.354761 21.785179 0.006041
2458545.847828 21.782803 0.006027
2458546.351421 21.786280 0.006047
2458546.844488 21.798972 0.006118
2458547.337556 21.787441 0.006053
2458547.841149 21.791650 0.006077
2458548.334216 21.787918 0.006056
2458548.827283 21.790275 0.006069
2458549.330877 21.782299 0.006025
2458549.823944 21.788156 0.006057
2458550.317011 21.786250 0.006047
2458550.820605 21.775324 0.005986
2458551.313672 21.785328 0.006042
2458551.806739 21.784139 0.006035
2458552.310332 21.789977 0.006067
2458552.803400 21.794615 0.006093
2458553.296467 21.790484 0.006070
2458553.800060 21.794615 0.006093
2458554.293127 21.787501 0.006054
2458554.786194 21.795245 0.006097
2458555.289788 21.780107 0.006013
2458555.782855 21.782121 0.006024
2458556.275922 21.785269 0.006041
2458556.779516 21.792099 0.006079
2458557.272583 21.788246 0.006058
2458557.765650 21.785804 0.006044
2458558.269244 21.790962 0.006073
2458558.762311 21.780285 0.006014
2458559.255378 21.782892 0.006028
2458559.758971 21.788872 0.006061
2458560.252038 21.790156 0.006068
2458560.745106 21.789320 0.006064
2458561.248699 21.784733 0.006038
2458561.741766 21.772000 0.005968
2458562.234833 21.784823 0.006039
2458562.738427 21.796416 0.006104
2458563.231494 21.781825 0.006022
2458563.724561 21.784555 0.006037
2458564.228155 21.791202 0.006074
2458564.721222 21.792248 0.006080
2458565.214289 21.793236 0.006086
2458565.717882 21.782803 0.006027
2458566.210950 21.785834 0.006044
2458566.704017 21.785150 0.006041
2458567.207610 21.789797 0.006066
2458567.700677 21.795065 0.006096
2458568.193744 21.776002 0.005990
2458568.697338 21.776857 0.005995
2458569.190405 21.781529 0.006020
2458569.683472 21.795515 0.006098
2458570.187066 21.787084 0.006051
2458570.680133 21.788604 0.006060
2458571.173200 21.793117 0.006085
2458571.676794 21.797167 0.006108
2458572.169861 21.787203 0.006052
2458572.662928 21.789111 0.006063
2458573.166521 21.785536 0.006043
2458573.659588 21.784704 0.006038
2458574.152656 21.791620 0.006077
2458574.656249 21.777211 0.005997
2458575.149316 21.788276 0.006058
2458575.642383 21.788037 0.006057
2458576.145977 21.782625 0.006026
2458576.639044 21.785387 0.006042
2458577.132111 21.780107 0.006013
2458577.635705 21.786846 0.006050
2458578.128772 21.784407 0.006036
2458578.621839 21.788992 0.006062
2458579.125432 21.793206 0.006086
2458579.618500 21.782477 0.006026
2458580.111567 21.792069 0.006079
2458580.615160 21.784971 0.006040
2458581.108227 21.777447 0.005998
2458581.601294 21.784407 0.006036
2458582.104888 21.790126 0.006068
2458582.597955 21.786012 0.006045
2458583.091022 21.790933 0.006073
2458583.594616 21.778895 0.006006
2458584.087683 21.795455 0.006098
2458584.580750 21.794975 0.006095
2458585.084344 21.793956 0.006090
2458585.577411 21.790126 0.006068
2458586.070478 21.797408 0.006109
2458586.574071 21.780670 0.006016
2458587.067138 21.790604 0.006071
2458587.560206 21.791979 0.006079
2458588.063799 21.790933 0.006073
2458588.556866 21.792428 0.006081
2458589.049933 21.775972 0.005990
2458589.553527 21.790514 0.006070
2458590.046594 21.781943 0.006023
2458590.539661 21.796026 0.006101
2458591.043255 21.793536 0.006087
2458591.536322 21.784169 0.006035
2458592.029389 21.792428 0.006081
2458592.532982 21.779338 0.006008
2458593.026050 21.793386 0.006087
2458593.519117 21.788007 0.006056
2458594.022710 21.795485 0.006098
2458594.515777 21.798701 0.006116
2458595.008844 21.784139 0.006035
2458595.512438 21.796296 0.006103
2458596.005505 21.798340 0.006114
2458596.498572 21.788604 0.006060
2458597.002166 21.798551 0.006116
2458597.495233 21.785685 0.006043
2458597.988300 21.795875 0.006100
2458712.204272 21.786042 0.006045
2458712.697339 21.790096 0.006068
2458713.200932 21.789887 0.006067
2458713.694000 21.782863 0.006028
2458714.187067 21.796146 0.006102
2458714.690660 21.788813 0.006061
2458715.183727 21.795125 0.006096
2458715.676794 21.783723 0.006033
2458716.180388 21.785387 0.006042
2458716.673455 21.785209 0.006041
2458717.166522 21.793716 0.006088
2458717.670116 21.781677 0.006021
2458718.163183 21.792608 0.006082
2458718.656250 21.787799 0.006055
2458719.159844 21.791172 0.006074
2458719.652911 21.794645 0.006094
2458720.145978 21.796266 0.006103
2458720.649571 21.783961 0.006034
2458721.142638 21.793596 0.006088
2458721.635706 21.790783 0.006072
2458722.139299 21.786607 0.006049
2458722.632366 21.793147 0.006085
2458723.125433 21.796987 0.006107
2458723.629027 21.785863 0.006044
2458724.122094 21.777123 0.005996
2458724.615161 21.789917 0.006067
2458725.118755 21.801263 0.006131
2458725.611822 21.785774 0.006044
2458726.104889 21.787084 0.006051
2458726.608482 21.791202 0.006074
2458727.101550 21.788723 0.006060
2458727.594617 21.792907 0.006084
2458728.098210 21.800479 0.006126
2458728.591277 21.789588 0.006065
2458729.084344 21.788156 0.006057
2458729.587938 21.779604 0.006010
2458730.081005 21.788872 0.006061
2458730.574072 21.785358 0.006042
2458731.077666 21.786965 0.006051
2458731.570733 21.799334 0.006120
2458732.063800 21.791800 0.006078
2458732.567394 21.798762 0.006117
2458733.060461 21.787858 0.006056
2458733.553528 21.793536 0.006087
2458734.057121 21.786875 0.006050
2458734.550188 21.780640 0.006015
2458735.043256 21.786846 0.006050
2458735.546849 21.783753 0.006033
2458736.039916 21.794465 0.006093
2458736.532983 21.780492 0.006015
2458737.036577 21.782714 0.006027
2458737.529644 21.781855 0.006022
2458738.022711 21.797588 0.006110
2458738.526305 21.794585 0.006093
2458739.019372 21.778067 0.006001
2458739.512439 21.784615 0.006038
2458740.016032 21.775412 0.005987
2458740.509100 21.804648 0.006150
2458741.002167 21.791082 0.006074
2458741.505760 21.791979 0.006079
2458741.998827 21.791202 0.006074
2458742.491894 21.782032 0.006023
2458742.995488 21.784912 0.006039
2458743.488555 21.782151 0.006024
2458743.981622 21.803468 0.006143
2458744.485216 21.785923 0.006045
2458744.978283 21.783783 0.006033
2458745.471350 21.787709 0.006055
2458745.974944 21.790484 0.006070
2458746.468011 21.788484 0.006059
2458746.961078 21.786012 0.006045
2458747.464671 21.781973 0.006023
2458747.957738 21.784942 0.006039
2458748.450806 21.798491 0.006115
2458748.954399 21.781410 0.006020
2458749.447466 21.789857 0.006067
2458749.940533 21.786726 0.006049
2458750.444127 21.790933 0.006073
2458750.937194 21.800630 0.006127
2458751.430261 21.780818 0.006016
2458751.933855 21.790813 0.006072
2458752.426922 21.781736 0.006022
2458752.919989 21.779841 0.006011
2458753.423582 21.798461 0.006115
2458753.916650 21.792458 0.006081
2458754.409717 21.786131 0.006046
2458754.913310 21.784615 0.006038
2458755.406377 21.789200 0.006063
2458755.899444 21.781914 0.006023
2458756.403038 21.788037 0.006057
2458756.896105 21.780818 0.006016
2458757.389172 21.779604 0.006010
2458757.892766 21.788992 0.006062
2458758.385833 21.796897 0.006106
2458758.878900 21.784228 0.006035
2458759.382494 21.788097 0.006057
2458759.875561 21.796326 0.006103
2458760.368628 21.783100 0.006029
2458760.872221 21.795785 0.006100
2458761.365288 21.796626 0.006105
2458761.858356 21.784763 0.006038
2458762.361949 21.790245 0.006069
2458762.855016 21.786131 0.006046
2458763.348083 21.789917 0.006067
2458763.851677 21.787680 0.006055
2458764.344744 21.789350 0.006064
2458764.837811 21.792248 0.006080
2458765.341405 21.791321 0.006075
2458765.834472 21.785655 0.006043
2458766.327539 21.787114 0.006051
2458766.831132 21.787560 0.006054
2458767.324200 21.787769 0.006055
2458767.817267 21.790245 0.006069
2458768.320860 21.793746 0.006089
2458768.813927 21.792009 0.006079
2458769.306994 21.800117 0.006124
2458769.810588 21.799153 0.006119
2458770.303655 21.772000 0.005968
2458770.796722 21.788693 0.006060
2458771.300316 21.793686 0.006088
2458771.793383 21.801535 0.006132
2458772.286450 21.782685 0.006027
2458772.790044 21.788276 0.006058
2458773.283111 21.779427 0.006009
2458773.776178 21.786310 0.006047
2458774.279771 21.777595 0.005999
2458774.772838 21.793027 0.006085
2458775.265906 21.783278 0.006030
2458775.769499 21.790066 0.006068
2458776.262566 21.783931 0.006034
2458776.755633 21.778924 0.006006
2458777.259227 21.799695 0.006122
2458777.752294 21.802018 0.006135
2458778.245361 21.785953 0.006045
2458778.748955 21.786399 0.006047
2458779.242022 21.795335 0.006097
2458779.735089 21.784407 0.006036
2458780.238682 21.783397 0.006031
2458780.731750 21.781025 0.006018
2458781.224817 21.786994 0.006051
2458781.728410 21.797739 0.006111
2458782.221477 21.773675 0.005977
2458782.714544 21.789738 0.006066
2458783.218138 21.792308 0.006080
2458783.711205 21.786726 0.006049
2459622.427944 21.796206 0.006102
2459622.921011 21.798400 0.006115
2459623.424605 21.783130 0.006029
2459623.917672 21.788007 0.006056
2459624.410739 21.786488 0.006048
2459624.914332 21.798340 0.006114
2459625.407400 21.789947 0.006067
2459625.900467 21.789111 0.006063
2459626.404060 21.799153 0.006119
2459626.897127 21.786697 0.006049
2459627.390194 21.790514 0.006070
2459627.893788 21.788216 0.006058
2459628.386855 21.778954 0.006006
2459628.879922 21.793296 0.006086
2459629.383516 21.789171 0.006063
2459629.876583 21.791202 0.006074
2459630.369650 21.789559 0.006065
2459630.873244 21.785834 0.006044
2459631.366311 21.792548 0.006082
2459631.859378 21.777064 0.005996
2459632.362971 21.778097 0.006001
2459632.856038 21.791949 0.006078
2459633.349106 21.777270 0.005997
2459633.852699 21.788395 0.006059
2459634.345766 21.793177 0.006085
2459634.838833 21.794975 0.006095
2459635.342427 21.797979 0.006112
2459635.835494 21.778097 0.006001
2459636.328561 21.792817 0.006083
2459636.832155 21.784169 0.006035
2459637.325222 21.782625 0.006026
2459637.818289 21.798340 0.006114
2459638.321882 21.787709 0.006055
2459638.814950 21.785655 0.006043
2459639.308017 21.783278 0.006030
2459639.811610 21.796236 0.006103
2459640.304677 21.778185 0.006002
2459640.797744 21.783071 0.006029
2459641.301338 21.782803 0.006027
2459641.794405 21.790843 0.006072
2459642.287472 21.787471 0.006053
2459642.791066 21.789559 0.006065
2459643.284133 21.786280 0.006047
2459643.777200 21.782151 0.006024
2459644.280794 21.786012 0.006045
2459644.773861 21.794135 0.006091
2459645.266928 21.788723 0.006060
2459645.770521 21.782121 0.006024
2459646.263588 21.778156 0.006002
2459646.756656 21.794225 0.006091
2459647.260249 21.772587 0.005971
2459647.753316 21.789708 0.006066
2459648.246383 21.795125 0.006096
2459648.749977 21.794315 0.006092
2459649.243044 21.791560 0.006076
2459649.736111 21.786339 0.006047
2459650.239705 21.787858 0.006056
2459650.732772 21.787054 0.006051
2459651.225839 21.778038 0.006001
2459651.729432 21.786101 0.006046
2459652.222500 21.777713 0.005999
2459652.715567 21.782596 0.006026
2459653.219160 21.769682 0.005955
2459653.712227 21.794375 0.006092
2459654.205294 21.785209 0.006041
2459654.708888 21.792039 0.006079
2459655.201955 21.792069 0.006079
2459655.695022 21.775589 0.005988
2459656.198616 21.792668 0.006082
2459656.691683 21.788306 0.006058
2459657.184750 21.785239 0.006041
2459657.688344 21.788246 0.006058
2459658.181411 21.785953 0.006045
2459658.674478 21.782655 0.006027
2459659.178071 21.791531 0.006076
2459659.671138 21.782803 0.006027
2459660.164206 21.790066 0.006068
2459660.667799 21.783991 0.006034
2459661.160866 21.781321 0.006019
2459661.653933 21.783634 0.006032
2459662.157527 21.793596 0.006088
2459662.650594 21.788246 0.006058
2459663.143661 21.784377 0.006036
2459663.647255 21.789171 0.006063
2459664.140322 21.787203 0.006052
2459664.633389 21.783902 0.006034
2459665.136982 21.782774 0.006027
2459665.630050 21.779368 0.006008
2459666.123117 21.789827 0.006067
2459666.626710 21.790514 0.006070
2459667.119777 21.795695 0.006099
2459667.612844 21.784169 0.006035
2459668.116438 21.792129 0.006079
2459668.609505 21.787382 0.006053
2459669.102572 21.787501 0.006054
2459669.606166 21.790634 0.006071
2459670.099233 21.798701 0.006116
2459670.592300 21.789917 0.006067
2459671.095894 21.795635 0.006099
2459671.588961 21.790514 0.006070
2459672.082028 21.794225 0.006091
2459672.585621 21.779486 0.006009
2459673.078688 21.779663 0.006010
2459673.571756 21.785536 0.006043
2459674.075349 21.792278 0.006080
2459674.568416 21.781795 0.006022
2459675.061483 21.773234 0.005975
2459675.565077 21.790514 0.006070
2459676.058144 21.792727 0.006083
2459676.551211 21.782833 0.006028
2459677.054805 21.784882 0.006039
2459677.547872 21.786667 0.006049
2459678.040939 21.788932 0.006062
2459678.544532 21.783664 0.006032
2459679.037600 21.792727 0.006083
2459679.530667 21.788037 0.006057
2459680.034260 21.797167 0.006108
2459680.527327 21.788425 0.006059
2459681.020394 21.792608 0.006082
2459681.523988 21.781499 0.006020
2459682.017055 21.789230 0.006063
2459682.510122 21.795275 0.006097
2459683.013716 21.783397 0.006031
2459683.506783 21.794675 0.006094
2459683.999850 21.797468 0.006109
2459684.503444 21.798521 0.006115
2459684.996511 21.772088 0.005968
2459685.489578 21.792039 0.006079
2459685.993171 21.781736 0.006022
2459686.486238 21.791441 0.006076
2459686.979306 21.781677 0.006021
2459687.482899 21.784674 0.006038
2459687.975966 21.800660 0.006127
2459688.469033 21.783753 0.006033
2459688.972627 21.781766 0.006022
2459689.465694 21.795966 0.006101
2459689.958761 21.790066 0.006068
2459690.462355 21.791710 0.006077
2459690.955422 21.788067 0.006057
2459691.448489 21.795455 0.006098
2459691.952082 21.793776 0.006089
2459692.445150 21.786280 0.006047
2459692.938217 21.785863 0.006044
2459693.441810 21.783249 0.006030
2459693.934877 21.785774 0.006044
2459807.647256 21.777447 0.005998
2459808.150849 21.787858 0.006056
2459808.643916 21.793266 0.006086
2459809.136983 21.796927 0.006106
2459809.640577 21.794375 0.006092
2459810.133644 21.781677 0.006021
2459810.626711 21.784347 0.006036
2459811.130305 21.778983 0.006006
2459811.623372 21.784823 0.006039
2459812.116439 21.793806 0.006089
2459812.620032 21.790395 0.006070
2459813.113100 21.782774 0.006027
2459813.606167 21.793416 0.006087
2459814.109760 21.786697 0.006049
2459814.602827 21.795425 0.006098
2459815.095894 21.786756 0.006049
2459815.599488 21.787769 0.006055
2459816.092555 21.784020 0.006034
2459816.585622 21.780729 0.006016
2459817.089216 21.794495 0.006093
2459817.582283 21.800087 0.006124
2459818.075350 21.786578 0.006048
2459818.578944 21.786280 0.006047
2459819.072011 21.795996 0.006101
2459819.565078 21.800027 0.006124
2459820.068671 21.786220 0.006046
2459820.561738 21.793776 0.006089
2459821.054806 21.797979 0.006112
2459821.558399 21.787382 0.006053
2459822.051466 21.795665 0.006099
2459822.544533 21.797468 0.006109
2459823.048127 21.799304 0.006120
2459823.541194 21.790514 0.006070
2459824.034261 21.790335 0.006069
2459824.537855 21.786965 0.006051
2459825.030922 21.790484 0.006070
2459825.523989 21.790305 0.006069
2459826.027582 21.780374 0.006014
2459826.520650 21.795815 0.006100
2459827.013717 21.780018 0.006012
2459827.517310 21.782774 0.006027
2459828.010377 21.795065 0.006096
2459828.503444 21.781706 0.006021
2459829.007038 21.795485 0.006098
2459829.500105 21.791441 0.006076
2459829.993172 21.786131 0.006046
2459830.496766 21.788693 0.006060
2459830.989833 21.785031 0.006040
2459831.482900 21.783338 0.006030
2459831.986494 21.779811 0.006011
2459832.479561 21.795966 0.006101
2459832.972628 21.783605 0.006032
2459833.476221 21.792219 0.006080
2459833.969288 21.789588 0.006065
2459834.462356 21.791979 0.006079
2459834.965949 21.782240 0.006024
2459835.459016 21.782121 0.006024
2459835.952083 21.785893 0.006045
2459836.455677 21.789708 0.006066
2459836.948744 21.797348 0.006109
2459837.441811 21.777447 0.005998
2459837.945405 21.784763 0.006038
2459838.438472 21.794435 0.006092
2459838.931539 21.783071 0.006029
2459839.435132 21.786637 0.006049
2459839.928200 21.784763 0.006038
2459840.421267 21.797558 0.006110
2459840.924860 21.781706 0.006021
2459841.417927 21.788067 0.006057
2459841.910994 21.786816 0.006050
2459842.414588 21.775648 0.005988
2459842.907655 21.780847 0.006017
2459843.400722 21.785447 0.006042
2459843.904316 21.791261 0.006075
2459844.397383 21.795065 0.006096
2459844.890450 21.774558 0.005982
2459845.394044 21.784793 0.006039
2459845.887111 21.778747 0.006005
2459846.380178 21.784169 0.006035
2459846.883771 21.793236 0.006086
2459847.376838 21.788842 0.006061
2459847.869906 21.790186 0.006069
2459848.373499 21.783338 0.006030
2459848.866566 21.793356 0.006086
2459849.359633 21.789051 0.006062
2459849.863227 21.776002 0.005990
2459850.356294 21.792638 0.006082
2459850.849361 21.776267 0.005991
2459851.352955 21.788932 0.006062
2459851.846022 21.791261 0.006075
2459852.339089 21.796356 0.006103
2459852.842682 21.783753 0.006033
2459853.335750 21.787143 0.006052
2459853.828817 21.788395 0.006059
2459854.332410 21.778333 0.006003
2459854.825477 21.785715 0.006044
2459855.318544 21.781203 0.006019
2459855.822138 21.782981 0.006028
2459856.315205 21.790873 0.006072
2459856.808272 21.789499 0.006065
2459857.311866 21.783189 0.006030
2459857.804933 21.801414 0.006132
2459858.298000 21.783961 0.006034
2459858.801594 21.792398 0.006081
2459859.294661 21.781262 0.006019
2459859.787728 21.788842 0.006061
2459860.291321 21.793117 0.006085
2459860.784388 21.788127 0.006057
2459861.277456 21.785060 0.006040
2459861.781049 21.778688 0.006005
2459862.274116 21.801897 0.006134
2459862.767183 21.787769 0.006055
2459863.270777 21.780433 0.006014
2459863.763844 21.781380 0.006020
2459864.256911 21.783516 0.006031
2459864.760505 21.778570 0.006004
2459865.253572 21.789141 0.006063
2459865.746639 21.792578 0.006082
2459866.250232 21.791830 0.006078
2459866.743300 21.786250 0.006047
2459867.236367 21.790813 0.006072
2459867.739960 21.792278 0.006080
2459868.233027 21.788753 0.006061
2459868.726094 21.775972 0.005990
2459869.229688 21.787620 0.006054
2459869.722755 21.789559 0.006065
2459870.215822 21.782240 0.006024
2459870.719416 21.791830 0.006078
2459871.212483 21.779930 0.006012
2459871.705550 21.795005 0.006096
2459872.209144 21.790634 0.006071
2459872.702211 21.780877 0.006017
2459873.195278 21.787620 0.006054
2459873.698871 21.777713 0.005999
2459874.191938 21.782774 0.006027
2459874.685006 21.781647 0.006021
2459875.188599 21.780492 0.006015
2459875.681666 21.794165 0.006091
2459876.174733 21.786816 0.006050
2459876.678327 21.798431 0.006115
2459877.171394 21.779723 0.006010
2459877.664461 21.785923 0.006045
2459878.168055 21.779486 0.006009
2459878.661122 21.795845 0.006100
2459879.154189 21.781321 0.006019
2459987.411250 21.787411 0.006053
2459987.904317 21.791112 0.006074
2459988.407910 21.785863 0.006045
2459988.900977 21.783664 0.006032
2459989.394044 21.784585 0.006037
2459989.897638 21.778747 0.006005
2459990.390705 21.784674 0.006038
2459990.883772 21.788216 0.006058
2459991.387366 21.782507 0.006026
2459991.880433 21.800449 0.006126
2459992.373500 21.792458 0.006081
2459992.877094 21.783664 0.006032
2459993.370161 21.785982 0.006045
2459993.863228 21.799033 0.006118
2459994.366821 21.784823 0.006039
2459994.859888 21.787888 0.006056
2459995.352956 21.791082 0.006074
2459995.856549 21.782507 0.006026
2459996.349616 21.798039 0.006113
2459996.842683 21.786756 0.006050
2459997.346277 21.791172 0.006074
2459997.839344 21.790096 0.006068
2459998.332411 21.792398 0.006081
2459998.836005 21.801324 0.006131
2459999.329072 21.784555 0.006037
2459999.822139 21.795785 0.006100
2460000.325732 21.785001 0.006040
2460000.818800 21.789917 0.006067
2460001.311867 21.786280 0.006047
2460001.815460 21.790992 0.006073
2460002.308527 21.796236 0.006103
2460002.801594 21.800569 0.006127
2460003.305188 21.799153 0.006119
2460003.798255 21.790425 0.006070
2460004.291322 21.781114 0.006018
2460004.794916 21.788663 0.006060
2460005.287983 21.794525 0.006093
2460005.781050 21.779841 0.006011
2460006.284644 21.788663 0.006060
2460006.777711 21.779545 0.006010
2460007.270778 21.782596 0.006026
2460007.774371 21.806254 0.006159
2460008.267438 21.787024 0.006051
2460008.760506 21.790634 0.006071
2460009.264099 21.787680 0.006055
2460009.757166 21.793117 0.006085
2460010.250233 21.777979 0.006001
2460010.753827 21.791082 0.006074
2460011.246894 21.787441 0.006054
2460011.739961 21.793057 0.006085
2460012.243555 21.782744 0.006027
2460012.736622 21.769213 0.005953
2460013.229689 21.784852 0.006039
2460013.733282 21.797107 0.006108
2460014.226350 21.792757 0.006083
2460014.719417 21.789559 0.006065
2460015.223010 21.791590 0.006077
2460015.716077 21.797318 0.006109
2460016.209144 21.801837 0.006134
2460016.712738 21.781292 0.006020
2460017.205805 21.786161 0.006047
2460017.698872 21.782952 0.006029
2460018.202466 21.788067 0.006057
2460018.695533 21.790335 0.006070
2460019.188600 21.795455 0.006099
2460019.692194 21.787203 0.006053
2460020.185261 21.785744 0.006044
2460020.678328 21.783783 0.006034
2460021.181921 21.796747 0.006106
2460021.674988 21.778097 0.006002
2460022.168056 21.794765 0.006095
2460022.671649 21.778244 0.006003
2460023.164716 21.777005 0.005996
2460023.657783 21.782537 0.006027
2460024.161377 21.789738 0.006067
2460024.654444 21.793117 0.006086
2460025.147511 21.784407 0.006038
2460025.651105 21.786846 0.006051
2460026.144172 21.782952 0.006030
2460026.637239 21.790275 0.006071
2460027.140832 21.787292 0.006054
2460027.633900 21.795545 0.006100
2460028.126967 21.789230 0.006065
2460028.630560 21.794165 0.006093
2460029.123627 21.786965 0.006053
2460029.616694 21.785923 0.006047
2460030.120288 21.792578 0.006084
2460030.613355 21.783872 0.006036
2460031.106422 21.792159 0.006083
2460031.610016 21.790335 0.006073
2460032.103083 21.789618 0.006069
2460032.596150 21.782922 0.006032
2460033.099744 21.790305 0.006073
2460033.592811 21.786548 0.006053
2460034.085878 21.795665 0.006104
2460034.589471 21.776916 0.006000
2460035.082538 21.781499 0.006026
2460035.575606 21.798461 0.006122
2460036.079199 21.781884 0.006030
2460036.572266 21.783961 0.006042
2460037.065333 21.770767 0.005970
2460037.568927 21.777359 0.006007
2460038.061994 21.792458 0.006092
2460038.555061 21.787471 0.006066
2460039.058655 21.773675 0.005990
2460039.551722 21.771618 0.005980
2460040.044789 21.786667 0.006066
2460040.548382 21.784436 0.006055
2460041.041450 21.773940 0.005999
2460041.534517 21.772529 0.005994
2460042.038110 21.780107 0.006039
2460042.531177 21.776650 0.006023
2460043.024244 21.773911 0.006012
2460043.527838 21.780670 0.006054
2460044.020905 21.770239 0.006001
2460044.513972 21.765002 0.005977
2460045.017566 21.761884 0.005966
2460045.510633 21.767808 0.006006
2460046.003700 21.766492 0.006006
2460046.507294 21.760023 0.005979
2460047.000361 21.761419 0.005995
2460047.493428 21.745366 0.005916
2460047.997021 21.746771 0.005931
2460048.490088 21.752728 0.005970
2460048.983156 21.746685 0.005941
2460049.486749 21.735324 0.005881
2460049.979816 21.729688 0.005849
2460050.472883 21.751660 0.005964
2460050.976477 21.749760 0.005947
2460051.469544 21.751776 0.005950
2460051.962611 21.759530 0.005985
2460052.466205 21.763836 0.006000
2460052.959272 21.763777 0.005991
2460053.452339 21.764740 0.005989
2460053.955932 21.767720 0.005998
2460054.449000 21.770503 0.006008
2460054.942067 21.772117 0.006011
2460055.445660 21.777152 0.006034
2460055.938727 21.776592 0.006026
2460056.431794 21.786369 0.006077
2460056.935388 21.777654 0.006025
2460057.428455 21.788753 0.006084
2460057.921522 21.777772 0.006020
2460058.425116 21.780255 0.006032
2460058.918183 21.781736 0.006038
