2458346.727899 19.898618 0.003082
2458347.220966 19.897181 0.003078
2458347.714033 19.897832 0.003080
2458348.217627 19.897982 0.003081
2458348.710694 19.893210 0.003067
2458349.203761 19.902624 0.003094
2458349.707355 19.895276 0.003073
2458350.200422 19.906094 0.003104
2458350.693489 19.894104 0.003070
2458351.197082 19.903579 0.003096
2458351.690150 19.896187 0.003075
2458352.183217 19.899022 0.003084
2458352.686810 19.906109 0.003104
2458353.179877 19.899105 0.003084
2458353.672944 19.901730 0.003091
2458354.176538 19.894186 0.003070
2458354.669605 19.895769 0.003074
2458355.162672 19.899075 0.003084
2458355.666266 19.900439 0.003088
2458356.159333 19.897809 0.003080
2458356.652400 19.895410 0.003073
2458357.155994 19.899180 0.003084
2458357.649061 19.904339 0.003099
2458358.142128 19.902601 0.003094
2458358.645721 19.895888 0.003075
2458359.138788 19.905393 0.003102
2458359.631856 19.899127 0.003084
2458360.135449 19.901377 0.003090
2458360.628516 19.896299 0.003076
2458361.121583 19.899824 0.003086
2458361.625177 19.894709 0.003071
2458362.118244 19.904527 0.003099
2458362.611311 19.899457 0.003085
2458363.114905 19.895858 0.003075
2458363.607972 19.900086 0.003087
2458364.101039 19.900057 0.003086
2458364.604632 19.904279 0.003098
2458365.097700 19.900139 0.003087
2458365.590767 19.899599 0.003085
2458366.094360 19.897390 0.003079
2458366.587427 19.901009 0.003089
2458367.080494 19.901805 0.003091
2458367.584088 19.897121 0.003078
2458368.077155 19.901317 0.003090
2458368.570222 19.898378 0.003082
2458369.073816 19.895552 0.003074
2458369.566883 19.897009 0.003078
2458370.059950 19.900311 0.003087
2458370.563544 19.897024 0.003078
2458371.056611 19.898221 0.003081
2458371.549678 19.901422 0.003090
2458372.053271 19.896075 0.003075
2458372.546338 19.898236 0.003081
2458373.039406 19.899719 0.003085
2458373.542999 19.900897 0.003089
2458374.036066 19.902316 0.003093
2458374.529133 19.895545 0.003074
2458375.032727 19.903391 0.003096
2458375.525794 19.902196 0.003093
2458376.018861 19.904437 0.003099
2458376.522455 19.901144 0.003090
2458377.015522 19.898056 0.003081
2458377.508589 19.896291 0.003076
2458378.012182 19.899659 0.003085
2458378.505250 19.900679 0.003088
2458378.998317 19.903601 0.003097
2458379.501910 19.892793 0.003066
2458379.994977 19.900506 0.003088
2458380.488044 19.903993 0.003098
2458380.991638 19.895425 0.003073
2458381.484705 19.901963 0.003092
2458381.977772 19.899487 0.003085
2458382.481366 19.903368 0.003096
2458382.974433 19.901392 0.003090
2458383.467500 19.905303 0.003101
2458383.971094 19.900544 0.003088
2458384.464161 19.904309 0.003099
2458384.957228 19.897480 0.003079
2458385.460821 19.905062 0.003101
2458385.953888 19.902767 0.003094
2458386.446956 19.899307 0.003084
2458386.950549 19.898738 0.003083
2458387.443616 19.900769 0.003088
2458387.936683 19.897398 0.003079
2458388.440277 19.897136 0.003078
2458388.933344 19.897533 0.003079
2458389.426411 19.901827 0.003091
2458389.930005 19.899862 0.003086
2458390.423072 19.896972 0.003078
2458390.916139 19.905597 0.003102
2458391.419732 19.898693 0.003083
2458391.912800 19.901212 0.003090
2458392.405867 19.894970 0.003072
2458392.909460 19.900642 0.003088
2458393.402527 19.900927 0.003089
2458393.895594 19.898700 0.003083
2458394.399188 19.902910 0.003095
2458394.892255 19.900597 0.003088
2458395.385322 19.903368 0.003096
2458395.888916 19.902579 0.003094
2458396.381983 19.894955 0.003072
2458396.875050 19.894962 0.003072
2458397.378644 19.904392 0.003099
2458397.871711 19.902060 0.003092
2458398.364778 19.898288 0.003081
2458398.868371 19.899592 0.003085
2458399.361438 19.900867 0.003089
2458399.854506 19.894940 0.003072
2458400.358099 19.902406 0.003093
2458400.851166 19.899622 0.003085
2458401.344233 19.905747 0.003103
2458401.847827 19.900274 0.003087
2458402.340894 19.898288 0.003081
2458402.833961 19.900724 0.003088
2458403.337555 19.899772 0.003086
2458403.830622 19.903624 0.003097
2458404.323689 19.896934 0.003078
2458404.827282 19.903895 0.003097
2458405.320350 19.892621 0.003065
2458405.813417 19.896090 0.003075
2458406.317010 19.893985 0.003069
2458406.810077 19.897009 0.003078
2458407.303144 19.899337 0.003084
2458407.806738 19.896419 0.003076
2458408.299805 19.899389 0.003085
2458408.792872 19.902692 0.003094
2458409.296466 19.899165 0.003084
2458409.789533 19.900394 0.003087
2458410.282600 19.902233 0.003093
2458410.786194 19.901640 0.003091
2458411.279261 19.894783 0.003071
2458411.772328 19.900086 0.003087
2458412.275921 19.900221 0.003087
2458412.768988 19.902030 0.003092
2458413.262056 19.901940 0.003092
2458413.765649 19.897892 0.003080
2458414.258716 19.899105 0.003084
2458414.751783 19.901512 0.003091
2458415.255377 19.899352 0.003084
2458415.748444 19.901572 0.003091
2458416.241511 19.894589 0.003071
2458416.745105 19.898416 0.003082
2458417.238172 19.895268 0.003073
2458417.731239 19.899007 0.003083
2458418.234832 19.901948 0.003092
2458526.481367 19.895739 0.003074
2458526.984960 19.901309 0.003090
2458527.478027 19.897720 0.003080
2458527.971094 19.896202 0.003076
2458528.474688 19.895477 0.003074
2458528.967755 19.898498 0.003082
2458529.460822 19.895739 0.003074
2458529.964416 19.896904 0.003078
2458530.457483 19.903737 0.003097
2458530.950550 19.893366 0.003068
2458531.454144 19.901407 0.003091
2458531.947211 19.900799 0.003089
2458532.440278 19.901392 0.003090
2458532.943871 19.903361 0.003096
2458533.436938 19.897727 0.003080
2458533.930006 19.894246 0.003070
2458534.433599 19.895933 0.003075
2458534.926666 19.898341 0.003082
2458535.419733 19.901174 0.003090
2458535.923327 19.899225 0.003084
2458536.416394 19.899742 0.003086
2458536.909461 19.894425 0.003071
2458537.413055 19.897817 0.003080
2458537.906122 19.898431 0.003082
2458538.399189 19.903925 0.003098
2458538.902782 19.900582 0.003088
2458539.395850 19.890293 0.003059
2458539.888917 19.898483 0.003082
2458540.392510 19.899547 0.003085
2458540.885577 19.898026 0.003081
2458541.378644 19.898648 0.003083
2458541.882238 19.900912 0.003089
2458542.375305 19.904249 0.003099
2458542.868372 19.901978 0.003092
2458543.371966 19.896553 0.003077
2458543.865033 19.896882 0.003078
2458544.358100 19.903707 0.003097
2458544.861694 19.901933 0.003092
2458545.354761 19.902211 0.003093
2458545.847828 19.900559 0.003088
2458546.351421 19.899180 0.003084
2458546.844488 19.897503 0.003080
2458547.337556 19.902864 0.003095
2458547.841149 19.905130 0.003101
2458548.334216 19.899824 0.003086
2458548.827283 19.894791 0.003072
2458549.330877 19.904098 0.003098
2458549.823944 19.901167 0.003090
2458550.317011 19.899869 0.003086
2458550.820605 19.899569 0.003085
2458551.313672 19.902962 0.003095
2458551.806739 19.899165 0.003084
2458552.310332 19.899719 0.003086
2458552.803400 19.903436 0.003096
2458553.296467 19.896957 0.003078
2458553.800060 19.903398 0.003096
2458554.293127 19.899060 0.003084
2458554.786194 19.896942 0.003078
2458555.289788 19.897473 0.003080
2458555.782855 19.901775 0.003092
2458556.275922 19.903714 0.003097
2458556.779516 19.897720 0.003080
2458557.272583 19.899614 0.003086
2458557.765650 19.892927 0.003067
2458558.269244 19.897495 0.003080
2458558.762311 19.901422 0.003091
2458559.255378 19.898386 0.003082
2458559.758971 19.899299 0.003085
2458560.252038 19.897652 0.003080
2458560.745106 19.901918 0.003092
2458561.248699 19.902413 0.003094
2458561.741766 19.899112 0.003084
2458562.234833 19.901647 0.003091
2458562.738427 19.903805 0.003098
2458563.231494 19.900191 0.003087
2458563.724561 19.898865 0.003084
2458564.228155 19.896643 0.003077
2458564.721222 19.896979 0.003078
2458565.214289 19.900844 0.003089
2458565.717882 19.899000 0.003084
2458566.210950 19.891840 0.003064
2458566.704017 19.901595 0.003091
2458567.207610 19.898139 0.003082
2458567.700677 19.894992 0.003073
2458568.193744 19.895754 0.003075
2458568.697338 19.897435 0.003080
2458569.190405 19.895112 0.003073
2458569.683472 19.895156 0.003073
2458570.187066 19.897121 0.003079
2458570.680133 19.894045 0.003070
2458571.173200 19.898835 0.003084
2458571.676794 19.897353 0.003079
2458572.169861 19.896845 0.003078
2458572.662928 19.904587 0.003100
2458573.166521 19.903692 0.003097
2458573.659588 19.898393 0.003082
2458574.152656 19.897248 0.003079
2458574.656249 19.894186 0.003070
2458575.149316 19.897817 0.003081
2458575.642383 19.902624 0.003094
2458576.145977 19.896755 0.003078
2458576.639044 19.903210 0.003096
2458577.132111 19.897645 0.003080
2458577.635705 19.898558 0.003083
2458578.128772 19.902090 0.003093
2458578.621839 19.904580 0.003100
2458579.125432 19.899802 0.003086
2458579.618500 19.902519 0.003094
2458580.111567 19.895134 0.003073
2458580.615160 19.896800 0.003078
2458581.108227 19.895179 0.003073
2458581.601294 19.907430 0.003108
2458582.104888 19.901985 0.003093
2458582.597955 19.900004 0.003087
2458583.091022 19.894507 0.003072
2458583.594616 19.903285 0.003097
2458584.087683 19.891527 0.003063
2458584.580750 19.901167 0.003090
2458585.084344 19.901985 0.003093
2458585.577411 19.897323 0.003080
2458586.070478 19.902654 0.003095
2458586.574071 19.897533 0.003080
2458587.067138 19.898206 0.003082
2458587.560206 19.896673 0.003078
2458588.063799 19.896860 0.003078
2458588.556866 19.899832 0.003087
2458589.049933 19.898109 0.003082
2458589.553527 19.900431 0.003089
2458590.046594 19.896583 0.003078
2458590.539661 19.896590 0.003078
2458591.043255 19.899412 0.003086
2458591.536322 19.898251 0.003082
2458592.029389 19.895552 0.003075
2458592.532982 19.895649 0.003075
2458593.026050 19.899195 0.003085
2458593.519117 19.900499 0.003089
2458594.022710 19.897016 0.003079
2458594.515777 19.899419 0.003086
2458595.008844 19.898416 0.003083
2458595.512438 19.903511 0.003097
2458596.005505 19.894321 0.003071
2458596.498572 19.898932 0.003084
2458597.002166 19.900792 0.003090
2458597.495233 19.897032 0.003079
2458597.988300 19.904919 0.003102
2458712.204272 19.684000 0.002832
2458712.697339 19.668315 0.002806
2458713.200932 19.658234 0.002797
2458713.694000 19.646684 0.002784
2458714.187067 19.633665 0.002769
2458714.690660 19.622772 0.002760
2458715.183727 19.610310 0.002747
2458715.676794 19.593774 0.002724
2458716.180388 19.585812 0.002723
2458716.673455 19.569283 0.002699
2458717.166522 19.558527 0.002688
2458717.670116 19.550461 0.002681
2458718.163183 19.545933 0.002678
2458718.656250 19.544035 0.002677
2458719.159844 19.548089 0.002685
2458719.652911 19.548832 0.002680
2458720.145978 19.549521 0.002673
2458720.649571 19.558801 0.002685
2458721.142638 19.567212 0.002696
2458721.635706 19.575298 0.002707
2458722.139299 19.578338 0.002706
2458722.632366 19.587059 0.002719
2458723.125433 19.590442 0.002720
2458723.629027 19.599125 0.002734
2458724.122094 19.600558 0.002730
2458724.615161 19.606762 0.002738
2458725.118755 19.615190 0.002750
2458725.611822 19.623504 0.002763
2458726.104889 19.627913 0.002765
2458726.608482 19.632351 0.002766
2458727.101550 19.639571 0.002774
2458727.594617 19.643400 0.002774
2458728.098210 19.659555 0.002805
2458728.591277 19.663323 0.002804
2458729.084344 19.671985 0.002816
2458729.587938 19.676315 0.002817
2458730.081005 19.684682 0.002828
2458730.574072 19.692978 0.002840
2458731.077666 19.699142 0.002846
2458731.570733 19.700701 0.002841
2458732.063800 19.708215 0.002851
2458732.567394 19.712484 0.002853
2458733.060461 19.720227 0.002865
2458733.553528 19.726318 0.002872
2458734.057121 19.729415 0.002872
2458734.550188 19.739353 0.002890
2458735.043256 19.747519 0.002904
2458735.546849 19.748849 0.002900
2458736.039916 19.754231 0.002907
2458736.532983 19.765413 0.002930
2458737.036577 19.766904 0.002926
2458737.529644 19.774572 0.002940
2458738.022711 19.775027 0.002935
2458738.526305 19.779855 0.002941
2458739.019372 19.779124 0.002933
2458739.512439 19.782490 0.002936
2458740.016032 19.781024 0.002926
2458740.509100 19.796672 0.002963
2458741.002167 19.792698 0.002947
2458741.505760 19.804842 0.002974
2458741.998827 19.801310 0.002959
2458742.491894 19.803448 0.002960
2458742.995488 19.812029 0.002979
2458743.488555 19.815908 0.002985
2458743.981622 19.818959 0.002989
2458744.485216 19.818750 0.002984
2458744.978283 19.819794 0.002982
2458745.471350 19.825072 0.002993
2458745.974944 19.822464 0.002981
2458746.468011 19.828520 0.002994
2458746.961078 19.834115 0.003006
2458747.464671 19.834764 0.003004
2458747.957738 19.832493 0.002995
2458748.450806 19.845236 0.003027
2458748.954399 19.842317 0.003015
2458749.447466 19.840946 0.003008
2458749.940533 19.842801 0.003011
2458750.444127 19.847691 0.003021
2458750.937194 19.848306 0.003020
2458751.430261 19.853106 0.003031
2458751.933855 19.854853 0.003033
2458752.426922 19.855997 0.003034
2458752.919989 19.850969 0.003018
2458753.423582 19.858621 0.003037
2458753.916650 19.861121 0.003042
2458754.409717 19.863032 0.003045
2458754.913310 19.860846 0.003037
2458755.406377 19.861533 0.003037
2458755.899444 19.866327 0.003048
2458756.403038 19.864185 0.003040
2458756.896105 19.862902 0.003035
2458757.389172 19.866436 0.003043
2458757.892766 19.874345 0.003064
2458758.385833 19.867549 0.003043
2458758.878900 19.867644 0.003042
2458759.382494 19.860130 0.003019
2458759.875561 19.872611 0.003053
2458760.368628 19.878380 0.003068
2458760.872221 19.874008 0.003054
2458761.365288 19.876104 0.003059
2458761.858356 19.877410 0.003061
2458762.361949 19.878821 0.003064
2458762.855016 19.879821 0.003066
2458763.348083 19.871756 0.003042
2458763.851677 19.876507 0.003054
2458764.344744 19.874806 0.003049
2458764.837811 19.873708 0.003044
2458765.341405 19.874528 0.003046
2458765.834472 19.881427 0.003064
2458766.327539 19.876911 0.003051
2458766.831132 19.880690 0.003060
2458767.324200 19.883611 0.003068
2458767.817267 19.887421 0.003078
2458768.320860 19.882526 0.003063
2458768.813927 19.885555 0.003071
2458769.306994 19.881921 0.003060
2458769.810588 19.879240 0.003052
2458770.303655 19.890063 0.003082
2458770.796722 19.886991 0.003072
2458771.300316 19.882843 0.003060
2458771.793383 19.886554 0.003070
2458772.286450 19.881029 0.003054
2458772.790044 19.890271 0.003079
2458773.283111 19.885126 0.003064
2458773.776178 19.888111 0.003072
2458774.279771 19.888207 0.003072
2458774.772838 19.886680 0.003067
2458775.265906 19.887354 0.003068
2458775.769499 19.889342 0.003073
2458776.262566 19.887925 0.003069
2458776.755633 19.895373 0.003090
2458777.259227 19.887651 0.003067
2458777.752294 19.889379 0.003072
2458778.245361 19.888407 0.003069
2458778.748955 19.897248 0.003093
2458779.242022 19.884217 0.003056
2458779.735089 19.888333 0.003067
2458780.238682 19.893582 0.003082
2458780.731750 19.888385 0.003067
2458781.224817 19.889194 0.003069
2458781.728410 19.887732 0.003064
2458782.221477 19.893978 0.003082
2458782.714544 19.897974 0.003093
2458783.218138 19.895970 0.003087
2458783.711205 19.894433 0.003082
2459622.427944 19.902413 0.003093
2459622.921011 19.902857 0.003094
2459623.424605 19.902181 0.003092
2459623.917672 19.897016 0.003078
2459624.410739 19.896665 0.003077
2459624.914332 19.900057 0.003086
2459625.407400 19.901812 0.003091
2459625.900467 19.899719 0.003085
2459626.404060 19.900131 0.003087
2459626.897127 19.902594 0.003094
2459627.390194 19.901069 0.003089
2459627.893788 19.897510 0.003079
2459628.386855 19.903316 0.003096
2459628.879922 19.898618 0.003082
2459629.383516 19.903564 0.003096
2459629.876583 19.902218 0.003093
2459630.369650 19.902932 0.003095
2459630.873244 19.899569 0.003085
2459631.366311 19.896665 0.003077
2459631.859378 19.903195 0.003095
2459632.362971 19.900889 0.003089
2459632.856038 19.897159 0.003078
2459633.349106 19.900027 0.003086
2459633.852699 19.894910 0.003072
2459634.345766 19.901002 0.003089
2459634.838833 19.900499 0.003088
2459635.342427 19.901557 0.003091
2459635.835494 19.898124 0.003081
2459636.328561 19.899727 0.003085
2459636.832155 19.898708 0.003083
2459637.325222 19.895104 0.003072
2459637.818289 19.896434 0.003076
2459638.321882 19.896665 0.003077
2459638.814950 19.900094 0.003087
2459639.308017 19.901159 0.003090
2459639.811610 19.897637 0.003080
2459640.304677 19.899659 0.003085
2459640.797744 19.899314 0.003084
2459641.301338 19.899547 0.003085
2459641.794405 19.902970 0.003095
2459642.287472 19.897076 0.003078
2459642.791066 19.896075 0.003075
2459643.284133 19.906675 0.003105
2459643.777200 19.900027 0.003086
2459644.280794 19.899974 0.003086
2459644.773861 19.900304 0.003087
2459645.266928 19.900747 0.003088
2459645.770521 19.898768 0.003083
2459646.263588 19.899247 0.003084
2459646.756656 19.897869 0.003080
2459647.260249 19.898521 0.003082
2459647.753316 19.901189 0.003090
2459648.246383 19.896179 0.003075
2459648.749977 19.903549 0.003096
2459649.243044 19.896067 0.003075
2459649.736111 19.901602 0.003091
2459650.239705 19.899157 0.003084
2459650.732772 19.898311 0.003081
2459651.225839 19.899862 0.003086
2459651.729432 19.899202 0.003084
2459652.222500 19.903940 0.003097
2459652.715567 19.899569 0.003085
2459653.219160 19.898715 0.003083
2459653.712227 19.900762 0.003088
2459654.205294 19.900627 0.003088
2459654.708888 19.899817 0.003086
2459655.201955 19.898281 0.003081
2459655.695022 19.898266 0.003081
2459656.198616 19.897338 0.003079
2459656.691683 19.900949 0.003089
2459657.184750 19.892800 0.003066
2459657.688344 19.899292 0.003084
2459658.181411 19.896224 0.003076
2459658.674478 19.900612 0.003088
2459659.178071 19.899967 0.003086
2459659.671138 19.900446 0.003088
2459660.164206 19.901399 0.003090
2459660.667799 19.899292 0.003084
2459661.160866 19.899539 0.003085
2459661.653933 19.897982 0.003081
2459662.157527 19.896150 0.003075
2459662.650594 19.904075 0.003098
2459663.143661 19.899629 0.003085
2459663.647255 19.903180 0.003095
2459664.140322 19.897637 0.003080
2459664.633389 19.894962 0.003072
2459665.136982 19.898768 0.003083
2459665.630050 19.899967 0.003086
2459666.123117 19.895171 0.003073
2459666.626710 19.899599 0.003085
2459667.119777 19.894030 0.003069
2459667.612844 19.893769 0.003069
2459668.116438 19.898618 0.003082
2459668.609505 19.902661 0.003094
2459669.102572 19.897443 0.003079
2459669.606166 19.901767 0.003091
2459670.099233 19.904354 0.003099
2459670.592300 19.894627 0.003071
2459671.095894 19.898333 0.003082
2459671.588961 19.889691 0.003057
2459672.082028 19.903067 0.003095
2459672.585621 19.900717 0.003088
2459673.078688 19.896441 0.003076
2459673.571756 19.895507 0.003074
2459674.075349 19.894283 0.003070
2459674.568416 19.896904 0.003077
2459675.061483 19.900717 0.003088
2459675.565077 19.898820 0.003083
2459676.058144 19.896336 0.003076
2459676.551211 19.896987 0.003078
2459677.054805 19.902406 0.003093
2459677.547872 19.902338 0.003093
2459678.040939 19.897308 0.003079
2459678.544532 19.899217 0.003084
2459679.037600 19.899884 0.003086
2459679.530667 19.898423 0.003082
2459680.034260 19.899689 0.003085
2459680.527327 19.901339 0.003090
2459681.020394 19.898753 0.003083
2459681.523988 19.899045 0.003084
2459682.017055 19.898565 0.003082
2459682.510122 19.897996 0.003081
2459683.013716 19.895911 0.003075
2459683.506783 19.900702 0.003088
2459683.999850 19.899967 0.003086
2459684.503444 19.900019 0.003086
2459684.996511 19.898476 0.003082
2459685.489578 19.896277 0.003076
2459685.993171 19.901760 0.003091
2459686.486238 19.902135 0.003092
2459686.979306 19.896650 0.003077
2459687.482899 19.899584 0.003085
2459687.975966 19.897099 0.003078
2459688.469033 19.901407 0.003090
2459688.972627 19.896561 0.003076
2459689.465694 19.896934 0.003078
2459689.958761 19.897047 0.003078
2459690.462355 19.894276 0.003070
2459690.955422 19.896366 0.003076
2459691.448489 19.896262 0.003076
2459691.952082 19.903052 0.003095
2459692.445150 19.898633 0.003082
2459692.938217 19.897458 0.003079
2459693.441810 19.894149 0.003070
2459693.934877 19.899210 0.003084
2459807.647256 19.902421 0.003093
2459808.150849 19.898992 0.003083
2459808.643916 19.898453 0.003082
2459809.136983 19.897720 0.003080
2459809.640577 19.898034 0.003081
2459810.133644 19.900454 0.003088
2459810.626711 19.896344 0.003076
2459811.130305 19.897884 0.003080
2459811.623372 19.901227 0.003090
2459812.116439 19.899337 0.003084
2459812.620032 19.906117 0.003104
2459813.113100 19.899592 0.003085
2459813.606167 19.897982 0.003081
2459814.109760 19.905476 0.003102
2459814.602827 19.896590 0.003077
2459815.095894 19.897383 0.003079
2459815.599488 19.898573 0.003082
2459816.092555 19.896882 0.003077
2459816.585622 19.904843 0.003100
2459817.089216 19.900739 0.003088
2459817.582283 19.901602 0.003091
2459818.075350 19.902661 0.003094
2459818.578944 19.901054 0.003089
2459819.072011 19.893978 0.003069
2459819.565078 19.899599 0.003085
2459820.068671 19.902661 0.003094
2459820.561738 19.902083 0.003092
2459821.054806 19.899352 0.003084
2459821.558399 19.899419 0.003085
2459822.051466 19.902000 0.003092
2459822.544533 19.897974 0.003081
2459823.048127 19.895350 0.003073
2459823.541194 19.895851 0.003074
2459824.034261 19.897824 0.003080
2459824.537855 19.899899 0.003086
2459825.030922 19.900394 0.003087
2459825.523989 19.895007 0.003072
2459826.027582 19.899847 0.003086
2459826.520650 19.893784 0.003069
2459827.013717 19.896232 0.003076
2459827.517310 19.896082 0.003075
2459828.010377 19.897338 0.003079
2459828.503444 19.899599 0.003085
2459829.007038 19.902902 0.003095
2459829.500105 19.900792 0.003089
2459829.993172 19.896762 0.003077
2459830.496766 19.896605 0.003077
2459830.989833 19.896269 0.003076
2459831.482900 19.902376 0.003093
2459831.986494 19.894858 0.003072
2459832.479561 19.897922 0.003080
2459832.972628 19.906049 0.003104
2459833.476221 19.898977 0.003083
2459833.969288 19.897106 0.003078
2459834.462356 19.906652 0.003105
2459834.965949 19.899712 0.003085
2459835.459016 19.891721 0.003063
2459835.952083 19.902887 0.003094
2459836.455677 19.899967 0.003086
2459836.948744 19.901092 0.003089
2459837.441811 19.903504 0.003096
2459837.945405 19.897002 0.003078
2459838.438472 19.897166 0.003078
2459838.931539 19.901895 0.003092
2459839.435132 19.900304 0.003087
2459839.928200 19.901985 0.003092
2459840.421267 19.896351 0.003076
2459840.924860 19.904143 0.003098
2459841.417927 19.901580 0.003091
2459841.910994 19.906200 0.003104
2459842.414588 19.895395 0.003073
2459842.907655 19.896732 0.003077
2459843.400722 19.903037 0.003095
2459843.904316 19.894015 0.003069
2459844.397383 19.897854 0.003080
2459844.890450 19.898378 0.003082
2459845.394044 19.896254 0.003076
2459845.887111 19.898498 0.003082
2459846.380178 19.897697 0.003080
2459846.883771 19.900897 0.003089
2459847.376838 19.899135 0.003084
2459847.869906 19.896224 0.003076
2459848.373499 19.896934 0.003078
2459848.866566 19.897570 0.003079
2459849.359633 19.906215 0.003104
2459849.863227 19.897510 0.003079
2459850.356294 19.900942 0.003089
2459850.849361 19.902241 0.003093
2459851.352955 19.900139 0.003087
2459851.846022 19.896852 0.003077
2459852.339089 19.898446 0.003082
2459852.842682 19.898064 0.003081
2459853.335750 19.900987 0.003089
2459853.828817 19.896770 0.003077
2459854.332410 19.903842 0.003097
2459854.825477 19.896030 0.003075
2459855.318544 19.901775 0.003091
2459855.822138 19.897443 0.003079
2459856.315205 19.900694 0.003088
2459856.808272 19.897922 0.003080
2459857.311866 19.903301 0.003096
2459857.804933 19.906931 0.003106
2459858.298000 19.903534 0.003096
2459858.801594 19.899689 0.003085
2459859.294661 19.900064 0.003086
2459859.787728 19.897263 0.003078
2459860.291321 19.905521 0.003102
2459860.784388 19.900852 0.003089
2459861.277456 19.898535 0.003082
2459861.781049 19.896815 0.003077
2459862.274116 19.898169 0.003081
2459862.767183 19.906124 0.003104
2459863.270777 19.903240 0.003095
2459863.763844 19.901745 0.003091
2459864.256911 19.901384 0.003090
2459864.760505 19.897765 0.003080
2459865.253572 19.895679 0.003074
2459865.746639 19.901069 0.003089
2459866.250232 19.899652 0.003085
2459866.743300 19.901512 0.003091
2459867.236367 19.894865 0.003072
2459867.739960 19.898161 0.003081
2459868.233027 19.899562 0.003085
2459868.726094 19.903797 0.003097
2459869.229688 19.903947 0.003098
2459869.722755 19.895657 0.003074
2459870.215822 19.900191 0.003087
2459870.719416 19.903707 0.003097
2459871.212483 19.903902 0.003097
2459871.705550 19.901827 0.003091
2459872.209144 19.901933 0.003092
2459872.702211 19.902496 0.003093
2459873.195278 19.901437 0.003090
2459873.698871 19.898206 0.003081
2459874.191938 19.895253 0.003073
2459874.685006 19.905303 0.003101
2459875.188599 19.905431 0.003102
2459875.681666 19.899284 0.003084
2459876.174733 19.898131 0.003081
2459876.678327 19.896680 0.003077
2459877.171394 19.898296 0.003081
2459877.664461 19.902609 0.003094
2459878.168055 19.899764 0.003086
2459878.661122 19.899105 0.003084
2459879.154189 19.902278 0.003093
2459987.411250 19.903451 0.003096
2459987.904317 19.901978 0.003092
2459988.407910 19.894336 0.003070
2459988.900977 19.898955 0.003083
2459989.394044 19.898970 0.003083
2459989.897638 19.898086 0.003081
2459990.390705 19.895866 0.003075
2459990.883772 19.899794 0.003086
2459991.387366 19.898842 0.003083
2459991.880433 19.903075 0.003095
2459992.373500 19.900687 0.003088
2459992.877094 19.903180 0.003095
2459993.370161 19.895365 0.003073
2459993.863228 19.900762 0.003088
2459994.366821 19.898483 0.003082
2459994.859888 19.901339 0.003090
2459995.352956 19.901129 0.003089
2459995.856549 19.907618 0.003108
2459996.349616 19.900979 0.003089
2459996.842683 19.901888 0.003092
2459997.346277 19.896419 0.003076
2459997.839344 19.900964 0.003089
2459998.332411 19.893642 0.003068
2459998.836005 19.898798 0.003083
2459999.329072 19.898715 0.003083
2459999.822139 19.894888 0.003072
2460000.325732 19.894910 0.003072
2460000.818800 19.900401 0.003087
2460001.311867 19.898738 0.003083
2460001.815460 19.904030 0.003098
2460002.308527 19.896553 0.003076
2460002.801594 19.896807 0.003077
2460003.305188 19.901475 0.003090
2460003.798255 19.901272 0.003090
2460004.291322 19.901009 0.003089
2460004.794916 19.898146 0.003081
2460005.287983 19.900101 0.003087
2460005.781050 19.901317 0.003090
2460006.284644 19.900012 0.003086
2460006.777711 19.905235 0.003101
2460007.270778 19.899284 0.003084
2460007.774371 19.895059 0.003072
2460008.267438 19.903270 0.003096
2460008.760506 19.898019 0.003081
2460009.264099 19.899539 0.003085
2460009.757166 19.905205 0.003101
2460010.250233 19.902894 0.003094
2460010.753827 19.894932 0.003072
2460011.246894 19.892458 0.003065
2460011.739961 19.896538 0.003076
2460012.243555 19.895082 0.003072
2460012.736622 19.892197 0.003064
2460013.229689 19.902962 0.003095
2460013.733282 19.897952 0.003080
2460014.226350 19.898670 0.003082
2460014.719417 19.905371 0.003102
2460015.223010 19.903474 0.003096
2460015.716077 19.899974 0.003086
2460016.209144 19.899060 0.003084
2460016.712738 19.898895 0.003083
2460017.205805 19.897832 0.003080
2460017.698872 19.900364 0.003087
2460018.202466 19.903391 0.003096
2460018.695533 19.902902 0.003095
2460019.188600 19.901287 0.003090
2460019.692194 19.898947 0.003083
2460020.185261 19.899614 0.003085
2460020.678328 19.899629 0.003085
2460021.181921 19.899592 0.003085
2460021.674988 19.899832 0.003086
2460022.168056 19.900882 0.003089
2460022.671649 19.897151 0.003078
2460023.164716 19.903639 0.003097
2460023.657783 19.904648 0.003099
2460024.161377 19.897226 0.003078
2460024.654444 19.901077 0.003089
2460025.147511 19.900889 0.003089
2460025.651105 19.897488 0.003079
2460026.144172 19.899599 0.003085
2460026.637239 19.902894 0.003094
2460027.140832 19.904203 0.003098
2460027.633900 19.903165 0.003095
2460028.126967 19.898850 0.003083
2460028.630560 19.902616 0.003094
2460029.123627 19.898813 0.003083
2460029.616694 19.897323 0.003079
2460030.120288 19.898318 0.003081
2460030.613355 19.898805 0.003083
2460031.106422 19.899599 0.003085
2460031.610016 19.895739 0.003074
2460032.103083 19.903060 0.003095
2460032.596150 19.898985 0.003083
2460033.099744 19.897577 0.003079
2460033.592811 19.900934 0.003089
2460034.085878 19.893247 0.003067
2460034.589471 19.904587 0.003099
2460035.082538 19.899015 0.003083
2460035.575606 19.897301 0.003079
2460036.079199 19.900566 0.003088
2460036.572266 19.900251 0.003087
2460037.065333 19.895336 0.003073
2460037.568927 19.902789 0.003094
2460038.061994 19.898506 0.003082
2460038.555061 19.897570 0.003079
2460039.058655 19.894000 0.003069
2460039.551722 19.896897 0.003077
2460040.044789 19.897622 0.003080
2460040.548382 19.904316 0.003099
2460041.041450 19.899892 0.003086
2460041.534517 19.898813 0.003083
2460042.038110 19.901760 0.003091
2460042.531177 19.897331 0.003079
2460043.024244 19.898655 0.003082
2460043.527838 19.903301 0.003096
2460044.020905 19.901610 0.003091
2460044.513972 19.890538 0.003059
2460045.017566 19.897772 0.003080
2460045.510633 19.896381 0.003076
2460046.003700 19.900529 0.003088
2460046.507294 19.903180 0.003095
2460047.000361 19.897869 0.003080
2460047.493428 19.894962 0.003072
2460047.997021 19.903481 0.003096
2460048.490088 19.898872 0.003083
2460048.983156 19.896740 0.003077
2460049.486749 19.895007 0.003072
2460049.979816 19.900874 0.003089
2460050.472883 19.900889 0.003089
2460050.976477 19.891460 0.003062
2460051.469544 19.898565 0.003082
2460051.962611 19.894597 0.003071
2460052.466205 19.895933 0.003075
2460052.959272 19.897735 0.003080
2460053.452339 19.898064 0.003081
2460053.955932 19.896120 0.003075
2460054.449000 19.900927 0.003089
2460054.942067 19.898962 0.003083
2460055.445660 19.897503 0.003079
2460055.938727 19.904806 0.003100
2460056.431794 19.901369 0.003090
2460056.935388 19.899255 0.003084
2460057.428455 19.901955 0.003092
2460057.921522 19.898678 0.003083
2460058.425116 19.901827 0.003091
2460058.918183 19.898266 0.003081
