2458346.727899 21.298948 0.005121
2458347.220966 21.298712 0.005120
2458347.714033 21.294514 0.005100
2458348.217627 21.297168 0.005112
2458348.710694 21.290012 0.005079
2458349.203761 21.293317 0.005094
2458349.707355 21.294022 0.005097
2458350.200422 21.289544 0.005076
2458350.693489 21.293488 0.005095
2458351.197082 21.299786 0.005125
2458351.690150 21.295048 0.005102
2458352.183217 21.301355 0.005132
2458352.686810 21.286632 0.005063
2458353.179877 21.290864 0.005083
2458353.672944 21.298433 0.005118
2458354.176538 21.299206 0.005122
2458354.669605 21.298090 0.005117
2458355.162672 21.293808 0.005096
2458355.666266 21.288459 0.005071
2458356.159333 21.291695 0.005087
2458356.652400 21.297768 0.005115
2458357.155994 21.300280 0.005127
2458357.649061 21.288374 0.005071
2458358.142128 21.296825 0.005111
2458358.645721 21.295840 0.005106
2458359.138788 21.289118 0.005075
2458359.631856 21.292890 0.005092
2458360.135449 21.291418 0.005085
2458360.628516 21.285084 0.005056
2458361.121583 21.294535 0.005100
2458361.625177 21.288714 0.005073
2458362.118244 21.290438 0.005081
2458362.611311 21.299099 0.005121
2458363.114905 21.293402 0.005095
2458363.607972 21.300216 0.005127
2458364.101039 21.301721 0.005134
2458364.604632 21.294727 0.005101
2458365.097700 21.290757 0.005082
2458365.590767 21.301248 0.005132
2458366.094360 21.300216 0.005127
2458366.587427 21.291567 0.005086
2458367.080494 21.294770 0.005101
2458367.584088 21.296804 0.005111
2458368.077155 21.299099 0.005121
2458368.570222 21.294492 0.005100
2458369.073816 21.291226 0.005084
2458369.566883 21.288693 0.005073
2458370.059950 21.296868 0.005111
2458370.563544 21.291525 0.005086
2458371.056611 21.291610 0.005086
2458371.549678 21.287248 0.005066
2458372.053271 21.296418 0.005109
2458372.546338 21.290992 0.005083
2458373.039406 21.294834 0.005101
2458373.542999 21.299335 0.005122
2458374.036066 21.294214 0.005098
2458374.529133 21.296761 0.005110
2458375.032727 21.295412 0.005104
2458375.525794 21.295412 0.005104
2458376.018861 21.302152 0.005136
2458376.522455 21.299399 0.005123
2458377.015522 21.289458 0.005076
2458377.508589 21.292783 0.005092
2458378.012182 21.300430 0.005128
2458378.505250 21.299206 0.005122
2458378.998317 21.302087 0.005135
2458379.501910 21.296225 0.005108
2458379.994977 21.289714 0.005077
2458380.488044 21.301312 0.005132
2458380.991638 21.287651 0.005068
2458381.484705 21.295754 0.005106
2458381.977772 21.298304 0.005118
2458382.481366 21.298991 0.005121
2458382.974433 21.298755 0.005120
2458383.467500 21.295712 0.005105
2458383.971094 21.300366 0.005127
2458384.464161 21.294727 0.005101
2458384.957228 21.295583 0.005105
2458385.460821 21.283051 0.005046
2458385.953888 21.295476 0.005104
2458386.446956 21.288459 0.005071
2458386.950549 21.305818 0.005153
2458387.443616 21.290204 0.005080
2458387.936683 21.292741 0.005091
2458388.440277 21.294172 0.005098
2458388.933344 21.299013 0.005121
2458389.426411 21.293830 0.005097
2458389.930005 21.293082 0.005093
2458390.423072 21.289969 0.005078
2458390.916139 21.297833 0.005115
2458391.419732 21.287736 0.005068
2458391.912800 21.293104 0.005093
2458392.405867 21.292228 0.005089
2458392.909460 21.297875 0.005116
2458393.402527 21.293082 0.005093
2458393.895594 21.299571 0.005124
2458394.399188 21.292591 0.005091
2458394.892255 21.298927 0.005121
2458395.385322 21.306618 0.005157
2458395.888916 21.295776 0.005106
2458396.381983 21.292399 0.005090
2458396.875050 21.295883 0.005106
2458397.378644 21.295198 0.005103
2458397.871711 21.298219 0.005117
2458398.364778 21.291738 0.005087
2458398.868371 21.295861 0.005106
2458399.361438 21.295091 0.005103
2458399.854506 21.297833 0.005115
2458400.358099 21.295177 0.005103
2458400.851166 21.295626 0.005105
2458401.344233 21.295498 0.005104
2458401.847827 21.301076 0.005131
2458402.340894 21.296697 0.005110
2458402.833961 21.289629 0.005077
2458403.337555 21.291375 0.005085
2458403.830622 21.293830 0.005097
2458404.323689 21.294621 0.005100
2458404.827282 21.294257 0.005099
2458405.320350 21.295006 0.005102
2458405.813417 21.301527 0.005133
2458406.317010 21.293766 0.005096
2458406.810077 21.296118 0.005107
2458407.303144 21.289288 0.005075
2458407.806738 21.285190 0.005056
2458408.299805 21.292677 0.005091
2458408.792872 21.299034 0.005121
2458409.296466 21.293467 0.005095
2458409.789533 21.299227 0.005122
2458410.282600 21.291098 0.005084
2458410.786194 21.300216 0.005127
2458411.279261 21.292101 0.005088
2458411.772328 21.297318 0.005113
2458412.275921 21.287609 0.005067
2458412.768988 21.295904 0.005106
2458413.262056 21.293830 0.005097
2458413.765649 21.288969 0.005074
2458414.258716 21.294749 0.005101
2458414.751783 21.293040 0.005093
2458415.255377 21.302044 0.005135
2458415.748444 21.290012 0.005079
2458416.241511 21.286802 0.005064
2458416.745105 21.292613 0.005091
2458417.238172 21.303724 0.005143
2458417.731239 21.300581 0.005128
2458418.234832 21.292677 0.005091
2458526.481367 21.289906 0.005078
2458526.984960 21.296075 0.005107
2458527.478027 21.290885 0.005083
2458527.971094 21.291567 0.005086
2458528.474688 21.293872 0.005097
2458528.967755 21.292570 0.005091
2458529.460822 21.294621 0.005100
2458529.964416 21.294236 0.005098
2458530.457483 21.281254 0.005038
2458530.950550 21.285105 0.005056
2458531.454144 21.298712 0.005120
2458531.947211 21.293915 0.005097
2458532.440278 21.293894 0.005097
2458532.943871 21.293766 0.005096
2458533.436938 21.289373 0.005076
2458533.930006 21.287672 0.005068
2458534.433599 21.293232 0.005094
2458534.926666 21.289118 0.005075
2458535.419733 21.300624 0.005129
2458535.923327 21.289544 0.005076
2458536.416394 21.294514 0.005100
2458536.909461 21.301097 0.005131
2458537.413055 21.296611 0.005110
2458537.906122 21.291354 0.005085
2458538.399189 21.295797 0.005106
2458538.902782 21.297339 0.005113
2458539.395850 21.286632 0.005063
2458539.888917 21.294642 0.005100
2458540.392510 21.299163 0.005122
2458540.885577 21.289118 0.005075
2458541.378644 21.295990 0.005107
2458541.882238 21.292655 0.005091
2458542.375305 21.298347 0.005118
2458542.868372 21.292719 0.005091
2458543.371966 21.301248 0.005132
2458543.865033 21.288501 0.005072
2458544.358100 21.296804 0.005111
2458544.861694 21.287269 0.005066
2458545.354761 21.291418 0.005085
2458545.847828 21.291056 0.005084
2458546.351421 21.299893 0.005125
2458546.844488 21.292677 0.005091
2458547.337556 21.288842 0.005073
2458547.841149 21.294514 0.005100
2458548.334216 21.293531 0.005095
2458548.827283 21.290566 0.005081
2458549.330877 21.284914 0.005055
2458549.823944 21.289608 0.005077
2458550.317011 21.299013 0.005121
2458550.820605 21.290928 0.005083
2458551.313672 21.288990 0.005074
2458551.806739 21.294407 0.005099
2458552.310332 21.292783 0.005092
2458552.803400 21.297575 0.005114
2458553.296467 21.292250 0.005089
2458553.800060 21.292101 0.005088
2458554.293127 21.297940 0.005116
2458554.786194 21.294642 0.005100
2458555.289788 21.302733 0.005139
2458555.782855 21.303013 0.005140
2458556.275922 21.299507 0.005123
2458556.779516 21.295947 0.005107
2458557.272583 21.289565 0.005077
2458557.765650 21.291781 0.005087
2458558.269244 21.295990 0.005107
2458558.762311 21.299507 0.005123
2458559.255378 21.282670 0.005044
2458559.758971 21.294685 0.005101
2458560.252038 21.295712 0.005105
2458560.745106 21.290608 0.005081
2458561.248699 21.298197 0.005117
2458561.741766 21.296183 0.005108
2458562.234833 21.294214 0.005098
2458562.738427 21.293851 0.005097
2458563.231494 21.294578 0.005100
2458563.724561 21.285041 0.005055
2458564.228155 21.302582 0.005138
2458564.721222 21.293467 0.005095
2458565.214289 21.298970 0.005121
2458565.717882 21.300968 0.005130
2458566.210950 21.309952 0.005173
2458566.704017 21.296268 0.005108
2458567.207610 21.295070 0.005102
2458567.700677 21.298927 0.005121
2458568.193744 21.303035 0.005140
2458568.697338 21.300731 0.005129
2458569.190405 21.304479 0.005147
2458569.683472 21.293659 0.005096
2458570.187066 21.295241 0.005103
2458570.680133 21.287927 0.005069
2458571.173200 21.296932 0.005111
2458571.676794 21.301097 0.005131
2458572.169861 21.293040 0.005093
2458572.662928 21.290693 0.005082
2458573.166521 21.288990 0.005074
2458573.659588 21.297404 0.005113
2458574.152656 21.294001 0.005097
2458574.656249 21.290140 0.005079
2458575.149316 21.300044 0.005126
2458575.642383 21.292549 0.005091
2458576.145977 21.300731 0.005129
2458576.639044 21.294257 0.005099
2458577.132111 21.291226 0.005084
2458577.635705 21.295840 0.005106
2458578.128772 21.291695 0.005087
2458578.621839 21.299206 0.005122
2458579.125432 21.288820 0.005073
2458579.618500 21.297940 0.005116
2458580.111567 21.297554 0.005114
2458580.615160 21.284406 0.005053
2458581.108227 21.294685 0.005101
2458581.601294 21.300323 0.005127
2458582.104888 21.291610 0.005086
2458582.597955 21.296482 0.005109
2458583.091022 21.289608 0.005077
2458583.594616 21.290907 0.005083
2458584.087683 21.292975 0.005093
2458584.580750 21.288416 0.005071
2458585.084344 21.300602 0.005128
2458585.577411 21.290097 0.005079
2458586.070478 21.294300 0.005099
2458586.574071 21.299721 0.005124
2458587.067138 21.296589 0.005110
2458587.560206 21.291375 0.005085
2458588.063799 21.296782 0.005110
2458588.556866 21.283474 0.005048
2458589.049933 21.294407 0.005099
2458589.553527 21.291610 0.005086
2458590.046594 21.293061 0.005093
2458590.539661 21.296183 0.005108
2458591.043255 21.287842 0.005069
2458591.536322 21.299721 0.005124
2458592.029389 21.300044 0.005126
2458592.532982 21.283919 0.005050
2458593.026050 21.297554 0.005114
2458593.519117 21.288565 0.005072
2458594.022710 21.296954 0.005111
2458594.515777 21.287524 0.005067
2458595.008844 21.285889 0.005059
2458595.512438 21.289437 0.005076
2458596.005505 21.300861 0.005130
2458596.498572 21.294257 0.005099
2458597.002166 21.299034 0.005121
2458597.495233 21.301162 0.005131
2458597.988300 21.289288 0.005075
2458712.204272 21.290907 0.005083
2458712.697339 21.294065 0.005098
2458713.200932 21.295819 0.005106
2458713.694000 21.292783 0.005092
2458714.187067 21.293659 0.005096
2458714.690660 21.292911 0.005093
2458715.183727 21.295476 0.005105
2458715.676794 21.294043 0.005098
2458716.180388 21.290118 0.005080
2458716.673455 21.289076 0.005075
2458717.166522 21.299292 0.005123
2458717.670116 21.296011 0.005107
2458718.163183 21.291674 0.005087
2458718.656250 21.301915 0.005135
2458719.159844 21.286908 0.005065
2458719.652911 21.295455 0.005105
2458720.145978 21.296504 0.005110
2458720.649571 21.303681 0.005144
2458721.142638 21.300774 0.005130
2458721.635706 21.291311 0.005085
2458722.139299 21.291695 0.005087
2458722.632366 21.293958 0.005098
2458723.125433 21.286802 0.005064
2458723.629027 21.281318 0.005039
2458724.122094 21.295819 0.005107
2458724.615161 21.283664 0.005050
2458725.118755 21.298111 0.005117
2458725.611822 21.298777 0.005121
2458726.104889 21.289608 0.005078
2458726.608482 21.291013 0.005084
2458727.101550 21.301312 0.005133
2458727.594617 21.293018 0.005094
2458728.098210 21.296311 0.005109
2458728.591277 21.291908 0.005089
2458729.084344 21.294941 0.005103
2458729.587938 21.291290 0.005086
2458730.081005 21.299399 0.005124
2458730.574072 21.296204 0.005109
2458731.077666 21.297811 0.005117
2458731.570733 21.298176 0.005118
2458732.063800 21.291567 0.005087
2458732.567394 21.288990 0.005075
2458733.060461 21.288119 0.005071
2458733.553528 21.303552 0.005144
2458734.057121 21.293061 0.005095
2458734.550188 21.288884 0.005075
2458735.043256 21.289182 0.005077
2458735.546849 21.294086 0.005100
2458736.039916 21.294193 0.005100
2458736.532983 21.288927 0.005076
2458737.036577 21.297275 0.005115
2458737.529644 21.304868 0.005151
2458738.022711 21.285889 0.005062
2458738.526305 21.292591 0.005094
2458739.019372 21.294086 0.005101
2458739.512439 21.294578 0.005104
2458740.016032 21.298562 0.005123
2458740.509100 21.294193 0.005102
2458741.002167 21.298519 0.005123
2458741.505760 21.280684 0.005040
2458741.998827 21.300559 0.005133
2458742.491894 21.293616 0.005101
2458742.995488 21.290012 0.005084
2458743.488555 21.288778 0.005079
2458743.981622 21.288884 0.005080
2458744.485216 21.284448 0.005060
2458744.978283 21.291461 0.005093
2458745.471350 21.289565 0.005085
2458745.974944 21.285783 0.005068
2458746.468011 21.291546 0.005095
2458746.961078 21.291951 0.005098
2458747.464671 21.290821 0.005094
2458747.957738 21.285847 0.005071
2458748.450806 21.291184 0.005097
2458748.954399 21.282586 0.005058
2458749.447466 21.289608 0.005093
2458749.940533 21.281529 0.005056
2458750.444127 21.281803 0.005059
2458750.937194 21.285911 0.005080
2458751.430261 21.289756 0.005100
2458751.933855 21.289139 0.005100
2458752.426922 21.286186 0.005088
2458752.919989 21.275819 0.005043
2458753.423582 21.283855 0.005083
2458753.916650 21.278933 0.005064
2458754.409717 21.264156 0.004999
2458754.913310 21.283876 0.005095
2458755.406377 21.273384 0.005051
2458755.899444 21.277333 0.005075
2458756.403038 21.274895 0.005070
2458756.896105 21.271687 0.005062
2458757.389172 21.258371 0.005008
2458757.892766 21.255789 0.005005
2458758.385833 21.251547 0.004994
2458758.878900 21.253563 0.005014
2458759.382494 21.239957 0.004963
2458759.875561 21.244521 0.004996
2458760.368628 21.222051 0.004907
2458760.872221 21.216625 0.004897
2458761.365288 21.210355 0.004884
2458761.858356 21.215849 0.004925
2458762.361949 21.203138 0.004884
2458762.855016 21.197316 0.004874
2458763.348083 21.193706 0.004874
2458763.851677 21.187663 0.004862
2458764.344744 21.188710 0.004880
2458764.837811 21.173132 0.004822
2458765.341405 21.167431 0.004805
2458765.834472 21.172024 0.004831
2458766.327539 21.165170 0.004803
2458766.831132 21.170135 0.004823
2458767.324200 21.170268 0.004818
2458767.817267 21.171451 0.004815
2458768.320860 21.182521 0.004853
2458768.813927 21.187295 0.004861
2458769.306994 21.183467 0.004829
2458769.810588 21.200292 0.004888
2458770.303655 21.206721 0.004901
2458770.796722 21.209841 0.004899
2458771.300316 21.216128 0.004911
2458771.793383 21.225697 0.004939
2458772.286450 21.233592 0.004961
2458772.790044 21.242645 0.004988
2458773.283111 21.250418 0.005012
2458773.776178 21.252884 0.005012
2458774.279771 21.248920 0.004983
2458774.772838 21.259157 0.005020
2458775.265906 21.259219 0.005012
2458775.769499 21.268885 0.005049
2458776.262566 21.264717 0.005023
2458776.755633 21.266862 0.005027
2458777.259227 21.274832 0.005058
2458777.752294 21.284617 0.005099
2458778.245361 21.272189 0.005037
2458778.748955 21.280600 0.005072
2458779.242022 21.279355 0.005062
2458779.735089 21.281360 0.005069
2458780.238682 21.278154 0.005051
2458780.731750 21.281064 0.005062
2458781.224817 21.282205 0.005065
2458781.728410 21.284829 0.005075
2458782.221477 21.285126 0.005075
2458782.714544 21.289735 0.005095
2458783.218138 21.297104 0.005128
2458783.711205 21.293317 0.005109
2459622.427944 21.297125 0.005112
2459622.921011 21.288927 0.005074
2459623.424605 21.290843 0.005083
2459623.917672 21.296140 0.005107
2459624.410739 21.292527 0.005090
2459624.914332 21.288799 0.005073
2459625.407400 21.295498 0.005104
2459625.900467 21.291333 0.005085
2459626.404060 21.291738 0.005087
2459626.897127 21.290438 0.005081
2459627.390194 21.285720 0.005059
2459627.893788 21.304544 0.005147
2459628.386855 21.293018 0.005093
2459628.879922 21.298090 0.005117
2459629.383516 21.300947 0.005130
2459629.876583 21.295006 0.005102
2459630.369650 21.294086 0.005098
2459630.873244 21.290374 0.005080
2459631.366311 21.292890 0.005092
2459631.859378 21.298884 0.005120
2459632.362971 21.296547 0.005109
2459632.856038 21.285423 0.005057
2459633.349106 21.295070 0.005102
2459633.852699 21.292314 0.005089
2459634.345766 21.304393 0.005146
2459634.838833 21.287927 0.005069
2459635.342427 21.284808 0.005054
2459635.835494 21.286802 0.005064
2459636.328561 21.297254 0.005113
2459636.832155 21.295540 0.005105
2459637.325222 21.294770 0.005101
2459637.818289 21.300882 0.005130
2459638.321882 21.303983 0.005144
2459638.814950 21.290907 0.005083
2459639.308017 21.293338 0.005094
2459639.811610 21.300452 0.005128
2459640.304677 21.291120 0.005084
2459640.797744 21.301613 0.005133
2459641.301338 21.295006 0.005102
2459641.794405 21.300473 0.005128
2459642.287472 21.298347 0.005118
2459642.791066 21.288012 0.005069
2459643.284133 21.299850 0.005125
2459643.777200 21.294984 0.005102
2459644.280794 21.284257 0.005052
2459644.773861 21.302561 0.005138
2459645.266928 21.290715 0.005082
2459645.770521 21.298905 0.005120
2459646.263588 21.289501 0.005076
2459646.756656 21.290672 0.005082
2459647.260249 21.295048 0.005102
2459647.753316 21.290907 0.005083
2459648.246383 21.294385 0.005099
2459648.749977 21.283559 0.005049
2459649.243044 21.290757 0.005082
2459649.736111 21.295904 0.005106
2459650.239705 21.291034 0.005083
2459650.732772 21.297940 0.005116
2459651.225839 21.298734 0.005120
2459651.729432 21.297833 0.005115
2459652.222500 21.292058 0.005088
2459652.715567 21.300818 0.005129
2459653.219160 21.287099 0.005065
2459653.712227 21.294685 0.005101
2459654.205294 21.292954 0.005092
2459654.708888 21.302970 0.005140
2459655.201955 21.299163 0.005122
2459655.695022 21.294984 0.005102
2459656.198616 21.304868 0.005149
2459656.691683 21.290182 0.005079
2459657.184750 21.303660 0.005143
2459657.688344 21.294428 0.005099
2459658.181411 21.300753 0.005129
2459658.674478 21.291482 0.005086
2459659.178071 21.290651 0.005082
2459659.671138 21.297425 0.005113
2459660.164206 21.300452 0.005128
2459660.667799 21.298540 0.005119
2459661.160866 21.295391 0.005104
2459661.653933 21.302776 0.005139
2459662.157527 21.290970 0.005083
2459662.650594 21.301872 0.005134
2459663.143661 21.297597 0.005114
2459663.647255 21.294963 0.005102
2459664.140322 21.291354 0.005085
2459664.633389 21.291290 0.005085
2459665.136982 21.293040 0.005093
2459665.630050 21.295134 0.005103
2459666.123117 21.291482 0.005086
2459666.626710 21.294813 0.005101
2459667.119777 21.293402 0.005095
2459667.612844 21.292420 0.005090
2459668.116438 21.282332 0.005043
2459668.609505 21.289586 0.005077
2459669.102572 21.289373 0.005076
2459669.606166 21.293445 0.005095
2459670.099233 21.287396 0.005066
2459670.592300 21.299958 0.005125
2459671.095894 21.290182 0.005079
2459671.588961 21.295433 0.005104
2459672.082028 21.291994 0.005088
2459672.585621 21.294899 0.005102
2459673.078688 21.301635 0.005133
2459673.571756 21.295198 0.005103
2459674.075349 21.290843 0.005083
2459674.568416 21.295241 0.005103
2459675.061483 21.286780 0.005064
2459675.565077 21.300667 0.005129
2459676.058144 21.296161 0.005108
2459676.551211 21.296589 0.005110
2459677.054805 21.285317 0.005057
2459677.547872 21.299356 0.005123
2459678.040939 21.293189 0.005094
2459678.544532 21.291930 0.005088
2459679.037600 21.300559 0.005128
2459679.530667 21.293659 0.005096
2459680.034260 21.291333 0.005085
2459680.527327 21.294300 0.005099
2459681.020394 21.289969 0.005078
2459681.523988 21.310256 0.005174
2459682.017055 21.291930 0.005088
2459682.510122 21.290417 0.005081
2459683.013716 21.299184 0.005122
2459683.506783 21.290715 0.005082
2459683.999850 21.292036 0.005088
2459684.503444 21.294043 0.005098
2459684.996511 21.296804 0.005111
2459685.489578 21.295284 0.005103
2459685.993171 21.295990 0.005107
2459686.486238 21.296418 0.005109
2459686.979306 21.291823 0.005087
2459687.482899 21.302216 0.005136
2459687.975966 21.291013 0.005083
2459688.469033 21.292335 0.005090
2459688.972627 21.296225 0.005108
2459689.465694 21.297897 0.005116
2459689.958761 21.295861 0.005106
2459690.462355 21.295498 0.005104
2459690.955422 21.284935 0.005055
2459691.448489 21.296675 0.005110
2459691.952082 21.292463 0.005090
2459692.445150 21.298691 0.005119
2459692.938217 21.299141 0.005122
2459693.441810 21.287694 0.005068
2459693.934877 21.289735 0.005077
2459807.647256 21.285359 0.005057
2459808.150849 21.297489 0.005114
2459808.643916 21.288395 0.005071
2459809.136983 21.298540 0.005119
2459809.640577 21.285656 0.005058
2459810.133644 21.297039 0.005112
2459810.626711 21.300645 0.005129
2459811.130305 21.291759 0.005087
2459811.623372 21.293125 0.005093
2459812.116439 21.301420 0.005132
2459812.620032 21.298433 0.005118
2459813.113100 21.293766 0.005096
2459813.606167 21.298154 0.005117
2459814.109760 21.298304 0.005118
2459814.602827 21.290267 0.005080
2459815.095894 21.300990 0.005130
2459815.599488 21.300345 0.005127
2459816.092555 21.292762 0.005092
2459816.585622 21.289778 0.005078
2459817.089216 21.293274 0.005094
2459817.582283 21.286993 0.005065
2459818.075350 21.289288 0.005075
2459818.578944 21.286186 0.005061
2459819.072011 21.288119 0.005070
2459819.565078 21.287694 0.005068
2459820.068671 21.302388 0.005137
2459820.561738 21.290374 0.005080
2459821.054806 21.290544 0.005081
2459821.558399 21.294343 0.005099
2459822.051466 21.293872 0.005097
2459822.544533 21.296268 0.005108
2459823.048127 21.287736 0.005068
2459823.541194 21.285423 0.005057
2459824.034261 21.298476 0.005118
2459824.537855 21.289608 0.005077
2459825.030922 21.293232 0.005094
2459825.523989 21.291439 0.005085
2459826.027582 21.296482 0.005109
2459826.520650 21.289820 0.005078
2459827.013717 21.290715 0.005082
2459827.517310 21.292036 0.005088
2459828.010377 21.302345 0.005137
2459828.503444 21.296268 0.005108
2459829.007038 21.300839 0.005130
2459829.500105 21.297790 0.005115
2459829.993172 21.307634 0.005162
2459830.496766 21.295412 0.005104
2459830.989833 21.289076 0.005074
2459831.482900 21.286738 0.005063
2459831.986494 21.294642 0.005100
2459832.479561 21.290055 0.005079
2459832.972628 21.296589 0.005110
2459833.476221 21.293702 0.005096
2459833.969288 21.294001 0.005097
2459834.462356 21.297790 0.005115
2459834.965949 21.293381 0.005094
2459835.459016 21.306142 0.005155
2459835.952083 21.291397 0.005085
2459836.455677 21.298712 0.005120
2459836.948744 21.294727 0.005101
2459837.441811 21.292762 0.005092
2459837.945405 21.297661 0.005115
2459838.438472 21.290246 0.005080
2459838.931539 21.296889 0.005111
2459839.435132 21.296161 0.005108
2459839.928200 21.293787 0.005096
2459840.421267 21.293616 0.005096
2459840.924860 21.297704 0.005115
2459841.417927 21.290757 0.005082
2459841.910994 21.287757 0.005068
2459842.414588 21.289778 0.005078
2459842.907655 21.297725 0.005115
2459843.400722 21.293381 0.005094
2459843.904316 21.298026 0.005116
2459844.397383 21.295134 0.005103
2459844.890450 21.294407 0.005099
2459845.394044 21.294642 0.005100
2459845.887111 21.295048 0.005102
2459846.380178 21.296932 0.005111
2459846.883771 21.301226 0.005131
2459847.376838 21.298948 0.005121
2459847.869906 21.294129 0.005098
2459848.373499 21.291845 0.005087
2459848.866566 21.289799 0.005078
2459849.359633 21.295990 0.005107
2459849.863227 21.294236 0.005098
2459850.356294 21.296332 0.005108
2459850.849361 21.301807 0.005134
2459851.352955 21.295006 0.005102
2459851.846022 21.301441 0.005132
2459852.339089 21.287099 0.005065
2459852.842682 21.295048 0.005102
2459853.335750 21.294001 0.005097
2459853.828817 21.292613 0.005091
2459854.332410 21.295433 0.005104
2459854.825477 21.296675 0.005110
2459855.318544 21.297768 0.005115
2459855.822138 21.293509 0.005095
2459856.315205 21.298605 0.005119
2459856.808272 21.286950 0.005064
2459857.311866 21.300345 0.005127
2459857.804933 21.289203 0.005075
2459858.298000 21.295241 0.005103
2459858.801594 21.295219 0.005103
2459859.294661 21.295926 0.005106
2459859.787728 21.289884 0.005078
2459860.291321 21.293018 0.005093
2459860.784388 21.302647 0.005138
2459861.277456 21.288438 0.005071
2459861.781049 21.296525 0.005109
2459862.274116 21.295990 0.005107
2459862.767183 21.295690 0.005105
2459863.270777 21.288267 0.005071
2459863.763844 21.291653 0.005086
2459864.256911 21.308413 0.005165
2459864.760505 21.287864 0.005069
2459865.253572 21.293937 0.005097
2459865.746639 21.298133 0.005117
2459866.250232 21.291205 0.005084
2459866.743300 21.307353 0.005160
2459867.236367 21.295797 0.005106
2459867.739960 21.287566 0.005067
2459868.233027 21.301893 0.005135
2459868.726094 21.295498 0.005104
2459869.229688 21.296225 0.005108
2459869.722755 21.283114 0.005047
2459870.215822 21.300774 0.005129
2459870.719416 21.298026 0.005116
2459871.212483 21.287694 0.005068
2459871.705550 21.296547 0.005109
2459872.209144 21.294193 0.005098
2459872.702211 21.296118 0.005107
2459873.195278 21.297275 0.005113
2459873.698871 21.287609 0.005067
2459874.191938 21.300044 0.005126
2459874.685006 21.291866 0.005087
2459875.188599 21.294492 0.005100
2459875.681666 21.299421 0.005123
2459876.174733 21.285656 0.005058
2459876.678327 21.294621 0.005100
2459877.171394 21.290438 0.005081
2459877.664461 21.297254 0.005113
2459878.168055 21.302410 0.005137
2459878.661122 21.300774 0.005129
2459879.154189 21.293338 0.005094
2459987.411250 21.292079 0.005088
2459987.904317 21.294556 0.005100
2459988.407910 21.294129 0.005098
2459988.900977 21.297768 0.005115
2459989.394044 21.287927 0.005069
2459989.897638 21.290608 0.005081
2459990.390705 21.291802 0.005087
2459990.883772 21.287672 0.005068
2459991.387366 21.291887 0.005087
2459991.880433 21.291908 0.005088
2459992.373500 21.299592 0.005124
2459992.877094 21.287864 0.005069
2459993.370161 21.295177 0.005103
2459993.863228 21.300001 0.005126
2459994.366821 21.289522 0.005076
2459994.859888 21.283347 0.005048
2459995.352956 21.302302 0.005137
2459995.856549 21.295412 0.005104
2459996.349616 21.296397 0.005109
2459996.842683 21.287375 0.005066
2459997.346277 21.288097 0.005070
2459997.839344 21.287864 0.005069
2459998.332411 21.302755 0.005139
2459998.836005 21.295840 0.005106
2459999.329072 21.297039 0.005112
2459999.822139 21.293296 0.005094
2460000.325732 21.298777 0.005120
2460000.818800 21.294107 0.005098
2460001.311867 21.292164 0.005089
2460001.815460 21.288799 0.005073
2460002.308527 21.296568 0.005109
2460002.801594 21.288331 0.005071
2460003.305188 21.297768 0.005115
2460003.798255 21.289756 0.005077
2460004.291322 21.293445 0.005095
2460004.794916 21.289842 0.005078
2460005.287983 21.296525 0.005109
2460005.781050 21.303897 0.005144
2460006.284644 21.298734 0.005120
2460006.777711 21.305775 0.005153
2460007.270778 21.292549 0.005091
2460007.774371 21.299592 0.005124
2460008.267438 21.287651 0.005068
2460008.760506 21.294492 0.005100
2460009.264099 21.288395 0.005071
2460009.757166 21.287014 0.005065
2460010.250233 21.300065 0.005126
2460010.753827 21.294471 0.005100
2460011.246894 21.295091 0.005103
2460011.739961 21.293338 0.005094
2460012.243555 21.305278 0.005151
2460012.736622 21.300280 0.005127
2460013.229689 21.297275 0.005113
2460013.733282 21.295155 0.005103
2460014.226350 21.289948 0.005078
2460014.719417 21.292164 0.005089
2460015.223010 21.300044 0.005126
2460015.716077 21.288927 0.005074
2460016.209144 21.287927 0.005069
2460016.712738 21.289842 0.005078
2460017.205805 21.296589 0.005110
2460017.698872 21.289097 0.005074
2460018.202466 21.290779 0.005082
2460018.695533 21.295562 0.005105
2460019.188600 21.296118 0.005107
2460019.692194 21.295326 0.005104
2460020.185261 21.303530 0.005142
2460020.678328 21.300731 0.005129
2460021.181921 21.294471 0.005100
2460021.674988 21.295669 0.005105
2460022.168056 21.294535 0.005100
2460022.671649 21.299485 0.005123
2460023.164716 21.291333 0.005085
2460023.657783 21.304458 0.005147
2460024.161377 21.295027 0.005102
2460024.654444 21.300452 0.005128
2460025.147511 21.295754 0.005106
2460025.651105 21.298798 0.005120
2460026.144172 21.295326 0.005104
2460026.637239 21.301700 0.005134
2460027.140832 21.287736 0.005068
2460027.633900 21.296525 0.005109
2460028.126967 21.289650 0.005077
2460028.630560 21.294043 0.005098
2460029.123627 21.282755 0.005045
2460029.616694 21.284321 0.005052
2460030.120288 21.290992 0.005083
2460030.613355 21.289671 0.005077
2460031.106422 21.292933 0.005092
2460031.610016 21.292207 0.005089
2460032.103083 21.288076 0.005070
2460032.596150 21.308500 0.005166
2460033.099744 21.295990 0.005107
2460033.592811 21.298433 0.005118
2460034.085878 21.294792 0.005101
2460034.589471 21.293979 0.005097
2460035.082538 21.298991 0.005121
2460035.575606 21.290885 0.005083
2460036.079199 21.294599 0.005100
2460036.572266 21.290289 0.005080
2460037.065333 21.291546 0.005086
2460037.568927 21.283643 0.005049
2460038.061994 21.289565 0.005077
2460038.555061 21.282480 0.005044
2460039.058655 21.295348 0.005104
2460039.551722 21.293189 0.005094
2460040.044789 21.299141 0.005122
2460040.548382 21.300388 0.005127
2460041.041450 21.297489 0.005114
2460041.534517 21.292762 0.005092
2460042.038110 21.302324 0.005137
2460042.531177 21.298691 0.005119
2460043.024244 21.291610 0.005086
2460043.527838 21.296932 0.005111
2460044.020905 21.294877 0.005101
2460044.513972 21.295669 0.005105
2460045.017566 21.288565 0.005072
2460045.510633 21.289884 0.005078
2460046.003700 21.302065 0.005135
2460046.507294 21.294001 0.005097
2460047.000361 21.285508 0.005058
2460047.493428 21.295626 0.005105
2460047.997021 21.295027 0.005102
2460048.490088 21.297532 0.005114
2460048.983156 21.295904 0.005106
2460049.486749 21.294834 0.005101
2460049.979816 21.294984 0.005102
2460050.472883 21.291972 0.005088
2460050.976477 21.299850 0.005125
2460051.469544 21.297254 0.005113
2460051.962611 21.285508 0.005058
2460052.466205 21.302647 0.005138
2460052.959272 21.295540 0.005105
2460053.452339 21.293360 0.005094
2460053.955932 21.297297 0.005113
2460054.449000 21.290672 0.005082
2460054.942067 21.302216 0.005136
2460055.445660 21.292549 0.005091
2460055.938727 21.294749 0.005101
2460056.431794 21.297232 0.005113
2460056.935388 21.299893 0.005125
2460057.428455 21.292378 0.005090
2460057.921522 21.287821 0.005068
2460058.425116 21.291269 0.005085
2460058.918183 21.300774 0.005129
