2458346.727899 21.405318 0.005155
2458347.220966 21.406193 0.005159
2458347.714033 21.409525 0.005175
2458348.217627 21.408537 0.005170
2458348.710694 21.416463 0.005208
2458349.203761 21.405077 0.005154
2458349.707355 21.405318 0.005155
2458350.200422 21.407748 0.005166
2458350.693489 21.406631 0.005161
2458351.197082 21.409657 0.005175
2458351.690150 21.411678 0.005185
2458352.183217 21.411766 0.005185
2458352.686810 21.406784 0.005162
2458353.179877 21.400321 0.005131
2458353.672944 21.405930 0.005158
2458354.176538 21.403373 0.005145
2458354.669605 21.407748 0.005166
2458355.162672 21.405143 0.005154
2458355.666266 21.407353 0.005164
2458356.159333 21.410755 0.005181
2458356.652400 21.409810 0.005176
2458357.155994 21.409766 0.005176
2458357.649061 21.405011 0.005153
2458358.142128 21.403810 0.005148
2458358.645721 21.399037 0.005125
2458359.138788 21.403679 0.005147
2458359.631856 21.403897 0.005148
2458360.135449 21.410008 0.005177
2458360.628516 21.407857 0.005167
2458361.121583 21.405952 0.005158
2458361.625177 21.406302 0.005159
2458362.118244 21.406193 0.005159
2458362.611311 21.410074 0.005177
2458363.114905 21.410184 0.005178
2458363.607972 21.403176 0.005145
2458364.101039 21.400647 0.005133
2458364.604632 21.404159 0.005149
2458365.097700 21.410513 0.005179
2458365.590767 21.409832 0.005176
2458366.094360 21.416109 0.005206
2458366.587427 21.399255 0.005126
2458367.080494 21.399951 0.005129
2458367.584088 21.406806 0.005162
2458368.077155 21.412317 0.005188
2458368.570222 21.415072 0.005201
2458369.073816 21.408954 0.005172
2458369.566883 21.407112 0.005163
2458370.059950 21.405318 0.005155
2458370.563544 21.406237 0.005159
2458371.056611 21.409657 0.005175
2458371.549678 21.401018 0.005134
2458372.053271 21.416816 0.005210
2458372.546338 21.407638 0.005166
2458373.039406 21.408691 0.005171
2458373.542999 21.419206 0.005221
2458374.036066 21.400800 0.005133
2458374.529133 21.408866 0.005172
2458375.032727 21.411437 0.005184
2458375.525794 21.405427 0.005155
2458376.018861 21.401475 0.005136
2458376.522455 21.410821 0.005181
2458377.015522 21.416131 0.005206
2458377.508589 21.413175 0.005192
2458378.012182 21.413242 0.005192
2458378.505250 21.410425 0.005179
2458378.998317 21.406609 0.005161
2458379.501910 21.419693 0.005223
2458379.994977 21.387961 0.005073
2458380.488044 21.407332 0.005164
2458380.991638 21.418387 0.005217
2458381.484705 21.404290 0.005150
2458381.977772 21.403067 0.005144
2458382.481366 21.412691 0.005190
2458382.974433 21.411481 0.005184
2458383.467500 21.411085 0.005182
2458383.971094 21.409700 0.005176
2458384.464161 21.405996 0.005158
2458384.957228 21.406915 0.005162
2458385.460821 21.401061 0.005135
2458385.953888 21.413109 0.005192
2458386.446956 21.398581 0.005123
2458386.950549 21.402609 0.005142
2458387.443616 21.406806 0.005162
2458387.936683 21.404421 0.005150
2458388.440277 21.407332 0.005164
2458388.933344 21.410931 0.005181
2458389.426411 21.412581 0.005189
2458389.930005 21.410140 0.005178
2458390.423072 21.414079 0.005196
2458390.916139 21.403133 0.005144
2458391.419732 21.410821 0.005181
2458391.912800 21.401693 0.005138
2458392.405867 21.416816 0.005210
2458392.909460 21.414498 0.005198
2458393.402527 21.405908 0.005157
2458393.895594 21.409898 0.005176
2458394.399188 21.408559 0.005170
2458394.892255 21.406280 0.005159
2458395.385322 21.414520 0.005199
2458395.888916 21.409788 0.005176
2458396.381983 21.413528 0.005194
2458396.875050 21.407594 0.005166
2458397.378644 21.410579 0.005180
2458397.871711 21.407156 0.005163
2458398.364778 21.411503 0.005184
2458398.868371 21.406149 0.005159
2458399.361438 21.407616 0.005166
2458399.854506 21.404924 0.005153
2458400.358099 21.403591 0.005146
2458400.851166 21.407945 0.005167
2458401.344233 21.406828 0.005162
2458401.847827 21.406543 0.005161
2458402.340894 21.406784 0.005162
2458402.833961 21.405471 0.005155
2458403.337555 21.408077 0.005168
2458403.830622 21.406915 0.005162
2458404.323689 21.414564 0.005199
2458404.827282 21.402718 0.005142
2458405.320350 21.399276 0.005126
2458405.813417 21.399907 0.005129
2458406.317010 21.418431 0.005217
2458406.810077 21.410184 0.005178
2458407.303144 21.415049 0.005201
2458407.806738 21.410601 0.005180
2458408.299805 21.402544 0.005142
2458408.792872 21.407945 0.005167
2458409.296466 21.400125 0.005130
2458409.789533 21.405405 0.005155
2458410.282600 21.398363 0.005122
2458410.786194 21.417789 0.005214
2458411.279261 21.405121 0.005154
2458411.772328 21.408515 0.005170
2458412.275921 21.412515 0.005189
2458412.768988 21.408515 0.005170
2458413.262056 21.406521 0.005160
2458413.765649 21.403766 0.005147
2458414.258716 21.399994 0.005129
2458414.751783 21.403089 0.005144
2458415.255377 21.407222 0.005164
2458415.748444 21.400168 0.005130
2458416.241511 21.418874 0.005219
2458416.745105 21.402653 0.005142
2458417.238172 21.410381 0.005179
2458417.731239 21.406652 0.005161
2458418.234832 21.409613 0.005175
2458526.481367 21.409854 0.005176
2458526.984960 21.399973 0.005129
2458527.478027 21.405821 0.005157
2458527.971094 21.403897 0.005148
2458528.474688 21.409657 0.005175
2458528.967755 21.405471 0.005155
2458529.460822 21.413881 0.005195
2458529.964416 21.404487 0.005151
2458530.457483 21.411613 0.005185
2458530.950550 21.398363 0.005122
2458531.454144 21.405558 0.005156
2458531.947211 21.403089 0.005144
2458532.440278 21.407507 0.005165
2458532.943871 21.410711 0.005180
2458533.436938 21.410997 0.005182
2458533.930006 21.404552 0.005151
2458534.433599 21.421113 0.005230
2458534.926666 21.411371 0.005184
2458535.419733 21.398146 0.005121
2458535.923327 21.408735 0.005171
2458536.416394 21.407682 0.005166
2458536.909461 21.403504 0.005146
2458537.413055 21.410008 0.005177
2458537.906122 21.408669 0.005171
2458538.399189 21.413836 0.005195
2458538.902782 21.398016 0.005120
2458539.395850 21.417126 0.005211
2458539.888917 21.411195 0.005183
2458540.392510 21.406937 0.005162
2458540.885577 21.411810 0.005186
2458541.378644 21.406806 0.005162
2458541.882238 21.404487 0.005151
2458542.375305 21.413440 0.005193
2458542.868372 21.408164 0.005168
2458543.371966 21.402260 0.005140
2458543.865033 21.407836 0.005167
2458544.358100 21.407638 0.005166
2458544.861694 21.401715 0.005138
2458545.354761 21.406105 0.005158
2458545.847828 21.411678 0.005185
2458546.351421 21.406631 0.005161
2458546.844488 21.403373 0.005145
2458547.337556 21.405558 0.005156
2458547.841149 21.410403 0.005179
2458548.334216 21.404399 0.005150
2458548.827283 21.410601 0.005180
2458549.330877 21.402129 0.005140
2458549.823944 21.404159 0.005149
2458550.317011 21.405602 0.005156
2458550.820605 21.407441 0.005165
2458551.313672 21.403526 0.005146
2458551.806739 21.400343 0.005131
2458552.310332 21.405077 0.005154
2458552.803400 21.413352 0.005193
2458553.296467 21.406981 0.005163
2458553.800060 21.403067 0.005144
2458554.293127 21.400277 0.005131
2458554.786194 21.419450 0.005222
2458555.289788 21.405143 0.005154
2458555.782855 21.410293 0.005178
2458556.275922 21.409876 0.005176
2458556.779516 21.403963 0.005148
2458557.272583 21.405011 0.005153
2458557.765650 21.404705 0.005152
2458558.269244 21.409437 0.005174
2458558.762311 21.397473 0.005118
2458559.255378 21.405536 0.005156
2458559.758971 21.397473 0.005118
2458560.252038 21.410030 0.005177
2458560.745106 21.400473 0.005132
2458561.248699 21.409503 0.005175
2458561.741766 21.402500 0.005141
2458562.234833 21.402238 0.005140
2458562.738427 21.403482 0.005146
2458563.231494 21.401410 0.005136
2458563.724561 21.410074 0.005177
2458564.228155 21.412339 0.005188
2458564.721222 21.403504 0.005146
2458565.214289 21.419428 0.005222
2458565.717882 21.417634 0.005213
2458566.210950 21.418497 0.005218
2458566.704017 21.417767 0.005214
2458567.207610 21.409393 0.005174
2458567.700677 21.401040 0.005134
2458568.193744 21.401955 0.005139
2458568.697338 21.401236 0.005135
2458569.190405 21.413352 0.005193
2458569.683472 21.399559 0.005127
2458570.187066 21.408164 0.005168
2458570.680133 21.412493 0.005189
2458571.173200 21.400713 0.005133
2458571.676794 21.410425 0.005179
2458572.169861 21.404378 0.005150
2458572.662928 21.401759 0.005138
2458573.166521 21.397451 0.005117
2458573.659588 21.403373 0.005145
2458574.152656 21.414057 0.005196
2458574.656249 21.409437 0.005174
2458575.149316 21.409152 0.005173
2458575.642383 21.405405 0.005155
2458576.145977 21.413264 0.005193
2458576.639044 21.402413 0.005141
2458577.132111 21.403526 0.005146
2458577.635705 21.402500 0.005141
2458578.128772 21.405427 0.005155
2458578.621839 21.404990 0.005153
2458579.125432 21.405536 0.005156
2458579.618500 21.413219 0.005192
2458580.111567 21.418497 0.005218
2458580.615160 21.411943 0.005186
2458581.108227 21.402805 0.005143
2458581.601294 21.401541 0.005137
2458582.104888 21.406412 0.005160
2458582.597955 21.401911 0.005139
2458583.091022 21.412097 0.005187
2458583.594616 21.406696 0.005161
2458584.087683 21.412317 0.005188
2458584.580750 21.410162 0.005178
2458585.084344 21.404815 0.005152
2458585.577411 21.408866 0.005172
2458586.070478 21.402064 0.005139
2458586.574071 21.411921 0.005186
2458587.067138 21.409349 0.005174
2458587.560206 21.410272 0.005178
2458588.063799 21.407222 0.005164
2458588.556866 21.395065 0.005106
2458589.049933 21.401040 0.005134
2458589.553527 21.409437 0.005174
2458590.046594 21.402478 0.005141
2458590.539661 21.402478 0.005141
2458591.043255 21.405252 0.005154
2458591.536322 21.399255 0.005126
2458592.029389 21.412647 0.005190
2458592.532982 21.408735 0.005171
2458593.026050 21.413264 0.005193
2458593.519117 21.404509 0.005151
2458594.022710 21.412845 0.005191
2458594.515777 21.406105 0.005158
2458595.008844 21.409942 0.005177
2458595.512438 21.409547 0.005175
2458596.005505 21.421579 0.005232
2458596.498572 21.408296 0.005169
2458597.002166 21.401802 0.005138
2458597.495233 21.401628 0.005137
2458597.988300 21.410953 0.005182
2458712.204272 21.406499 0.005160
2458712.697339 21.414542 0.005199
2458713.200932 21.404837 0.005152
2458713.694000 21.410667 0.005180
2458714.187067 21.405274 0.005154
2458714.690660 21.406718 0.005161
2458715.183727 21.408406 0.005169
2458715.676794 21.411393 0.005184
2458716.180388 21.413726 0.005195
2458716.673455 21.408252 0.005169
2458717.166522 21.407069 0.005163
2458717.670116 21.412053 0.005187
2458718.163183 21.408515 0.005170
2458718.656250 21.406893 0.005162
2458719.159844 21.412009 0.005187
2458719.652911 21.405252 0.005154
2458720.145978 21.402500 0.005141
2458720.649571 21.401061 0.005135
2458721.142638 21.399624 0.005128
2458721.635706 21.400212 0.005131
2458722.139299 21.412559 0.005189
2458722.632366 21.408976 0.005172
2458723.125433 21.417789 0.005214
2458723.629027 21.413704 0.005195
2458724.122094 21.415491 0.005203
2458724.615161 21.407112 0.005163
2458725.118755 21.404247 0.005150
2458725.611822 21.411085 0.005182
2458726.104889 21.416463 0.005208
2458726.608482 21.415226 0.005202
2458727.101550 21.411371 0.005184
2458727.594617 21.410513 0.005179
2458728.098210 21.412647 0.005190
2458728.591277 21.406959 0.005162
2458729.084344 21.403657 0.005147
2458729.587938 21.409261 0.005173
2458730.081005 21.409635 0.005175
2458730.574072 21.411459 0.005184
2458731.077666 21.400931 0.005134
2458731.570733 21.412955 0.005191
2458732.063800 21.402740 0.005142
2458732.567394 21.406499 0.005160
2458733.060461 21.399994 0.005129
2458733.553528 21.405843 0.005157
2458734.057121 21.411525 0.005184
2458734.550188 21.397668 0.005118
2458735.043256 21.408121 0.005168
2458735.546849 21.399733 0.005128
2458736.039916 21.404880 0.005153
2458736.532983 21.410403 0.005179
2458737.036577 21.406850 0.005162
2458737.529644 21.395217 0.005107
2458738.022711 21.401061 0.005135
2458738.526305 21.401628 0.005137
2458739.019372 21.412779 0.005190
2458739.512439 21.409217 0.005173
2458740.016032 21.406105 0.005158
2458740.509100 21.401192 0.005135
2458741.002167 21.399929 0.005129
2458741.505760 21.402347 0.005141
2458741.998827 21.403722 0.005147
2458742.491894 21.409832 0.005176
2458742.995488 21.411943 0.005186
2458743.488555 21.403722 0.005147
2458743.981622 21.405011 0.005153
2458744.485216 21.410272 0.005178
2458744.978283 21.411481 0.005184
2458745.471350 21.413594 0.005194
2458745.974944 21.399516 0.005127
2458746.468011 21.403155 0.005144
2458746.961078 21.410337 0.005179
2458747.464671 21.408318 0.005169
2458747.957738 21.403264 0.005145
2458748.450806 21.413043 0.005191
2458748.954399 21.398537 0.005123
2458749.447466 21.410733 0.005180
2458749.940533 21.409876 0.005176
2458750.444127 21.404356 0.005150
2458750.937194 21.410030 0.005177
2458751.430261 21.417281 0.005212
2458751.933855 21.414189 0.005197
2458752.426922 21.409657 0.005175
2458752.919989 21.401911 0.005139
2458753.423582 21.406302 0.005159
2458753.916650 21.400234 0.005131
2458754.409717 21.412559 0.005189
2458754.913310 21.416485 0.005208
2458755.406377 21.420536 0.005227
2458755.899444 21.403766 0.005147
2458756.403038 21.405952 0.005158
2458756.896105 21.394221 0.005102
2458757.389172 21.401519 0.005137
2458757.892766 21.405777 0.005157
2458758.385833 21.416971 0.005210
2458758.878900 21.402980 0.005144
2458759.382494 21.408077 0.005168
2458759.875561 21.408713 0.005171
2458760.368628 21.405361 0.005155
2458760.872221 21.407353 0.005164
2458761.365288 21.416043 0.005206
2458761.858356 21.400626 0.005132
2458762.361949 21.412163 0.005187
2458762.855016 21.417524 0.005213
2458763.348083 21.402304 0.005140
2458763.851677 21.403657 0.005147
2458764.344744 21.397712 0.005119
2458764.837811 21.400539 0.005132
2458765.341405 21.403526 0.005146
2458765.834472 21.403941 0.005148
2458766.327539 21.405493 0.005156
2458766.831132 21.403329 0.005145
2458767.324200 21.411129 0.005182
2458767.817267 21.405952 0.005158
2458768.320860 21.413242 0.005192
2458768.813927 21.407660 0.005166
2458769.306994 21.398537 0.005123
2458769.810588 21.407660 0.005166
2458770.303655 21.400691 0.005133
2458770.796722 21.417546 0.005213
2458771.300316 21.404465 0.005151
2458771.793383 21.409261 0.005173
2458772.286450 21.415579 0.005204
2458772.790044 21.405602 0.005156
2458773.283111 21.410601 0.005180
2458773.776178 21.405974 0.005158
2458774.279771 21.413550 0.005194
2458774.772838 21.408099 0.005168
2458775.265906 21.410030 0.005177
2458775.769499 21.408011 0.005167
2458776.262566 21.407901 0.005167
2458776.755633 21.415513 0.005203
2458777.259227 21.408779 0.005171
2458777.752294 21.404618 0.005151
2458778.245361 21.408077 0.005168
2458778.748955 21.414189 0.005197
2458779.242022 21.404662 0.005152
2458779.735089 21.411239 0.005183
2458780.238682 21.400865 0.005134
2458780.731750 21.411349 0.005183
2458781.224817 21.415425 0.005203
2458781.728410 21.403133 0.005144
2458782.221477 21.405383 0.005155
2458782.714544 21.395867 0.005110
2458783.218138 21.409064 0.005173
2458783.711205 21.405033 0.005153
2459622.427944 21.419738 0.005224
2459622.921011 21.414630 0.005199
2459623.424605 21.411393 0.005184
2459623.917672 21.410337 0.005179
2459624.410739 21.410447 0.005179
2459624.914332 21.400321 0.005131
2459625.407400 21.402217 0.005140
2459625.900467 21.405208 0.005154
2459626.404060 21.404290 0.005150
2459626.897127 21.404968 0.005153
2459627.390194 21.401127 0.005135
2459627.893788 21.401475 0.005136
2459628.386855 21.409239 0.005173
2459628.879922 21.405339 0.005155
2459629.383516 21.415756 0.005204
2459629.876583 21.397625 0.005118
2459630.369650 21.412867 0.005191
2459630.873244 21.405558 0.005156
2459631.366311 21.399472 0.005127
2459631.859378 21.407310 0.005164
2459632.362971 21.406477 0.005160
2459632.856038 21.398255 0.005121
2459633.349106 21.407923 0.005167
2459633.852699 21.414013 0.005196
2459634.345766 21.413903 0.005196
2459634.838833 21.403286 0.005145
2459635.342427 21.394437 0.005103
2459635.835494 21.418431 0.005217
2459636.328561 21.403307 0.005145
2459636.832155 21.403024 0.005144
2459637.325222 21.406674 0.005161
2459637.818289 21.409393 0.005174
2459638.321882 21.403438 0.005146
2459638.814950 21.414079 0.005196
2459639.308017 21.410821 0.005181
2459639.811610 21.411129 0.005182
2459640.304677 21.399363 0.005126
2459640.797744 21.408866 0.005172
2459641.301338 21.405689 0.005156
2459641.794405 21.406609 0.005161
2459642.287472 21.408779 0.005171
2459642.791066 21.418785 0.005219
2459643.284133 21.401388 0.005136
2459643.777200 21.411921 0.005186
2459644.280794 21.406696 0.005161
2459644.773861 21.407441 0.005165
2459645.266928 21.407047 0.005163
2459645.770521 21.415094 0.005201
2459646.263588 21.404727 0.005152
2459646.756656 21.401410 0.005136
2459647.260249 21.404225 0.005149
2459647.753316 21.410315 0.005178
2459648.246383 21.405405 0.005155
2459648.749977 21.419849 0.005224
2459649.243044 21.408296 0.005169
2459649.736111 21.413153 0.005192
2459650.239705 21.402217 0.005140
2459650.732772 21.406762 0.005162
2459651.225839 21.413197 0.005192
2459651.729432 21.404727 0.005152
2459652.222500 21.412625 0.005189
2459652.715567 21.402413 0.005141
2459653.219160 21.406280 0.005159
2459653.712227 21.400560 0.005132
2459654.205294 21.411283 0.005183
2459654.708888 21.411525 0.005184
2459655.201955 21.401628 0.005137
2459655.695022 21.415226 0.005202
2459656.198616 21.402718 0.005142
2459656.691683 21.407463 0.005165
2459657.184750 21.400647 0.005133
2459657.688344 21.407967 0.005167
2459658.181411 21.404968 0.005153
2459658.674478 21.407463 0.005165
2459659.178071 21.416684 0.005209
2459659.671138 21.408406 0.005169
2459660.164206 21.412053 0.005187
2459660.667799 21.405383 0.005155
2459661.160866 21.416794 0.005209
2459661.653933 21.402871 0.005143
2459662.157527 21.399951 0.005129
2459662.650594 21.407879 0.005167
2459663.143661 21.420514 0.005227
2459663.647255 21.405099 0.005154
2459664.140322 21.410799 0.005181
2459664.633389 21.411305 0.005183
2459665.136982 21.410228 0.005178
2459665.630050 21.408888 0.005172
2459666.123117 21.399450 0.005127
2459666.626710 21.399886 0.005129
2459667.119777 21.396258 0.005112
2459667.612844 21.407025 0.005163
2459668.116438 21.409832 0.005176
2459668.609505 21.399407 0.005127
2459669.102572 21.408143 0.005168
2459669.606166 21.401911 0.005139
2459670.099233 21.406083 0.005158
2459670.592300 21.401323 0.005136
2459671.095894 21.418564 0.005218
2459671.588961 21.402893 0.005143
2459672.082028 21.407638 0.005166
2459672.585621 21.406455 0.005160
2459673.078688 21.408362 0.005169
2459673.571756 21.403613 0.005147
2459674.075349 21.407967 0.005167
2459674.568416 21.408888 0.005172
2459675.061483 21.413462 0.005193
2459675.565077 21.409371 0.005174
2459676.058144 21.410030 0.005177
2459676.551211 21.408757 0.005171
2459677.054805 21.410491 0.005179
2459677.547872 21.406718 0.005161
2459678.040939 21.414807 0.005200
2459678.544532 21.409591 0.005175
2459679.037600 21.402915 0.005143
2459679.530667 21.406477 0.005160
2459680.034260 21.409042 0.005172
2459680.527327 21.395390 0.005108
2459681.020394 21.412229 0.005188
2459681.523988 21.407419 0.005165
2459682.017055 21.406718 0.005161
2459682.510122 21.407551 0.005165
2459683.013716 21.420558 0.005228
2459683.506783 21.406652 0.005161
2459683.999850 21.405471 0.005155
2459684.503444 21.403919 0.005148
2459684.996511 21.407069 0.005163
2459685.489578 21.408954 0.005172
2459685.993171 21.412229 0.005188
2459686.486238 21.400604 0.005132
2459686.979306 21.402260 0.005140
2459687.482899 21.415138 0.005202
2459687.975966 21.403111 0.005144
2459688.469033 21.403220 0.005145
2459688.972627 21.414366 0.005198
2459689.465694 21.404968 0.005153
2459689.958761 21.395412 0.005108
2459690.462355 21.401497 0.005137
2459690.955422 21.407704 0.005166
2459691.448489 21.423490 0.005242
2459691.952082 21.409393 0.005174
2459692.445150 21.410096 0.005177
2459692.938217 21.404225 0.005149
2459693.441810 21.405077 0.005154
2459693.934877 21.408296 0.005169
2459807.647256 21.411744 0.005185
2459808.150849 21.399624 0.005128
2459808.643916 21.410755 0.005181
2459809.136983 21.401693 0.005138
2459809.640577 21.409217 0.005173
2459810.133644 21.408735 0.005171
2459810.626711 21.403395 0.005146
2459811.130305 21.405252 0.005154
2459811.623372 21.414145 0.005197
2459812.116439 21.409393 0.005174
2459812.620032 21.410799 0.005181
2459813.113100 21.396301 0.005112
2459813.606167 21.412735 0.005190
2459814.109760 21.403635 0.005147
2459814.602827 21.408910 0.005172
2459815.095894 21.406083 0.005158
2459815.599488 21.408866 0.005172
2459816.092555 21.403569 0.005146
2459816.585622 21.409964 0.005177
2459817.089216 21.409349 0.005174
2459817.582283 21.412053 0.005187
2459818.075350 21.407770 0.005166
2459818.578944 21.413396 0.005193
2459819.072011 21.405646 0.005156
2459819.565078 21.417192 0.005211
2459820.068671 21.393875 0.005101
2459820.561738 21.409437 0.005174
2459821.054806 21.400800 0.005133
2459821.558399 21.409503 0.005175
2459822.051466 21.403198 0.005145
2459822.544533 21.404531 0.005151
2459823.048127 21.407485 0.005165
2459823.541194 21.406631 0.005161
2459824.034261 21.398429 0.005122
2459824.537855 21.405668 0.005156
2459825.030922 21.411810 0.005186
2459825.523989 21.407638 0.005166
2459826.027582 21.409986 0.005177
2459826.520650 21.407200 0.005164
2459827.013717 21.409217 0.005173
2459827.517310 21.406893 0.005162
2459828.010377 21.403286 0.005145
2459828.503444 21.412207 0.005187
2459829.007038 21.406193 0.005159
2459829.500105 21.403504 0.005146
2459829.993172 21.404115 0.005149
2459830.496766 21.407222 0.005164
2459830.989833 21.410711 0.005180
2459831.482900 21.406061 0.005158
2459831.986494 21.413043 0.005191
2459832.479561 21.408779 0.005171
2459832.972628 21.402435 0.005141
2459833.476221 21.403089 0.005144
2459833.969288 21.414233 0.005197
2459834.462356 21.399037 0.005125
2459834.965949 21.409283 0.005174
2459835.459016 21.403853 0.005148
2459835.952083 21.398950 0.005125
2459836.455677 21.411195 0.005183
2459836.948744 21.408998 0.005172
2459837.441811 21.407200 0.005164
2459837.945405 21.412163 0.005187
2459838.438472 21.400778 0.005133
2459838.931539 21.395282 0.005107
2459839.435132 21.406762 0.005162
2459839.928200 21.409525 0.005175
2459840.421267 21.413704 0.005195
2459840.924860 21.410337 0.005179
2459841.417927 21.408099 0.005168
2459841.910994 21.415756 0.005204
2459842.414588 21.407879 0.005167
2459842.907655 21.403504 0.005146
2459843.400722 21.421823 0.005234
2459843.904316 21.401889 0.005138
2459844.397383 21.407529 0.005165
2459844.890450 21.408801 0.005171
2459845.394044 21.416463 0.005208
2459845.887111 21.403897 0.005148
2459846.380178 21.413528 0.005194
2459846.883771 21.402696 0.005142
2459847.376838 21.402042 0.005139
2459847.869906 21.402151 0.005140
2459848.373499 21.411722 0.005185
2459848.866566 21.403591 0.005146
2459849.359633 21.404990 0.005153
2459849.863227 21.407726 0.005166
2459850.356294 21.401127 0.005135
2459850.849361 21.418630 0.005218
2459851.352955 21.404094 0.005149
2459851.846022 21.402893 0.005143
2459852.339089 21.408055 0.005168
2459852.842682 21.408537 0.005170
2459853.335750 21.407025 0.005163
2459853.828817 21.406828 0.005162
2459854.332410 21.412185 0.005187
2459854.825477 21.405755 0.005157
2459855.318544 21.412691 0.005190
2459855.822138 21.406652 0.005161
2459856.315205 21.402478 0.005141
2459856.808272 21.408910 0.005172
2459857.311866 21.407989 0.005167
2459857.804933 21.407069 0.005163
2459858.298000 21.415601 0.005204
2459858.801594 21.410557 0.005180
2459859.294661 21.414366 0.005198
2459859.787728 21.401214 0.005135
2459860.291321 21.401737 0.005138
2459860.784388 21.400430 0.005132
2459861.277456 21.410535 0.005180
2459861.781049 21.401497 0.005137
2459862.274116 21.401061 0.005135
2459862.767183 21.413572 0.005194
2459863.270777 21.404684 0.005152
2459863.763844 21.407814 0.005167
2459864.256911 21.409108 0.005173
2459864.760505 21.424313 0.005246
2459865.253572 21.412647 0.005190
2459865.746639 21.408669 0.005171
2459866.250232 21.407222 0.005164
2459866.743300 21.401759 0.005138
2459867.236367 21.400212 0.005131
2459867.739960 21.406762 0.005162
2459868.233027 21.407069 0.005163
2459868.726094 21.401475 0.005136
2459869.229688 21.396475 0.005113
2459869.722755 21.407748 0.005166
2459870.215822 21.404399 0.005150
2459870.719416 21.419871 0.005224
2459871.212483 21.403329 0.005145
2459871.705550 21.416927 0.005210
2459872.209144 21.407594 0.005166
2459872.702211 21.414454 0.005198
2459873.195278 21.414586 0.005199
2459873.698871 21.399320 0.005126
2459874.191938 21.405974 0.005158
2459874.685006 21.406171 0.005159
2459875.188599 21.415822 0.005205
2459875.681666 21.402282 0.005140
2459876.174733 21.407836 0.005167
2459876.678327 21.408384 0.005169
2459877.171394 21.403766 0.005147
2459877.664461 21.407923 0.005167
2459878.168055 21.415601 0.005204
2459878.661122 21.399298 0.005126
2459879.154189 21.408932 0.005172
2459987.411250 21.409042 0.005172
2459987.904317 21.405711 0.005157
2459988.407910 21.411700 0.005185
2459988.900977 21.405274 0.005154
2459989.394044 21.405821 0.005157
2459989.897638 21.404902 0.005153
2459990.390705 21.401671 0.005137
2459990.883772 21.411547 0.005184
2459991.387366 21.409832 0.005176
2459991.880433 21.408230 0.005169
2459992.373500 21.410228 0.005178
2459992.877094 21.409481 0.005174
2459993.370161 21.408318 0.005169
2459993.863228 21.396887 0.005115
2459994.366821 21.405646 0.005156
2459994.859888 21.403613 0.005147
2459995.352956 21.408647 0.005171
2459995.856549 21.404247 0.005150
2459996.349616 21.406258 0.005159
2459996.842683 21.414917 0.005200
2459997.346277 21.404181 0.005149
2459997.839344 21.401868 0.005138
2459998.332411 21.413484 0.005194
2459998.836005 21.411261 0.005183
2459999.329072 21.403548 0.005146
2459999.822139 21.404815 0.005152
2460000.325732 21.404399 0.005150
2460000.818800 21.402238 0.005140
2460001.311867 21.404137 0.005149
2460001.815460 21.405252 0.005154
2460002.308527 21.398820 0.005124
2460002.801594 21.401737 0.005138
2460003.305188 21.402195 0.005140
2460003.798255 21.405493 0.005156
2460004.291322 21.398146 0.005121
2460004.794916 21.407441 0.005165
2460005.287983 21.416175 0.005206
2460005.781050 21.412515 0.005189
2460006.284644 21.398711 0.005123
2460006.777711 21.398798 0.005124
2460007.270778 21.398842 0.005124
2460007.774371 21.415226 0.005202
2460008.267438 21.416396 0.005208
2460008.760506 21.405558 0.005156
2460009.264099 21.409064 0.005173
2460009.757166 21.405799 0.005157
2460010.250233 21.400669 0.005133
2460010.753827 21.409437 0.005174
2460011.246894 21.403024 0.005144
2460011.739961 21.414652 0.005199
2460012.243555 21.409305 0.005174
2460012.736622 21.402893 0.005143
2460013.229689 21.411349 0.005183
2460013.733282 21.396626 0.005114
2460014.226350 21.410997 0.005182
2460014.719417 21.411041 0.005182
2460015.223010 21.403504 0.005146
2460015.716077 21.415712 0.005204
2460016.209144 21.417657 0.005214
2460016.712738 21.405186 0.005154
2460017.205805 21.413925 0.005196
2460017.698872 21.401127 0.005135
2460018.202466 21.405099 0.005154
2460018.695533 21.411151 0.005182
2460019.188600 21.405383 0.005155
2460019.692194 21.406631 0.005161
2460020.185261 21.407529 0.005165
2460020.678328 21.411744 0.005185
2460021.181921 21.407616 0.005166
2460021.674988 21.403329 0.005145
2460022.168056 21.398233 0.005121
2460022.671649 21.408493 0.005170
2460023.164716 21.402827 0.005143
2460023.657783 21.405099 0.005154
2460024.161377 21.405011 0.005153
2460024.654444 21.404181 0.005149
2460025.147511 21.406718 0.005161
2460025.651105 21.410315 0.005178
2460026.144172 21.405799 0.005157
2460026.637239 21.409415 0.005174
2460027.140832 21.407857 0.005167
2460027.633900 21.407770 0.005166
2460028.126967 21.410733 0.005180
2460028.630560 21.405011 0.005153
2460029.123627 21.408691 0.005171
2460029.616694 21.408735 0.005171
2460030.120288 21.399777 0.005128
2460030.613355 21.406631 0.005161
2460031.106422 21.407266 0.005164
2460031.610016 21.411569 0.005184
2460032.103083 21.403089 0.005144
2460032.596150 21.411349 0.005183
2460033.099744 21.404531 0.005151
2460033.592811 21.406412 0.005160
2460034.085878 21.405427 0.005155
2460034.589471 21.409810 0.005176
2460035.082538 21.410359 0.005179
2460035.575606 21.400800 0.005133
2460036.079199 21.410074 0.005177
2460036.572266 21.407989 0.005167
2460037.065333 21.404115 0.005149
2460037.568927 21.408844 0.005171
2460038.061994 21.411107 0.005182
2460038.555061 21.414123 0.005197
2460039.058655 21.410623 0.005180
2460039.551722 21.405493 0.005156
2460040.044789 21.412757 0.005190
2460040.548382 21.406324 0.005159
2460041.041450 21.406937 0.005162
2460041.534517 21.411239 0.005183
2460042.038110 21.406718 0.005161
2460042.531177 21.403963 0.005148
2460043.024244 21.407244 0.005164
2460043.527838 21.414344 0.005198
2460044.020905 21.398516 0.005122
2460044.513972 21.406083 0.005158
2460045.017566 21.406806 0.005162
2460045.510633 21.395000 0.005106
2460046.003700 21.400364 0.005131
2460046.507294 21.404749 0.005152
2460047.000361 21.409130 0.005173
2460047.493428 21.406937 0.005162
2460047.997021 21.409722 0.005176
2460048.490088 21.402500 0.005141
2460048.983156 21.402129 0.005140
2460049.486749 21.405558 0.005156
2460049.979816 21.407310 0.005164
2460050.472883 21.407156 0.005163
2460050.976477 21.406806 0.005162
2460051.469544 21.408801 0.005171
2460051.962611 21.410601 0.005180
2460052.466205 21.408208 0.005168
2460052.959272 21.408779 0.005171
2460053.452339 21.404705 0.005152
2460053.955932 21.406171 0.005159
2460054.449000 21.397929 0.005120
2460054.942067 21.401127 0.005135
2460055.445660 21.411151 0.005182
2460055.938727 21.403700 0.005147
2460056.431794 21.397907 0.005120
2460056.935388 21.406871 0.005162
2460057.428455 21.413814 0.005195
2460057.921522 21.412075 0.005187
2460058.425116 21.410030 0.005177
2460058.918183 21.407200 0.005164
