2458346.727899 22.324641 0.008276
2458347.220966 22.348113 0.008457
2458347.714033 22.342727 0.008415
2458348.217627 22.337204 0.008372
2458348.710694 22.345281 0.008435
2458349.203761 22.340774 0.008400
2458349.707355 22.339204 0.008388
2458350.200422 22.343704 0.008423
2458350.693489 22.341804 0.008408
2458351.197082 22.327795 0.008300
2458351.690150 22.336827 0.008369
2458352.183217 22.336611 0.008368
2458352.686810 22.337097 0.008371
2458353.179877 22.343595 0.008422
2458353.672944 22.326618 0.008291
2458354.176538 22.331710 0.008330
2458354.669605 22.332140 0.008333
2458355.162672 22.331549 0.008329
2458355.666266 22.339854 0.008393
2458356.159333 22.344574 0.008429
2458356.652400 22.342401 0.008412
2458357.155994 22.332409 0.008335
2458357.649061 22.316823 0.008217
2458358.142128 22.341208 0.008403
2458358.645721 22.340233 0.008396
2458359.138788 22.334885 0.008354
2458359.631856 22.337151 0.008372
2458360.135449 22.333431 0.008343
2458360.628516 22.331495 0.008328
2458361.121583 22.331657 0.008330
2458361.625177 22.333969 0.008347
2458362.118244 22.350571 0.008476
2458362.611311 22.333431 0.008343
2458363.114905 22.342401 0.008412
2458363.607972 22.342347 0.008412
2458364.101039 22.333862 0.008347
2458364.604632 22.327260 0.008296
2458365.097700 22.335748 0.008361
2458365.590767 22.333915 0.008347
2458366.094360 22.341100 0.008402
2458366.587427 22.336179 0.008364
2458367.080494 22.341642 0.008407
2458367.584088 22.324054 0.008271
2458368.077155 22.354953 0.008510
2458368.570222 22.351336 0.008482
2458369.073816 22.336665 0.008368
2458369.566883 22.338069 0.008379
2458370.059950 22.344682 0.008430
2458370.563544 22.332893 0.008339
2458371.056611 22.346968 0.008448
2458371.549678 22.342238 0.008411
2458372.053271 22.344900 0.008432
2458372.546338 22.336665 0.008368
2458373.039406 22.331012 0.008325
2458373.542999 22.347459 0.008452
2458374.036066 22.339691 0.008391
2458374.529133 22.341371 0.008404
2458375.032727 22.330368 0.008320
2458375.525794 22.325923 0.008286
2458376.018861 22.340124 0.008395
2458376.522455 22.334939 0.008355
2458377.015522 22.333862 0.008347
2458377.508589 22.338231 0.008380
2458378.012182 22.336989 0.008371
2458378.505250 22.329563 0.008314
2458378.998317 22.340937 0.008401
2458379.501910 22.340179 0.008395
2458379.994977 22.350461 0.008475
2458380.488044 22.340937 0.008401
2458380.991638 22.342510 0.008413
2458381.484705 22.333323 0.008342
2458381.977772 22.331334 0.008327
2458382.481366 22.342021 0.008409
2458382.974433 22.331281 0.008327
2458383.467500 22.337421 0.008374
2458383.971094 22.327367 0.008297
2458384.464161 22.344791 0.008431
2458384.957228 22.335963 0.008363
2458385.460821 22.333969 0.008347
2458385.953888 22.338501 0.008382
2458386.446956 22.335801 0.008361
2458386.950549 22.335370 0.008358
2458387.443616 22.331227 0.008326
2458387.936683 22.340991 0.008402
2458388.440277 22.343921 0.008424
2458388.933344 22.336881 0.008370
2458389.426411 22.339096 0.008387
2458389.930005 22.349478 0.008467
2458390.423072 22.331334 0.008327
2458390.916139 22.351938 0.008487
2458391.419732 22.328759 0.008307
2458391.912800 22.347350 0.008451
2458392.405867 22.322455 0.008259
2458392.909460 22.334131 0.008349
2458393.402527 22.353636 0.008500
2458393.895594 22.333700 0.008345
2458394.399188 22.351610 0.008484
2458394.892255 22.321709 0.008254
2458395.385322 22.345009 0.008433
2458395.888916 22.354788 0.008509
2458396.381983 22.339258 0.008388
2458396.875050 22.350953 0.008479
2458397.378644 22.332140 0.008333
2458397.871711 22.332570 0.008337
2458398.364778 22.349150 0.008465
2458398.868371 22.344900 0.008432
2458399.361438 22.334831 0.008354
2458399.854506 22.328759 0.008307
2458400.358099 22.345117 0.008434
2458400.851166 22.351282 0.008482
2458401.344233 22.346369 0.008443
2458401.847827 22.334346 0.008350
2458402.340894 22.335909 0.008362
2458402.833961 22.327849 0.008300
2458403.337555 22.336125 0.008364
2458403.830622 22.336287 0.008365
2458404.323689 22.340070 0.008394
2458404.827282 22.337529 0.008375
2458405.320350 22.332087 0.008333
2458405.813417 22.336881 0.008370
2458406.317010 22.338231 0.008380
2458406.810077 22.341967 0.008409
2458407.303144 22.341208 0.008403
2458407.806738 22.338393 0.008381
2458408.299805 22.325068 0.008279
2458408.792872 22.345607 0.008437
2458409.296466 22.331549 0.008329
2458409.789533 22.324588 0.008276
2458410.282600 22.337259 0.008373
2458410.786194 22.345117 0.008434
2458411.279261 22.337799 0.008377
2458411.772328 22.325603 0.008283
2458412.275921 22.337259 0.008373
2458412.768988 22.328545 0.008306
2458413.262056 22.339421 0.008389
2458413.765649 22.337907 0.008378
2458414.258716 22.336179 0.008364
2458414.751783 22.341208 0.008403
2458415.255377 22.341913 0.008409
2458415.748444 22.342727 0.008415
2458416.241511 22.333431 0.008343
2458416.745105 22.331603 0.008329
2458417.238172 22.342292 0.008412
2458417.731239 22.333754 0.008346
2458418.234832 22.335478 0.008359
2458526.481367 22.326779 0.008292
2458526.984960 22.342727 0.008415
2458527.478027 22.340558 0.008398
2458527.971094 22.331012 0.008325
2458528.474688 22.336341 0.008366
2458528.967755 22.345661 0.008438
2458529.460822 22.344791 0.008431
2458529.964416 22.330958 0.008324
2458530.457483 22.344791 0.008431
2458530.950550 22.336827 0.008369
2458531.454144 22.335963 0.008363
2458531.947211 22.339637 0.008391
2458532.440278 22.332087 0.008333
2458532.943871 22.339962 0.008394
2458533.436938 22.335694 0.008361
2458533.930006 22.333054 0.008340
2458534.433599 22.333808 0.008346
2458534.926666 22.323468 0.008267
2458535.419733 22.348659 0.008461
2458535.923327 22.334077 0.008348
2458536.416394 22.346315 0.008443
2458536.909461 22.335370 0.008358
2458537.413055 22.335208 0.008357
2458537.906122 22.344954 0.008432
2458538.399189 22.353198 0.008497
2458538.902782 22.338393 0.008381
2458539.395850 22.340287 0.008396
2458539.888917 22.337907 0.008378
2458540.392510 22.339529 0.008390
2458540.885577 22.332302 0.008335
2458541.378644 22.338231 0.008380
2458541.882238 22.335586 0.008360
2458542.375305 22.327260 0.008296
2458542.868372 22.336179 0.008364
2458543.371966 22.335208 0.008357
2458543.865033 22.331120 0.008325
2458544.358100 22.342618 0.008414
2458544.861694 22.332839 0.008339
2458545.354761 22.336017 0.008363
2458545.847828 22.343107 0.008418
2458546.351421 22.340991 0.008402
2458546.844488 22.339854 0.008393
2458547.337556 22.357096 0.008527
2458547.841149 22.334723 0.008353
2458548.334216 22.333216 0.008342
2458548.827283 22.337043 0.008371
2458549.330877 22.341804 0.008408
2458549.823944 22.341425 0.008405
2458550.317011 22.339691 0.008391
2458550.820605 22.332624 0.008337
2458551.313672 22.339637 0.008391
2458551.806739 22.341696 0.008407
2458552.310332 22.346750 0.008446
2458552.803400 22.333592 0.008344
2458553.296467 22.332087 0.008333
2458553.800060 22.329510 0.008313
2458554.293127 22.320060 0.008241
2458554.786194 22.335748 0.008361
2458555.289788 22.347023 0.008448
2458555.782855 22.328652 0.008307
2458556.275922 22.326190 0.008288
2458556.779516 22.332570 0.008337
2458557.272583 22.338015 0.008379
2458557.765650 22.342455 0.008413
2458558.269244 22.334185 0.008349
2458558.762311 22.336934 0.008370
2458559.255378 22.334238 0.008349
2458559.758971 22.350407 0.008475
2458560.252038 22.336557 0.008367
2458560.745106 22.334292 0.008350
2458561.248699 22.339800 0.008392
2458561.741766 22.341750 0.008407
2458562.234833 22.336449 0.008366
2458562.738427 22.356106 0.008519
2458563.231494 22.341587 0.008406
2458563.724561 22.344900 0.008432
2458564.228155 22.337151 0.008372
2458564.721222 22.346151 0.008442
2458565.214289 22.332678 0.008337
2458565.717882 22.333592 0.008344
2458566.210950 22.336125 0.008364
2458566.704017 22.354624 0.008508
2458567.207610 22.342184 0.008411
2458567.700677 22.337259 0.008373
2458568.193744 22.335855 0.008362
2458568.697338 22.342455 0.008413
2458569.190405 22.344519 0.008429
2458569.683472 22.329885 0.008316
2458570.187066 22.342238 0.008411
2458570.680133 22.341425 0.008405
2458571.173200 22.341967 0.008409
2458571.676794 22.357151 0.008527
2458572.169861 22.336665 0.008368
2458572.662928 22.343921 0.008424
2458573.166521 22.342130 0.008410
2458573.659588 22.330422 0.008320
2458574.152656 22.331281 0.008327
2458574.656249 22.337529 0.008375
2458575.149316 22.342781 0.008415
2458575.642383 22.339637 0.008391
2458576.145977 22.352705 0.008493
2458576.639044 22.339854 0.008393
2458577.132111 22.339204 0.008388
2458577.635705 22.334400 0.008351
2458578.128772 22.332785 0.008338
2458578.621839 22.326725 0.008292
2458579.125432 22.344302 0.008427
2458579.618500 22.325870 0.008285
2458580.111567 22.350789 0.008478
2458580.615160 22.336665 0.008368
2458581.108227 22.334616 0.008352
2458581.601294 22.340991 0.008402
2458582.104888 22.344628 0.008430
2458582.597955 22.343378 0.008420
2458583.091022 22.324535 0.008275
2458583.594616 22.343269 0.008419
2458584.087683 22.340070 0.008394
2458584.580750 22.342564 0.008414
2458585.084344 22.336449 0.008366
2458585.577411 22.337475 0.008374
2458586.070478 22.339637 0.008391
2458586.574071 22.334885 0.008354
2458587.067138 22.328277 0.008304
2458587.560206 22.340829 0.008400
2458588.063799 22.336557 0.008367
2458588.556866 22.355337 0.008513
2458589.049933 22.359078 0.008543
2458589.553527 22.344682 0.008430
2458590.046594 22.330046 0.008317
2458590.539661 22.355282 0.008513
2458591.043255 22.338231 0.008380
2458591.536322 22.323094 0.008264
2458592.029389 22.325442 0.008282
2458592.532982 22.329349 0.008312
2458593.026050 22.333700 0.008345
2458593.519117 22.348113 0.008457
2458594.022710 22.317724 0.008223
2458594.515777 22.335909 0.008362
2458595.008844 22.333808 0.008346
2458595.512438 22.334077 0.008348
2458596.005505 22.312750 0.008186
2458596.498572 22.339800 0.008392
2458597.002166 22.333162 0.008341
2458597.495233 22.336665 0.008368
2458597.988300 22.320379 0.008244
2458712.204272 22.339637 0.008391
2458712.697339 22.342835 0.008416
2458713.200932 22.343595 0.008422
2458713.694000 22.344954 0.008432
2458714.187067 22.353088 0.008496
2458714.690660 22.338501 0.008382
2458715.183727 22.334346 0.008350
2458715.676794 22.323361 0.008266
2458716.180388 22.321763 0.008254
2458716.673455 22.344465 0.008428
2458717.166522 22.323841 0.008270
2458717.670116 22.342401 0.008412
2458718.163183 22.325656 0.008284
2458718.656250 22.342727 0.008415
2458719.159844 22.330261 0.008319
2458719.652911 22.324588 0.008276
2458720.145978 22.333539 0.008344
2458720.649571 22.336989 0.008371
2458721.142638 22.344954 0.008432
2458721.635706 22.331012 0.008325
2458722.139299 22.352595 0.008492
2458722.632366 22.349751 0.008470
2458723.125433 22.349205 0.008465
2458723.629027 22.343269 0.008419
2458724.122094 22.355118 0.008512
2458724.615161 22.347568 0.008453
2458725.118755 22.350407 0.008475
2458725.611822 22.339258 0.008388
2458726.104889 22.340016 0.008394
2458726.608482 22.331066 0.008325
2458727.101550 22.331764 0.008330
2458727.594617 22.329134 0.008310
2458728.098210 22.337097 0.008371
2458728.591277 22.340883 0.008401
2458729.084344 22.336827 0.008369
2458729.587938 22.324641 0.008276
2458730.081005 22.340395 0.008397
2458730.574072 22.343107 0.008418
2458731.077666 22.351829 0.008486
2458731.570733 22.337691 0.008376
2458732.063800 22.334993 0.008355
2458732.567394 22.339908 0.008393
2458733.060461 22.344193 0.008426
2458733.553528 22.337853 0.008377
2458734.057121 22.344193 0.008426
2458734.550188 22.335694 0.008361
2458735.043256 22.341642 0.008407
2458735.546849 22.345770 0.008439
2458736.039916 22.331495 0.008328
2458736.532983 22.332624 0.008337
2458737.036577 22.348386 0.008459
2458737.529644 22.335855 0.008362
2458738.022711 22.329617 0.008314
2458738.526305 22.335909 0.008362
2458739.019372 22.344247 0.008427
2458739.512439 22.348059 0.008456
2458740.016032 22.337745 0.008376
2458740.509100 22.340016 0.008394
2458741.002167 22.334077 0.008348
2458741.505760 22.359794 0.008548
2458741.998827 22.317300 0.008220
2458742.491894 22.348004 0.008456
2458742.995488 22.326458 0.008290
2458743.488555 22.323361 0.008266
2458743.981622 22.352048 0.008488
2458744.485216 22.314970 0.008203
2458744.978283 22.329295 0.008312
2458745.471350 22.329134 0.008310
2458745.974944 22.335316 0.008358
2458746.468011 22.334885 0.008354
2458746.961078 22.342889 0.008416
2458747.464671 22.339854 0.008393
2458747.957738 22.339150 0.008387
2458748.450806 22.339583 0.008391
2458748.954399 22.333915 0.008347
2458749.447466 22.347350 0.008451
2458749.940533 22.334346 0.008350
2458750.444127 22.347950 0.008456
2458750.937194 22.324321 0.008274
2458751.430261 22.339800 0.008392
2458751.933855 22.339800 0.008392
2458752.426922 22.328813 0.008308
2458752.919989 22.345009 0.008433
2458753.423582 22.330153 0.008318
2458753.916650 22.340287 0.008396
2458754.409717 22.325923 0.008286
2458754.913310 22.338934 0.008386
2458755.406377 22.340233 0.008396
2458755.899444 22.331979 0.008332
2458756.403038 22.326297 0.008289
2458756.896105 22.338123 0.008379
2458757.389172 22.322455 0.008259
2458757.892766 22.355227 0.008512
2458758.385833 22.338177 0.008380
2458758.878900 22.329510 0.008313
2458759.382494 22.324855 0.008278
2458759.875561 22.326137 0.008287
2458760.368628 22.339854 0.008393
2458760.872221 22.344519 0.008429
2458761.365288 22.345825 0.008439
2458761.858356 22.333808 0.008346
2458762.361949 22.333539 0.008344
2458762.855016 22.335586 0.008360
2458763.348083 22.325175 0.008280
2458763.851677 22.337367 0.008374
2458764.344744 22.352157 0.008488
2458764.837811 22.327421 0.008297
2458765.341405 22.329992 0.008317
2458765.834472 22.336881 0.008370
2458766.327539 22.335154 0.008356
2458766.831132 22.338988 0.008386
2458767.324200 22.328009 0.008302
2458767.817267 22.345335 0.008435
2458768.320860 22.339150 0.008387
2458768.813927 22.329027 0.008309
2458769.306994 22.349314 0.008466
2458769.810588 22.328866 0.008308
2458770.303655 22.336017 0.008363
2458770.796722 22.333216 0.008342
2458771.300316 22.334669 0.008353
2458771.793383 22.335047 0.008356
2458772.286450 22.337312 0.008373
2458772.790044 22.359794 0.008548
2458773.283111 22.347895 0.008455
2458773.776178 22.344628 0.008430
2458774.279771 22.340666 0.008399
2458774.772838 22.325336 0.008281
2458775.265906 22.338555 0.008383
2458775.769499 22.338988 0.008386
2458776.262566 22.327260 0.008296
2458776.755633 22.334238 0.008349
2458777.259227 22.348659 0.008461
2458777.752294 22.347895 0.008455
2458778.245361 22.349969 0.008471
2458778.748955 22.338772 0.008384
2458779.242022 22.342618 0.008414
2458779.735089 22.324801 0.008277
2458780.238682 22.342292 0.008412
2458780.731750 22.326083 0.008287
2458781.224817 22.340070 0.008394
2458781.728410 22.330314 0.008319
2458782.221477 22.339746 0.008392
2458782.714544 22.334346 0.008350
2458783.218138 22.327474 0.008298
2458783.711205 22.353856 0.008502
2459622.427944 22.341425 0.008405
2459622.921011 22.337421 0.008374
2459623.424605 22.328706 0.008307
2459623.917672 22.347023 0.008448
2459624.410739 22.328920 0.008309
2459624.914332 22.331979 0.008332
2459625.407400 22.333108 0.008341
2459625.900467 22.322455 0.008259
2459626.404060 22.334346 0.008350
2459626.897127 22.338015 0.008379
2459627.390194 22.322135 0.008257
2459627.893788 22.332463 0.008336
2459628.386855 22.336287 0.008365
2459628.879922 22.337745 0.008376
2459629.383516 22.336179 0.008364
2459629.876583 22.348004 0.008456
2459630.369650 22.329295 0.008312
2459630.873244 22.342292 0.008412
2459631.366311 22.314123 0.008196
2459631.859378 22.325496 0.008282
2459632.362971 22.343921 0.008424
2459632.856038 22.332839 0.008339
2459633.349106 22.349915 0.008471
2459633.852699 22.342781 0.008415
2459634.345766 22.335424 0.008359
2459634.838833 22.337367 0.008374
2459635.342427 22.327207 0.008296
2459635.835494 22.342998 0.008417
2459636.328561 22.331710 0.008330
2459636.832155 22.339691 0.008391
2459637.325222 22.332248 0.008334
2459637.818289 22.332678 0.008337
2459638.321882 22.332248 0.008334
2459638.814950 22.352924 0.008494
2459639.308017 22.328599 0.008306
2459639.811610 22.348331 0.008459
2459640.304677 22.335208 0.008357
2459640.797744 22.338934 0.008386
2459641.301338 22.335532 0.008359
2459641.794405 22.339042 0.008386
2459642.287472 22.332570 0.008337
2459642.791066 22.344519 0.008429
2459643.284133 22.346750 0.008446
2459643.777200 22.329134 0.008310
2459644.280794 22.333592 0.008344
2459644.773861 22.349369 0.008467
2459645.266928 22.339691 0.008391
2459645.770521 22.351227 0.008481
2459646.263588 22.337312 0.008373
2459646.756656 22.328063 0.008302
2459647.260249 22.342564 0.008414
2459647.753316 22.327260 0.008296
2459648.246383 22.341804 0.008408
2459648.749977 22.326725 0.008292
2459649.243044 22.333915 0.008347
2459649.736111 22.345226 0.008434
2459650.239705 22.344302 0.008427
2459650.732772 22.339962 0.008394
2459651.225839 22.342672 0.008415
2459651.729432 22.347404 0.008451
2459652.222500 22.338555 0.008383
2459652.715567 22.341316 0.008404
2459653.219160 22.354404 0.008506
2459653.712227 22.328920 0.008309
2459654.205294 22.346315 0.008443
2459654.708888 22.333539 0.008344
2459655.201955 22.326832 0.008293
2459655.695022 22.334723 0.008353
2459656.198616 22.338880 0.008385
2459656.691683 22.337259 0.008373
2459657.184750 22.332839 0.008339
2459657.688344 22.339421 0.008389
2459658.181411 22.334777 0.008354
2459658.674478 22.322242 0.008258
2459659.178071 22.334292 0.008350
2459659.671138 22.337691 0.008376
2459660.164206 22.340558 0.008398
2459660.667799 22.325656 0.008284
2459661.160866 22.343487 0.008421
2459661.653933 22.337583 0.008375
2459662.157527 22.342998 0.008417
2459662.650594 22.350844 0.008478
2459663.143661 22.329563 0.008314
2459663.647255 22.335424 0.008359
2459664.140322 22.349259 0.008466
2459664.633389 22.341154 0.008403
2459665.136982 22.346805 0.008447
2459665.630050 22.345281 0.008435
2459666.123117 22.332140 0.008333
2459666.626710 22.332678 0.008337
2459667.119777 22.332570 0.008337
2459667.612844 22.324374 0.008274
2459668.116438 22.337583 0.008375
2459668.609505 22.312750 0.008186
2459669.102572 22.346696 0.008446
2459669.606166 22.328277 0.008304
2459670.099233 22.322562 0.008260
2459670.592300 22.332893 0.008339
2459671.095894 22.348823 0.008462
2459671.588961 22.348222 0.008458
2459672.082028 22.328438 0.008305
2459672.585621 22.330851 0.008323
2459673.078688 22.343378 0.008420
2459673.571756 22.345934 0.008440
2459674.075349 22.343921 0.008424
2459674.568416 22.342510 0.008413
2459675.061483 22.340341 0.008396
2459675.565077 22.341045 0.008402
2459676.058144 22.323468 0.008267
2459676.551211 22.341859 0.008408
2459677.054805 22.343541 0.008421
2459677.547872 22.329831 0.008316
2459678.040939 22.326565 0.008291
2459678.544532 22.335316 0.008358
2459679.037600 22.339367 0.008389
2459679.530667 22.357811 0.008533
2459680.034260 22.339854 0.008393
2459680.527327 22.341859 0.008408
2459681.020394 22.350789 0.008478
2459681.523988 22.332087 0.008333
2459682.017055 22.324428 0.008274
2459682.510122 22.334508 0.008352
2459683.013716 22.332463 0.008336
2459683.506783 22.336071 0.008364
2459683.999850 22.331979 0.008332
2459684.503444 22.344900 0.008432
2459684.996511 22.344465 0.008428
2459685.489578 22.343269 0.008419
2459685.993171 22.318839 0.008232
2459686.486238 22.335154 0.008356
2459686.979306 22.350461 0.008475
2459687.482899 22.322508 0.008260
2459687.975966 22.327902 0.008301
2459688.469033 22.344574 0.008429
2459688.972627 22.330958 0.008324
2459689.465694 22.332785 0.008338
2459689.958761 22.333700 0.008345
2459690.462355 22.342618 0.008414
2459690.955422 22.335855 0.008362
2459691.448489 22.325816 0.008285
2459691.952082 22.339475 0.008390
2459692.445150 22.344900 0.008432
2459692.938217 22.328277 0.008304
2459693.441810 22.338339 0.008381
2459693.934877 22.329456 0.008313
2459807.647256 22.343650 0.008422
2459808.150849 22.338339 0.008381
2459808.643916 22.335424 0.008359
2459809.136983 22.340937 0.008401
2459809.640577 22.351500 0.008483
2459810.133644 22.348222 0.008458
2459810.626711 22.328063 0.008302
2459811.130305 22.347186 0.008450
2459811.623372 22.340774 0.008400
2459812.116439 22.335101 0.008356
2459812.620032 22.351336 0.008482
2459813.113100 22.344030 0.008425
2459813.606167 22.326832 0.008293
2459814.109760 22.339746 0.008392
2459814.602827 22.347568 0.008453
2459815.095894 22.341045 0.008402
2459815.599488 22.358417 0.008537
2459816.092555 22.337799 0.008377
2459816.585622 22.328920 0.008309
2459817.089216 22.338015 0.008379
2459817.582283 22.329081 0.008310
2459818.075350 22.343378 0.008420
2459818.578944 22.332785 0.008338
2459819.072011 22.344519 0.008429
2459819.565078 22.329885 0.008316
2459820.068671 22.337204 0.008372
2459820.561738 22.343432 0.008420
2459821.054806 22.335262 0.008357
2459821.558399 22.347077 0.008449
2459822.051466 22.331227 0.008326
2459822.544533 22.333862 0.008347
2459823.048127 22.326137 0.008287
2459823.541194 22.326672 0.008291
2459824.034261 22.324535 0.008275
2459824.537855 22.344356 0.008428
2459825.030922 22.332678 0.008337
2459825.523989 22.332570 0.008337
2459826.027582 22.350789 0.008478
2459826.520650 22.338177 0.008380
2459827.013717 22.333054 0.008340
2459827.517310 22.345226 0.008434
2459828.010377 22.331710 0.008330
2459828.503444 22.332140 0.008333
2459829.007038 22.346914 0.008447
2459829.500105 22.322402 0.008259
2459829.993172 22.346315 0.008443
2459830.496766 22.336449 0.008366
2459830.989833 22.340883 0.008401
2459831.482900 22.354294 0.008505
2459831.986494 22.319157 0.008234
2459832.479561 22.333592 0.008344
2459832.972628 22.345335 0.008435
2459833.476221 22.337259 0.008373
2459833.969288 22.325496 0.008282
2459834.462356 22.341208 0.008403
2459834.965949 22.330314 0.008319
2459835.459016 22.339313 0.008389
2459835.952083 22.330153 0.008318
2459836.455677 22.332140 0.008333
2459836.948744 22.345770 0.008439
2459837.441811 22.337151 0.008372
2459837.945405 22.347404 0.008451
2459838.438472 22.343052 0.008417
2459838.931539 22.337745 0.008376
2459839.435132 22.336773 0.008369
2459839.928200 22.340774 0.008400
2459840.421267 22.332517 0.008336
2459840.924860 22.357536 0.008531
2459841.417927 22.323361 0.008266
2459841.910994 22.338015 0.008379
2459842.414588 22.315922 0.008210
2459842.907655 22.348932 0.008463
2459843.400722 22.327956 0.008301
2459843.904316 22.352540 0.008491
2459844.397383 22.344302 0.008427
2459844.890450 22.340829 0.008400
2459845.394044 22.333915 0.008347
2459845.887111 22.356656 0.008524
2459846.380178 22.337312 0.008373
2459846.883771 22.328224 0.008303
2459847.376838 22.348659 0.008461
2459847.869906 22.337799 0.008377
2459848.373499 22.322189 0.008257
2459848.866566 22.345444 0.008436
2459849.359633 22.339637 0.008391
2459849.863227 22.330368 0.008320
2459850.356294 22.335855 0.008362
2459850.849361 22.335208 0.008357
2459851.352955 22.340991 0.008402
2459851.846022 22.332678 0.008337
2459852.339089 22.342727 0.008415
2459852.842682 22.336449 0.008366
2459853.335750 22.330797 0.008323
2459853.828817 22.338393 0.008381
2459854.332410 22.337799 0.008377
2459854.825477 22.342401 0.008412
2459855.318544 22.320114 0.008242
2459855.822138 22.322881 0.008263
2459856.315205 22.332785 0.008338
2459856.808272 22.331066 0.008325
2459857.311866 22.335101 0.008356
2459857.804933 22.336449 0.008366
2459858.298000 22.339800 0.008392
2459858.801594 22.338393 0.008381
2459859.294661 22.328009 0.008302
2459859.787728 22.346750 0.008446
2459860.291321 22.335478 0.008359
2459860.784388 22.340341 0.008397
2459861.277456 22.346151 0.008442
2459861.781049 22.336125 0.008364
2459862.274116 22.336827 0.008369
2459862.767183 22.331120 0.008325
2459863.270777 22.323361 0.008266
2459863.763844 22.325656 0.008284
2459864.256911 22.344519 0.008429
2459864.760505 22.346859 0.008447
2459865.253572 22.331495 0.008328
2459865.746639 22.324428 0.008274
2459866.250232 22.341479 0.008405
2459866.743300 22.347077 0.008449
2459867.236367 22.316028 0.008211
2459867.739960 22.346533 0.008445
2459868.233027 22.345389 0.008436
2459868.726094 22.340720 0.008399
2459869.229688 22.336233 0.008365
2459869.722755 22.324374 0.008274
2459870.215822 22.348823 0.008462
2459870.719416 22.350625 0.008476
2459871.212483 22.340179 0.008395
2459871.705550 22.339962 0.008394
2459872.209144 22.353801 0.008501
2459872.702211 22.338772 0.008384
2459873.195278 22.333915 0.008347
2459873.698871 22.331603 0.008329
2459874.191938 22.334993 0.008355
2459874.685006 22.342130 0.008410
2459875.188599 22.347732 0.008454
2459875.681666 22.329939 0.008316
2459876.174733 22.313912 0.008195
2459876.678327 22.344030 0.008425
2459877.171394 22.341154 0.008403
2459877.664461 22.352760 0.008493
2459878.168055 22.332517 0.008336
2459878.661122 22.345770 0.008439
2459879.154189 22.327581 0.008298
2459987.411250 22.329134 0.008311
2459987.904317 22.328331 0.008305
2459988.407910 22.341750 0.008408
2459988.900977 22.345553 0.008438
2459989.394044 22.347186 0.008450
2459989.897638 22.326190 0.008289
2459990.390705 22.324428 0.008275
2459990.883772 22.348004 0.008457
2459991.387366 22.334831 0.008355
2459991.880433 22.334077 0.008349
2459992.373500 22.331227 0.008327
2459992.877094 22.342998 0.008418
2459993.370161 22.336881 0.008371
2459993.863228 22.324321 0.008275
2459994.366821 22.320539 0.008246
2459994.859888 22.331979 0.008333
2459995.352956 22.341100 0.008404
2459995.856549 22.328759 0.008309
2459996.349616 22.335694 0.008362
2459996.842683 22.343107 0.008419
2459997.346277 22.355173 0.008514
2459997.839344 22.337043 0.008373
2459998.332411 22.332732 0.008340
2459998.836005 22.346968 0.008450
2459999.329072 22.338880 0.008387
2459999.822139 22.333108 0.008343
2460000.325732 22.332785 0.008340
2460000.818800 22.328545 0.008308
2460001.311867 22.343378 0.008422
2460001.815460 22.328652 0.008309
2460002.308527 22.338231 0.008383
2460002.801594 22.348713 0.008464
2460003.305188 22.344193 0.008429
2460003.798255 22.327742 0.008303
2460004.291322 22.333485 0.008347
2460004.794916 22.325923 0.008289
2460005.287983 22.332947 0.008343
2460005.781050 22.341262 0.008408
2460006.284644 22.346859 0.008452
2460006.777711 22.324908 0.008283
2460007.270778 22.331388 0.008333
2460007.774371 22.341967 0.008415
2460008.267438 22.325175 0.008286
2460008.760506 22.351282 0.008488
2460009.264099 22.335262 0.008364
2460009.757166 22.340612 0.008406
2460010.250233 22.333001 0.008348
2460010.753827 22.338177 0.008388
2460011.246894 22.331173 0.008335
2460011.739961 22.336611 0.008377
2460012.243555 22.317618 0.008233
2460012.736622 22.337691 0.008387
2460013.229689 22.329188 0.008323
2460013.733282 22.330100 0.008331
2460014.226350 22.316717 0.008230
2460014.719417 22.324268 0.008288
2460015.223010 22.333646 0.008362
2460015.716077 22.336125 0.008382
2460016.209144 22.329081 0.008330
2460016.712738 22.323734 0.008291
2460017.205805 22.321124 0.008273
2460017.698872 22.330261 0.008345
2460018.202466 22.327956 0.008330
2460018.695533 22.329134 0.008341
2460019.188600 22.324268 0.008307
2460019.692194 22.318042 0.008263
2460020.185261 22.330422 0.008362
2460020.678328 22.323788 0.008315
2460021.181921 22.311642 0.008228
2460021.674988 22.316293 0.008269
2460022.168056 22.311958 0.008242
2460022.671649 22.312539 0.008253
2460023.164716 22.295153 0.008130
2460023.657783 22.316717 0.008302
2460024.161377 22.299995 0.008185
2460024.654444 22.307640 0.008255
2460025.147511 22.302398 0.008228
2460025.651105 22.311958 0.008316
2460026.144172 22.293129 0.008190
2460026.637239 22.297077 0.008238
2460027.140832 22.276049 0.008102
2460027.633900 22.271312 0.008090
2460028.126967 22.270550 0.008111
2460028.630560 22.264423 0.008096
2460029.123627 22.252919 0.008044
2460029.616694 22.227291 0.007891
2460030.120288 22.223540 0.007903
2460030.613355 22.217720 0.007902
2460031.106422 22.189595 0.007741
2460031.610016 22.176570 0.007690
2460032.103083 22.177921 0.007738
2460032.596150 22.159885 0.007645
2460033.099744 22.168727 0.007735
2460033.592811 22.148207 0.007607
2460034.085878 22.147300 0.007605
2460034.589471 22.138046 0.007534
2460035.082538 22.160803 0.007675
2460035.575606 22.153757 0.007597
2460036.079199 22.180816 0.007753
2460036.572266 22.177595 0.007691
2460037.065333 22.203972 0.007838
2460037.568927 22.202206 0.007783
2460038.061994 22.215980 0.007842
2460038.555061 22.232869 0.007927
2460039.058655 22.245500 0.007984
2460039.551722 22.248929 0.007977
2460040.044789 22.263615 0.008056
2460040.548382 22.277888 0.008136
2460041.041450 22.275845 0.008097
2460041.534517 22.292040 0.008198
2460042.038110 22.300987 0.008247
2460042.531177 22.290126 0.008149
2460043.024244 22.295933 0.008178
2460043.527838 22.305016 0.008234
2460044.020905 22.320060 0.008337
2460044.513972 22.304020 0.008205
2460045.017566 22.304073 0.008196
2460045.510633 22.322242 0.008327
2460046.003700 22.308744 0.008217
2460046.507294 22.336881 0.008426
2460047.000361 22.325870 0.008336
2460047.493428 22.333001 0.008386
2460047.997021 22.312591 0.008225
2460048.490088 22.322775 0.008299
2460048.983156 22.329242 0.008345
2460049.486749 22.321922 0.008286
2460049.979816 22.324001 0.008299
2460050.472883 22.330583 0.008347
2460050.976477 22.340991 0.008425
2460051.469544 22.328545 0.008327
2460051.962611 22.341479 0.008425
2460052.466205 22.321603 0.008271
2460052.959272 22.338231 0.008397
2460053.452339 22.332140 0.008349
2460053.955932 22.337043 0.008385
2460054.449000 22.329939 0.008330
2460054.942067 22.326993 0.008306
2460055.445660 22.332409 0.008347
2460055.938727 22.334993 0.008366
2460056.431794 22.323041 0.008273
2460056.935388 22.325122 0.008289
2460057.428455 22.336395 0.008374
2460057.921522 22.328438 0.008313
2460058.425116 22.340991 0.008409
2460058.918183 22.344193 0.008433
