2458346.727899 21.149950 0.004220
2458347.220966 21.148410 0.004214
2458347.714033 21.143948 0.004196
2458348.217627 21.140268 0.004182
2458348.710694 21.149325 0.004217
2458349.203761 21.145612 0.004203
2458349.707355 21.141580 0.004187
2458350.200422 21.144180 0.004197
2458350.693489 21.145048 0.004201
2458351.197082 21.144382 0.004198
2458351.690150 21.149674 0.004219
2458352.183217 21.141220 0.004186
2458352.686810 21.139289 0.004178
2458353.179877 21.142923 0.004192
2458353.672944 21.147090 0.004209
2458354.176538 21.144773 0.004200
2458354.669605 21.152512 0.004230
2458355.162672 21.148135 0.004213
2458355.666266 21.133117 0.004155
2458356.159333 21.144961 0.004200
2458356.652400 21.142619 0.004191
2458357.155994 21.144469 0.004198
2458357.649061 21.142706 0.004192
2458358.142128 21.145772 0.004203
2458358.645721 21.144209 0.004197
2458359.138788 21.152060 0.004228
2458359.631856 21.140946 0.004185
2458360.135449 21.142605 0.004191
2458360.628516 21.139433 0.004179
2458361.121583 21.148715 0.004215
2458361.625177 21.146061 0.004205
2458362.118244 21.135366 0.004163
2458362.611311 21.147772 0.004211
2458363.114905 21.143616 0.004195
2458363.607972 21.147177 0.004209
2458364.101039 21.151812 0.004227
2458364.604632 21.148265 0.004213
2458365.097700 21.145294 0.004202
2458365.590767 21.147061 0.004208
2458366.094360 21.139793 0.004180
2458366.587427 21.147757 0.004211
2458367.080494 21.148672 0.004215
2458367.584088 21.143197 0.004194
2458368.077155 21.143544 0.004195
2458368.570222 21.147844 0.004212
2458369.073816 21.152847 0.004231
2458369.566883 21.139548 0.004179
2458370.059950 21.145829 0.004204
2458370.563544 21.147163 0.004209
2458371.056611 21.137189 0.004170
2458371.549678 21.143761 0.004196
2458372.053271 21.142316 0.004190
2458372.546338 21.145352 0.004202
2458373.039406 21.144397 0.004198
2458373.542999 21.147641 0.004211
2458374.036066 21.145627 0.004203
2458374.529133 21.145164 0.004201
2458375.032727 21.140801 0.004184
2458375.525794 21.149412 0.004218
2458376.018861 21.145887 0.004204
2458376.522455 21.135481 0.004164
2458377.015522 21.148817 0.004215
2458377.508589 21.138382 0.004175
2458378.012182 21.144483 0.004198
2458378.505250 21.149921 0.004220
2458378.998317 21.145540 0.004203
2458379.501910 21.144628 0.004199
2458379.994977 21.145757 0.004203
2458380.488044 21.146815 0.004208
2458380.991638 21.145279 0.004202
2458381.484705 21.146771 0.004207
2458381.977772 21.141349 0.004186
2458382.481366 21.156482 0.004245
2458382.974433 21.145598 0.004203
2458383.467500 21.149936 0.004220
2458383.971094 21.143125 0.004193
2458384.464161 21.142894 0.004192
2458384.957228 21.146916 0.004208
2458385.460821 21.149471 0.004218
2458385.953888 21.141465 0.004187
2458386.446956 21.139721 0.004180
2458386.950549 21.143920 0.004196
2458387.443616 21.140081 0.004182
2458387.936683 21.141825 0.004188
2458388.440277 21.148018 0.004212
2458388.933344 21.144787 0.004200
2458389.426411 21.150721 0.004223
2458389.930005 21.141450 0.004187
2458390.423072 21.145236 0.004201
2458390.916139 21.135983 0.004166
2458391.419732 21.142446 0.004191
2458391.912800 21.144729 0.004199
2458392.405867 21.145525 0.004203
2458392.909460 21.147728 0.004211
2458393.402527 21.139822 0.004181
2458393.895594 21.138800 0.004177
2458394.399188 21.139951 0.004181
2458394.892255 21.143183 0.004193
2458395.385322 21.141739 0.004188
2458395.888916 21.146699 0.004207
2458396.381983 21.150052 0.004220
2458396.875050 21.151099 0.004224
2458397.378644 21.143659 0.004195
2458397.871711 21.148672 0.004215
2458398.364778 21.150415 0.004221
2458398.868371 21.147018 0.004208
2458399.361438 21.142807 0.004192
2458399.854506 21.140902 0.004185
2458400.358099 21.140110 0.004182
2458400.851166 21.139073 0.004178
2458401.344233 21.141681 0.004188
2458401.847827 21.145381 0.004202
2458402.340894 21.142691 0.004192
2458402.833961 21.136773 0.004169
2458403.337555 21.152657 0.004230
2458403.830622 21.145743 0.004203
2458404.323689 21.140672 0.004184
2458404.827282 21.149732 0.004219
2458405.320350 21.147061 0.004208
2458405.813417 21.142735 0.004192
2458406.317010 21.143052 0.004193
2458406.810077 21.147714 0.004211
2458407.303144 21.148076 0.004212
2458407.806738 21.151827 0.004227
2458408.299805 21.141566 0.004187
2458408.792872 21.141263 0.004186
2458409.296466 21.148977 0.004216
2458409.789533 21.148410 0.004214
2458410.282600 21.141970 0.004189
2458410.786194 21.151041 0.004224
2458411.279261 21.152832 0.004231
2458411.772328 21.141623 0.004187
2458412.275921 21.151754 0.004227
2458412.768988 21.138814 0.004177
2458413.262056 21.144310 0.004198
2458413.765649 21.140816 0.004184
2458414.258716 21.147409 0.004210
2458414.751783 21.143732 0.004196
2458415.255377 21.140239 0.004182
2458415.748444 21.144773 0.004200
2458416.241511 21.142027 0.004189
2458416.745105 21.143920 0.004196
2458417.238172 21.143529 0.004195
2458417.731239 21.141075 0.004185
2458418.234832 21.143240 0.004194
2458526.481367 21.142258 0.004190
2458526.984960 21.146409 0.004206
2458527.478027 21.142114 0.004189
2458527.971094 21.146583 0.004207
2458528.474688 21.140758 0.004184
2458528.967755 21.150532 0.004222
2458529.460822 21.146452 0.004206
2458529.964416 21.144657 0.004199
2458530.457483 21.146800 0.004207
2458530.950550 21.152468 0.004229
2458531.454144 21.138713 0.004176
2458531.947211 21.143327 0.004194
2458532.440278 21.142330 0.004190
2458532.943871 21.140643 0.004184
2458533.436938 21.137908 0.004173
2458533.930006 21.147540 0.004210
2458534.433599 21.143703 0.004195
2458534.926666 21.144686 0.004199
2458535.419733 21.141061 0.004185
2458535.923327 21.144614 0.004199
2458536.416394 21.148323 0.004213
2458536.909461 21.145569 0.004203
2458537.413055 21.145120 0.004201
2458537.906122 21.151579 0.004226
2458538.399189 21.152308 0.004229
2458538.902782 21.137879 0.004173
2458539.395850 21.148178 0.004213
2458539.888917 21.146163 0.004205
2458540.392510 21.135911 0.004165
2458540.885577 21.144512 0.004199
2458541.378644 21.147047 0.004208
2458541.882238 21.140081 0.004182
2458542.375305 21.145265 0.004202
2458542.868372 21.144281 0.004198
2458543.371966 21.141479 0.004187
2458543.865033 21.144700 0.004199
2458544.358100 21.140009 0.004181
2458544.861694 21.148164 0.004213
2458545.354761 21.142518 0.004191
2458545.847828 21.147438 0.004210
2458546.351421 21.149587 0.004218
2458546.844488 21.144180 0.004197
2458547.337556 21.151390 0.004225
2458547.841149 21.145989 0.004204
2458548.334216 21.137908 0.004173
2458548.827283 21.146496 0.004206
2458549.330877 21.147279 0.004209
2458549.823944 21.142403 0.004190
2458550.317011 21.135467 0.004164
2458550.820605 21.139289 0.004178
2458551.313672 21.142201 0.004190
2458551.806739 21.140614 0.004184
2458552.310332 21.138728 0.004176
2458552.803400 21.142330 0.004190
2458553.296467 21.143876 0.004196
2458553.800060 21.141537 0.004187
2458554.293127 21.142114 0.004189
2458554.786194 21.144845 0.004200
2458555.289788 21.146641 0.004207
2458555.782855 21.140038 0.004181
2458556.275922 21.143197 0.004194
2458556.779516 21.147641 0.004211
2458557.272583 21.145410 0.004202
2458557.765650 21.142114 0.004189
2458558.269244 21.146858 0.004208
2458558.762311 21.147409 0.004210
2458559.255378 21.143544 0.004195
2458559.758971 21.149107 0.004216
2458560.252038 21.140239 0.004182
2458560.745106 21.140254 0.004182
2458561.248699 21.142836 0.004192
2458561.741766 21.146481 0.004206
2458562.234833 21.140052 0.004181
2458562.738427 21.145207 0.004201
2458563.231494 21.141191 0.004186
2458563.724561 21.139303 0.004179
2458564.228155 21.141047 0.004185
2458564.721222 21.153503 0.004234
2458565.214289 21.143804 0.004196
2458565.717882 21.144238 0.004198
2458566.210950 21.148686 0.004215
2458566.704017 21.136572 0.004168
2458567.207610 21.140499 0.004183
2458567.700677 21.140067 0.004181
2458568.193744 21.141869 0.004188
2458568.697338 21.139145 0.004178
2458569.190405 21.137089 0.004170
2458569.683472 21.132172 0.004151
2458570.187066 21.148643 0.004215
2458570.680133 21.138311 0.004175
2458571.173200 21.147627 0.004211
2458571.676794 21.145265 0.004202
2458572.169861 21.143168 0.004193
2458572.662928 21.140701 0.004184
2458573.166521 21.146539 0.004206
2458573.659588 21.143833 0.004196
2458574.152656 21.137879 0.004173
2458574.656249 21.149311 0.004217
2458575.149316 21.143269 0.004194
2458575.642383 21.140456 0.004183
2458576.145977 21.143775 0.004196
2458576.639044 21.148164 0.004213
2458577.132111 21.144397 0.004198
2458577.635705 21.139606 0.004180
2458578.128772 21.142518 0.004191
2458578.621839 21.141508 0.004187
2458579.125432 21.148468 0.004214
2458579.618500 21.151507 0.004226
2458580.111567 21.154218 0.004236
2458580.615160 21.142663 0.004191
2458581.108227 21.139289 0.004178
2458581.601294 21.146568 0.004207
2458582.104888 21.145945 0.004204
2458582.597955 21.153547 0.004234
2458583.091022 21.140139 0.004182
2458583.594616 21.137505 0.004172
2458584.087683 21.147279 0.004209
2458584.580750 21.149572 0.004218
2458585.084344 21.138800 0.004177
2458585.577411 21.142735 0.004192
2458586.070478 21.146757 0.004207
2458586.574071 21.141811 0.004188
2458587.067138 21.146931 0.004208
2458587.560206 21.143602 0.004195
2458588.063799 21.141595 0.004187
2458588.556866 21.143399 0.004194
2458589.049933 21.145395 0.004202
2458589.553527 21.144628 0.004199
2458590.046594 21.146003 0.004204
2458590.539661 21.143847 0.004196
2458591.043255 21.147264 0.004209
2458591.536322 21.145844 0.004204
2458592.029389 21.135854 0.004165
2458592.532982 21.142937 0.004193
2458593.026050 21.143515 0.004195
2458593.519117 21.136428 0.004167
2458594.022710 21.143688 0.004195
2458594.515777 21.138239 0.004174
2458595.008844 21.141032 0.004185
2458595.512438 21.141768 0.004188
2458596.005505 21.146815 0.004208
2458596.498572 21.138095 0.004174
2458597.002166 21.144700 0.004199
2458597.495233 21.142446 0.004191
2458597.988300 21.148512 0.004214
2458712.204272 21.138771 0.004176
2458712.697339 21.143486 0.004195
2458713.200932 21.145019 0.004201
2458713.694000 21.142648 0.004191
2458714.187067 21.146177 0.004205
2458714.690660 21.149369 0.004217
2458715.183727 21.141234 0.004186
2458715.676794 21.137606 0.004172
2458716.180388 21.143515 0.004195
2458716.673455 21.146481 0.004206
2458717.166522 21.150343 0.004221
2458717.670116 21.147119 0.004209
2458718.163183 21.142244 0.004190
2458718.656250 21.150008 0.004220
2458719.159844 21.145641 0.004203
2458719.652911 21.138944 0.004177
2458720.145978 21.142634 0.004191
2458720.649571 21.143081 0.004193
2458721.142638 21.138972 0.004177
2458721.635706 21.147090 0.004209
2458722.139299 21.140600 0.004184
2458722.632366 21.143934 0.004196
2458723.125433 21.146322 0.004206
2458723.629027 21.142027 0.004189
2458724.122094 21.142735 0.004192
2458724.615161 21.146655 0.004207
2458725.118755 21.144498 0.004199
2458725.611822 21.140989 0.004185
2458726.104889 21.145424 0.004202
2458726.608482 21.146568 0.004207
2458727.101550 21.138670 0.004176
2458727.594617 21.143891 0.004196
2458728.098210 21.145786 0.004204
2458728.591277 21.149689 0.004219
2458729.084344 21.147569 0.004210
2458729.587938 21.137089 0.004170
2458730.081005 21.152949 0.004231
2458730.574072 21.143775 0.004196
2458731.077666 21.151812 0.004227
2458731.570733 21.141984 0.004189
2458732.063800 21.146757 0.004207
2458732.567394 21.140499 0.004183
2458733.060461 21.142749 0.004192
2458733.553528 21.142302 0.004190
2458734.057121 21.145178 0.004201
2458734.550188 21.142720 0.004192
2458735.043256 21.142403 0.004190
2458735.546849 21.141393 0.004187
2458736.039916 21.148178 0.004213
2458736.532983 21.139951 0.004181
2458737.036577 21.141378 0.004187
2458737.529644 21.146641 0.004207
2458738.022711 21.144252 0.004198
2458738.526305 21.141508 0.004187
2458739.019372 21.145989 0.004204
2458739.512439 21.148497 0.004214
2458740.016032 21.147453 0.004210
2458740.509100 21.143630 0.004195
2458741.002167 21.145410 0.004202
2458741.505760 21.143399 0.004194
2458741.998827 21.135725 0.004165
2458742.491894 21.143125 0.004193
2458742.995488 21.135337 0.004163
2458743.488555 21.135280 0.004163
2458743.981622 21.144295 0.004198
2458744.485216 21.137189 0.004170
2458744.978283 21.146307 0.004206
2458745.471350 21.138613 0.004176
2458745.974944 21.140268 0.004182
2458746.468011 21.148512 0.004214
2458746.961078 21.143298 0.004194
2458747.464671 21.141479 0.004187
2458747.957738 21.144064 0.004197
2458748.450806 21.142836 0.004192
2458748.954399 21.146844 0.004208
2458749.447466 21.156760 0.004246
2458749.940533 21.139491 0.004179
2458750.444127 21.145887 0.004204
2458750.937194 21.139001 0.004177
2458751.430261 21.138138 0.004174
2458751.933855 21.142691 0.004192
2458752.426922 21.145048 0.004201
2458752.919989 21.144426 0.004198
2458753.423582 21.146554 0.004207
2458753.916650 21.134549 0.004160
2458754.409717 21.145033 0.004201
2458754.913310 21.136816 0.004169
2458755.406377 21.143139 0.004193
2458755.899444 21.135553 0.004164
2458756.403038 21.141465 0.004187
2458756.896105 21.153488 0.004233
2458757.389172 21.138224 0.004174
2458757.892766 21.149325 0.004217
2458758.385833 21.144426 0.004198
2458758.878900 21.147032 0.004208
2458759.382494 21.151725 0.004227
2458759.875561 21.146539 0.004206
2458760.368628 21.143457 0.004195
2458760.872221 21.148919 0.004216
2458761.365288 21.136658 0.004168
2458761.858356 21.138411 0.004175
2458762.361949 21.147163 0.004209
2458762.855016 21.148570 0.004214
2458763.348083 21.152060 0.004228
2458763.851677 21.138944 0.004177
2458764.344744 21.139793 0.004180
2458764.837811 21.144498 0.004199
2458765.341405 21.142850 0.004192
2458765.834472 21.145265 0.004202
2458766.327539 21.142995 0.004193
2458766.831132 21.147641 0.004211
2458767.324200 21.148468 0.004214
2458767.817267 21.150561 0.004222
2458768.320860 21.142706 0.004192
2458768.813927 21.142561 0.004191
2458769.306994 21.136471 0.004168
2458769.810588 21.143775 0.004196
2458770.303655 21.140845 0.004184
2458770.796722 21.152322 0.004229
2458771.300316 21.147438 0.004210
2458771.793383 21.141926 0.004189
2458772.286450 21.145091 0.004201
2458772.790044 21.151448 0.004226
2458773.283111 21.144353 0.004198
2458773.776178 21.142663 0.004191
2458774.279771 21.146728 0.004207
2458774.772838 21.141349 0.004186
2458775.265906 21.149456 0.004218
2458775.769499 21.145887 0.004204
2458776.262566 21.153984 0.004235
2458776.755633 21.134162 0.004159
2458777.259227 21.146452 0.004206
2458777.752294 21.146597 0.004207
2458778.245361 21.141912 0.004189
2458778.748955 21.140657 0.004184
2458779.242022 21.146742 0.004207
2458779.735089 21.145279 0.004202
2458780.238682 21.142201 0.004190
2458780.731750 21.139303 0.004179
2458781.224817 21.143891 0.004196
2458781.728410 21.143789 0.004196
2458782.221477 21.136112 0.004166
2458782.714544 21.143226 0.004194
2458783.218138 21.142013 0.004189
2458783.711205 21.142908 0.004192
2459622.427944 21.144050 0.004197
2459622.921011 21.141436 0.004187
2459623.424605 21.142533 0.004191
2459623.917672 21.147105 0.004209
2459624.410739 21.142706 0.004192
2459624.914332 21.138311 0.004175
2459625.407400 21.155211 0.004240
2459625.900467 21.140859 0.004185
2459626.404060 21.145366 0.004202
2459626.897127 21.147221 0.004209
2459627.390194 21.147177 0.004209
2459627.893788 21.150634 0.004222
2459628.386855 21.141912 0.004189
2459628.879922 21.139951 0.004181
2459629.383516 21.143038 0.004193
2459629.876583 21.146771 0.004207
2459630.369650 21.138598 0.004176
2459630.873244 21.143081 0.004193
2459631.366311 21.148614 0.004214
2459631.859378 21.139836 0.004181
2459632.362971 21.140859 0.004185
2459632.856038 21.135524 0.004164
2459633.349106 21.136471 0.004168
2459633.852699 21.147975 0.004212
2459634.345766 21.150459 0.004222
2459634.838833 21.139966 0.004181
2459635.342427 21.142793 0.004192
2459635.835494 21.143833 0.004196
2459636.328561 21.141941 0.004189
2459636.832155 21.140902 0.004185
2459637.325222 21.146380 0.004206
2459637.818289 21.139217 0.004178
2459638.321882 21.144874 0.004200
2459638.814950 21.142720 0.004192
2459639.308017 21.144932 0.004200
2459639.811610 21.140585 0.004183
2459640.304677 21.143659 0.004195
2459640.797744 21.147279 0.004209
2459641.301338 21.140729 0.004184
2459641.794405 21.139836 0.004181
2459642.287472 21.145656 0.004203
2459642.791066 21.153459 0.004233
2459643.284133 21.143761 0.004196
2459643.777200 21.140095 0.004182
2459644.280794 21.147003 0.004208
2459644.773861 21.146887 0.004208
2459645.266928 21.139519 0.004179
2459645.770521 21.146539 0.004206
2459646.263588 21.143544 0.004195
2459646.756656 21.146336 0.004206
2459647.260249 21.146568 0.004207
2459647.753316 21.143818 0.004196
2459648.246383 21.139217 0.004178
2459648.749977 21.139361 0.004179
2459649.243044 21.133460 0.004156
2459649.736111 21.147888 0.004212
2459650.239705 21.140758 0.004184
2459650.732772 21.150474 0.004222
2459651.225839 21.143428 0.004194
2459651.729432 21.151056 0.004224
2459652.222500 21.139087 0.004178
2459652.715567 21.135337 0.004163
2459653.219160 21.140297 0.004182
2459653.712227 21.148439 0.004214
2459654.205294 21.143298 0.004194
2459654.708888 21.153036 0.004232
2459655.201955 21.140701 0.004184
2459655.695022 21.140773 0.004184
2459656.198616 21.145728 0.004203
2459656.691683 21.146467 0.004206
2459657.184750 21.145395 0.004202
2459657.688344 21.136730 0.004169
2459658.181411 21.146945 0.004208
2459658.674478 21.144397 0.004198
2459659.178071 21.143761 0.004196
2459659.671138 21.146612 0.004207
2459660.164206 21.139692 0.004180
2459660.667799 21.146873 0.004208
2459661.160866 21.152716 0.004230
2459661.653933 21.139850 0.004181
2459662.157527 21.148977 0.004216
2459662.650594 21.141941 0.004189
2459663.143661 21.143024 0.004193
2459663.647255 21.139721 0.004180
2459664.140322 21.147163 0.004209
2459664.633389 21.142894 0.004192
2459665.136982 21.141522 0.004187
2459665.630050 21.139361 0.004179
2459666.123117 21.142244 0.004190
2459666.626710 21.149165 0.004217
2459667.119777 21.143515 0.004195
2459667.612844 21.144136 0.004197
2459668.116438 21.141162 0.004186
2459668.609505 21.140758 0.004184
2459669.102572 21.142980 0.004193
2459669.606166 21.152308 0.004229
2459670.099233 21.135926 0.004166
2459670.592300 21.138152 0.004174
2459671.095894 21.140110 0.004182
2459671.588961 21.139995 0.004181
2459672.082028 21.153503 0.004234
2459672.585621 21.148483 0.004214
2459673.078688 21.147032 0.004208
2459673.571756 21.140902 0.004185
2459674.075349 21.140095 0.004182
2459674.568416 21.137879 0.004173
2459675.061483 21.146322 0.004206
2459675.565077 21.140340 0.004183
2459676.058144 21.144397 0.004198
2459676.551211 21.147090 0.004209
2459677.054805 21.154554 0.004238
2459677.547872 21.140139 0.004182
2459678.040939 21.147134 0.004209
2459678.544532 21.145395 0.004202
2459679.037600 21.144021 0.004197
2459679.530667 21.146815 0.004208
2459680.034260 21.146742 0.004207
2459680.527327 21.137089 0.004170
2459681.020394 21.143573 0.004195
2459681.523988 21.142100 0.004189
2459682.017055 21.143630 0.004195
2459682.510122 21.139966 0.004181
2459683.013716 21.136428 0.004167
2459683.506783 21.152381 0.004229
2459683.999850 21.144426 0.004198
2459684.503444 21.144570 0.004199
2459684.996511 21.140441 0.004183
2459685.489578 21.149253 0.004217
2459685.993171 21.145858 0.004204
2459686.486238 21.146844 0.004208
2459686.979306 21.132501 0.004152
2459687.482899 21.141623 0.004187
2459687.975966 21.146887 0.004208
2459688.469033 21.147061 0.004208
2459688.972627 21.133962 0.004158
2459689.465694 21.142923 0.004192
2459689.958761 21.133288 0.004155
2459690.462355 21.141869 0.004188
2459690.955422 21.144889 0.004200
2459691.448489 21.145945 0.004204
2459691.952082 21.148730 0.004215
2459692.445150 21.141003 0.004185
2459692.938217 21.148860 0.004215
2459693.441810 21.149645 0.004219
2459693.934877 21.143356 0.004194
2459807.647256 21.139476 0.004179
2459808.150849 21.149630 0.004218
2459808.643916 21.142850 0.004192
2459809.136983 21.142460 0.004191
2459809.640577 21.148860 0.004215
2459810.133644 21.142244 0.004190
2459810.626711 21.143183 0.004193
2459811.130305 21.141018 0.004185
2459811.623372 21.143255 0.004194
2459812.116439 21.143630 0.004195
2459812.620032 21.145410 0.004202
2459813.113100 21.140729 0.004184
2459813.606167 21.150765 0.004223
2459814.109760 21.145685 0.004203
2459814.602827 21.139332 0.004179
2459815.095894 21.144006 0.004197
2459815.599488 21.136428 0.004167
2459816.092555 21.146525 0.004206
2459816.585622 21.138929 0.004177
2459817.089216 21.141710 0.004188
2459817.582283 21.138598 0.004176
2459818.075350 21.142446 0.004191
2459818.578944 21.148599 0.004214
2459819.072011 21.147975 0.004212
2459819.565078 21.148991 0.004216
2459820.068671 21.142403 0.004190
2459820.561738 21.145019 0.004201
2459821.054806 21.141436 0.004187
2459821.558399 21.143125 0.004193
2459822.051466 21.144064 0.004197
2459822.544533 21.145395 0.004202
2459823.048127 21.152876 0.004231
2459823.541194 21.132172 0.004151
2459824.034261 21.139534 0.004179
2459824.537855 21.142013 0.004189
2459825.030922 21.145265 0.004202
2459825.523989 21.144585 0.004199
2459826.027582 21.147830 0.004211
2459826.520650 21.149907 0.004220
2459827.013717 21.142013 0.004189
2459827.517310 21.144483 0.004198
2459828.010377 21.139750 0.004180
2459828.503444 21.137089 0.004170
2459829.007038 21.146481 0.004206
2459829.500105 21.149471 0.004218
2459829.993172 21.141537 0.004187
2459830.496766 21.137549 0.004172
2459830.989833 21.139793 0.004180
2459831.482900 21.143154 0.004193
2459831.986494 21.137232 0.004171
2459832.479561 21.142330 0.004190
2459832.972628 21.149572 0.004218
2459833.476221 21.141162 0.004186
2459833.969288 21.141364 0.004186
2459834.462356 21.144874 0.004200
2459834.965949 21.144614 0.004199
2459835.459016 21.142244 0.004190
2459835.952083 21.148193 0.004213
2459836.455677 21.140067 0.004181
2459836.948744 21.146554 0.004207
2459837.441811 21.140830 0.004184
2459837.945405 21.148381 0.004214
2459838.438472 21.141912 0.004189
2459838.931539 21.141782 0.004188
2459839.435132 21.140326 0.004182
2459839.928200 21.146235 0.004205
2459840.421267 21.143833 0.004196
2459840.924860 21.136730 0.004169
2459841.417927 21.142561 0.004191
2459841.910994 21.144614 0.004199
2459842.414588 21.143414 0.004194
2459842.907655 21.141782 0.004188
2459843.400722 21.152978 0.004231
2459843.904316 21.140715 0.004184
2459844.397383 21.144903 0.004200
2459844.890450 21.133675 0.004157
2459845.394044 21.141667 0.004188
2459845.887111 21.149689 0.004219
2459846.380178 21.140211 0.004182
2459846.883771 21.142374 0.004190
2459847.376838 21.142720 0.004192
2459847.869906 21.136486 0.004168
2459848.373499 21.139433 0.004179
2459848.866566 21.140081 0.004182
2459849.359633 21.140874 0.004185
2459849.863227 21.139750 0.004180
2459850.356294 21.144961 0.004200
2459850.849361 21.138886 0.004177
2459851.352955 21.141984 0.004189
2459851.846022 21.141119 0.004186
2459852.339089 21.142561 0.004191
2459852.842682 21.146409 0.004206
2459853.335750 21.140931 0.004185
2459853.828817 21.148614 0.004214
2459854.332410 21.144397 0.004198
2459854.825477 21.143977 0.004197
2459855.318544 21.144136 0.004197
2459855.822138 21.146728 0.004207
2459856.315205 21.146815 0.004208
2459856.808272 21.150299 0.004221
2459857.311866 21.159177 0.004256
2459857.804933 21.146887 0.004208
2459858.298000 21.140513 0.004183
2459858.801594 21.142417 0.004191
2459859.294661 21.149863 0.004219
2459859.787728 21.149630 0.004218
2459860.291321 21.140744 0.004184
2459860.784388 21.144961 0.004200
2459861.277456 21.134778 0.004161
2459861.781049 21.140686 0.004184
2459862.274116 21.144339 0.004198
2459862.767183 21.147119 0.004209
2459863.270777 21.142764 0.004192
2459863.763844 21.144122 0.004197
2459864.256911 21.143486 0.004195
2459864.760505 21.144426 0.004198
2459865.253572 21.139937 0.004181
2459865.746639 21.149674 0.004219
2459866.250232 21.147105 0.004209
2459866.743300 21.137778 0.004173
2459867.236367 21.143616 0.004195
2459867.739960 21.151274 0.004225
2459868.233027 21.149587 0.004218
2459868.726094 21.137721 0.004172
2459869.229688 21.145439 0.004202
2459869.722755 21.141364 0.004186
2459870.215822 21.144006 0.004197
2459870.719416 21.143905 0.004196
2459871.212483 21.145467 0.004202
2459871.705550 21.142908 0.004192
2459872.209144 21.146467 0.004206
2459872.702211 21.149834 0.004219
2459873.195278 21.146612 0.004207
2459873.698871 21.141652 0.004188
2459874.191938 21.145598 0.004203
2459874.685006 21.140095 0.004182
2459875.188599 21.144079 0.004197
2459875.681666 21.140816 0.004184
2459876.174733 21.143862 0.004196
2459876.678327 21.146815 0.004208
2459877.171394 21.142937 0.004193
2459877.664461 21.150430 0.004222
2459878.168055 21.147177 0.004209
2459878.661122 21.144411 0.004198
2459879.154189 21.142114 0.004189
2459987.411250 21.146279 0.004205
2459987.904317 21.147148 0.004209
2459988.407910 21.135452 0.004164
2459988.900977 21.145467 0.004202
2459989.394044 21.139750 0.004180
2459989.897638 21.142027 0.004189
2459990.390705 21.139116 0.004178
2459990.883772 21.139548 0.004179
2459991.387366 21.145612 0.004203
2459991.880433 21.152497 0.004230
2459992.373500 21.146539 0.004206
2459992.877094 21.142764 0.004192
2459993.370161 21.137563 0.004172
2459993.863228 21.142143 0.004189
2459994.366821 21.139534 0.004179
2459994.859888 21.143977 0.004197
2459995.352956 21.141811 0.004188
2459995.856549 21.143052 0.004193
2459996.349616 21.139102 0.004178
2459996.842683 21.141941 0.004189
2459997.346277 21.148338 0.004213
2459997.839344 21.144122 0.004197
2459998.332411 21.142677 0.004192
2459998.836005 21.141522 0.004187
2459999.329072 21.144527 0.004199
2459999.822139 21.141349 0.004186
2460000.325732 21.140139 0.004182
2460000.818800 21.143341 0.004194
2460001.311867 21.148614 0.004214
2460001.815460 21.151579 0.004226
2460002.308527 21.140441 0.004183
2460002.801594 21.145829 0.004204
2460003.305188 21.147627 0.004211
2460003.798255 21.146945 0.004208
2460004.291322 21.140701 0.004184
2460004.794916 21.145164 0.004201
2460005.287983 21.151128 0.004224
2460005.781050 21.142619 0.004191
2460006.284644 21.148439 0.004214
2460006.777711 21.142821 0.004192
2460007.270778 21.146134 0.004205
2460007.774371 21.145308 0.004202
2460008.267438 21.140311 0.004182
2460008.760506 21.136629 0.004168
2460009.264099 21.146902 0.004208
2460009.757166 21.151987 0.004228
2460010.250233 21.152162 0.004228
2460010.753827 21.142143 0.004189
2460011.246894 21.146510 0.004206
2460011.739961 21.143211 0.004194
2460012.243555 21.148076 0.004212
2460012.736622 21.149296 0.004217
2460013.229689 21.140874 0.004185
2460013.733282 21.144469 0.004198
2460014.226350 21.139462 0.004179
2460014.719417 21.142706 0.004192
2460015.223010 21.145381 0.004202
2460015.716077 21.149369 0.004217
2460016.209144 21.144469 0.004198
2460016.712738 21.139203 0.004178
2460017.205805 21.144209 0.004197
2460017.698872 21.147061 0.004208
2460018.202466 21.147119 0.004209
2460018.695533 21.138857 0.004177
2460019.188600 21.145120 0.004201
2460019.692194 21.142533 0.004191
2460020.185261 21.151900 0.004227
2460020.678328 21.146525 0.004206
2460021.181921 21.149107 0.004216
2460021.674988 21.137333 0.004171
2460022.168056 21.148410 0.004214
2460022.671649 21.145670 0.004203
2460023.164716 21.143009 0.004193
2460023.657783 21.141796 0.004188
2460024.161377 21.149514 0.004218
2460024.654444 21.148193 0.004213
2460025.147511 21.146307 0.004206
2460025.651105 21.136988 0.004170
2460026.144172 21.150517 0.004222
2460026.637239 21.136945 0.004169
2460027.140832 21.149848 0.004219
2460027.633900 21.141393 0.004187
2460028.126967 21.146742 0.004207
2460028.630560 21.132072 0.004151
2460029.123627 21.144353 0.004198
2460029.616694 21.145453 0.004202
2460030.120288 21.148164 0.004213
2460030.613355 21.151376 0.004225
2460031.106422 21.147743 0.004211
2460031.610016 21.142778 0.004192
2460032.103083 21.145554 0.004203
2460032.596150 21.149718 0.004219
2460033.099744 21.147772 0.004211
2460033.592811 21.152585 0.004230
2460034.085878 21.144353 0.004198
2460034.589471 21.138181 0.004174
2460035.082538 21.136242 0.004167
2460035.575606 21.142648 0.004192
2460036.079199 21.143746 0.004196
2460036.572266 21.143457 0.004195
2460037.065333 21.142720 0.004192
2460037.568927 21.148991 0.004216
2460038.061994 21.146800 0.004208
2460038.555061 21.148207 0.004213
2460039.058655 21.153240 0.004233
2460039.551722 21.141220 0.004186
2460040.044789 21.141955 0.004189
2460040.548382 21.137434 0.004172
2460041.041450 21.141984 0.004189
2460041.534517 21.147685 0.004212
2460042.038110 21.149238 0.004218
2460042.531177 21.143876 0.004197
2460043.024244 21.137247 0.004171
2460043.527838 21.136371 0.004168
2460044.020905 21.150561 0.004223
2460044.513972 21.137735 0.004174
2460045.017566 21.139908 0.004182
2460045.510633 21.149107 0.004218
2460046.003700 21.146148 0.004207
2460046.507294 21.141234 0.004188
2460047.000361 21.138872 0.004179
2460047.493428 21.146264 0.004208
2460047.997021 21.145337 0.004205
2460048.490088 21.137189 0.004174
2460048.983156 21.140297 0.004187
2460049.486749 21.139404 0.004184
2460049.979816 21.142937 0.004198
2460050.472883 21.139188 0.004185
2460050.976477 21.140052 0.004189
2460051.469544 21.133833 0.004167
2460051.962611 21.144917 0.004211
2460052.466205 21.140081 0.004195
2460052.959272 21.132358 0.004168
2460053.452339 21.130829 0.004165
2460053.955932 21.128019 0.004159
2460054.449000 21.133346 0.004184
2460054.942067 21.128461 0.004172
2460055.445660 21.120763 0.004150
2460055.938727 21.119858 0.004155
2460056.431794 21.105545 0.004109
2460056.935388 21.109753 0.004132
2460057.428455 21.108689 0.004130
2460057.921522 21.110734 0.004136
2460058.425116 21.111716 0.004133
2460058.918183 21.116526 0.004143
