2458346.727899 28.204634 0.083292
2458347.220966 28.492675 0.108598
2458347.714033 28.377950 0.097708
2458348.217627 28.235583 0.085701
2458348.710694 28.382434 0.098113
2458349.203761 28.264750 0.088034
2458349.707355 28.445638 0.103994
2458350.200422 28.437731 0.103239
2458350.693489 28.366084 0.096646
2458351.197082 28.366084 0.096646
2458351.690150 28.380937 0.097978
2458352.183217 28.336974 0.094090
2458352.686810 28.649321 0.125453
2458353.179877 28.422086 0.101762
2458353.672944 28.409730 0.100611
2458354.176538 28.363138 0.096384
2458354.669605 28.172072 0.080832
2458355.162672 28.334106 0.093841
2458355.666266 28.186979 0.081949
2458356.159333 28.358733 0.095994
2458356.652400 28.317052 0.092379
2458357.155994 28.372001 0.097175
2458357.649061 28.329817 0.093471
2458358.142128 28.293342 0.090383
2458358.645721 28.336974 0.094090
2458359.138788 28.497660 0.109098
2458359.631856 28.415890 0.101183
2458360.135449 28.267441 0.088253
2458360.628516 28.402079 0.099904
2458361.121583 28.372001 0.097175
2458361.625177 28.678431 0.128862
2458362.118244 28.230364 0.085290
2458362.611311 28.310024 0.091783
2458363.114905 28.311426 0.091902
2458363.607972 28.286466 0.089813
2458364.101039 28.418984 0.101472
2458364.604632 28.319876 0.092620
2458365.097700 28.264750 0.088034
2458365.590767 28.328391 0.093349
2458366.094360 28.500995 0.109434
2458366.587427 28.380937 0.097978
2458367.080494 28.486065 0.107939
2458367.584088 28.380937 0.097978
2458368.077155 28.479495 0.107288
2458368.570222 28.114409 0.076651
2458369.073816 28.283727 0.089587
2458369.566883 28.278271 0.089138
2458370.059950 28.326967 0.093227
2458370.563544 28.335539 0.093966
2458371.056611 28.180743 0.081480
2458371.549678 28.328391 0.093349
2458372.053271 28.369038 0.096910
2458372.546338 28.428317 0.102348
2458373.039406 28.347074 0.094969
2458373.542999 28.183233 0.081667
2458374.036066 28.280996 0.089362
2458374.529133 28.433013 0.102792
2458375.032727 28.268789 0.088363
2458375.525794 28.334106 0.093842
2458376.018861 28.440887 0.103540
2458376.522455 28.300262 0.090962
2458377.015522 28.180743 0.081480
2458377.508589 28.332674 0.093718
2458378.012182 28.431446 0.102644
2458378.505250 28.345625 0.094843
2458378.998317 28.372001 0.097175
2458379.501910 28.509379 0.110282
2458379.994977 28.293342 0.090384
2458380.488044 28.511064 0.110453
2458380.991638 28.268789 0.088363
2458381.484705 28.397514 0.099485
2458381.977772 28.283727 0.089587
2458382.481366 28.422086 0.101763
2458382.974433 28.363138 0.096385
2458383.467500 28.286466 0.089813
2458383.971094 28.363138 0.096385
2458384.464161 28.500995 0.109434
2458384.957228 28.361668 0.096255
2458385.460821 28.395996 0.099346
2458385.953888 28.251395 0.086959
2458386.446956 28.165920 0.080375
2458386.950549 28.200827 0.083001
2458387.443616 28.272843 0.088693
2458387.936683 28.389947 0.098795
2458388.440277 28.541843 0.113630
2458388.933344 28.409730 0.100611
2458389.426411 28.409730 0.100611
2458389.930005 28.193252 0.082424
2458390.423072 28.255385 0.087279
2458390.916139 28.507697 0.110112
2458391.419732 28.357269 0.095866
2458391.912800 28.439308 0.103390
2458392.405867 28.389947 0.098795
2458392.909460 28.242144 0.086221
2458393.402527 28.344179 0.094717
2458393.895594 28.227763 0.085087
2458394.399188 28.357269 0.095866
2458394.892255 28.331245 0.093595
2458395.385322 28.308624 0.091665
2458395.888916 28.348525 0.095097
2458396.381983 28.383932 0.098249
2458396.875050 28.372001 0.097175
2458397.378644 28.197033 0.082712
2458397.871711 28.389947 0.098795
2458398.364778 28.311426 0.091902
2458398.868371 28.289211 0.090041
2458399.361438 28.186979 0.081950
2458399.854506 28.311426 0.091902
2458400.358099 28.203363 0.083196
2458400.851166 28.258052 0.087494
2458401.344233 28.278271 0.089138
2458401.847827 28.495996 0.108932
2458402.340894 28.426756 0.102202
2458402.833961 28.275554 0.088916
2458403.337555 28.557566 0.115288
2458403.830622 28.392968 0.099071
2458404.323689 28.464855 0.105852
2458404.827282 28.383932 0.098250
2458405.320350 28.364610 0.096516
2458405.813417 28.364610 0.096516
2458406.317010 28.235583 0.085702
2458406.810077 28.486065 0.107940
2458407.303144 28.474593 0.106806
2458407.806738 28.355807 0.095737
2458408.299805 28.279633 0.089251
2458408.792872 28.325545 0.093106
2458409.296466 28.369038 0.096911
2458409.789533 28.376460 0.097576
2458410.282600 28.550550 0.114546
2458410.786194 28.349977 0.095225
2458411.279261 28.199560 0.082905
2458411.772328 28.318463 0.092501
2458412.275921 28.279633 0.089251
2458412.768988 28.448818 0.104301
2458413.262056 28.334106 0.093843
2458413.765649 28.217422 0.084281
2458414.258716 28.154935 0.079567
2458414.751783 28.342734 0.094592
2458415.255377 28.341291 0.094466
2458415.748444 28.278271 0.089139
2458416.241511 28.271490 0.088584
2458416.745105 28.217422 0.084281
2458417.238172 28.403605 0.100047
2458417.731239 28.305830 0.091431
2458418.234832 28.262066 0.087819
2458526.481367 27.486284 0.047116
2458526.984960 27.388482 0.043651
2458527.478027 27.351934 0.042918
2458527.971094 27.165930 0.036937
2458528.474688 27.099619 0.035744
2458528.967755 26.833621 0.029024
2458529.460822 26.644938 0.025612
2458529.964416 26.418986 0.022120
2458530.457483 26.732397 0.027156
2458530.950550 26.209354 0.019027
2458531.454144 26.437805 0.022185
2458531.947211 26.642522 0.025274
2458532.440278 26.885552 0.030192
2458532.943871 27.063026 0.034322
2458533.436938 27.223602 0.038768
2458533.930006 27.316015 0.041368
2458534.433599 27.394494 0.043751
2458534.926666 27.512847 0.048168
2458535.419733 27.548381 0.049250
2458535.923327 27.678087 0.055005
2458536.416394 27.664861 0.053940
2458536.909461 27.866532 0.064542
2458537.413055 27.838951 0.062577
2458537.906122 27.847152 0.062756
2458538.399189 27.939712 0.068061
2458538.902782 27.908296 0.065876
2458539.395850 28.039813 0.074122
2458539.888917 27.980305 0.069970
2458540.392510 27.954757 0.068165
2458540.885577 28.018184 0.072102
2458541.378644 28.046386 0.073847
2458541.882238 27.994879 0.070292
2458542.375305 28.115579 0.078426
2458542.868372 28.008590 0.070957
2458543.371966 28.216137 0.085783
2458543.865033 28.122630 0.078604
2458544.358100 28.203363 0.084573
2458544.861694 28.013909 0.070954
2458545.354761 28.107411 0.077259
2458545.847828 28.126172 0.078534
2458546.351421 28.223874 0.085856
2458546.844488 28.179500 0.082354
2458547.337556 28.157366 0.080635
2458547.841149 28.373485 0.098328
2458548.334216 28.238203 0.086756
2458548.827283 28.274197 0.089629
2458549.330877 28.331245 0.094413
2458549.823944 28.216137 0.084874
2458550.317011 28.328391 0.094076
2458550.820605 28.431446 0.103397
2458551.313672 28.317052 0.093020
2458551.806739 28.067469 0.073889
2458552.310332 28.232970 0.086026
2458552.803400 28.349977 0.095783
2458553.296467 28.235583 0.086178
2458553.800060 28.217422 0.084724
2458554.293127 28.360199 0.096605
2458554.786194 28.310024 0.092219
2458555.289788 28.285096 0.090104
2458555.782855 28.315643 0.092654
2458556.275922 28.255385 0.087634
2458556.779516 28.406663 0.100715
2458557.272583 28.502667 0.110006
2458557.765650 28.256718 0.087692
2458558.269244 28.103930 0.076168
2458558.762311 28.285096 0.089985
2458559.255378 28.100459 0.075901
2458559.758971 28.342734 0.094863
2458560.252038 28.168377 0.080779
2458560.745106 28.358733 0.096247
2458561.248699 28.294722 0.090726
2458561.741766 28.519526 0.111584
2458562.234833 28.129726 0.077918
2458562.738427 28.209731 0.083868
2458563.231494 28.331245 0.093791
2458563.724561 28.244779 0.086603
2458564.228155 28.274197 0.088974
2458564.721222 28.321290 0.092911
2458565.214289 28.386936 0.098694
2458565.717882 28.369038 0.097073
2458566.210950 28.448818 0.104467
2458566.704017 28.300262 0.091102
2458567.207610 28.304435 0.091447
2458567.700677 28.303042 0.091325
2458568.193744 28.487714 0.108251
2458568.697338 28.311426 0.092022
2458569.190405 28.379443 0.097966
2458569.683472 28.231666 0.085496
2458570.187066 28.263407 0.088028
2458570.680133 28.318463 0.092603
2458571.173200 28.175780 0.081196
2458571.676794 28.231666 0.085481
2458572.169861 28.222580 0.084765
2458572.662928 28.248744 0.086829
2458573.166521 28.448818 0.104395
2458573.659588 28.352888 0.095564
2458574.152656 28.487714 0.108196
2458574.656249 28.272843 0.088766
2458575.149316 28.315643 0.092333
2458575.642383 28.294722 0.090568
2458576.145977 28.286466 0.089879
2458576.639044 28.322707 0.092928
2458577.132111 28.357269 0.095931
2458577.635705 28.414347 0.101107
2458578.128772 28.494334 0.108834
2458578.621839 28.349977 0.095282
2458579.125432 28.463241 0.105757
2458579.618500 28.304435 0.091365
2458580.111567 28.256718 0.087434
2458580.615160 28.226465 0.085030
2458581.108227 28.358733 0.096045
2458581.601294 28.358733 0.096043
2458582.104888 28.336974 0.094136
2458582.597955 28.293342 0.090426
2458583.091022 28.332674 0.093761
2458583.594616 28.314235 0.092180
2458584.087683 28.317052 0.092419
2458584.580750 28.315643 0.092297
2458585.084344 28.332674 0.093756
2458585.577411 28.450411 0.104493
2458586.070478 28.458412 0.105264
2458586.574071 28.232970 0.085526
2458587.067138 28.279633 0.089281
2458587.560206 28.385433 0.098418
2458588.063799 28.116751 0.076842
2458588.556866 28.425197 0.102087
2458589.049933 28.352888 0.095509
2458589.553527 28.399033 0.099655
2458590.046594 28.452006 0.104637
2458590.539661 28.418984 0.101501
2458591.043255 28.267441 0.088277
2458591.536322 28.275554 0.088939
2458592.029389 28.260727 0.087732
2458592.532982 28.394481 0.099233
2458593.026050 28.428317 0.102373
2458593.519117 28.325545 0.093127
2458594.022710 28.264750 0.088055
2458594.515777 28.310024 0.091804
2458595.008844 28.334106 0.093862
2458595.512438 28.347074 0.094989
2458596.005505 28.382434 0.098133
2458596.498572 28.263407 0.087943
2458597.002166 28.291963 0.090287
2458597.495233 28.262066 0.087834
2458597.988300 28.300262 0.090978
2458712.204272 28.297488 0.090729
2458712.697339 28.373485 0.097307
2458713.200932 28.221289 0.084580
2458713.694000 28.414347 0.101039
2458714.187067 28.547059 0.114176
2458714.690660 28.377950 0.097708
2458715.183727 28.243461 0.086325
2458715.676794 28.324125 0.092983
2458716.180388 28.318463 0.092499
2458716.673455 28.445638 0.103994
2458717.166522 28.091258 0.075033
2458717.670116 28.140458 0.078512
2458718.163183 28.360199 0.096124
2458718.656250 28.571735 0.116801
2458719.159844 28.254053 0.087171
2458719.652911 28.383932 0.098248
2458720.145978 28.336974 0.094090
2458720.649571 28.389947 0.098794
2458721.142638 28.259389 0.087601
2458721.635706 28.392968 0.099069
2458722.139299 28.147672 0.079035
2458722.632366 28.403605 0.100045
2458723.125433 28.436156 0.103089
2458723.629027 28.406663 0.100327
2458724.122094 28.397514 0.099485
2458724.615161 28.307226 0.091546
2458725.118755 28.399033 0.099624
2458725.611822 28.573520 0.116993
2458726.104889 28.468092 0.106167
2458726.608482 28.376460 0.097574
2458727.101550 28.236892 0.085804
2458727.594617 28.400555 0.099764
2458728.098210 28.436156 0.103089
2458728.591277 28.405133 0.100185
2458729.084344 28.222580 0.084680
2458729.587938 28.423640 0.101908
2458730.081005 28.445638 0.103994
2458730.574072 28.502667 0.109602
2458731.077666 28.285096 0.089699
2458731.570733 28.417436 0.101327
2458732.063800 28.296104 0.090613
2458732.567394 28.439308 0.103389
2458733.060461 28.342734 0.094590
2458733.553528 28.376460 0.097574
2458734.057121 28.417436 0.101327
2458734.550188 28.582485 0.117963
2458735.043256 28.418984 0.101472
2458735.546849 28.325545 0.093104
2458736.039916 28.345625 0.094842
2458736.532983 28.203363 0.083195
2458737.036577 28.195771 0.082615
2458737.529644 28.391456 0.098931
2458738.022711 28.548803 0.114359
2458738.526305 28.415890 0.101183
2458739.019372 28.266095 0.088143
2458739.512439 28.385433 0.098384
2458740.016032 28.349977 0.095223
2458740.509100 28.290586 0.090154
2458741.002167 28.367560 0.096778
2458741.505760 28.322707 0.092861
2458741.998827 28.195771 0.082615
2458742.491894 28.373485 0.097307
2458742.995488 28.573520 0.116993
2458743.488555 28.338411 0.094214
2458743.981622 28.366084 0.096646
2458744.485216 28.235583 0.085701
2458744.978283 28.198296 0.082807
2458745.471350 28.367560 0.096778
2458745.974944 28.402079 0.099904
2458746.468011 28.373485 0.097307
2458746.961078 28.308624 0.091664
2458747.464671 28.450411 0.104452
2458747.957738 28.450411 0.104452
2458748.450806 28.259389 0.087600
2458748.954399 28.352888 0.095479
2458749.447466 28.303042 0.091194
2458749.940533 28.586092 0.118355
2458750.444127 28.258052 0.087493
2458750.937194 28.236892 0.085804
2458751.430261 28.262066 0.087817
2458751.933855 28.554052 0.114914
2458752.426922 28.307226 0.091546
2458752.919989 28.262066 0.087817
2458753.423582 28.229062 0.085187
2458753.916650 28.242144 0.086220
2458754.409717 28.268789 0.088362
2458754.913310 28.444052 0.103842
2458755.406377 28.472964 0.106644
2458755.899444 28.276912 0.089026
2458756.403038 28.351432 0.095351
2458756.896105 28.286466 0.089813
2458757.389172 28.154935 0.079565
2458757.892766 28.291963 0.090268
2458758.385833 28.278271 0.089137
2458758.878900 28.243461 0.086325
2458759.382494 28.349977 0.095223
2458759.875561 28.213570 0.083981
2458760.368628 28.450411 0.104452
2458760.872221 28.528055 0.112195
2458761.365288 28.226465 0.084984
2458761.858356 28.522930 0.111666
2458762.361949 28.415890 0.101183
2458762.855016 28.254053 0.087171
2458763.348083 28.363138 0.096384
2458763.851677 28.310024 0.091783
2458764.344744 28.455204 0.104914
2458764.837811 28.460019 0.105380
2458765.341405 28.289211 0.090040
2458765.834472 28.259389 0.087600
2458766.327539 28.360199 0.096124
2458766.831132 28.377950 0.097708
2458767.324200 28.157366 0.079744
2458767.817267 28.461629 0.105536
2458768.320860 28.307226 0.091546
2458768.813927 28.186979 0.081949
2458769.306994 28.250069 0.086852
2458769.810588 28.223874 0.084781
2458770.303655 28.312830 0.092020
2458770.796722 28.280996 0.089361
2458771.300316 28.326967 0.093226
2458771.793383 28.317052 0.092379
2458772.286450 28.521227 0.111491
2458772.790044 28.423640 0.101908
2458773.283111 28.494334 0.108764
2458773.776178 28.395996 0.099346
2458774.279771 28.425197 0.102054
2458774.772838 28.400555 0.099764
2458775.265906 28.239515 0.086011
2458775.769499 28.296104 0.090613
2458776.262566 28.303042 0.091194
2458776.755633 28.461629 0.105536
2458777.259227 28.326967 0.093226
2458777.752294 28.448818 0.104298
2458778.245361 28.405133 0.100185
2458778.748955 28.310024 0.091783
2458779.242022 28.200827 0.083001
2458779.735089 28.423640 0.101908
2458780.238682 28.307226 0.091546
2458780.731750 28.347074 0.094969
2458781.224817 28.217422 0.084279
2458781.728410 28.355807 0.095736
2458782.221477 28.173306 0.080923
2458782.714544 28.230364 0.085290
2458783.218138 28.285096 0.089699
2458783.711205 28.326967 0.093226
2459622.427944 28.304435 0.091311
2459622.921011 28.254053 0.087171
2459623.424605 28.255385 0.087278
2459623.917672 28.279633 0.089249
2459624.410739 28.429880 0.102495
2459624.914332 28.367560 0.096777
2459625.407400 28.379443 0.097842
2459625.900467 28.373485 0.097307
2459626.404060 28.213570 0.083980
2459626.897127 28.471337 0.106484
2459627.390194 28.218710 0.084379
2459627.893788 28.207180 0.083488
2459628.386855 28.452006 0.104605
2459628.879922 28.283727 0.089586
2459629.383516 28.499326 0.109265
2459629.876583 28.348525 0.095095
2459630.369650 28.315643 0.092259
2459630.873244 28.252724 0.087064
2459631.366311 28.364610 0.096515
2459631.859378 28.262066 0.087817
2459632.362971 28.049688 0.072215
2459632.856038 28.380937 0.097977
2459633.349106 28.382434 0.098112
2459633.852699 28.290586 0.090154
2459634.345766 28.341291 0.094464
2459634.838833 28.254053 0.087171
2459635.342427 28.280996 0.089361
2459635.835494 28.402079 0.099904
2459636.328561 28.382434 0.098112
2459636.832155 28.482775 0.107612
2459637.325222 28.255385 0.087278
2459637.818289 28.235583 0.085701
2459638.321882 28.345625 0.094842
2459638.814950 28.298874 0.090845
2459639.308017 28.304435 0.091311
2459639.811610 28.305830 0.091429
2459640.304677 28.331245 0.093594
2459640.797744 28.489365 0.108267
2459641.301338 28.408195 0.100468
2459641.794405 28.418984 0.101471
2459642.287472 28.351432 0.095350
2459642.791066 28.251395 0.086958
2459643.284133 28.262066 0.087817
2459643.777200 28.310024 0.091782
2459644.280794 28.251395 0.086958
2459644.773861 28.267441 0.088252
2459645.266928 28.497660 0.109097
2459645.770521 28.332674 0.093717
2459646.263588 28.329817 0.093471
2459646.756656 28.367560 0.096777
2459647.260249 28.223874 0.084781
2459647.753316 28.144059 0.078772
2459648.246383 28.402079 0.099904
2459648.749977 28.385433 0.098384
2459649.243044 28.383932 0.098248
2459649.736111 28.272843 0.088693
2459650.239705 28.194510 0.082519
2459650.732772 28.282361 0.089473
2459651.225839 28.321290 0.092740
2459651.729432 28.415890 0.101183
2459652.222500 28.452006 0.104605
2459652.715567 28.516134 0.110969
2459653.219160 28.246099 0.086535
2459653.712227 28.272843 0.088693
2459654.205294 28.266095 0.088143
2459654.708888 28.373485 0.097307
2459655.201955 28.246099 0.086535
2459655.695022 28.207180 0.083488
2459656.198616 28.514441 0.110797
2459656.691683 28.484419 0.107775
2459657.184750 28.422086 0.101762
2459657.688344 28.248744 0.086746
2459658.181411 28.318463 0.092499
2459658.674478 28.447227 0.104146
2459659.178071 28.431446 0.102643
2459659.671138 28.252724 0.087064
2459660.164206 28.552299 0.114728
2459660.667799 28.256718 0.087385
2459661.160866 28.267441 0.088252
2459661.653933 28.461629 0.105536
2459662.157527 28.222580 0.084680
2459662.650594 28.361668 0.096254
2459663.143661 28.502667 0.109602
2459663.647255 28.429880 0.102495
2459664.140322 28.051895 0.072362
2459664.633389 28.286466 0.089812
2459665.136982 28.450411 0.104451
2459665.630050 28.509379 0.110281
2459666.123117 28.499326 0.109265
2459666.626710 28.431446 0.102643
2459667.119777 28.199560 0.082904
2459667.612844 28.248744 0.086746
2459668.116438 28.428317 0.102347
2459668.609505 28.495996 0.108930
2459669.102572 28.207180 0.083488
2459669.606166 28.296104 0.090613
2459670.099233 28.314235 0.092139
2459670.592300 28.267441 0.088252
2459671.095894 28.463241 0.105693
2459671.588961 28.338411 0.094214
2459672.082028 28.283727 0.089586
2459672.585621 28.589712 0.118750
2459673.078688 28.439308 0.103389
2459673.571756 28.402079 0.099904
2459674.075349 28.254053 0.087171
2459674.568416 28.243461 0.086325
2459675.061483 28.247421 0.086640
2459675.565077 28.447227 0.104146
2459676.058144 28.363138 0.096384
2459676.551211 28.278271 0.089137
2459677.054805 28.332674 0.093717
2459677.547872 28.211009 0.083783
2459678.040939 28.225169 0.084882
2459678.544532 28.285096 0.089699
2459679.037600 28.286466 0.089812
2459679.530667 28.242144 0.086220
2459680.034260 28.363138 0.096384
2459680.527327 28.280996 0.089361
2459681.020394 28.109739 0.076321
2459681.523988 28.197033 0.082711
2459682.017055 28.301651 0.091077
2459682.510122 28.329817 0.093471
2459683.013716 28.246099 0.086535
2459683.506783 28.267441 0.088252
2459683.999850 28.481134 0.107449
2459684.503444 28.218710 0.084379
2459684.996511 28.243461 0.086325
2459685.489578 28.436156 0.103089
2459685.993171 28.200827 0.083000
2459686.486238 28.170839 0.080739
2459686.979306 28.232970 0.085494
2459687.482899 28.402079 0.099904
2459687.975966 28.329817 0.093471
2459688.469033 28.301651 0.091077
2459688.972627 28.336974 0.094089
2459689.465694 28.236892 0.085804
2459689.958761 28.399033 0.099624
2459690.462355 28.338411 0.094214
2459690.955422 28.377950 0.097708
2459691.448489 28.315643 0.092259
2459691.952082 28.266095 0.088143
2459692.445150 28.437731 0.103239
2459692.938217 28.243461 0.086325
2459693.441810 28.336974 0.094089
2459693.934877 28.293342 0.090383
2459807.647256 28.482775 0.107612
2459808.150849 28.428317 0.102347
2459808.643916 28.382434 0.098112
2459809.136983 28.399033 0.099624
2459809.640577 28.395996 0.099346
2459810.133644 28.278271 0.089137
2459810.626711 28.300262 0.090961
2459811.130305 28.444052 0.103841
2459811.623372 28.262066 0.087817
2459812.116439 28.370519 0.097042
2459812.620032 28.331245 0.093594
2459813.113100 28.279633 0.089249
2459813.606167 28.248744 0.086746
2459814.109760 28.205906 0.083390
2459814.602827 28.463241 0.105693
2459815.095894 28.177018 0.081200
2459815.599488 28.285096 0.089699
2459816.092555 28.433013 0.102791
2459816.585622 28.477858 0.107126
2459817.089216 28.321290 0.092740
2459817.582283 28.221289 0.084580
2459818.075350 28.406663 0.100326
2459818.578944 28.291963 0.090268
2459819.072011 28.348525 0.095095
2459819.565078 28.408195 0.100468
2459820.068671 28.460019 0.105380
2459820.561738 28.275554 0.088914
2459821.054806 28.312830 0.092020
2459821.558399 28.226465 0.084984
2459822.051466 28.358733 0.095994
2459822.544533 28.259389 0.087600
2459823.048127 28.223874 0.084781
2459823.541194 28.300262 0.090961
2459824.034261 28.431446 0.102643
2459824.537855 28.374971 0.097440
2459825.030922 28.372001 0.097174
2459825.523989 28.331245 0.093594
2459826.027582 28.357269 0.095864
2459826.520650 28.229062 0.085187
2459827.013717 28.300262 0.090961
2459827.517310 28.319876 0.092619
2459828.010377 28.126172 0.077485
2459828.503444 28.411267 0.100753
2459829.007038 28.307226 0.091546
2459829.500105 28.406663 0.100326
2459829.993172 28.414347 0.101039
2459830.496766 28.304435 0.091311
2459830.989833 28.222580 0.084680
2459831.482900 28.331245 0.093594
2459831.986494 28.222580 0.084680
2459832.479561 28.379443 0.097842
2459832.972628 28.436156 0.103089
2459833.476221 28.066349 0.073331
2459833.969288 28.354346 0.095607
2459834.462356 28.321290 0.092740
2459834.965949 28.354346 0.095607
2459835.459016 28.412806 0.100896
2459835.952083 28.304435 0.091311
2459836.455677 28.298874 0.090845
2459836.948744 28.464855 0.105850
2459837.441811 28.354346 0.095607
2459837.945405 28.344179 0.094716
2459838.438472 28.352888 0.095478
2459838.931539 28.395996 0.099346
2459839.435132 28.606149 0.120562
2459839.928200 28.303042 0.091194
2459840.421267 28.282361 0.089473
2459840.924860 28.442468 0.103690
2459841.417927 28.256718 0.087385
2459841.910994 28.445638 0.103993
2459842.414588 28.382434 0.098112
2459842.907655 28.492675 0.108598
2459843.400722 28.386936 0.098520
2459843.904316 28.336974 0.094089
2459844.397383 28.290586 0.090154
2459844.890450 28.345625 0.094842
2459845.394044 28.274197 0.088803
2459845.887111 28.181987 0.081573
2459846.380178 28.310024 0.091782
2459846.883771 28.294722 0.090498
2459847.376838 28.342734 0.094590
2459847.869906 28.360199 0.096124
2459848.373499 28.264750 0.088034
2459848.866566 28.268789 0.088362
2459849.359633 28.431446 0.102643
2459849.863227 28.175780 0.081108
2459850.356294 28.506018 0.109940
2459850.849361 28.436156 0.103089
2459851.352955 28.474593 0.106804
2459851.846022 28.502667 0.109602
2459852.339089 28.458412 0.105224
2459852.842682 28.369038 0.096909
2459853.335750 28.198296 0.082807
2459853.828817 28.319876 0.092619
2459854.332410 28.310024 0.091782
2459854.825477 28.383932 0.098248
2459855.318544 28.347074 0.094969
2459855.822138 28.138064 0.078339
2459856.315205 28.456807 0.105069
2459856.808272 28.411267 0.100753
2459857.311866 28.336974 0.094089
2459857.804933 28.374971 0.097440
2459858.298000 28.238203 0.085908
2459858.801594 28.189484 0.082138
2459859.294661 28.326967 0.093226
2459859.787728 28.324125 0.092982
2459860.291321 28.372001 0.097174
2459860.784388 28.411267 0.100753
2459861.277456 28.348525 0.095095
2459861.781049 28.314235 0.092139
2459862.274116 28.317052 0.092378
2459862.767183 28.433013 0.102791
2459863.270777 28.557566 0.115286
2459863.763844 28.314235 0.092139
2459864.256911 28.246099 0.086535
2459864.760505 28.256718 0.087385
2459865.253572 28.363138 0.096384
2459865.746639 28.310024 0.091782
2459866.250232 28.279633 0.089249
2459866.743300 28.436156 0.103089
2459867.236367 28.304435 0.091311
2459867.739960 28.301651 0.091077
2459868.233027 28.234276 0.085597
2459868.726094 28.437731 0.103239
2459869.229688 28.445638 0.103993
2459869.722755 28.372001 0.097174
2459870.215822 28.497660 0.109097
2459870.719416 28.293342 0.090383
2459871.212483 28.511064 0.110453
2459871.705550 28.351432 0.095350
2459872.209144 28.370519 0.097042
2459872.702211 28.290586 0.090154
2459873.195278 28.423640 0.101907
2459873.698871 28.370519 0.097042
2459874.191938 28.400555 0.099764
2459874.685006 28.235583 0.085701
2459875.188599 28.271490 0.088582
2459875.681666 28.264750 0.088034
2459876.174733 28.342734 0.094590
2459876.678327 28.382434 0.098112
2459877.171394 28.361668 0.096254
2459877.664461 28.336974 0.094089
2459878.168055 28.450411 0.104451
2459878.661122 28.147672 0.079035
2459879.154189 28.491019 0.108432
2459987.411250 28.240828 0.086116
2459987.904317 28.294722 0.090498
2459988.407910 28.318463 0.092499
2459988.900977 28.329817 0.093471
2459989.394044 28.301651 0.091077
2459989.897638 28.325545 0.093104
2459990.390705 28.363138 0.096384
2459990.883772 28.326967 0.093226
2459991.387366 28.219998 0.084479
2459991.880433 28.444052 0.103841
2459992.373500 28.355807 0.095735
2459992.877094 28.392968 0.099069
2459993.370161 28.254053 0.087171
2459993.863228 28.314235 0.092139
2459994.366821 28.310024 0.091782
2459994.859888 28.308624 0.091664
2459995.352956 28.272843 0.088693
2459995.856549 28.276912 0.089026
2459996.349616 28.376460 0.097574
2459996.842683 28.397514 0.099485
2459997.346277 28.262066 0.087817
2459997.839344 28.225169 0.084882
2459998.332411 28.260727 0.087708
2459998.836005 28.331245 0.093594
2459999.329072 28.307226 0.091546
2459999.822139 28.354346 0.095607
2460000.325732 28.394481 0.099207
2460000.818800 28.255385 0.087278
2460001.311867 28.405133 0.100185
2460001.815460 28.287837 0.089926
2460002.308527 28.296104 0.090613
2460002.801594 28.426756 0.102200
2460003.305188 28.218710 0.084379
2460003.798255 28.361668 0.096254
2460004.291322 28.275554 0.088914
2460004.794916 28.394481 0.099207
2460005.287983 28.153721 0.079476
2460005.781050 28.423640 0.101907
2460006.284644 28.329817 0.093471
2460006.777711 28.314235 0.092139
2460007.270778 28.305830 0.091429
2460007.774371 28.460019 0.105380
2460008.267438 28.318463 0.092499
2460008.760506 28.422086 0.101762
2460009.264099 28.317052 0.092378
2460009.757166 28.448818 0.104298
2460010.250233 28.338411 0.094214
2460010.753827 28.452006 0.104605
2460011.246894 28.397514 0.099485
2460011.739961 28.400555 0.099764
2460012.243555 28.403605 0.100044
2460012.736622 28.209731 0.083684
2460013.229689 28.414347 0.101039
2460013.733282 28.293342 0.090383
2460014.226350 28.348525 0.095095
2460014.719417 28.240828 0.086116
2460015.223010 28.282361 0.089473
2460015.716077 28.354346 0.095607
2460016.209144 28.341291 0.094464
2460016.712738 28.399033 0.099624
2460017.205805 28.098151 0.075511
2460017.698872 28.504341 0.109771
2460018.202466 28.144059 0.078772
2460018.695533 28.360199 0.096124
2460019.188600 28.355807 0.095735
2460019.692194 28.345625 0.094842
2460020.185261 28.325545 0.093104
2460020.678328 28.351432 0.095350
2460021.181921 28.256718 0.087385
2460021.674988 28.334106 0.093841
2460022.168056 28.325545 0.093104
2460022.671649 28.324125 0.092982
2460023.164716 28.236892 0.085804
2460023.657783 28.217422 0.084279
2460024.161377 28.373485 0.097307
2460024.654444 28.360199 0.096124
2460025.147511 28.363138 0.096384
2460025.651105 28.600642 0.119952
2460026.144172 28.321290 0.092740
2460026.637239 28.061881 0.073030
2460027.140832 28.296104 0.090613
2460027.633900 28.296104 0.090613
2460028.126967 28.562858 0.115849
2460028.630560 28.287837 0.089926
2460029.123627 28.274197 0.088803
2460029.616694 28.460019 0.105380
2460030.120288 28.382434 0.098112
2460030.613355 28.311426 0.091901
2460031.106422 28.268789 0.088362
2460031.610016 28.357269 0.095864
2460032.103083 28.250069 0.086852
2460032.596150 28.234276 0.085597
2460033.099744 28.403605 0.100044
2460033.592811 28.439308 0.103389
2460034.085878 28.516134 0.110969
2460034.589471 28.280996 0.089361
2460035.082538 28.391456 0.098931
2460035.575606 28.348525 0.095095
2460036.079199 28.380937 0.097977
2460036.572266 28.577097 0.117379
2460037.065333 28.354346 0.095607
2460037.568927 28.338411 0.094214
2460038.061994 28.352888 0.095478
2460038.555061 28.394481 0.099207
2460039.058655 28.252724 0.087064
2460039.551722 28.436156 0.103089
2460040.044789 28.197033 0.082711
2460040.548382 28.458412 0.105224
2460041.041450 28.423640 0.101907
2460041.534517 28.358733 0.095994
2460042.038110 28.434584 0.102940
2460042.531177 28.373485 0.097307
2460043.024244 28.276912 0.089026
2460043.527838 28.417436 0.101327
2460044.020905 28.268789 0.088362
2460044.513972 28.264750 0.088034
2460045.017566 28.439308 0.103389
2460045.510633 28.289211 0.090040
2460046.003700 28.312830 0.092020
2460046.507294 28.422086 0.101762
2460047.000361 28.352888 0.095478
2460047.493428 28.394481 0.099207
2460047.997021 28.361668 0.096254
2460048.490088 28.238203 0.085908
2460048.983156 28.406663 0.100326
2460049.486749 28.329817 0.093471
2460049.979816 28.222580 0.084680
2460050.472883 28.279633 0.089249
2460050.976477 28.352888 0.095478
2460051.469544 28.259389 0.087600
2460051.962611 28.293342 0.090383
2460052.466205 28.506018 0.109940
2460052.959272 28.326967 0.093226
2460053.452339 28.397514 0.099485
2460053.955932 28.440887 0.103539
2460054.449000 28.086686 0.074718
2460054.942067 28.420534 0.101616
2460055.445660 28.231666 0.085392
2460055.938727 28.329817 0.093471
2460056.431794 28.361668 0.096254
2460056.935388 28.334106 0.093841
2460057.428455 28.213570 0.083980
2460057.921522 28.351432 0.095350
2460058.425116 28.482775 0.107612
2460058.918183 28.263407 0.087925
