2458346.727899 18.083972 0.001606
2458347.220966 18.081566 0.001603
2458347.714033 18.086125 0.001609
2458348.217627 18.086228 0.001610
2458348.710694 18.087744 0.001612
2458349.203761 18.086147 0.001609
2458349.707355 18.084801 0.001607
2458350.200422 18.086038 0.001609
2458350.693489 18.085466 0.001608
2458351.197082 18.085506 0.001608
2458351.690150 18.083541 0.001606
2458352.183217 18.084933 0.001608
2458352.686810 18.082792 0.001604
2458353.179877 18.084561 0.001607
2458353.672944 18.085355 0.001608
2458354.176538 18.086318 0.001610
2458354.669605 18.084924 0.001608
2458355.162672 18.081454 0.001602
2458355.666266 18.088276 0.001613
2458356.159333 18.085218 0.001608
2458356.652400 18.088932 0.001614
2458357.155994 18.084223 0.001607
2458357.649061 18.084627 0.001607
2458358.142128 18.082668 0.001604
2458358.645721 18.086824 0.001610
2458359.138788 18.088729 0.001613
2458359.631856 18.086310 0.001610
2458360.135449 18.085079 0.001608
2458360.628516 18.086956 0.001611
2458361.121583 18.085440 0.001608
2458361.625177 18.084640 0.001607
2458362.118244 18.086780 0.001610
2458362.611311 18.085213 0.001608
2458363.114905 18.085267 0.001608
2458363.607972 18.085994 0.001609
2458364.101039 18.085372 0.001608
2458364.604632 18.084497 0.001607
2458365.097700 18.082842 0.001605
2458365.590767 18.084805 0.001607
2458366.094360 18.084704 0.001607
2458366.587427 18.083243 0.001605
2458367.080494 18.085308 0.001608
2458367.584088 18.084974 0.001608
2458368.077155 18.086170 0.001609
2458368.570222 18.084346 0.001607
2458369.073816 18.083598 0.001606
2458369.566883 18.087287 0.001611
2458370.059950 18.085538 0.001608
2458370.563544 18.088448 0.001613
2458371.056611 18.085008 0.001608
2458371.549678 18.084562 0.001607
2458372.053271 18.089332 0.001614
2458372.546338 18.085691 0.001609
2458373.039406 18.086795 0.001610
2458373.542999 18.085467 0.001608
2458374.036066 18.087963 0.001612
2458374.529133 18.086855 0.001610
2458375.032727 18.087632 0.001612
2458375.525794 18.084642 0.001607
2458376.018861 18.082738 0.001604
2458376.522455 18.084099 0.001606
2458377.015522 18.084827 0.001607
2458377.508589 18.084131 0.001606
2458378.012182 18.088332 0.001613
2458378.505250 18.084343 0.001607
2458378.998317 18.082795 0.001604
2458379.501910 18.085589 0.001609
2458379.994977 18.084573 0.001607
2458380.488044 18.086558 0.001610
2458380.991638 18.086109 0.001609
2458381.484705 18.082549 0.001604
2458381.977772 18.087054 0.001611
2458382.481366 18.083859 0.001606
2458382.974433 18.086245 0.001610
2458383.467500 18.086599 0.001610
2458383.971094 18.084200 0.001607
2458384.464161 18.082053 0.001603
2458384.957228 18.085214 0.001608
2458385.460821 18.084449 0.001607
2458385.953888 18.085673 0.001609
2458386.446956 18.085969 0.001609
2458386.950549 18.087991 0.001612
2458387.443616 18.088390 0.001613
2458387.936683 18.086301 0.001610
2458388.440277 18.083458 0.001605
2458388.933344 18.085168 0.001608
2458389.426411 18.088241 0.001613
2458389.930005 18.084640 0.001607
2458390.423072 18.086546 0.001610
2458390.916139 18.084471 0.001607
2458391.419732 18.086810 0.001610
2458391.912800 18.086723 0.001610
2458392.405867 18.087326 0.001611
2458392.909460 18.085941 0.001609
2458393.402527 18.086595 0.001610
2458393.895594 18.082961 0.001605
2458394.399188 18.084540 0.001607
2458394.892255 18.080694 0.001601
2458395.385322 18.084308 0.001607
2458395.888916 18.085176 0.001608
2458396.381983 18.083810 0.001606
2458396.875050 18.084673 0.001607
2458397.378644 18.089240 0.001614
2458397.871711 18.086933 0.001611
2458398.364778 18.085381 0.001608
2458398.868371 18.087260 0.001611
2458399.361438 18.083568 0.001606
2458399.854506 18.087025 0.001611
2458400.358099 18.082783 0.001604
2458400.851166 18.086045 0.001609
2458401.344233 18.086877 0.001610
2458401.847827 18.084738 0.001607
2458402.340894 18.086744 0.001610
2458402.833961 18.084413 0.001607
2458403.337555 18.082726 0.001604
2458403.830622 18.084360 0.001607
2458404.323689 18.088210 0.001612
2458404.827282 18.085138 0.001608
2458405.320350 18.084090 0.001606
2458405.813417 18.084063 0.001606
2458406.317010 18.086314 0.001610
2458406.810077 18.087472 0.001611
2458407.303144 18.087110 0.001611
2458407.806738 18.085823 0.001609
2458408.299805 18.080677 0.001601
2458408.792872 18.086403 0.001610
2458409.296466 18.086937 0.001611
2458409.789533 18.086111 0.001609
2458410.282600 18.087074 0.001611
2458410.786194 18.085467 0.001608
2458411.279261 18.085108 0.001608
2458411.772328 18.087603 0.001612
2458412.275921 18.087876 0.001612
2458412.768988 18.085886 0.001609
2458413.262056 18.084088 0.001606
2458413.765649 18.086471 0.001610
2458414.258716 18.085652 0.001609
2458414.751783 18.084415 0.001607
2458415.255377 18.086037 0.001609
2458415.748444 18.083680 0.001606
2458416.241511 18.084889 0.001608
2458416.745105 18.083866 0.001606
2458417.238172 18.083481 0.001605
2458417.731239 18.082345 0.001604
2458418.234832 18.086430 0.001610
2458526.481367 18.083788 0.001606
2458526.984960 18.085961 0.001609
2458527.478027 18.085891 0.001609
2458527.971094 18.084830 0.001607
2458528.474688 18.086604 0.001610
2458528.967755 18.087239 0.001611
2458529.460822 18.085622 0.001609
2458529.964416 18.089261 0.001614
2458530.457483 18.086098 0.001609
2458530.950550 18.084959 0.001608
2458531.454144 18.084817 0.001607
2458531.947211 18.086908 0.001611
2458532.440278 18.086577 0.001610
2458532.943871 18.086231 0.001610
2458533.436938 18.085445 0.001608
2458533.930006 18.085394 0.001608
2458534.433599 18.082214 0.001604
2458534.926666 18.087441 0.001611
2458535.419733 18.087379 0.001611
2458535.923327 18.088504 0.001613
2458536.416394 18.082254 0.001604
2458536.909461 18.085429 0.001608
2458537.413055 18.087342 0.001611
2458537.906122 18.085070 0.001608
2458538.399189 18.087153 0.001611
2458538.902782 18.085177 0.001608
2458539.395850 18.084574 0.001607
2458539.888917 18.082366 0.001604
2458540.392510 18.087057 0.001611
2458540.885577 18.088483 0.001613
2458541.378644 18.086058 0.001609
2458541.882238 18.088818 0.001613
2458542.375305 18.082885 0.001605
2458542.868372 18.086610 0.001610
2458543.371966 18.087986 0.001612
2458543.865033 18.085427 0.001608
2458544.358100 18.086498 0.001610
2458544.861694 18.085022 0.001608
2458545.354761 18.087324 0.001611
2458545.847828 18.085445 0.001608
2458546.351421 18.083717 0.001606
2458546.844488 18.084002 0.001606
2458547.337556 18.085293 0.001608
2458547.841149 18.084600 0.001607
2458548.334216 18.084316 0.001607
2458548.827283 18.084675 0.001607
2458549.330877 18.087933 0.001612
2458549.823944 18.084418 0.001607
2458550.317011 18.085178 0.001608
2458550.820605 18.085350 0.001608
2458551.313672 18.086334 0.001610
2458551.806739 18.083275 0.001605
2458552.310332 18.086747 0.001610
2458552.803400 18.084811 0.001607
2458553.296467 18.083926 0.001606
2458553.800060 18.085626 0.001609
2458554.293127 18.087999 0.001612
2458554.786194 18.086987 0.001611
2458555.289788 18.088337 0.001613
2458555.782855 18.084294 0.001607
2458556.275922 18.083892 0.001606
2458556.779516 18.083674 0.001606
2458557.272583 18.088417 0.001613
2458557.765650 18.086071 0.001609
2458558.269244 18.085940 0.001609
2458558.762311 18.088127 0.001612
2458559.255378 18.087845 0.001612
2458559.758971 18.083963 0.001606
2458560.252038 18.088180 0.001612
2458560.745106 18.085702 0.001609
2458561.248699 18.086364 0.001610
2458561.741766 18.084740 0.001607
2458562.234833 18.085789 0.001609
2458562.738427 18.085216 0.001608
2458563.231494 18.086212 0.001609
2458563.724561 18.085341 0.001608
2458564.228155 18.083904 0.001606
2458564.721222 18.085272 0.001608
2458565.214289 18.087153 0.001611
2458565.717882 18.085970 0.001609
2458566.210950 18.087335 0.001611
2458566.704017 18.088408 0.001613
2458567.207610 18.087289 0.001611
2458567.700677 18.082938 0.001605
2458568.193744 18.086615 0.001610
2458568.697338 18.083103 0.001605
2458569.190405 18.086964 0.001611
2458569.683472 18.083121 0.001605
2458570.187066 18.085833 0.001609
2458570.680133 18.086183 0.001609
2458571.173200 18.084782 0.001607
2458571.676794 18.084468 0.001607
2458572.169861 18.086696 0.001610
2458572.662928 18.085510 0.001608
2458573.166521 18.085839 0.001609
2458573.659588 18.083903 0.001606
2458574.152656 18.085346 0.001608
2458574.656249 18.085225 0.001608
2458575.149316 18.084764 0.001607
2458575.642383 18.086440 0.001610
2458576.145977 18.086097 0.001609
2458576.639044 18.083564 0.001606
2458577.132111 18.084082 0.001606
2458577.635705 18.087167 0.001611
2458578.128772 18.086173 0.001609
2458578.621839 18.083921 0.001606
2458579.125432 18.086914 0.001611
2458579.618500 18.085249 0.001608
2458580.111567 18.084153 0.001606
2458580.615160 18.084335 0.001607
2458581.108227 18.087205 0.001611
2458581.601294 18.086411 0.001610
2458582.104888 18.085301 0.001608
2458582.597955 18.084833 0.001607
2458583.091022 18.085687 0.001609
2458583.594616 18.087212 0.001611
2458584.087683 18.084806 0.001607
2458584.580750 18.085910 0.001609
2458585.084344 18.085336 0.001608
2458585.577411 18.085067 0.001608
2458586.070478 18.087422 0.001611
2458586.574071 18.082676 0.001604
2458587.067138 18.083701 0.001606
2458587.560206 18.088956 0.001614
2458588.063799 18.084605 0.001607
2458588.556866 18.086700 0.001610
2458589.049933 18.084140 0.001606
2458589.553527 18.085767 0.001609
2458590.046594 18.086135 0.001609
2458590.539661 18.083636 0.001606
2458591.043255 18.085726 0.001609
2458591.536322 18.081102 0.001602
2458592.029389 18.083407 0.001605
2458592.532982 18.087030 0.001611
2458593.026050 18.086099 0.001609
2458593.519117 18.087163 0.001611
2458594.022710 18.086334 0.001610
2458594.515777 18.087835 0.001612
2458595.008844 18.085758 0.001609
2458595.512438 18.086033 0.001609
2458596.005505 18.084208 0.001607
2458596.498572 18.088565 0.001613
2458597.002166 18.082269 0.001604
2458597.495233 18.084387 0.001607
2458597.988300 18.085440 0.001608
2458712.204272 18.084650 0.001607
2458712.697339 18.084857 0.001607
2458713.200932 18.087619 0.001612
2458713.694000 18.085905 0.001609
2458714.187067 18.084910 0.001608
2458714.690660 18.086576 0.001610
2458715.183727 18.084765 0.001607
2458715.676794 18.082108 0.001603
2458716.180388 18.087331 0.001611
2458716.673455 18.085289 0.001608
2458717.166522 18.083923 0.001606
2458717.670116 18.084490 0.001607
2458718.163183 18.088570 0.001613
2458718.656250 18.086233 0.001610
2458719.159844 18.081969 0.001603
2458719.652911 18.084817 0.001607
2458720.145978 18.086112 0.001609
2458720.649571 18.084768 0.001607
2458721.142638 18.084486 0.001607
2458721.635706 18.085978 0.001609
2458722.139299 18.086199 0.001609
2458722.632366 18.082243 0.001604
2458723.125433 18.085870 0.001609
2458723.629027 18.084448 0.001607
2458724.122094 18.088639 0.001613
2458724.615161 18.085281 0.001608
2458725.118755 18.082261 0.001604
2458725.611822 18.084577 0.001607
2458726.104889 18.083556 0.001606
2458726.608482 18.086844 0.001610
2458727.101550 18.085859 0.001609
2458727.594617 18.086546 0.001610
2458728.098210 18.087000 0.001611
2458728.591277 18.087031 0.001611
2458729.084344 18.086222 0.001610
2458729.587938 18.083398 0.001605
2458730.081005 18.085553 0.001609
2458730.574072 18.083371 0.001605
2458731.077666 18.084580 0.001607
2458731.570733 18.087610 0.001612
2458732.063800 18.084901 0.001608
2458732.567394 18.083086 0.001605
2458733.060461 18.084880 0.001608
2458733.553528 18.084911 0.001608
2458734.057121 18.086051 0.001609
2458734.550188 18.088658 0.001613
2458735.043256 18.084462 0.001607
2458735.546849 18.084979 0.001608
2458736.039916 18.082747 0.001604
2458736.532983 18.084073 0.001606
2458737.036577 18.083109 0.001605
2458737.529644 18.084784 0.001607
2458738.022711 18.086892 0.001611
2458738.526305 18.085987 0.001609
2458739.019372 18.087540 0.001611
2458739.512439 18.083230 0.001605
2458740.016032 18.088797 0.001613
2458740.509100 18.084276 0.001607
2458741.002167 18.086094 0.001609
2458741.505760 18.086800 0.001610
2458741.998827 18.084371 0.001607
2458742.491894 18.088343 0.001613
2458742.995488 18.086364 0.001610
2458743.488555 18.084881 0.001608
2458743.981622 18.085036 0.001608
2458744.485216 18.085411 0.001608
2458744.978283 18.086994 0.001611
2458745.471350 18.086148 0.001609
2458745.974944 18.086862 0.001610
2458746.468011 18.089179 0.001614
2458746.961078 18.084964 0.001608
2458747.464671 18.085196 0.001608
2458747.957738 18.083734 0.001606
2458748.450806 18.081306 0.001602
2458748.954399 18.087946 0.001612
2458749.447466 18.087793 0.001612
2458749.940533 18.083750 0.001606
2458750.444127 18.086050 0.001609
2458750.937194 18.087608 0.001612
2458751.430261 18.085116 0.001608
2458751.933855 18.087928 0.001612
2458752.426922 18.086775 0.001610
2458752.919989 18.084008 0.001606
2458753.423582 18.085898 0.001609
2458753.916650 18.083809 0.001606
2458754.409717 18.088263 0.001613
2458754.913310 18.085931 0.001609
2458755.406377 18.086970 0.001611
2458755.899444 18.087144 0.001611
2458756.403038 18.084478 0.001607
2458756.896105 18.083961 0.001606
2458757.389172 18.081943 0.001603
2458757.892766 18.086199 0.001609
2458758.385833 18.088755 0.001613
2458758.878900 18.085148 0.001608
2458759.382494 18.087021 0.001611
2458759.875561 18.083981 0.001606
2458760.368628 18.087745 0.001612
2458760.872221 18.085456 0.001608
2458761.365288 18.084935 0.001608
2458761.858356 18.083439 0.001605
2458762.361949 18.083453 0.001605
2458762.855016 18.085987 0.001609
2458763.348083 18.086337 0.001610
2458763.851677 18.083336 0.001605
2458764.344744 18.083430 0.001605
2458764.837811 18.083814 0.001606
2458765.341405 18.085823 0.001609
2458765.834472 18.083298 0.001605
2458766.327539 18.086624 0.001610
2458766.831132 18.087423 0.001611
2458767.324200 18.087558 0.001612
2458767.817267 18.085575 0.001609
2458768.320860 18.081677 0.001603
2458768.813927 18.086433 0.001610
2458769.306994 18.083658 0.001606
2458769.810588 18.086619 0.001610
2458770.303655 18.085577 0.001609
2458770.796722 18.087780 0.001612
2458771.300316 18.084174 0.001606
2458771.793383 18.087527 0.001611
2458772.286450 18.087212 0.001611
2458772.790044 18.085991 0.001609
2458773.283111 18.087789 0.001612
2458773.776178 18.085801 0.001609
2458774.279771 18.083667 0.001606
2458774.772838 18.086992 0.001611
2458775.265906 18.085640 0.001609
2458775.769499 18.086643 0.001610
2458776.262566 18.083957 0.001606
2458776.755633 18.083773 0.001606
2458777.259227 18.085961 0.001609
2458777.752294 18.083708 0.001606
2458778.245361 18.086720 0.001610
2458778.748955 18.088952 0.001614
2458779.242022 18.083656 0.001606
2458779.735089 18.086537 0.001610
2458780.238682 18.084565 0.001607
2458780.731750 18.086416 0.001610
2458781.224817 18.085071 0.001608
2458781.728410 18.086546 0.001610
2458782.221477 18.085460 0.001608
2458782.714544 18.088140 0.001612
2458783.218138 18.087152 0.001611
2458783.711205 18.083844 0.001606
2459622.427944 18.083475 0.001606
2459622.921011 18.085699 0.001609
2459623.424605 18.084859 0.001608
2459623.917672 18.085377 0.001608
2459624.410739 18.085444 0.001609
2459624.914332 18.082576 0.001604
2459625.407400 18.085266 0.001608
2459625.900467 18.085824 0.001609
2459626.404060 18.085099 0.001608
2459626.897127 18.087277 0.001611
2459627.390194 18.086206 0.001610
2459627.893788 18.085996 0.001609
2459628.386855 18.085396 0.001608
2459628.879922 18.083350 0.001605
2459629.383516 18.084903 0.001608
2459629.876583 18.085106 0.001608
2459630.369650 18.085103 0.001608
2459630.873244 18.084743 0.001608
2459631.366311 18.084662 0.001607
2459631.859378 18.082138 0.001604
2459632.362971 18.085823 0.001609
2459632.856038 18.083785 0.001606
2459633.349106 18.086466 0.001610
2459633.852699 18.083386 0.001606
2459634.345766 18.083583 0.001606
2459634.838833 18.082787 0.001605
2459635.342427 18.087049 0.001611
2459635.835494 18.085302 0.001608
2459636.328561 18.086970 0.001611
2459636.832155 18.080928 0.001602
2459637.325222 18.083612 0.001606
2459637.818289 18.086058 0.001609
2459638.321882 18.084672 0.001607
2459638.814950 18.085275 0.001608
2459639.308017 18.085150 0.001608
2459639.811610 18.084889 0.001608
2459640.304677 18.083999 0.001606
2459640.797744 18.085205 0.001608
2459641.301338 18.085863 0.001609
2459641.794405 18.084942 0.001608
2459642.287472 18.087132 0.001611
2459642.791066 18.086067 0.001610
2459643.284133 18.084506 0.001607
2459643.777200 18.086267 0.001610
2459644.280794 18.084592 0.001607
2459644.773861 18.088145 0.001613
2459645.266928 18.086855 0.001611
2459645.770521 18.086809 0.001611
2459646.263588 18.084673 0.001607
2459646.756656 18.084956 0.001608
2459647.260249 18.087293 0.001611
2459647.753316 18.085879 0.001609
2459648.246383 18.084544 0.001607
2459648.749977 18.084315 0.001607
2459649.243044 18.085894 0.001609
2459649.736111 18.084111 0.001607
2459650.239705 18.085617 0.001609
2459650.732772 18.084222 0.001607
2459651.225839 18.083338 0.001605
2459651.729432 18.084028 0.001607
2459652.222500 18.083457 0.001606
2459652.715567 18.086863 0.001611
2459653.219160 18.086667 0.001610
2459653.712227 18.084890 0.001608
2459654.205294 18.084904 0.001608
2459654.708888 18.087252 0.001611
2459655.201955 18.082465 0.001604
2459655.695022 18.082984 0.001605
2459656.198616 18.086915 0.001611
2459656.691683 18.084040 0.001607
2459657.184750 18.084338 0.001607
2459657.688344 18.084845 0.001608
2459658.181411 18.083235 0.001605
2459658.674478 18.084944 0.001608
2459659.178071 18.085518 0.001609
2459659.671138 18.084716 0.001608
2459660.164206 18.086387 0.001610
2459660.667799 18.085854 0.001609
2459661.160866 18.084476 0.001607
2459661.653933 18.086592 0.001610
2459662.157527 18.088158 0.001613
2459662.650594 18.087236 0.001611
2459663.143661 18.083545 0.001606
2459663.647255 18.084917 0.001608
2459664.140322 18.084226 0.001607
2459664.633389 18.084788 0.001608
2459665.136982 18.087476 0.001612
2459665.630050 18.086257 0.001610
2459666.123117 18.085221 0.001608
2459666.626710 18.084870 0.001608
2459667.119777 18.084311 0.001607
2459667.612844 18.082017 0.001604
2459668.116438 18.084344 0.001607
2459668.609505 18.083965 0.001606
2459669.102572 18.085953 0.001609
2459669.606166 18.084076 0.001607
2459670.099233 18.086355 0.001610
2459670.592300 18.086095 0.001610
2459671.095894 18.083369 0.001606
2459671.588961 18.084826 0.001608
2459672.082028 18.087127 0.001611
2459672.585621 18.084602 0.001607
2459673.078688 18.085755 0.001609
2459673.571756 18.087762 0.001612
2459674.075349 18.083002 0.001605
2459674.568416 18.086938 0.001611
2459675.061483 18.087268 0.001611
2459675.565077 18.083470 0.001606
2459676.058144 18.086636 0.001610
2459676.551211 18.084502 0.001607
2459677.054805 18.085081 0.001608
2459677.547872 18.086957 0.001611
2459678.040939 18.084961 0.001608
2459678.544532 18.085803 0.001609
2459679.037600 18.082039 0.001604
2459679.530667 18.087925 0.001612
2459680.034260 18.083730 0.001606
2459680.527327 18.084655 0.001608
2459681.020394 18.085494 0.001609
2459681.523988 18.085533 0.001609
2459682.017055 18.085423 0.001609
2459682.510122 18.085085 0.001608
2459683.013716 18.085841 0.001609
2459683.506783 18.085307 0.001609
2459683.999850 18.082585 0.001604
2459684.503444 18.086956 0.001611
2459684.996511 18.084837 0.001608
2459685.489578 18.084773 0.001608
2459685.993171 18.087173 0.001611
2459686.486238 18.083127 0.001605
2459686.979306 18.084445 0.001607
2459687.482899 18.086106 0.001610
2459687.975966 18.087406 0.001612
2459688.469033 18.088217 0.001613
2459688.972627 18.084213 0.001607
2459689.465694 18.085943 0.001609
2459689.958761 18.084507 0.001607
2459690.462355 18.087479 0.001612
2459690.955422 18.085797 0.001609
2459691.448489 18.086910 0.001611
2459691.952082 18.085147 0.001608
2459692.445150 18.087775 0.001612
2459692.938217 18.084988 0.001608
2459693.441810 18.086381 0.001610
2459693.934877 18.086817 0.001611
2459807.647256 18.082395 0.001606
2459808.150849 18.085938 0.001611
2459808.643916 18.081905 0.001605
2459809.136983 18.083052 0.001607
2459809.640577 18.083297 0.001607
2459810.133644 18.084126 0.001609
2459810.626711 18.083791 0.001608
2459811.130305 18.083714 0.001608
2459811.623372 18.081537 0.001605
2459812.116439 18.083258 0.001607
2459812.620032 18.083380 0.001608
2459813.113100 18.082254 0.001606
2459813.606167 18.081277 0.001605
2459814.109760 18.081171 0.001604
2459814.602827 18.083103 0.001607
2459815.095894 18.084842 0.001610
2459815.599488 18.083509 0.001608
2459816.092555 18.080477 0.001604
2459816.585622 18.083743 0.001608
2459817.089216 18.082608 0.001607
2459817.582283 18.084506 0.001610
2459818.075350 18.086058 0.001612
2459818.578944 18.082640 0.001607
2459819.072011 18.082858 0.001607
2459819.565078 18.085405 0.001611
2459820.068671 18.082724 0.001607
2459820.561738 18.082667 0.001607
2459821.054806 18.084223 0.001609
2459821.558399 18.081138 0.001605
2459822.051466 18.082809 0.001607
2459822.544533 18.083367 0.001608
2459823.048127 18.081932 0.001606
2459823.541194 18.082896 0.001607
2459824.034261 18.084823 0.001610
2459824.537855 18.083454 0.001608
2459825.030922 18.082095 0.001606
2459825.523989 18.081636 0.001606
2459826.027582 18.081210 0.001605
2459826.520650 18.083723 0.001609
2459827.013717 18.083373 0.001608
2459827.517310 18.083629 0.001609
2459828.010377 18.082896 0.001608
2459828.503444 18.081422 0.001606
2459829.007038 18.081430 0.001606
2459829.500105 18.083895 0.001609
2459829.993172 18.082944 0.001608
2459830.496766 18.082751 0.001608
2459830.989833 18.082586 0.001607
2459831.482900 18.082515 0.001607
2459831.986494 18.082325 0.001607
2459832.479561 18.084384 0.001610
2459832.972628 18.081010 0.001605
2459833.476221 18.086563 0.001613
2459833.969288 18.080132 0.001604
2459834.462356 18.084604 0.001611
2459834.965949 18.082953 0.001608
2459835.459016 18.083621 0.001609
2459835.952083 18.083019 0.001608
2459836.455677 18.081970 0.001607
2459836.948744 18.080944 0.001605
2459837.441811 18.080760 0.001605
2459837.945405 18.082012 0.001607
2459838.438472 18.082755 0.001608
2459838.931539 18.080225 0.001604
2459839.435132 18.083528 0.001609
2459839.928200 18.083830 0.001610
2459840.421267 18.081426 0.001606
2459840.924860 18.081862 0.001607
2459841.417927 18.081275 0.001606
2459841.910994 18.081611 0.001607
2459842.414588 18.080384 0.001605
2459842.907655 18.081970 0.001607
2459843.400722 18.082367 0.001608
2459843.904316 18.078233 0.001602
2459844.397383 18.082107 0.001608
2459844.890450 18.079483 0.001604
2459845.394044 18.077768 0.001601
2459845.887111 18.079730 0.001604
2459846.380178 18.081901 0.001608
2459846.883771 18.082538 0.001609
2459847.376838 18.082587 0.001609
2459847.869906 18.081360 0.001607
2459848.373499 18.079507 0.001604
2459848.866566 18.079792 0.001605
2459849.359633 18.080577 0.001606
2459849.863227 18.080045 0.001605
2459850.356294 18.084262 0.001611
2459850.849361 18.079988 0.001605
2459851.352955 18.082067 0.001608
2459851.846022 18.080259 0.001606
2459852.339089 18.078368 0.001603
2459852.842682 18.076250 0.001600
2459853.335750 18.081471 0.001608
2459853.828817 18.083034 0.001610
2459854.332410 18.078508 0.001603
2459854.825477 18.080504 0.001606
2459855.318544 18.084101 0.001612
2459855.822138 18.078690 0.001604
2459856.315205 18.081126 0.001607
2459856.808272 18.078363 0.001603
2459857.311866 18.080103 0.001606
2459857.804933 18.077862 0.001603
2459858.298000 18.081699 0.001609
2459858.801594 18.081243 0.001608
2459859.294661 18.082345 0.001610
2459859.787728 18.077627 0.001603
2459860.291321 18.079838 0.001606
2459860.784388 18.078027 0.001603
2459861.277456 18.083688 0.001612
2459861.781049 18.082234 0.001610
2459862.274116 18.079686 0.001606
2459862.767183 18.077897 0.001604
2459863.270777 18.077972 0.001604
2459863.763844 18.083317 0.001612
2459864.256911 18.079218 0.001606
2459864.760505 18.078354 0.001604
2459865.253572 18.080164 0.001607
2459865.746639 18.079334 0.001606
2459866.250232 18.077444 0.001603
2459866.743300 18.081752 0.001610
2459867.236367 18.075700 0.001601
2459867.739960 18.075318 0.001600
2459868.233027 18.077744 0.001604
2459868.726094 18.078328 0.001605
2459869.229688 18.078273 0.001605
2459869.722755 18.080009 0.001608
2459870.215822 18.077659 0.001604
2459870.719416 18.077723 0.001605
2459871.212483 18.079878 0.001608
2459871.705550 18.077206 0.001604
2459872.209144 18.074976 0.001601
2459872.702211 18.079767 0.001608
2459873.195278 18.080868 0.001610
2459873.698871 18.079898 0.001608
2459874.191938 18.076501 0.001603
2459874.685006 18.077239 0.001605
2459875.188599 18.076173 0.001603
2459875.681666 18.078942 0.001607
2459876.174733 18.078958 0.001607
2459876.678327 18.078374 0.001607
2459877.171394 18.076492 0.001604
2459877.664461 18.076291 0.001604
2459878.168055 18.074993 0.001602
2459878.661122 18.077262 0.001605
2459879.154189 18.076706 0.001605
2459987.411250 17.891364 0.001532
2459987.904317 17.890062 0.001534
2459988.407910 17.889198 0.001535
2459988.900977 17.884163 0.001532
2459989.394044 17.879584 0.001528
2459989.897638 17.879771 0.001532
2459990.390705 17.877025 0.001531
2459990.883772 17.872652 0.001528
2459991.387366 17.869408 0.001527
2459991.880433 17.863947 0.001523
2459992.373500 17.861678 0.001523
2459992.877094 17.859609 0.001523
2459993.370161 17.856788 0.001523
2459993.863228 17.853456 0.001522
2459994.366821 17.850549 0.001521
2459994.859888 17.844181 0.001516
2459995.352956 17.845015 0.001520
2459995.856549 17.840399 0.001518
2459996.349616 17.839840 0.001520
2459996.842683 17.831145 0.001512
2459997.346277 17.829693 0.001513
2459997.839344 17.824572 0.001510
2459998.332411 17.824315 0.001513
2459998.836005 17.821289 0.001513
2459999.329072 17.819219 0.001513
2459999.822139 17.812225 0.001507
2460000.325732 17.808489 0.001506
2460000.818800 17.805502 0.001505
2460001.311867 17.802185 0.001504
2460001.815460 17.800084 0.001505
2460002.308527 17.797605 0.001505
2460002.801594 17.791259 0.001500
2460003.305188 17.788209 0.001499
2460003.798255 17.785324 0.001499
2460004.291322 17.781800 0.001497
2460004.794916 17.778676 0.001497
2460005.287983 17.772667 0.001492
2460005.781050 17.771880 0.001494
2460006.284644 17.770056 0.001495
2460006.777711 17.764699 0.001491
2460007.270778 17.762288 0.001491
2460007.774371 17.760694 0.001492
2460008.267438 17.753139 0.001485
2460008.760506 17.751884 0.001487
2460009.264099 17.750394 0.001488
2460009.757166 17.745997 0.001485
2460010.250233 17.741916 0.001482
2460010.753827 17.737821 0.001480
2460011.246894 17.740324 0.001486
2460011.739961 17.736059 0.001483
2460012.243555 17.734859 0.001484
2460012.736622 17.731228 0.001482
2460013.229689 17.729464 0.001482
2460013.733282 17.726414 0.001480
2460014.226350 17.722621 0.001477
2460014.719417 17.721498 0.001478
2460015.223010 17.718565 0.001476
2460015.716077 17.722130 0.001483
2460016.209144 17.713374 0.001473
2460016.712738 17.713853 0.001475
2460017.205805 17.712254 0.001475
2460017.698872 17.711654 0.001476
2460018.202466 17.711665 0.001477
2460018.695533 17.706134 0.001471
2460019.188600 17.707665 0.001474
2460019.692194 17.706365 0.001474
2460020.185261 17.705547 0.001473
2460020.678328 17.703526 0.001471
2460021.181921 17.705767 0.001475
2460021.674988 17.702633 0.001471
2460022.168056 17.703321 0.001473
2460022.671649 17.702608 0.001472
2460023.164716 17.703163 0.001473
2460023.657783 17.703621 0.001473
2460024.161377 17.701960 0.001471
2460024.654444 17.702043 0.001471
2460025.147511 17.702326 0.001471
2460025.651105 17.704230 0.001473
2460026.144172 17.703397 0.001471
2460026.637239 17.703943 0.001471
2460027.140832 17.707283 0.001474
2460027.633900 17.707454 0.001473
2460028.126967 17.708758 0.001474
2460028.630560 17.711161 0.001476
2460029.123627 17.712724 0.001476
2460029.616694 17.713864 0.001476
2460030.120288 17.714120 0.001475
2460030.613355 17.716647 0.001476
2460031.106422 17.718114 0.001476
2460031.610016 17.720197 0.001477
2460032.103083 17.723723 0.001480
2460032.596150 17.725859 0.001480
2460033.099744 17.727787 0.001480
2460033.592811 17.729709 0.001480
2460034.085878 17.729619 0.001478
2460034.589471 17.734570 0.001481
2460035.082538 17.742093 0.001488
2460035.575606 17.743932 0.001488
2460036.079199 17.735689 0.001481
2460036.572266 17.747840 0.001487
2460037.065333 17.751356 0.001490
2460037.568927 17.751012 0.001486
2460038.061994 17.755239 0.001489
2460038.555061 17.759333 0.001491
2460039.058655 17.762241 0.001492
2460039.551722 17.764537 0.001491
2460040.044789 17.767447 0.001492
2460040.548382 17.773497 0.001497
2460041.041450 17.776328 0.001497
2460041.534517 17.776951 0.001494
2460042.038110 17.781201 0.001497
2460042.531177 17.783089 0.001496
2460043.024244 17.790360 0.001502
2460043.527838 17.792709 0.001502
2460044.020905 17.796945 0.001504
2460044.513972 17.798657 0.001502
2460045.017566 17.804714 0.001507
2460045.510633 17.803936 0.001502
2460046.003700 17.811095 0.001508
2460046.507294 17.817355 0.001513
2460047.000361 17.815731 0.001507
2460047.493428 17.821670 0.001512
2460047.997021 17.821971 0.001508
2460048.490088 17.827498 0.001512
2460048.983156 17.831000 0.001513
2460049.486749 17.833871 0.001514
2460049.979816 17.837823 0.001515
2460050.472883 17.840446 0.001515
2460050.976477 17.847182 0.001521
2460051.469544 17.847776 0.001518
2460051.962611 17.852594 0.001521
2460052.466205 17.856760 0.001523
2460052.959272 17.859792 0.001524
2460053.452339 17.863972 0.001526
2460053.955932 17.866923 0.001527
2460054.449000 17.868059 0.001525
2460054.942067 17.873364 0.001529
2460055.445660 17.874791 0.001527
2460055.938727 17.879724 0.001531
2460056.431794 17.883012 0.001532
2460056.935388 17.885380 0.001532
2460057.428455 17.889961 0.001535
2460057.921522 17.893762 0.001537
2460058.425116 17.892092 0.001532
2460058.918183 17.896525 0.001535
