2458346.727899 22.514161 0.007344
2458347.220966 22.515059 0.007350
2458347.714033 22.507472 0.007299
2458348.217627 22.515016 0.007350
2458348.710694 22.521838 0.007396
2458349.203761 22.525503 0.007421
2458349.707355 22.525158 0.007419
2458350.200422 22.521752 0.007395
2458350.693489 22.521709 0.007395
2458351.197082 22.514289 0.007345
2458351.690150 22.525719 0.007423
2458352.183217 22.507557 0.007299
2458352.686810 22.526022 0.007425
2458353.179877 22.519388 0.007379
2458353.672944 22.518873 0.007376
2458354.176538 22.531002 0.007459
2458354.669605 22.508152 0.007303
2458355.162672 22.519731 0.007382
2458355.666266 22.514674 0.007347
2458356.159333 22.517157 0.007364
2458356.652400 22.519817 0.007382
2458357.155994 22.513349 0.007339
2458357.649061 22.523087 0.007405
2458358.142128 22.522786 0.007403
2458358.645721 22.527102 0.007432
2458359.138788 22.496820 0.007228
2458359.631856 22.522183 0.007399
2458360.135449 22.521709 0.007395
2458360.628516 22.527968 0.007438
2458361.121583 22.513435 0.007339
2458361.625177 22.513734 0.007341
2458362.118244 22.503359 0.007271
2458362.611311 22.535526 0.007490
2458363.114905 22.503783 0.007274
2458363.607972 22.520290 0.007386
2458364.101039 22.521107 0.007391
2458364.604632 22.518615 0.007374
2458365.097700 22.516557 0.007360
2458365.590767 22.514845 0.007349
2458366.094360 22.513264 0.007338
2458366.587427 22.510790 0.007321
2458367.080494 22.503359 0.007271
2458367.584088 22.510023 0.007316
2458368.077155 22.512538 0.007333
2458368.570222 22.527924 0.007438
2458369.073816 22.502133 0.007263
2458369.566883 22.516343 0.007359
2458370.059950 22.520935 0.007390
2458370.563544 22.506707 0.007294
2458371.056611 22.522226 0.007399
2458371.549678 22.493125 0.007203
2458372.053271 22.507132 0.007297
2458372.546338 22.522570 0.007401
2458373.039406 22.515572 0.007354
2458373.542999 22.525719 0.007423
2458374.036066 22.518272 0.007372
2458374.529133 22.516471 0.007360
2458375.032727 22.519302 0.007379
2458375.525794 22.510194 0.007317
2458376.018861 22.517843 0.007369
2458376.522455 22.523605 0.007408
2458377.015522 22.517071 0.007364
2458377.508589 22.512069 0.007330
2458378.012182 22.510662 0.007321
2458378.505250 22.535526 0.007490
2458378.998317 22.515358 0.007352
2458379.501910 22.501372 0.007258
2458379.994977 22.516771 0.007362
2458380.488044 22.520806 0.007389
2458380.991638 22.520892 0.007390
2458381.484705 22.521365 0.007393
2458381.977772 22.537926 0.007507
2458382.481366 22.514888 0.007349
2458382.974433 22.497872 0.007235
2458383.467500 22.515744 0.007355
2458383.971094 22.527102 0.007432
2458384.464161 22.518229 0.007372
2458384.957228 22.516943 0.007363
2458385.460821 22.509683 0.007314
2458385.953888 22.518658 0.007375
2458386.446956 22.510151 0.007317
2458386.950549 22.520204 0.007385
2458387.443616 22.533392 0.007476
2458387.936683 22.507514 0.007300
2458388.440277 22.516900 0.007363
2458388.933344 22.516000 0.007357
2458389.426411 22.523863 0.007410
2458389.930005 22.511046 0.007323
2458390.423072 22.517457 0.007367
2458390.916139 22.526973 0.007432
2458391.419732 22.504164 0.007277
2458391.912800 22.520161 0.007385
2458392.405867 22.529180 0.007447
2458392.909460 22.530698 0.007457
2458393.402527 22.519044 0.007378
2458393.895594 22.518529 0.007374
2458394.399188 22.514888 0.007349
2458394.892255 22.509810 0.007315
2458395.385322 22.527102 0.007433
2458395.888916 22.519431 0.007380
2458396.381983 22.520677 0.007389
2458396.875050 22.513862 0.007343
2458397.378644 22.507132 0.007297
2458397.871711 22.530047 0.007453
2458398.364778 22.513435 0.007340
2458398.868371 22.506835 0.007295
2458399.361438 22.510577 0.007320
2458399.854506 22.514674 0.007348
2458400.358099 22.519130 0.007378
2458400.851166 22.531349 0.007462
2458401.344233 22.523691 0.007409
2458401.847827 22.524812 0.007417
2458402.340894 22.512496 0.007333
2458402.833961 22.519817 0.007383
2458403.337555 22.515316 0.007353
2458403.830622 22.516086 0.007358
2458404.323689 22.524036 0.007412
2458404.827282 22.513008 0.007337
2458405.320350 22.513648 0.007341
2458405.813417 22.510449 0.007320
2458406.317010 22.518615 0.007375
2458406.810077 22.523260 0.007407
2458407.303144 22.510833 0.007322
2458407.806738 22.511216 0.007325
2458408.299805 22.532609 0.007471
2458408.792872 22.517286 0.007366
2458409.296466 22.524036 0.007412
2458409.789533 22.509598 0.007314
2458410.282600 22.513776 0.007342
2458410.786194 22.510449 0.007320
2458411.279261 22.516814 0.007363
2458411.772328 22.526194 0.007427
2458412.275921 22.529831 0.007452
2458412.768988 22.525546 0.007422
2458413.262056 22.511728 0.007329
2458413.765649 22.514802 0.007349
2458414.258716 22.513093 0.007338
2458414.751783 22.507812 0.007302
2458415.255377 22.514161 0.007345
2458415.748444 22.511515 0.007327
2458416.241511 22.509768 0.007315
2458416.745105 22.523648 0.007410
2458417.238172 22.514503 0.007348
2458417.731239 22.513691 0.007342
2458418.234832 22.525676 0.007424
2458526.481367 22.424419 0.007052
2458526.984960 22.420687 0.007041
2458527.478027 22.404032 0.006948
2458527.971094 22.399755 0.006935
2458528.474688 22.379935 0.006825
2458528.967755 22.406158 0.007008
2458529.460822 22.387820 0.006907
2458529.964416 22.386565 0.006917
2458530.457483 22.366050 0.006806
2458530.950550 22.370010 0.006850
2458531.454144 22.352524 0.006761
2458531.947211 22.348517 0.006758
2458532.440278 22.338001 0.006715
2458532.943871 22.342772 0.006769
2458533.436938 22.317698 0.006639
2458533.930006 22.315987 0.006654
2458534.433599 22.296088 0.006562
2458534.926666 22.291865 0.006565
2458535.419733 22.265103 0.006435
2458535.923327 22.291100 0.006624
2458536.416394 22.259444 0.006468
2458536.909461 22.244339 0.006414
2458537.413055 22.236335 0.006405
2458537.906122 22.215296 0.006322
2458538.399189 22.200949 0.006280
2458538.902782 22.178475 0.006196
2458539.395850 22.164325 0.006162
2458539.888917 22.154246 0.006154
2458540.392510 22.125335 0.006044
2458540.885577 22.113598 0.006034
2458541.378644 22.094005 0.005983
2458541.882238 22.063696 0.005880
2458542.375305 22.034127 0.005785
2458542.868372 22.012615 0.005738
2458543.371966 21.996259 0.005725
2458543.865033 21.953759 0.005580
2458544.358100 21.914163 0.005458
2458544.861694 21.890782 0.005426
2458545.354761 21.858041 0.005353
2458545.847828 21.814752 0.005235
2458546.351421 21.765204 0.005100
2458546.844488 21.727135 0.005027
2458547.337556 21.669525 0.004874
2458547.841149 21.619008 0.004768
2458548.334216 21.563234 0.004649
2458548.827283 21.503696 0.004526
2458549.330877 21.431199 0.004368
2458549.823944 21.361053 0.004232
2458550.317011 21.301916 0.004154
2458550.820605 21.209030 0.003968
2458551.313672 21.129923 0.003846
2458551.806739 21.031924 0.003675
2458552.310332 20.927029 0.003500
2458552.803400 20.835107 0.003374
2458553.296467 20.743280 0.003248
2458553.800060 20.653992 0.003121
2458554.293127 20.586384 0.003025
2458554.786194 20.560707 0.003000
2458555.289788 20.566591 0.003012
2458555.782855 20.588347 0.003037
2458556.275922 20.584308 0.003033
2458556.779516 21.067757 0.003716
2458557.272583 21.023261 0.003644
2458557.765650 20.926563 0.003500
2458558.269244 21.047764 0.003688
2458558.762311 21.150395 0.003860
2458559.255378 21.240082 0.004016
2458559.758971 21.323583 0.004169
2458560.252038 21.401793 0.004325
2458560.745106 21.466053 0.004443
2458561.248699 21.533646 0.004588
2458561.741766 21.598072 0.004737
2458562.234833 21.659053 0.004887
2458562.738427 21.700470 0.004958
2458563.231494 21.744098 0.005052
2458563.724561 21.777884 0.005109
2458564.228155 21.836261 0.005290
2458564.721222 21.874751 0.005388
2458565.214289 21.908326 0.005469
2458565.717882 21.945526 0.005575
2458566.210950 21.970778 0.005627
2458566.704017 22.000804 0.005711
2458567.207610 22.024311 0.005764
2458567.700677 22.054533 0.005860
2458568.193744 22.072395 0.005894
2458568.697338 22.094208 0.005953
2458569.190405 22.111974 0.005995
2458569.683472 22.142589 0.006113
2458570.187066 22.155627 0.006135
2458570.680133 22.178569 0.006217
2458571.173200 22.190812 0.006242
2458571.676794 22.218612 0.006360
2458572.169861 22.230230 0.006387
2458572.662928 22.235772 0.006381
2458573.166521 22.263949 0.006510
2458573.659588 22.265511 0.006485
2458574.152656 22.292388 0.006613
2458574.656249 22.289708 0.006565
2458575.149316 22.308040 0.006647
2458575.642383 22.320698 0.006696
2458576.145977 22.326399 0.006703
2458576.639044 22.321986 0.006651
2458577.132111 22.334192 0.006701
2458577.635705 22.341131 0.006721
2458578.128772 22.364336 0.006844
2458578.621839 22.354256 0.006760
2458579.125432 22.367094 0.006820
2458579.618500 22.382847 0.006901
2458580.111567 22.382809 0.006882
2458580.615160 22.380615 0.006851
2458581.108227 22.373871 0.006793
2458581.601294 22.404651 0.006972
2458582.104888 22.407823 0.006978
2458582.597955 22.411744 0.006989
2458583.091022 22.420099 0.007029
2458583.594616 22.417555 0.007000
2458584.087683 22.425876 0.007042
2458584.580750 22.439874 0.007121
2458585.084344 22.432753 0.007064
2458585.577411 22.439316 0.007096
2458586.070478 22.426704 0.007004
2458586.574071 22.444995 0.007113
2458587.067138 22.440074 0.007072
2458587.560206 22.444955 0.007095
2458588.063799 22.451430 0.007129
2458588.556866 22.452076 0.007125
2458589.049933 22.451874 0.007117
2458589.553527 22.447525 0.007081
2458590.046594 22.464335 0.007184
2458590.539661 22.466337 0.007191
2458591.043255 22.458472 0.007133
2458591.536322 22.475207 0.007237
2458592.029389 22.467892 0.007183
2458592.532982 22.471749 0.007203
2458593.026050 22.461847 0.007132
2458593.519117 22.482405 0.007264
2458594.022710 22.467605 0.007160
2458594.515777 22.465928 0.007145
2458595.008844 22.471050 0.007174
2458595.512438 22.489317 0.007292
2458596.005505 22.474012 0.007186
2458596.498572 22.485398 0.007257
2458597.002166 22.475248 0.007186
2458597.495233 22.487814 0.007266
2458597.988300 22.478097 0.007198
2458712.204272 22.504333 0.007278
2458712.697339 22.503698 0.007274
2458713.200932 22.524812 0.007417
2458713.694000 22.517800 0.007369
2458714.187067 22.523475 0.007408
2458714.690660 22.513435 0.007340
2458715.183727 22.519087 0.007378
2458715.676794 22.525676 0.007423
2458716.180388 22.515316 0.007352
2458716.673455 22.521666 0.007395
2458717.166522 22.532218 0.007468
2458717.670116 22.507429 0.007299
2458718.163183 22.511813 0.007329
2458718.656250 22.505689 0.007287
2458719.159844 22.533261 0.007475
2458719.652911 22.503317 0.007271
2458720.145978 22.527448 0.007435
2458720.649571 22.522484 0.007401
2458721.142638 22.515016 0.007350
2458721.635706 22.515615 0.007354
2458722.139299 22.513776 0.007342
2458722.632366 22.518615 0.007375
2458723.125433 22.522226 0.007399
2458723.629027 22.512709 0.007335
2458724.122094 22.521451 0.007394
2458724.615161 22.512410 0.007332
2458725.118755 22.511387 0.007326
2458725.611822 22.521580 0.007395
2458726.104889 22.503910 0.007275
2458726.608482 22.513520 0.007340
2458727.101550 22.516429 0.007360
2458727.594617 22.513093 0.007337
2458728.098210 22.519731 0.007382
2458728.591277 22.505477 0.007286
2458729.084344 22.519731 0.007382
2458729.587938 22.516514 0.007360
2458730.081005 22.508832 0.007308
2458730.574072 22.515744 0.007355
2458731.077666 22.508152 0.007304
2458731.570733 22.517628 0.007368
2458732.063800 22.520247 0.007385
2458732.567394 22.501584 0.007260
2458733.060461 22.518143 0.007371
2458733.553528 22.514674 0.007348
2458734.057121 22.505435 0.007285
2458734.550188 22.515829 0.007355
2458735.043256 22.497493 0.007232
2458735.546849 22.514503 0.007346
2458736.039916 22.511642 0.007327
2458736.532983 22.522355 0.007400
2458737.036577 22.517243 0.007365
2458737.529644 22.513392 0.007339
2458738.022711 22.524122 0.007412
2458738.526305 22.513734 0.007341
2458739.019372 22.518658 0.007375
2458739.512439 22.518100 0.007371
2458740.016032 22.518443 0.007373
2458740.509100 22.509470 0.007312
2458741.002167 22.521021 0.007391
2458741.505760 22.511301 0.007325
2458741.998827 22.536529 0.007497
2458742.491894 22.524899 0.007417
2458742.995488 22.515187 0.007351
2458743.488555 22.518958 0.007377
2458743.981622 22.499220 0.007244
2458744.485216 22.522097 0.007398
2458744.978283 22.509725 0.007314
2458745.471350 22.519603 0.007381
2458745.974944 22.517757 0.007368
2458746.468011 22.512922 0.007336
2458746.961078 22.519817 0.007382
2458747.464671 22.522958 0.007404
2458747.957738 22.518272 0.007372
2458748.450806 22.515829 0.007355
2458748.954399 22.505816 0.007288
2458749.447466 22.505859 0.007288
2458749.940533 22.527189 0.007433
2458750.444127 22.526324 0.007427
2458750.937194 22.530308 0.007454
2458751.430261 22.513734 0.007341
2458751.933855 22.516943 0.007363
2458752.426922 22.512965 0.007336
2458752.919989 22.510705 0.007321
2458753.423582 22.514247 0.007345
2458753.916650 22.511344 0.007325
2458754.409717 22.513264 0.007338
2458754.913310 22.521795 0.007396
2458755.406377 22.521752 0.007396
2458755.899444 22.524165 0.007412
2458756.403038 22.506495 0.007292
2458756.896105 22.515658 0.007354
2458757.389172 22.512581 0.007333
2458757.892766 22.520978 0.007390
2458758.385833 22.511131 0.007324
2458758.878900 22.509725 0.007314
2458759.382494 22.523130 0.007405
2458759.875561 22.510833 0.007321
2458760.368628 22.514161 0.007344
2458760.872221 22.516471 0.007360
2458761.365288 22.502048 0.007262
2458761.858356 22.518143 0.007371
2458762.361949 22.499389 0.007245
2458762.855016 22.507132 0.007297
2458763.348083 22.513307 0.007338
2458763.851677 22.519130 0.007378
2458764.344744 22.517457 0.007366
2458764.837811 22.501077 0.007256
2458765.341405 22.511600 0.007327
2458765.834472 22.531479 0.007462
2458766.327539 22.512581 0.007333
2458766.831132 22.519259 0.007378
2458767.324200 22.523863 0.007410
2458767.817267 22.529917 0.007451
2458768.320860 22.501668 0.007260
2458768.813927 22.526151 0.007425
2458769.306994 22.517200 0.007364
2458769.810588 22.522786 0.007402
2458770.303655 22.522613 0.007401
2458770.796722 22.510705 0.007321
2458771.300316 22.518615 0.007374
2458771.793383 22.532044 0.007466
2458772.286450 22.523993 0.007411
2458772.790044 22.523863 0.007410
2458773.283111 22.513392 0.007339
2458773.776178 22.527146 0.007432
2458774.279771 22.511387 0.007325
2458774.772838 22.504460 0.007279
2458775.265906 22.510279 0.007318
2458775.769499 22.514161 0.007344
2458776.262566 22.517972 0.007370
2458776.755633 22.504121 0.007276
2458777.259227 22.515786 0.007355
2458777.752294 22.533218 0.007474
2458778.245361 22.505562 0.007286
2458778.748955 22.514546 0.007346
2458779.242022 22.522613 0.007401
2458779.735089 22.519216 0.007378
2458780.238682 22.517800 0.007369
2458780.731750 22.523820 0.007409
2458781.224817 22.513008 0.007336
2458781.728410 22.511600 0.007327
2458782.221477 22.517114 0.007364
2458782.714544 22.523863 0.007410
2458783.218138 22.520548 0.007387
2458783.711205 22.507174 0.007297
2459622.427944 22.515872 0.007355
2459622.921011 22.526540 0.007428
2459623.424605 22.514418 0.007345
2459623.917672 22.513862 0.007342
2459624.410739 22.519130 0.007377
2459624.914332 22.505096 0.007283
2459625.407400 22.513435 0.007339
2459625.900467 22.526713 0.007429
2459626.404060 22.514503 0.007346
2459626.897127 22.522355 0.007399
2459627.390194 22.517114 0.007364
2459627.893788 22.502175 0.007263
2459628.386855 22.513520 0.007339
2459628.879922 22.526194 0.007425
2459629.383516 22.518873 0.007376
2459629.876583 22.511387 0.007325
2459630.369650 22.532392 0.007468
2459630.873244 22.515016 0.007349
2459631.366311 22.528444 0.007441
2459631.859378 22.518744 0.007375
2459632.362971 22.524295 0.007413
2459632.856038 22.522183 0.007398
2459633.349106 22.510620 0.007320
2459633.852699 22.516386 0.007359
2459634.345766 22.503063 0.007269
2459634.838833 22.518830 0.007375
2459635.342427 22.519087 0.007377
2459635.835494 22.525892 0.007423
2459636.328561 22.509215 0.007310
2459636.832155 22.523260 0.007405
2459637.325222 22.531393 0.007461
2459637.818289 22.520763 0.007388
2459638.321882 22.509810 0.007314
2459638.814950 22.525806 0.007423
2459639.308017 22.507727 0.007300
2459639.811610 22.526367 0.007427
2459640.304677 22.513093 0.007336
2459640.797744 22.513905 0.007342
2459641.301338 22.520075 0.007384
2459641.794405 22.518358 0.007372
2459642.287472 22.514589 0.007347
2459642.791066 22.506962 0.007295
2459643.284133 22.513691 0.007340
2459643.777200 22.518873 0.007376
2459644.280794 22.527881 0.007437
2459644.773861 22.515358 0.007352
2459645.266928 22.517972 0.007369
2459645.770521 22.527232 0.007433
2459646.263588 22.517414 0.007366
2459646.756656 22.511216 0.007324
2459647.260249 22.525762 0.007423
2459647.753316 22.527362 0.007433
2459648.246383 22.514973 0.007349
2459648.749977 22.517800 0.007368
2459649.243044 22.513392 0.007338
2459649.736111 22.519345 0.007379
2459650.239705 22.526627 0.007428
2459650.732772 22.521279 0.007392
2459651.225839 22.517286 0.007365
2459651.729432 22.529310 0.007447
2459652.222500 22.529267 0.007447
2459652.715567 22.524683 0.007415
2459653.219160 22.510364 0.007318
2459653.712227 22.521537 0.007394
2459654.205294 22.509768 0.007314
2459654.708888 22.507174 0.007297
2459655.201955 22.515658 0.007354
2459655.695022 22.521838 0.007396
2459656.198616 22.518615 0.007374
2459656.691683 22.519989 0.007383
2459657.184750 22.522786 0.007402
2459657.688344 22.520419 0.007386
2459658.181411 22.528357 0.007440
2459658.674478 22.523863 0.007410
2459659.178071 22.527535 0.007435
2459659.671138 22.522657 0.007401
2459660.164206 22.510449 0.007319
2459660.667799 22.531219 0.007460
2459661.160866 22.517671 0.007367
2459661.653933 22.508959 0.007309
2459662.157527 22.508747 0.007307
2459662.650594 22.523993 0.007410
2459663.143661 22.505732 0.007287
2459663.647255 22.510194 0.007317
2459664.140322 22.501626 0.007259
2459664.633389 22.519001 0.007376
2459665.136982 22.533044 0.007472
2459665.630050 22.517586 0.007367
2459666.123117 22.516900 0.007362
2459666.626710 22.526324 0.007426
2459667.119777 22.510109 0.007316
2459667.612844 22.512112 0.007330
2459668.116438 22.521150 0.007391
2459668.609505 22.505392 0.007285
2459669.102572 22.514247 0.007344
2459669.606166 22.509853 0.007315
2459670.099233 22.521279 0.007392
2459670.592300 22.514247 0.007344
2459671.095894 22.501499 0.007258
2459671.588961 22.511642 0.007327
2459672.082028 22.505689 0.007287
2459672.585621 22.506580 0.007293
2459673.078688 22.516728 0.007361
2459673.571756 22.521580 0.007394
2459674.075349 22.519989 0.007383
2459674.568416 22.500359 0.007251
2459675.061483 22.538406 0.007509
2459675.565077 22.517328 0.007365
2459676.058144 22.516686 0.007361
2459676.551211 22.518744 0.007375
2459677.054805 22.523475 0.007407
2459677.547872 22.510662 0.007320
2459678.040939 22.516686 0.007361
2459678.544532 22.526065 0.007425
2459679.037600 22.515230 0.007351
2459679.530667 22.516814 0.007362
2459680.034260 22.515530 0.007353
2459680.527327 22.525244 0.007419
2459681.020394 22.512666 0.007334
2459681.523988 22.513221 0.007337
2459682.017055 22.513179 0.007337
2459682.510122 22.512026 0.007329
2459683.013716 22.520204 0.007385
2459683.506783 22.521236 0.007392
2459683.999850 22.527362 0.007433
2459684.503444 22.514802 0.007348
2459684.996511 22.505520 0.007285
2459685.489578 22.514760 0.007348
2459685.993171 22.509470 0.007312
2459686.486238 22.517114 0.007364
2459686.979306 22.520333 0.007386
2459687.482899 22.508237 0.007304
2459687.975966 22.525719 0.007422
2459688.469033 22.518315 0.007372
2459688.972627 22.524295 0.007413
2459689.465694 22.523475 0.007407
2459689.958761 22.507174 0.007297
2459690.462355 22.516257 0.007358
2459690.955422 22.509342 0.007311
2459691.448489 22.517500 0.007366
2459691.952082 22.494090 0.007209
2459692.445150 22.514931 0.007349
2459692.938217 22.517972 0.007369
2459693.441810 22.504460 0.007278
2459693.934877 22.524683 0.007415
2459807.647256 22.519603 0.007381
2459808.150849 22.512197 0.007330
2459808.643916 22.517071 0.007363
2459809.136983 22.514931 0.007349
2459809.640577 22.512752 0.007334
2459810.133644 22.511770 0.007327
2459810.626711 22.517929 0.007369
2459811.130305 22.515615 0.007353
2459811.623372 22.517628 0.007367
2459812.116439 22.523863 0.007410
2459812.620032 22.513050 0.007336
2459813.113100 22.513349 0.007338
2459813.606167 22.511856 0.007328
2459814.109760 22.512666 0.007334
2459814.602827 22.526410 0.007427
2459815.095894 22.524942 0.007417
2459815.599488 22.523691 0.007408
2459816.092555 22.511898 0.007328
2459816.585622 22.524036 0.007411
2459817.089216 22.508534 0.007306
2459817.582283 22.520118 0.007384
2459818.075350 22.502006 0.007262
2459818.578944 22.517114 0.007364
2459819.072011 22.522312 0.007399
2459819.565078 22.513520 0.007339
2459820.068671 22.519474 0.007380
2459820.561738 22.501288 0.007257
2459821.054806 22.512837 0.007335
2459821.558399 22.516686 0.007361
2459822.051466 22.525935 0.007424
2459822.544533 22.509640 0.007313
2459823.048127 22.529224 0.007446
2459823.541194 22.517457 0.007366
2459824.034261 22.526670 0.007429
2459824.537855 22.516557 0.007360
2459825.030922 22.501964 0.007262
2459825.523989 22.522097 0.007398
2459826.027582 22.515316 0.007351
2459826.520650 22.516986 0.007363
2459827.013717 22.530438 0.007455
2459827.517310 22.524295 0.007413
2459828.010377 22.518186 0.007371
2459828.503444 22.512538 0.007333
2459829.007038 22.506750 0.007294
2459829.500105 22.518014 0.007370
2459829.993172 22.517328 0.007365
2459830.496766 22.506071 0.007289
2459830.989833 22.528834 0.007444
2459831.482900 22.515744 0.007354
2459831.986494 22.526843 0.007430
2459832.479561 22.516471 0.007359
2459832.972628 22.515658 0.007354
2459833.476221 22.524683 0.007415
2459833.969288 22.512240 0.007331
2459834.462356 22.514760 0.007348
2459834.965949 22.531610 0.007463
2459835.459016 22.503529 0.007272
2459835.952083 22.510833 0.007321
2459836.455677 22.513264 0.007338
2459836.948744 22.515316 0.007351
2459837.441811 22.519989 0.007383
2459837.945405 22.522011 0.007397
2459838.438472 22.518615 0.007374
2459838.931539 22.522097 0.007398
2459839.435132 22.517500 0.007366
2459839.928200 22.525115 0.007418
2459840.421267 22.520290 0.007385
2459840.924860 22.527795 0.007436
2459841.417927 22.498967 0.007242
2459841.910994 22.525546 0.007421
2459842.414588 22.526540 0.007428
2459842.907655 22.519259 0.007378
2459843.400722 22.505647 0.007286
2459843.904316 22.515530 0.007353
2459844.397383 22.522613 0.007401
2459844.890450 22.514161 0.007344
2459845.394044 22.522011 0.007397
2459845.887111 22.518057 0.007370
2459846.380178 22.526843 0.007430
2459846.883771 22.516686 0.007361
2459847.376838 22.519989 0.007383
2459847.869906 22.537183 0.007501
2459848.373499 22.504714 0.007280
2459848.866566 22.518229 0.007371
2459849.359633 22.530308 0.007454
2459849.863227 22.518186 0.007371
2459850.356294 22.519989 0.007383
2459850.849361 22.520548 0.007387
2459851.352955 22.512069 0.007330
2459851.846022 22.505986 0.007289
2459852.339089 22.531914 0.007465
2459852.842682 22.511557 0.007326
2459853.335750 22.513008 0.007336
2459853.828817 22.505350 0.007284
2459854.332410 22.493167 0.007203
2459854.825477 22.520677 0.007388
2459855.318544 22.515958 0.007356
2459855.822138 22.524640 0.007415
2459856.315205 22.516728 0.007361
2459856.808272 22.505223 0.007283
2459857.311866 22.528487 0.007441
2459857.804933 22.519216 0.007378
2459858.298000 22.507769 0.007301
2459858.801594 22.512240 0.007331
2459859.294661 22.518443 0.007373
2459859.787728 22.522398 0.007400
2459860.291321 22.537314 0.007502
2459860.784388 22.505053 0.007282
2459861.277456 22.515744 0.007354
2459861.781049 22.518916 0.007376
2459862.274116 22.510705 0.007320
2459862.767183 22.514289 0.007345
2459863.270777 22.515701 0.007354
2459863.763844 22.519817 0.007382
2459864.256911 22.506410 0.007291
2459864.760505 22.509896 0.007315
2459865.253572 22.523432 0.007407
2459865.746639 22.511131 0.007323
2459866.250232 22.512581 0.007333
2459866.743300 22.517800 0.007368
2459867.236367 22.520720 0.007388
2459867.739960 22.515358 0.007352
2459868.233027 22.524597 0.007415
2459868.726094 22.511003 0.007322
2459869.229688 22.538406 0.007509
2459869.722755 22.507514 0.007299
2459870.215822 22.522441 0.007400
2459870.719416 22.526713 0.007429
2459871.212483 22.526238 0.007426
2459871.705550 22.524122 0.007411
2459872.209144 22.507090 0.007296
2459872.702211 22.515401 0.007352
2459873.195278 22.513050 0.007336
2459873.698871 22.512794 0.007334
2459874.191938 22.512069 0.007330
2459874.685006 22.501584 0.007259
2459875.188599 22.512922 0.007335
2459875.681666 22.513734 0.007341
2459876.174733 22.513349 0.007338
2459876.678327 22.533740 0.007477
2459877.171394 22.509087 0.007309
2459877.664461 22.521537 0.007394
2459878.168055 22.499600 0.007246
2459878.661122 22.526108 0.007425
2459879.154189 22.510747 0.007321
2459987.411250 22.517757 0.007368
2459987.904317 22.516771 0.007361
2459988.407910 22.520720 0.007388
2459988.900977 22.514631 0.007347
2459989.394044 22.522527 0.007400
2459989.897638 22.504926 0.007281
2459990.390705 22.513990 0.007342
2459990.883772 22.519560 0.007380
2459991.387366 22.517714 0.007368
2459991.880433 22.520548 0.007387
2459992.373500 22.509087 0.007309
2459992.877094 22.515145 0.007350
2459993.370161 22.528574 0.007442
2459993.863228 22.514674 0.007347
2459994.366821 22.518014 0.007370
2459994.859888 22.516986 0.007363
2459995.352956 22.513520 0.007339
2459995.856549 22.509257 0.007311
2459996.349616 22.518572 0.007374
2459996.842683 22.531393 0.007461
2459997.346277 22.525978 0.007424
2459997.839344 22.514931 0.007349
2459998.332411 22.512282 0.007331
2459998.836005 22.528141 0.007439
2459999.329072 22.508577 0.007306
2459999.822139 22.513008 0.007336
2460000.325732 22.514760 0.007348
2460000.818800 22.517757 0.007368
2460001.311867 22.511429 0.007325
2460001.815460 22.518529 0.007373
2460002.308527 22.514033 0.007343
2460002.801594 22.518486 0.007373
2460003.305188 22.519989 0.007383
2460003.798255 22.530004 0.007452
2460004.291322 22.506029 0.007289
2460004.794916 22.513435 0.007339
2460005.287983 22.522484 0.007400
2460005.781050 22.531523 0.007462
2460006.284644 22.507684 0.007300
2460006.777711 22.508194 0.007303
2460007.270778 22.532348 0.007468
2460007.774371 22.512922 0.007335
2460008.267438 22.515701 0.007354
2460008.760506 22.518701 0.007374
2460009.264099 22.521623 0.007394
2460009.757166 22.513563 0.007340
2460010.250233 22.517929 0.007369
2460010.753827 22.515444 0.007352
2460011.246894 22.533435 0.007475
2460011.739961 22.510449 0.007319
2460012.243555 22.506495 0.007292
2460012.736622 22.509938 0.007315
2460013.229689 22.522829 0.007403
2460013.733282 22.517886 0.007369
2460014.226350 22.503402 0.007271
2460014.719417 22.514589 0.007347
2460015.223010 22.542040 0.007535
2460015.716077 22.512709 0.007334
2460016.209144 22.525287 0.007419
2460016.712738 22.519130 0.007377
2460017.205805 22.516771 0.007361
2460017.698872 22.506326 0.007291
2460018.202466 22.515744 0.007354
2460018.695533 22.530828 0.007457
2460019.188600 22.518443 0.007373
2460019.692194 22.529007 0.007445
2460020.185261 22.509257 0.007311
2460020.678328 22.508662 0.007307
2460021.181921 22.502006 0.007262
2460021.674988 22.517543 0.007367
2460022.168056 22.517500 0.007366
2460022.671649 22.514204 0.007344
2460023.164716 22.508237 0.007304
2460023.657783 22.514888 0.007349
2460024.161377 22.518014 0.007370
2460024.654444 22.511770 0.007327
2460025.147511 22.513221 0.007337
2460025.651105 22.512880 0.007335
2460026.144172 22.510279 0.007317
2460026.637239 22.513093 0.007336
2460027.140832 22.512581 0.007333
2460027.633900 22.514418 0.007345
2460028.126967 22.511770 0.007327
2460028.630560 22.522355 0.007399
2460029.123627 22.510960 0.007322
2460029.616694 22.528227 0.007439
2460030.120288 22.518958 0.007376
2460030.613355 22.519345 0.007379
2460031.106422 22.510790 0.007321
2460031.610016 22.516300 0.007358
2460032.103083 22.516386 0.007359
2460032.596150 22.506920 0.007295
2460033.099744 22.519431 0.007379
2460033.592811 22.521064 0.007390
2460034.085878 22.507854 0.007301
2460034.589471 22.502175 0.007263
2460035.082538 22.518615 0.007374
2460035.575606 22.523260 0.007405
2460036.079199 22.513264 0.007338
2460036.572266 22.514845 0.007348
2460037.065333 22.527924 0.007437
2460037.568927 22.505562 0.007286
2460038.061994 22.513392 0.007338
2460038.555061 22.517800 0.007368
2460039.058655 22.509810 0.007314
2460039.551722 22.512112 0.007330
2460040.044789 22.516086 0.007357
2460040.548382 22.511856 0.007328
2460041.041450 22.515958 0.007356
2460041.534517 22.506241 0.007290
2460042.038110 22.506156 0.007290
2460042.531177 22.517929 0.007369
2460043.024244 22.512496 0.007332
2460043.527838 22.517843 0.007369
2460044.020905 22.527448 0.007434
2460044.513972 22.526194 0.007425
2460045.017566 22.518358 0.007372
2460045.510633 22.508067 0.007303
2460046.003700 22.515530 0.007353
2460046.507294 22.520290 0.007385
2460047.000361 22.516172 0.007357
2460047.493428 22.521623 0.007394
2460047.997021 22.508534 0.007306
2460048.490088 22.525244 0.007419
2460048.983156 22.512368 0.007332
2460049.486749 22.513691 0.007340
2460049.979816 22.522140 0.007398
2460050.472883 22.524467 0.007414
2460050.976477 22.528444 0.007441
2460051.469544 22.513691 0.007340
2460051.962611 22.503571 0.007272
2460052.466205 22.527232 0.007433
2460052.959272 22.520290 0.007385
2460053.452339 22.508492 0.007305
2460053.955932 22.535656 0.007490
2460054.449000 22.512794 0.007334
2460054.942067 22.503275 0.007270
2460055.445660 22.524597 0.007415
2460055.938727 22.515358 0.007352
2460056.431794 22.509130 0.007310
2460056.935388 22.521580 0.007394
2460057.428455 22.521752 0.007395
2460057.921522 22.520548 0.007387
2460058.425116 22.507897 0.007301
2460058.918183 22.505180 0.007283
