2458346.727899 22.638418 0.010092
2458347.220966 22.635673 0.010066
2458347.714033 22.626744 0.009984
2458348.217627 22.641542 0.010121
2458348.710694 22.632787 0.010039
2458349.203761 22.623589 0.009955
2458349.707355 22.641096 0.010117
2458350.200422 22.633304 0.010044
2458350.693489 22.644004 0.010144
2458351.197082 22.640128 0.010108
2458351.690150 22.621758 0.009938
2458352.183217 22.635154 0.010061
2458352.686810 22.647444 0.010176
2458353.179877 22.637824 0.010086
2458353.672944 22.648493 0.010186
2458354.176538 22.627773 0.009993
2458354.669605 22.626083 0.009978
2458355.162672 22.639682 0.010103
2458355.666266 22.645872 0.010161
2458356.159333 22.635303 0.010063
2458356.652400 22.620150 0.009923
2458357.155994 22.613451 0.009862
2458357.649061 22.639979 0.010106
2458358.142128 22.624175 0.009960
2458358.645721 22.619201 0.009915
2458359.138788 22.633748 0.010048
2458359.631856 22.636414 0.010073
2458360.135449 22.631679 0.010029
2458360.628516 22.639458 0.010101
2458361.121583 22.608670 0.009819
2458361.625177 22.631089 0.010024
2458362.118244 22.643332 0.010137
2458362.611311 19.879273 0.002771
2458363.114905 19.350170 0.002260
2458363.607972 19.353633 0.002267
2458364.101039 19.356832 0.002274
2458364.604632 19.443867 0.002341
2458365.097700 20.369267 0.003381
2458365.590767 21.242774 0.005008
2458366.094360 22.005316 0.007239
2458366.587427 22.557426 0.009611
2458367.080494 22.614032 0.009868
2458367.584088 22.630720 0.010020
2458368.077155 22.639905 0.010105
2458368.570222 22.630056 0.010014
2458369.073816 22.638121 0.010089
2458369.566883 22.634044 0.010051
2458370.059950 22.639682 0.010103
2458370.563544 22.629393 0.010008
2458371.056611 22.633157 0.010043
2458371.549678 22.628583 0.010001
2458372.053271 22.639087 0.010098
2458372.546338 22.617087 0.009895
2458373.039406 22.634118 0.010052
2458373.542999 22.618398 0.009907
2458374.036066 22.632935 0.010041
2458374.529133 22.629540 0.010009
2458375.032727 22.639979 0.010106
2458375.525794 22.627921 0.009995
2458376.018861 22.625569 0.009973
2458376.522455 22.625789 0.009975
2458377.015522 22.626010 0.009977
2458377.508589 22.624982 0.009968
2458378.012182 22.635821 0.010068
2458378.505250 22.617597 0.009900
2458378.998317 22.633083 0.010042
2458379.501910 22.639756 0.010104
2458379.994977 22.636044 0.010070
2458380.488044 22.636118 0.010070
2458380.991638 22.653829 0.010236
2458381.484705 22.631163 0.010024
2458381.977772 22.637675 0.010085
2458382.481366 22.641244 0.010118
2458382.974433 22.629246 0.010007
2458383.467500 22.618544 0.009909
2458383.971094 22.631015 0.010023
2458384.464161 22.628951 0.010004
2458384.957228 22.633009 0.010041
2458385.460821 22.612217 0.009851
2458385.953888 22.630720 0.010020
2458386.446956 22.629909 0.010013
2458386.950549 22.642437 0.010129
2458387.443616 22.616431 0.009889
2458387.936683 22.641021 0.010116
2458388.440277 22.608959 0.009822
2458388.933344 22.622197 0.009942
2458389.426411 22.627847 0.009994
2458389.930005 22.609827 0.009829
2458390.423072 22.632122 0.010033
2458390.916139 22.625642 0.009974
2458391.419732 22.647219 0.010174
2458391.912800 22.630941 0.010022
2458392.405867 22.637750 0.010085
2458392.909460 22.640053 0.010107
2458393.402527 22.642288 0.010128
2458393.895594 22.638790 0.010095
2458394.399188 22.624468 0.009963
2458394.892255 22.646171 0.010164
2458395.385322 22.633674 0.010048
2458395.888916 22.640649 0.010112
2458396.381983 22.634932 0.010059
2458396.875050 22.641170 0.010117
2458397.378644 22.632048 0.010033
2458397.871711 22.624028 0.009959
2458398.364778 22.622710 0.009947
2458398.868371 22.644153 0.010145
2458399.361438 22.623076 0.009950
2458399.854506 22.624762 0.009966
2458400.358099 22.623589 0.009955
2458400.851166 22.638864 0.010096
2458401.344233 22.630572 0.010019
2458401.847827 22.628436 0.009999
2458402.340894 22.627185 0.009988
2458402.833961 22.638492 0.010092
2458403.337555 22.632491 0.010037
2458403.830622 22.634488 0.010055
2458404.323689 22.621539 0.009936
2458404.827282 22.631679 0.010029
2458405.320350 22.645199 0.010155
2458405.813417 22.629467 0.010009
2458406.317010 22.622051 0.009941
2458406.810077 22.629982 0.010014
2458407.303144 22.635377 0.010063
2458407.806738 22.633009 0.010041
2458408.299805 22.653001 0.010228
2458408.792872 22.631310 0.010026
2458409.296466 22.641915 0.010124
2458409.789533 22.624762 0.009966
2458410.282600 22.637972 0.010088
2458410.786194 22.617087 0.009895
2458411.279261 22.632196 0.010034
2458411.772328 22.634636 0.010057
2458412.275921 22.618471 0.009908
2458412.768988 22.618034 0.009904
2458413.262056 22.645199 0.010155
2458413.765649 22.638047 0.010088
2458414.258716 22.635377 0.010063
2458414.751783 22.629982 0.010014
2458415.255377 22.641840 0.010124
2458415.748444 22.645199 0.010155
2458416.241511 22.617014 0.009895
2458416.745105 22.629467 0.010009
2458417.238172 22.637304 0.010081
2458417.731239 22.644004 0.010144
2458418.234832 22.626377 0.009980
2458526.481367 22.625202 0.009970
2458526.984960 22.637082 0.010079
2458527.478027 22.644601 0.010149
2458527.971094 22.623662 0.009955
2458528.474688 22.634414 0.010055
2458528.967755 22.627626 0.009992
2458529.460822 22.620442 0.009926
2458529.964416 22.629467 0.010009
2458530.457483 22.637601 0.010084
2458530.950550 22.629909 0.010013
2458531.454144 22.612580 0.009854
2458531.947211 22.620004 0.009922
2458532.440278 22.638641 0.010094
2458532.943871 22.631236 0.010025
2458533.436938 22.636637 0.010075
2458533.930006 22.658662 0.010282
2458534.433599 22.635228 0.010062
2458534.926666 22.628730 0.010002
2458535.419733 22.635080 0.010061
2458535.923327 22.637972 0.010088
2458536.416394 22.645872 0.010161
2458536.909461 22.634636 0.010057
2458537.413055 22.631531 0.010028
2458537.906122 22.629319 0.010007
2458538.399189 22.631310 0.010026
2458538.902782 22.632787 0.010039
2458539.395850 22.619128 0.009914
2458539.888917 22.634562 0.010056
2458540.392510 22.628362 0.009999
2458540.885577 22.637898 0.010087
2458541.378644 22.628804 0.010003
2458541.882238 22.641766 0.010123
2458542.375305 22.628289 0.009998
2458542.868372 22.620369 0.009925
2458543.371966 22.627479 0.009990
2458543.865033 22.618253 0.009906
2458544.358100 22.634710 0.010057
2458544.861694 22.628362 0.009999
2458545.354761 22.645797 0.010160
2458545.847828 22.629172 0.010006
2458546.351421 22.643630 0.010140
2458546.844488 22.637379 0.010082
2458547.337556 22.648643 0.010187
2458547.841149 22.621466 0.009935
2458548.334216 22.633748 0.010048
2458548.827283 22.634266 0.010053
2458549.330877 22.633822 0.010049
2458549.823944 22.625495 0.009972
2458550.317011 22.618398 0.009907
2458550.820605 22.620442 0.009926
2458551.313672 22.657376 0.010269
2458551.806739 22.630425 0.010018
2458552.310332 22.641170 0.010117
2458552.803400 22.658965 0.010284
2458553.296467 22.627847 0.009994
2458553.800060 22.623589 0.009955
2458554.293127 22.655262 0.010249
2458554.786194 22.646022 0.010163
2458555.289788 22.636340 0.010072
2458555.782855 22.626744 0.009984
2458556.275922 22.632344 0.010035
2458556.779516 22.638121 0.010089
2458557.272583 22.628436 0.009999
2458557.765650 22.642884 0.010133
2458558.269244 22.635451 0.010064
2458558.762311 22.634562 0.010056
2458559.255378 22.634932 0.010059
2458559.758971 22.636192 0.010071
2458560.252038 22.632713 0.010039
2458560.745106 22.629982 0.010014
2458561.248699 22.639384 0.010101
2458561.741766 22.621831 0.009939
2458562.234833 22.623955 0.009958
2458562.738427 22.640872 0.010114
2458563.231494 22.627994 0.009995
2458563.724561 22.621831 0.009939
2458564.228155 22.635006 0.010060
2458564.721222 22.623222 0.009951
2458565.214289 22.629688 0.010011
2458565.717882 22.631163 0.010024
2458566.210950 22.652700 0.010225
2458566.704017 22.610406 0.009835
2458567.207610 22.645349 0.010156
2458567.700677 22.622783 0.009947
2458568.193744 22.632491 0.010037
2458568.697338 22.624982 0.009968
2458569.190405 22.638715 0.010094
2458569.683472 22.618690 0.009910
2458570.187066 22.638938 0.010096
2458570.680133 22.631089 0.010024
2458571.173200 22.630351 0.010017
2458571.676794 22.619712 0.009919
2458572.169861 22.622636 0.009946
2458572.662928 22.620369 0.009925
2458573.166521 22.628362 0.009999
2458573.659588 22.635525 0.010065
2458574.152656 22.634710 0.010057
2458574.656249 22.639607 0.010103
2458575.149316 22.625716 0.009974
2458575.642383 22.628730 0.010002
2458576.145977 22.631974 0.010032
2458576.639044 22.627553 0.009991
2458577.132111 22.623882 0.009957
2458577.635705 22.635747 0.010067
2458578.128772 22.633009 0.010041
2458578.621839 22.643705 0.010141
2458579.125432 22.628362 0.009999
2458579.618500 22.635673 0.010066
2458580.111567 22.637601 0.010084
2458580.615160 22.611855 0.009848
2458581.108227 22.617669 0.009901
2458581.601294 22.630277 0.010016
2458582.104888 22.628877 0.010003
2458582.597955 22.624468 0.009963
2458583.091022 22.626230 0.009979
2458583.594616 22.628657 0.010001
2458584.087683 22.626818 0.009984
2458584.580750 22.610551 0.009836
2458585.084344 22.632048 0.010033
2458585.577411 22.624542 0.009963
2458586.070478 22.617597 0.009900
2458586.574071 22.611130 0.009841
2458587.067138 22.637008 0.010079
2458587.560206 21.559409 0.005789
2458588.063799 19.355029 0.002270
2458588.556866 19.354542 0.002269
2458589.049933 19.354008 0.002268
2458589.553527 19.355810 0.002272
2458590.046594 19.928956 0.002815
2458590.539661 20.833586 0.004143
2458591.043255 21.650813 0.006031
2458591.536322 22.326796 0.008542
2458592.029389 22.642810 0.010133
2458592.532982 22.646321 0.010165
2458593.026050 22.616722 0.009892
2458593.519117 22.638418 0.010092
2458594.022710 22.609682 0.009828
2458594.515777 22.639905 0.010105
2458595.008844 22.639682 0.010103
2458595.512438 22.628362 0.009999
2458596.005505 22.627479 0.009990
2458596.498572 22.635599 0.010065
2458597.002166 22.628141 0.009997
2458597.495233 22.617669 0.009901
2458597.988300 22.624835 0.009966
2458712.204272 22.624468 0.009963
2458712.697339 22.628951 0.010004
2458713.200932 22.644228 0.010146
2458713.694000 22.633304 0.010044
2458714.187067 22.647818 0.010179
2458714.690660 22.616213 0.009887
2458715.183727 22.627406 0.009990
2458715.676794 22.636859 0.010077
2458716.180388 22.637230 0.010081
2458716.673455 22.639235 0.010099
2458717.166522 22.634784 0.010058
2458717.670116 22.639384 0.010101
2458718.163183 22.620515 0.009927
2458718.656250 22.615267 0.009879
2458719.159844 22.626377 0.009980
2458719.652911 22.623662 0.009955
2458720.145978 22.633378 0.010045
2458720.649571 22.636785 0.010076
2458721.142638 22.631310 0.010026
2458721.635706 22.616213 0.009887
2458722.139299 22.631015 0.010023
2458722.632366 22.621685 0.009937
2458723.125433 22.627700 0.009993
2458723.629027 22.617014 0.009895
2458724.122094 22.637453 0.010083
2458724.615161 22.630941 0.010022
2458725.118755 22.635451 0.010064
2458725.611822 22.655941 0.010256
2458726.104889 22.636488 0.010074
2458726.608482 22.618836 0.009911
2458727.101550 22.633674 0.010048
2458727.594617 22.637527 0.010083
2458728.098210 22.641990 0.010125
2458728.591277 22.619931 0.009921
2458729.084344 22.612217 0.009851
2458729.587938 22.638567 0.010093
2458730.081005 22.644900 0.010152
2458730.574072 22.647369 0.010175
2458731.077666 22.633526 0.010046
2458731.570733 22.626303 0.009980
2458732.063800 22.630572 0.010019
2458732.567394 22.608598 0.009818
2458733.060461 22.629319 0.010007
2458733.553528 22.624102 0.009959
2458734.057121 22.632861 0.010040
2458734.550188 22.635747 0.010067
2458735.043256 22.626156 0.009978
2458735.546849 22.625275 0.009970
2458736.039916 22.624028 0.009959
2458736.532983 22.622417 0.009944
2458737.036577 22.619639 0.009919
2458737.529644 22.644302 0.010146
2458738.022711 22.656092 0.010257
2458738.526305 22.637972 0.010088
2458739.019372 22.646321 0.010165
2458739.512439 22.622270 0.009943
2458740.016032 22.625129 0.009969
2458740.509100 22.628141 0.009997
2458741.002167 22.624322 0.009961
2458741.505760 22.620077 0.009923
2458741.998827 22.640351 0.010110
2458742.491894 22.618544 0.009909
2458742.995488 22.628436 0.009999
2458743.488555 22.623589 0.009955
2458743.981622 22.627332 0.009989
2458744.485216 22.635006 0.010060
2458744.978283 22.629319 0.010007
2458745.471350 22.641691 0.010122
2458745.974944 22.624835 0.009966
2458746.468011 22.609538 0.009827
2458746.961078 22.633231 0.010044
2458747.464671 22.626303 0.009980
2458747.957738 22.624028 0.009959
2458748.450806 22.628068 0.009996
2458748.954399 22.618544 0.009909
2458749.447466 22.630572 0.010019
2458749.940533 22.625936 0.009976
2458750.444127 22.641244 0.010118
2458750.937194 22.634784 0.010058
2458751.430261 22.640649 0.010112
2458751.933855 22.634488 0.010055
2458752.426922 22.653679 0.010234
2458752.919989 22.637156 0.010080
2458753.423582 22.622490 0.009945
2458753.916650 22.637527 0.010083
2458754.409717 22.615703 0.009883
2458754.913310 22.626083 0.009978
2458755.406377 22.630499 0.010018
2458755.899444 22.629540 0.010009
2458756.403038 22.651797 0.010217
2458756.896105 22.625055 0.009968
2458757.389172 22.634858 0.010059
2458757.892766 22.639533 0.010102
2458758.385833 22.648268 0.010184
2458758.878900 22.619274 0.009915
2458759.382494 22.630646 0.010020
2458759.875561 22.638195 0.010090
2458760.368628 22.631015 0.010023
2458760.872221 22.620004 0.009922
2458761.365288 22.628068 0.009996
2458761.858356 22.637379 0.010082
2458762.361949 22.641244 0.010118
2458762.855016 22.619201 0.009915
2458763.348083 22.637230 0.010081
2458763.851677 22.626671 0.009983
2458764.344744 22.642735 0.010132
2458764.837811 22.636563 0.010074
2458765.341405 22.631827 0.010031
2458765.834472 22.639756 0.010104
2458766.327539 22.641691 0.010122
2458766.831132 22.630204 0.010016
2458767.324200 22.621319 0.009934
2458767.817267 22.655564 0.010252
2458768.320860 22.630941 0.010022
2458768.813927 22.641393 0.010119
2458769.306994 22.631753 0.010030
2458769.810588 22.632491 0.010037
2458770.303655 22.634044 0.010051
2458770.796722 22.664049 0.010333
2458771.300316 22.641170 0.010117
2458771.793383 22.623296 0.009952
2458772.286450 22.624688 0.009965
2458772.790044 22.644302 0.010146
2458773.283111 22.652023 0.010219
2458773.776178 22.638715 0.010094
2458774.279771 22.644153 0.010145
2458774.772838 22.619493 0.009917
2458775.265906 22.637082 0.010079
2458775.769499 22.637156 0.010080
2458776.262566 22.624908 0.009967
2458776.755633 22.642511 0.010130
2458777.259227 22.628362 0.009999
2458777.752294 22.636118 0.010070
2458778.245361 22.632565 0.010037
2458778.748955 22.647519 0.010177
2458779.242022 22.620954 0.009931
2458779.735089 22.628509 0.010000
2458780.238682 22.629761 0.010012
2458780.731750 22.628289 0.009998
2458781.224817 22.632787 0.010039
2458781.728410 22.635525 0.010065
2458782.221477 22.621539 0.009936
2458782.714544 22.617524 0.009899
2458783.218138 22.629393 0.010008
2458783.711205 22.654885 0.010246
2459622.427944 22.649918 0.010199
2459622.921011 22.650669 0.010206
2459623.424605 22.633304 0.010044
2459623.917672 22.604342 0.009780
2459624.410739 22.638195 0.010090
2459624.914332 22.637082 0.010079
2459625.407400 22.633600 0.010047
2459625.900467 22.653528 0.010233
2459626.404060 22.625202 0.009970
2459626.897127 22.639682 0.010103
2459627.390194 22.626377 0.009980
2459627.893788 22.634562 0.010056
2459628.386855 22.650594 0.010205
2459628.879922 22.620588 0.009927
2459629.383516 22.631605 0.010029
2459629.876583 22.636192 0.010071
2459630.369650 22.632344 0.010035
2459630.873244 22.620808 0.009929
2459631.366311 22.641170 0.010117
2459631.859378 22.623369 0.009953
2459632.362971 22.638344 0.010091
2459632.856038 22.640277 0.010109
2459633.349106 22.634562 0.010056
2459633.852699 22.635895 0.010068
2459634.345766 22.625569 0.009973
2459634.838833 22.622197 0.009942
2459635.342427 22.632787 0.010039
2459635.835494 22.641766 0.010123
2459636.328561 22.619785 0.009920
2459636.832155 22.622563 0.009945
2459637.325222 22.609465 0.009826
2459637.818289 22.630056 0.010014
2459638.321882 22.641170 0.010117
2459638.814950 22.643556 0.010140
2459639.308017 22.659419 0.010289
2459639.811610 22.626524 0.009982
2459640.304677 22.644751 0.010151
2459640.797744 22.634044 0.010051
2459641.301338 22.643183 0.010136
2459641.794405 22.641617 0.010121
2459642.287472 22.619639 0.009919
2459642.791066 22.637008 0.010079
2459643.284133 22.634118 0.010052
2459643.777200 22.626377 0.009980
2459644.280794 22.630130 0.010015
2459644.773861 22.661997 0.010313
2459645.266928 22.630646 0.010020
2459645.770521 22.632122 0.010033
2459646.263588 22.631384 0.010026
2459646.756656 22.632491 0.010037
2459647.260249 22.627332 0.009989
2459647.753316 22.629909 0.010013
2459648.246383 22.632270 0.010035
2459648.749977 22.617961 0.009903
2459649.243044 22.661846 0.010312
2459649.736111 22.627112 0.009987
2459650.239705 22.646545 0.010167
2459650.732772 22.621466 0.009935
2459651.225839 22.628804 0.010003
2459651.729432 22.638344 0.010091
2459652.222500 22.639607 0.010103
2459652.715567 22.642511 0.010130
2459653.219160 22.607731 0.009810
2459653.712227 22.622929 0.009949
2459654.205294 22.629909 0.010013
2459654.708888 22.627921 0.009995
2459655.201955 22.619128 0.009914
2459655.695022 22.621758 0.009938
2459656.198616 22.628215 0.009997
2459656.691683 22.632565 0.010037
2459657.184750 22.606576 0.009800
2459657.688344 22.630277 0.010016
2459658.181411 22.644078 0.010144
2459658.674478 22.631089 0.010024
2459659.178071 22.644900 0.010152
2459659.671138 22.625495 0.009972
2459660.164206 22.654809 0.010245
2459660.667799 22.650069 0.010201
2459661.160866 22.636414 0.010073
2459661.653933 22.638418 0.010092
2459662.157527 22.643556 0.010140
2459662.650594 22.627847 0.009994
2459663.143661 22.624835 0.009966
2459663.647255 22.642735 0.010132
2459664.140322 22.637824 0.010086
2459664.633389 22.646845 0.010170
2459665.136982 22.625789 0.009975
2459665.630050 22.631089 0.010024
2459666.123117 22.630056 0.010014
2459666.626710 22.620004 0.009922
2459667.119777 22.629688 0.010011
2459667.612844 22.640128 0.010108
2459668.116438 22.624835 0.009966
2459668.609505 22.641021 0.010116
2459669.102572 22.637453 0.010083
2459669.606166 22.619274 0.009915
2459670.099233 22.636785 0.010076
2459670.592300 22.637750 0.010085
2459671.095894 22.646470 0.010167
2459671.588961 22.620735 0.009929
2459672.082028 22.610334 0.009834
2459672.585621 22.630056 0.010014
2459673.078688 22.637379 0.010082
2459673.571756 22.635377 0.010063
2459674.075349 22.632713 0.010039
2459674.568416 22.640872 0.010114
2459675.061483 22.640426 0.010110
2459675.565077 22.639087 0.010098
2459676.058144 22.646246 0.010165
2459676.551211 22.626230 0.009979
2459677.054805 22.623662 0.009955
2459677.547872 22.634932 0.010059
2459678.040939 22.603335 0.009771
2459678.544532 22.615631 0.009882
2459679.037600 22.639235 0.010099
2459679.530667 22.618253 0.009906
2459680.034260 22.616431 0.009889
2459680.527327 22.620296 0.009925
2459681.020394 22.633896 0.010050
2459681.523988 22.622856 0.009948
2459682.017055 22.632787 0.010039
2459682.510122 22.625936 0.009976
2459683.013716 22.618107 0.009905
2459683.506783 22.633009 0.010041
2459683.999850 22.627626 0.009992
2459684.503444 22.619931 0.009921
2459684.996511 22.620442 0.009926
2459685.489578 22.629540 0.010009
2459685.993171 22.631458 0.010027
2459686.486238 22.623003 0.009949
2459686.979306 22.667325 0.010364
2459687.482899 22.624322 0.009961
2459687.975966 22.641468 0.010120
2459688.469033 22.657906 0.010274
2459688.972627 22.641096 0.010117
2459689.465694 22.638567 0.010093
2459689.958761 22.625422 0.009972
2459690.462355 22.643481 0.010139
2459690.955422 22.622344 0.009943
2459691.448489 22.629098 0.010005
2459691.952082 22.637008 0.010079
2459692.445150 22.631236 0.010025
2459692.938217 22.625642 0.009974
2459693.441810 22.622124 0.009941
2459693.934877 22.619201 0.009915
2459807.647256 22.641021 0.010116
2459808.150849 22.635451 0.010064
2459808.643916 22.618253 0.009906
2459809.136983 22.627921 0.009995
2459809.640577 22.636340 0.010072
2459810.133644 22.630572 0.010019
2459810.626711 22.632639 0.010038
2459811.130305 22.641393 0.010119
2459811.623372 22.640426 0.010110
2459812.116439 22.607442 0.009808
2459812.620032 22.647743 0.010179
2459813.113100 22.650144 0.010201
2459813.606167 22.642437 0.010129
2459814.109760 22.626891 0.009985
2459814.602827 22.639979 0.010106
2459815.095894 22.630425 0.010018
2459815.599488 22.638864 0.010096
2459816.092555 22.624762 0.009966
2459816.585622 22.615994 0.009885
2459817.089216 22.649768 0.010198
2459817.582283 22.629688 0.010011
2459818.075350 22.650895 0.010208
2459818.578944 22.617888 0.009903
2459819.072011 22.625642 0.009974
2459819.565078 22.619785 0.009920
2459820.068671 22.629467 0.010009
2459820.561738 22.630277 0.010016
2459821.054806 22.622490 0.009945
2459821.558399 22.630056 0.010014
2459822.051466 22.621685 0.009937
2459822.544533 22.638344 0.010091
2459823.048127 22.619055 0.009913
2459823.541194 22.618909 0.009912
2459824.034261 22.623515 0.009954
2459824.537855 22.621978 0.009940
2459825.030922 22.634932 0.010059
2459825.523989 22.618690 0.009910
2459826.027582 22.627038 0.009986
2459826.520650 22.639235 0.010099
2459827.013717 22.628215 0.009997
2459827.517310 22.644601 0.010149
2459828.010377 22.631679 0.010029
2459828.503444 22.643780 0.010142
2459829.007038 22.646695 0.010169
2459829.500105 22.615994 0.009885
2459829.993172 22.622563 0.009945
2459830.496766 22.642288 0.010128
2459830.989833 22.648268 0.010184
2459831.482900 22.631901 0.010031
2459831.986494 22.634562 0.010056
2459832.479561 22.612000 0.009849
2459832.972628 22.631089 0.010024
2459833.476221 22.647743 0.010179
2459833.969288 22.645722 0.010160
2459834.462356 22.615049 0.009877
2459834.965949 22.606143 0.009796
2459835.459016 22.655866 0.010255
2459835.952083 22.643854 0.010142
2459836.455677 22.634710 0.010057
2459836.948744 22.623515 0.009954
2459837.441811 22.632565 0.010037
2459837.945405 22.621905 0.009939
2459838.438472 22.653679 0.010234
2459838.931539 22.625936 0.009976
2459839.435132 22.612290 0.009852
2459839.928200 22.627259 0.009988
2459840.421267 22.632122 0.010033
2459840.924860 22.628657 0.010001
2459841.417927 22.657528 0.010271
2459841.910994 22.633896 0.010050
2459842.414588 22.615413 0.009880
2459842.907655 22.610696 0.009837
2459843.400722 22.657603 0.010272
2459843.904316 22.622783 0.009947
2459844.397383 22.641840 0.010124
2459844.890450 22.643033 0.010135
2459845.394044 22.635747 0.010067
2459845.887111 22.628951 0.010004
2459846.380178 22.632491 0.010037
2459846.883771 22.639682 0.010103
2459847.376838 22.641170 0.010117
2459847.869906 22.615994 0.009885
2459848.373499 22.630794 0.010021
2459848.866566 22.622417 0.009944
2459849.359633 22.627994 0.009995
2459849.863227 22.637824 0.010086
2459850.356294 22.631089 0.010024
2459850.849361 22.634266 0.010053
2459851.352955 22.635006 0.010060
2459851.846022 22.624542 0.009963
2459852.339089 22.629246 0.010007
2459852.842682 22.629761 0.010012
2459853.335750 22.633748 0.010048
2459853.828817 22.629909 0.010013
2459854.332410 22.632048 0.010033
2459854.825477 22.624028 0.009959
2459855.318544 22.622490 0.009945
2459855.822138 22.622417 0.009944
2459856.315205 22.631974 0.010032
2459856.808272 22.633526 0.010046
2459857.311866 22.635673 0.010066
2459857.804933 22.625716 0.009974
2459858.298000 22.632861 0.010040
2459858.801594 22.625936 0.009976
2459859.294661 22.621393 0.009935
2459859.787728 22.632418 0.010036
2459860.291321 22.616431 0.009889
2459860.784388 22.618253 0.009906
2459861.277456 22.642959 0.010134
2459861.781049 22.651195 0.010211
2459862.274116 22.646246 0.010165
2459862.767183 22.616868 0.009893
2459863.270777 22.644825 0.010151
2459863.763844 22.626083 0.009978
2459864.256911 22.633896 0.010050
2459864.760505 22.618836 0.009911
2459865.253572 22.629393 0.010008
2459865.746639 22.615849 0.009884
2459866.250232 22.636933 0.010078
2459866.743300 22.639905 0.010105
2459867.236367 22.637230 0.010081
2459867.739960 22.622856 0.009948
2459868.233027 22.643780 0.010142
2459868.726094 22.624028 0.009959
2459869.229688 22.630646 0.010020
2459869.722755 22.626671 0.009983
2459870.215822 22.618471 0.009908
2459870.719416 22.613160 0.009860
2459871.212483 22.629761 0.010012
2459871.705550 22.620223 0.009924
2459872.209144 22.637675 0.010085
2459872.702211 22.631089 0.010024
2459873.195278 22.633822 0.010049
2459873.698871 22.633378 0.010045
2459874.191938 22.635747 0.010067
2459874.685006 22.649393 0.010194
2459875.188599 22.644078 0.010144
2459875.681666 22.619712 0.009919
2459876.174733 22.638641 0.010094
2459876.678327 22.640574 0.010112
2459877.171394 22.637304 0.010081
2459877.664461 22.622563 0.009945
2459878.168055 22.645199 0.010155
2459878.661122 22.619347 0.009916
2459879.154189 22.623515 0.009954
2459987.411250 22.641766 0.010123
2459987.904317 22.621027 0.009931
2459988.407910 22.644228 0.010146
2459988.900977 22.626083 0.009978
2459989.394044 22.616140 0.009887
2459989.897638 22.623589 0.009955
2459990.390705 22.628804 0.010003
2459990.883772 22.643929 0.010143
2459991.387366 22.641021 0.010116
2459991.880433 22.627626 0.009992
2459992.373500 22.635895 0.010068
2459992.877094 22.644900 0.010152
2459993.370161 22.627700 0.009993
2459993.863228 22.646545 0.010167
2459994.366821 22.622344 0.009943
2459994.859888 22.631827 0.010031
2459995.352956 22.626891 0.009985
2459995.856549 22.625055 0.009968
2459996.349616 22.634414 0.010055
2459996.842683 22.640649 0.010112
2459997.346277 22.646845 0.010170
2459997.839344 22.626965 0.009986
2459998.332411 22.612652 0.009855
2459998.836005 22.631679 0.010029
2459999.329072 22.647294 0.010174
2459999.822139 22.618544 0.009909
2460000.325732 22.637156 0.010080
2460000.818800 22.641766 0.010123
2460001.311867 22.629614 0.010010
2460001.815460 22.632491 0.010037
2460002.308527 22.653528 0.010233
2460002.801594 22.632048 0.010033
2460003.305188 22.638567 0.010093
2460003.798255 22.646171 0.010164
2460004.291322 22.644526 0.010149
2460004.794916 22.614395 0.009871
2460005.287983 22.632565 0.010037
2460005.781050 22.629025 0.010005
2460006.284644 22.648043 0.010182
2460006.777711 22.638790 0.010095
2460007.270778 22.639012 0.010097
2460007.774371 22.638047 0.010088
2460008.267438 22.622124 0.009941
2460008.760506 22.631089 0.010024
2460009.264099 22.636266 0.010072
2460009.757166 22.614322 0.009870
2460010.250233 22.624688 0.009965
2460010.753827 22.615776 0.009883
2460011.246894 22.618763 0.009911
2460011.739961 22.622710 0.009947
2460012.243555 22.626671 0.009983
2460012.736622 22.630425 0.010018
2460013.229689 22.633378 0.010045
2460013.733282 22.624175 0.009960
2460014.226350 22.621905 0.009939
2460014.719417 22.620077 0.009923
2460015.223010 22.630204 0.010016
2460015.716077 22.613233 0.009860
2460016.209144 22.627406 0.009990
2460016.712738 22.624542 0.009963
2460017.205805 22.638567 0.010093
2460017.698872 22.629467 0.010009
2460018.202466 22.621246 0.009933
2460018.695533 22.644078 0.010144
2460019.188600 22.613306 0.009861
2460019.692194 22.636637 0.010075
2460020.185261 22.635303 0.010063
2460020.678328 22.626524 0.009982
2460021.181921 22.627553 0.009991
2460021.674988 22.639682 0.010103
2460022.168056 22.635673 0.010066
2460022.671649 22.623808 0.009957
2460023.164716 22.613741 0.009865
2460023.657783 22.626744 0.009984
2460024.161377 22.639458 0.010101
2460024.654444 22.636118 0.010070
2460025.147511 22.641766 0.010123
2460025.651105 22.630130 0.010015
2460026.144172 22.625863 0.009976
2460026.637239 22.623076 0.009950
2460027.140832 22.634932 0.010059
2460027.633900 22.637304 0.010081
2460028.126967 22.644302 0.010146
2460028.630560 22.639384 0.010101
2460029.123627 22.624908 0.009967
2460029.616694 22.624322 0.009961
2460030.120288 22.629614 0.010010
2460030.613355 22.625642 0.009974
2460031.106422 22.632861 0.010040
2460031.610016 22.627700 0.009993
2460032.103083 22.633674 0.010048
2460032.596150 22.640872 0.010114
2460033.099744 22.627921 0.009995
2460033.592811 22.635821 0.010068
2460034.085878 22.625129 0.009969
2460034.589471 22.632196 0.010034
2460035.082538 22.630056 0.010014
2460035.575606 22.624908 0.009967
2460036.079199 22.646620 0.010168
2460036.572266 22.651872 0.010217
2460037.065333 22.641393 0.010119
2460037.568927 22.622197 0.009942
2460038.061994 22.629835 0.010012
2460038.555061 22.638567 0.010093
2460039.058655 22.635451 0.010064
2460039.551722 22.622783 0.009947
2460040.044789 22.618471 0.009908
2460040.548382 22.636637 0.010075
2460041.041450 22.642437 0.010129
2460041.534517 22.610116 0.009832
2460042.038110 22.639161 0.010099
2460042.531177 22.631163 0.010024
2460043.024244 22.614032 0.009868
2460043.527838 22.640649 0.010112
2460044.020905 22.642437 0.010129
2460044.513972 22.610116 0.009832
2460045.017566 22.646022 0.010163
2460045.510633 22.652549 0.010224
2460046.003700 22.615340 0.009879
2460046.507294 22.636637 0.010075
2460047.000361 22.643705 0.010141
2460047.493428 22.626230 0.009979
2460047.997021 22.640798 0.010114
2460048.490088 22.631163 0.010024
2460048.983156 22.641990 0.010125
2460049.486749 22.624028 0.009959
2460049.979816 22.639756 0.010104
2460050.472883 22.625202 0.009970
2460050.976477 22.635747 0.010067
2460051.469544 22.648493 0.010186
2460051.962611 22.641691 0.010122
2460052.466205 22.630425 0.010018
2460052.959272 22.644975 0.010153
2460053.452339 22.623589 0.009955
2460053.955932 22.623222 0.009951
2460054.449000 22.618909 0.009912
2460054.942067 22.621831 0.009939
2460055.445660 22.637379 0.010082
2460055.938727 22.634118 0.010052
2460056.431794 22.628436 0.009999
2460056.935388 22.627994 0.009995
2460057.428455 22.638121 0.010089
2460057.921522 22.628804 0.010003
2460058.425116 22.638864 0.010096
2460058.918183 22.635673 0.010066
