2458346.727899 21.087277 0.005433
2458347.220966 21.091932 0.005457
2458347.714033 21.094377 0.005469
2458348.217627 21.089907 0.005446
2458348.710694 21.103670 0.005516
2458349.203761 21.094500 0.005469
2458349.707355 21.098768 0.005491
2458350.200422 21.092006 0.005457
2458350.693489 21.088738 0.005441
2458351.197082 21.104534 0.005520
2458351.690150 21.107949 0.005538
2458352.183217 21.093668 0.005465
2458352.686810 21.093594 0.005465
2458353.179877 21.098620 0.005490
2458353.672944 21.095945 0.005477
2458354.176538 21.094230 0.005468
2458354.669605 21.099653 0.005496
2458355.162672 21.086330 0.005428
2458355.666266 21.095651 0.005475
2458356.159333 21.099800 0.005496
2458356.652400 21.087545 0.005435
2458357.155994 21.097785 0.005486
2458357.649061 21.100096 0.005498
2458358.142128 21.098055 0.005487
2458358.645721 21.106884 0.005532
2458359.138788 21.093448 0.005464
2458359.631856 21.090346 0.005449
2458360.135449 21.092323 0.005459
2458360.628516 21.095871 0.005476
2458361.121583 21.087277 0.005433
2458361.625177 21.079258 0.005393
2458362.118244 21.093276 0.005463
2458362.611311 21.099899 0.005497
2458363.114905 21.089834 0.005446
2458363.607972 21.093619 0.005465
2458364.101039 21.096950 0.005482
2458364.604632 21.091493 0.005454
2458365.097700 21.096460 0.005479
2458365.590767 21.089273 0.005443
2458366.094360 21.095112 0.005473
2458366.587427 21.086937 0.005432
2458367.080494 21.090029 0.005447
2458367.584088 21.088957 0.005442
2458368.077155 21.091786 0.005456
2458368.570222 21.090517 0.005449
2458369.073816 21.092030 0.005457
2458369.566883 21.100219 0.005498
2458370.059950 21.099776 0.005496
2458370.563544 21.090224 0.005448
2458371.056611 21.087910 0.005436
2458371.549678 21.093448 0.005464
2458372.053271 21.096460 0.005479
2458372.546338 21.098768 0.005491
2458373.039406 21.091810 0.005456
2458373.542999 21.094818 0.005471
2458374.036066 21.095773 0.005476
2458374.529133 21.106809 0.005532
2458375.032727 21.092494 0.005459
2458375.525794 21.087934 0.005437
2458376.018861 21.087691 0.005435
2458376.522455 21.090395 0.005449
2458377.015522 21.091078 0.005452
2458377.508589 21.097343 0.005484
2458378.012182 21.094230 0.005468
2458378.505250 21.094402 0.005469
2458378.998317 21.086500 0.005429
2458379.501910 21.096337 0.005479
2458379.994977 21.094744 0.005471
2458380.488044 21.092861 0.005461
2458380.991638 21.090224 0.005448
2458381.484705 21.102855 0.005512
2458381.977772 21.090858 0.005451
2458382.481366 21.098645 0.005490
2458382.974433 21.095528 0.005475
2458383.467500 21.096019 0.005477
2458383.971094 21.099382 0.005494
2458384.464161 21.092201 0.005458
2458384.957228 21.086014 0.005427
2458385.460821 21.089834 0.005446
2458385.953888 21.094867 0.005471
2458386.446956 21.097269 0.005483
2458386.950549 21.088397 0.005439
2458387.443616 21.094377 0.005469
2458387.936683 21.097000 0.005482
2458388.440277 21.094108 0.005468
2458388.933344 21.090517 0.005449
2458389.426411 21.082158 0.005408
2458389.930005 21.090541 0.005450
2458390.423072 21.094696 0.005470
2458390.916139 21.084703 0.005420
2458391.419732 21.094524 0.005470
2458391.912800 21.089420 0.005444
2458392.405867 21.087277 0.005433
2458392.909460 21.105449 0.005525
2458393.402527 21.089688 0.005445
2458393.895594 21.096901 0.005482
2458394.399188 21.089444 0.005444
2458394.892255 21.090590 0.005450
2458395.385322 21.088908 0.005441
2458395.888916 21.101401 0.005504
2458396.381983 21.092738 0.005461
2458396.875050 21.092787 0.005461
2458397.378644 21.093374 0.005464
2458397.871711 21.093007 0.005462
2458398.364778 21.092812 0.005461
2458398.868371 21.093203 0.005463
2458399.361438 21.093179 0.005463
2458399.854506 21.095479 0.005474
2458400.358099 21.093374 0.005464
2458400.851166 21.087667 0.005435
2458401.344233 21.094059 0.005467
2458401.847827 21.089249 0.005443
2458402.340894 21.103941 0.005517
2458402.833961 21.096950 0.005482
2458403.337555 21.097171 0.005483
2458403.830622 21.090419 0.005449
2458404.323689 21.094500 0.005469
2458404.827282 21.082861 0.005411
2458405.320350 21.091444 0.005454
2458405.813417 21.093839 0.005466
2458406.317010 21.090078 0.005447
2458406.810077 21.097049 0.005482
2458407.303144 21.091175 0.005453
2458407.806738 21.097957 0.005487
2458408.299805 21.100760 0.005501
2458408.792872 21.092128 0.005458
2458409.296466 21.088786 0.005441
2458409.789533 21.086986 0.005432
2458410.282600 21.089127 0.005443
2458410.786194 21.087107 0.005432
2458411.279261 21.096754 0.005481
2458411.772328 21.092299 0.005458
2458412.275921 21.099604 0.005495
2458412.768988 21.096190 0.005478
2458413.262056 21.097613 0.005485
2458413.765649 21.095626 0.005475
2458414.258716 21.085455 0.005424
2458414.751783 21.092812 0.005461
2458415.255377 21.108296 0.005539
2458415.748444 21.091468 0.005454
2458416.241511 21.090663 0.005450
2458416.745105 21.092421 0.005459
2458417.238172 21.089249 0.005443
2458417.731239 21.089176 0.005443
2458418.234832 21.085407 0.005424
2458526.481367 21.083030 0.005412
2458526.984960 21.092958 0.005462
2458527.478027 21.092763 0.005461
2458527.971094 21.094916 0.005472
2458528.474688 21.090834 0.005451
2458528.967755 21.093594 0.005465
2458529.460822 21.094279 0.005468
2458529.964416 21.090029 0.005447
2458530.457483 21.096754 0.005481
2458530.950550 21.092616 0.005460
2458531.454144 21.094377 0.005469
2458531.947211 21.092567 0.005460
2458532.440278 21.095626 0.005475
2458532.943871 21.080272 0.005398
2458533.436938 21.096166 0.005478
2458533.930006 21.093741 0.005466
2458534.433599 21.088689 0.005440
2458534.926666 21.091981 0.005457
2458535.419733 21.097810 0.005486
2458535.923327 21.094059 0.005467
2458536.416394 21.094377 0.005469
2458536.909461 21.101302 0.005504
2458537.413055 21.097859 0.005486
2458537.906122 21.091786 0.005456
2458538.399189 21.095038 0.005472
2458538.902782 21.095161 0.005473
2458539.395850 21.096239 0.005478
2458539.888917 21.093350 0.005464
2458540.392510 21.094426 0.005469
2458540.885577 21.087204 0.005433
2458541.378644 21.100588 0.005500
2458541.882238 21.101499 0.005505
2458542.375305 21.099210 0.005493
2458542.868372 21.091249 0.005453
2458543.371966 21.084484 0.005419
2458543.865033 21.087594 0.005435
2458544.358100 21.085164 0.005423
2458544.861694 21.089688 0.005445
2458545.354761 21.098104 0.005488
2458545.847828 21.096681 0.005481
2458546.351421 21.097269 0.005483
2458546.844488 21.091297 0.005453
2458547.337556 21.096583 0.005480
2458547.841149 21.088884 0.005441
2458548.334216 21.090565 0.005450
2458548.827283 21.092567 0.005460
2458549.330877 21.092030 0.005457
2458549.823944 21.090248 0.005448
2458550.317011 21.099727 0.005496
2458550.820605 21.092983 0.005462
2458551.313672 21.094133 0.005468
2458551.806739 21.095283 0.005473
2458552.310332 21.085649 0.005425
2458552.803400 21.087715 0.005435
2458553.296467 21.098350 0.005489
2458553.800060 21.092836 0.005461
2458554.293127 21.099259 0.005494
2458554.786194 21.094549 0.005470
2458555.289788 21.099333 0.005494
2458555.782855 21.097515 0.005485
2458556.275922 21.079548 0.005395
2458556.779516 21.082473 0.005409
2458557.272583 21.098915 0.005492
2458557.765650 21.088372 0.005439
2458558.269244 21.087156 0.005433
2458558.762311 21.084193 0.005418
2458559.255378 21.093937 0.005467
2458559.758971 21.098301 0.005489
2458560.252038 21.087302 0.005433
2458560.745106 21.092934 0.005462
2458561.248699 21.103052 0.005513
2458561.741766 21.089176 0.005443
2458562.234833 21.086840 0.005431
2458562.738427 21.094891 0.005471
2458563.231494 21.085698 0.005425
2458563.724561 21.090126 0.005448
2458564.228155 21.091224 0.005453
2458564.721222 21.083951 0.005417
2458565.214289 21.095969 0.005477
2458565.717882 21.102978 0.005512
2458566.210950 21.082715 0.005410
2458566.704017 21.086038 0.005427
2458567.207610 21.091957 0.005457
2458567.700677 21.097319 0.005484
2458568.193744 21.091297 0.005453
2458568.697338 21.100120 0.005498
2458569.190405 21.093007 0.005462
2458569.683472 21.092885 0.005461
2458570.187066 21.102830 0.005512
2458570.680133 21.098227 0.005488
2458571.173200 21.095626 0.005475
2458571.676794 21.089736 0.005446
2458572.169861 21.092372 0.005459
2458572.662928 21.098129 0.005488
2458573.166521 21.096141 0.005478
2458573.659588 21.092079 0.005457
2458574.152656 21.099751 0.005496
2458574.656249 21.098817 0.005491
2458575.149316 21.095038 0.005472
2458575.642383 21.099579 0.005495
2458576.145977 21.092006 0.005457
2458576.639044 21.091761 0.005456
2458577.132111 21.102140 0.005508
2458577.635705 21.084048 0.005417
2458578.128772 21.095063 0.005472
2458578.621839 21.094181 0.005468
2458579.125432 21.083224 0.005413
2458579.618500 21.094622 0.005470
2458580.111567 21.096043 0.005477
2458580.615160 21.087691 0.005435
2458581.108227 21.092079 0.005457
2458581.601294 21.086014 0.005427
2458582.104888 21.100612 0.005500
2458582.597955 21.093423 0.005464
2458583.091022 21.095063 0.005472
2458583.594616 21.093154 0.005463
2458584.087683 21.091468 0.005454
2458584.580750 21.094328 0.005469
2458585.084344 21.090273 0.005448
2458585.577411 21.088738 0.005441
2458586.070478 21.095675 0.005475
2458586.574071 21.093350 0.005464
2458587.067138 21.087764 0.005436
2458587.560206 21.091639 0.005455
2458588.063799 21.096754 0.005481
2458588.556866 21.087399 0.005434
2458589.049933 21.095063 0.005472
2458589.553527 21.094891 0.005472
2458590.046594 21.094304 0.005469
2458590.539661 21.090395 0.005449
2458591.043255 21.087667 0.005435
2458591.536322 21.094867 0.005471
2458592.029389 21.091053 0.005452
2458592.532982 21.094524 0.005470
2458593.026050 21.094157 0.005468
2458593.519117 21.106240 0.005529
2458594.022710 21.099776 0.005496
2458594.515777 21.087180 0.005433
2458595.008844 21.094353 0.005469
2458595.512438 21.090419 0.005449
2458596.005505 21.099874 0.005497
2458596.498572 21.093056 0.005462
2458597.002166 21.094818 0.005471
2458597.495233 21.095847 0.005476
2458597.988300 21.096166 0.005478
2458712.204272 21.088592 0.005452
2458712.697339 21.083563 0.005427
2458713.200932 21.093643 0.005478
2458713.694000 21.097000 0.005496
2458714.187067 21.092592 0.005474
2458714.690660 21.088105 0.005452
2458715.183727 21.080780 0.005416
2458715.676794 21.084994 0.005438
2458716.180388 21.090297 0.005466
2458716.673455 21.085261 0.005441
2458717.166522 21.083248 0.005432
2458717.670116 21.085140 0.005442
2458718.163183 21.080707 0.005421
2458718.656250 21.086427 0.005451
2458719.159844 21.083830 0.005439
2458719.652911 21.092567 0.005484
2458720.145978 21.081142 0.005428
2458720.649571 21.083224 0.005440
2458721.142638 21.077714 0.005414
2458721.635706 21.077714 0.005415
2458722.139299 21.077256 0.005414
2458722.632366 21.084169 0.005451
2458723.125433 21.092567 0.005495
2458723.629027 21.088251 0.005475
2458724.122094 21.070363 0.005387
2458724.615161 21.071920 0.005397
2458725.118755 21.072520 0.005403
2458725.611822 21.073600 0.005411
2458726.104889 21.080731 0.005449
2458726.608482 21.073456 0.005415
2458727.101550 21.058576 0.005345
2458727.594617 21.063037 0.005370
2458728.098210 21.076774 0.005442
2458728.591277 21.063703 0.005381
2458729.084344 21.057652 0.005355
2458729.587938 21.066396 0.005403
2458730.081005 21.057960 0.005366
2458730.574072 21.044574 0.005305
2458731.077666 21.052106 0.005347
2458731.570733 21.057723 0.005381
2458732.063800 21.048486 0.005342
2458732.567394 21.048885 0.005351
2458733.060461 21.052553 0.005376
2458733.553528 21.043967 0.005342
2458734.057121 21.043570 0.005349
2458734.550188 21.029183 0.005288
2458735.043256 21.027110 0.005288
2458735.546849 21.020367 0.005267
2458736.039916 21.023940 0.005297
2458736.532983 21.014825 0.005266
2458737.036577 21.013779 0.005275
2458737.529644 20.998389 0.005217
2458738.022711 21.001778 0.005250
2458738.526305 20.989486 0.005210
2458739.019372 20.976650 0.005169
2458739.512439 20.963140 0.005128
2458740.016032 20.956307 0.005120
2458740.509100 20.943429 0.005087
2458741.002167 20.930492 0.005056
2458741.505760 20.920519 0.005042
2458741.998827 20.899083 0.004979
2458742.491894 20.884359 0.004950
2458742.995488 20.859845 0.004883
2458743.488555 20.843035 0.004855
2458743.981622 20.817718 0.004794
2458744.485216 20.783947 0.004705
2458744.978283 20.770714 0.004711
2458745.471350 20.723797 0.004581
2458745.974944 20.692194 0.004528
2458746.468011 20.649281 0.004437
2458746.961078 20.604939 0.004354
2458747.464671 20.550406 0.004248
2458747.957738 20.488266 0.004129
2458748.450806 20.420360 0.004009
2458748.954399 20.342182 0.003881
2458749.447466 20.247081 0.003721
2458749.940533 20.130796 0.003528
2458750.444127 19.997943 0.003336
2458750.937194 19.840537 0.003126
2458751.430261 19.648782 0.002891
2458751.933855 19.426089 0.002641
2458752.426922 19.170923 0.002401
2458752.919989 18.780648 0.002088
2458753.423582 18.738077 0.002062
2458753.916650 19.001650 0.002255
2458754.409717 19.317674 0.002539
2458754.913310 19.585184 0.002820
2458755.406377 19.788160 0.003053
2458755.899444 19.960272 0.003285
2458756.403038 20.095628 0.003469
2458756.896105 20.217615 0.003667
2458757.389172 20.317525 0.003834
2458757.892766 20.408127 0.004000
2458758.385833 20.474114 0.004107
2458758.878900 20.531062 0.004201
2458759.382494 20.583337 0.004293
2458759.875561 20.640560 0.004424
2458760.368628 20.681029 0.004501
2458760.872221 20.716738 0.004569
2458761.365288 20.768880 0.004719
2458761.858356 20.789608 0.004744
2458762.361949 20.818629 0.004811
2458762.855016 20.853533 0.004913
2458763.348083 20.868995 0.004935
2458763.851677 20.892316 0.004996
2458764.344744 20.901581 0.004998
2458764.837811 20.919060 0.005043
2458765.341405 20.938350 0.005099
2458765.834472 20.942450 0.005088
2458766.327539 20.949774 0.005095
2458766.831132 20.968707 0.005159
2458767.324200 20.971632 0.005150
2458767.817267 20.982000 0.005178
2458768.320860 20.991042 0.005202
2458768.813927 20.993828 0.005198
2458769.306994 21.004456 0.005233
2458769.810588 21.010398 0.005247
2458770.303655 21.022244 0.005291
2458770.796722 21.022404 0.005279
2458771.300316 21.025938 0.005285
2458771.793383 21.026259 0.005276
2458772.286450 21.039210 0.005329
2458772.790044 21.045229 0.005350
2458773.283111 21.047478 0.005353
2458773.776178 21.050271 0.005359
2458774.279771 21.042752 0.005315
2458774.772838 21.051988 0.005354
2458775.265906 21.050388 0.005340
2458775.769499 21.063204 0.005397
2458776.262566 21.060140 0.005377
2458776.755633 21.059239 0.005368
2458777.259227 21.054344 0.005339
2458777.752294 21.066014 0.005393
2458778.245361 21.062918 0.005374
2458778.748955 21.071201 0.005411
2458779.242022 21.061398 0.005359
2458779.735089 21.063085 0.005364
2458780.238682 21.083612 0.005464
2458780.731750 21.078293 0.005434
2458781.224817 21.064680 0.005364
2458781.728410 21.080465 0.005440
2458782.221477 21.079668 0.005434
2458782.714544 21.072784 0.005398
2458783.218138 21.072592 0.005395
2458783.711205 21.073600 0.005398
2459622.427944 21.097000 0.005482
2459622.921011 21.093154 0.005463
2459623.424605 21.093179 0.005463
2459623.917672 21.084654 0.005420
2459624.410739 21.095504 0.005475
2459624.914332 21.098792 0.005491
2459625.407400 21.099186 0.005493
2459625.900467 21.093937 0.005467
2459626.404060 21.083757 0.005416
2459626.897127 21.099382 0.005494
2459627.390194 21.087229 0.005433
2459627.893788 21.091664 0.005455
2459628.386855 21.093619 0.005465
2459628.879922 21.097098 0.005483
2459629.383516 21.083757 0.005416
2459629.876583 21.076365 0.005379
2459630.369650 21.099825 0.005496
2459630.873244 21.095724 0.005476
2459631.366311 21.091786 0.005456
2459631.859378 21.090590 0.005450
2459632.362971 21.094279 0.005468
2459632.856038 21.097932 0.005487
2459633.349106 21.094769 0.005471
2459633.852699 21.092861 0.005461
2459634.345766 21.088908 0.005441
2459634.838833 21.090224 0.005448
2459635.342427 21.087010 0.005432
2459635.835494 21.090346 0.005449
2459636.328561 21.090931 0.005452
2459636.832155 21.096705 0.005481
2459637.325222 21.099087 0.005493
2459637.818289 21.086500 0.005429
2459638.321882 21.097000 0.005482
2459638.814950 21.096583 0.005480
2459639.308017 21.092445 0.005459
2459639.811610 21.096705 0.005481
2459640.304677 21.091322 0.005454
2459640.797744 21.093154 0.005463
2459641.301338 21.091810 0.005456
2459641.794405 21.092201 0.005458
2459642.287472 21.085431 0.005424
2459642.791066 21.102559 0.005510
2459643.284133 21.092885 0.005461
2459643.777200 21.091688 0.005455
2459644.280794 21.090517 0.005449
2459644.773861 21.090785 0.005451
2459645.266928 21.091542 0.005455
2459645.770521 21.095896 0.005477
2459646.263588 21.097392 0.005484
2459646.756656 21.099751 0.005496
2459647.260249 21.096632 0.005480
2459647.753316 21.094891 0.005471
2459648.246383 21.087375 0.005434
2459648.749977 21.078244 0.005388
2459649.243044 21.103299 0.005514
2459649.736111 21.097049 0.005482
2459650.239705 21.098522 0.005490
2459650.732772 21.092494 0.005459
2459651.225839 21.097319 0.005484
2459651.729432 21.092616 0.005460
2459652.222500 21.105498 0.005525
2459652.715567 21.084630 0.005420
2459653.219160 21.101795 0.005506
2459653.712227 21.090639 0.005450
2459654.205294 21.101598 0.005505
2459654.708888 21.085018 0.005422
2459655.201955 21.089395 0.005444
2459655.695022 21.095406 0.005474
2459656.198616 21.092738 0.005461
2459656.691683 21.096288 0.005479
2459657.184750 21.085625 0.005425
2459657.688344 21.092543 0.005460
2459658.181411 21.086888 0.005431
2459658.674478 21.096068 0.005477
2459659.178071 21.095014 0.005472
2459659.671138 21.093374 0.005464
2459660.164206 21.098989 0.005492
2459660.667799 21.089005 0.005442
2459661.160866 21.099825 0.005496
2459661.653933 21.093668 0.005465
2459662.157527 21.089931 0.005447
2459662.650594 21.087107 0.005432
2459663.143661 21.093448 0.005464
2459663.647255 21.089907 0.005446
2459664.140322 21.084509 0.005419
2459664.633389 21.094230 0.005468
2459665.136982 21.094818 0.005471
2459665.630050 21.100120 0.005498
2459666.123117 21.100760 0.005501
2459666.626710 21.097760 0.005486
2459667.119777 21.099554 0.005495
2459667.612844 21.093252 0.005463
2459668.116438 21.083127 0.005412
2459668.609505 21.090029 0.005447
2459669.102572 21.097957 0.005487
2459669.606166 21.100465 0.005500
2459670.099233 21.096117 0.005478
2459670.592300 21.089541 0.005445
2459671.095894 21.104065 0.005518
2459671.588961 21.094524 0.005470
2459672.082028 21.100022 0.005497
2459672.585621 21.088445 0.005439
2459673.078688 21.100268 0.005499
2459673.571756 21.088932 0.005442
2459674.075349 21.097294 0.005484
2459674.568416 21.089761 0.005446
2459675.061483 21.094377 0.005469
2459675.565077 21.094549 0.005470
2459676.058144 21.088981 0.005442
2459676.551211 21.093154 0.005463
2459677.054805 21.094500 0.005469
2459677.547872 21.092323 0.005459
2459678.040939 21.095602 0.005475
2459678.544532 21.094010 0.005467
2459679.037600 21.090785 0.005451
2459679.530667 21.093545 0.005465
2459680.034260 21.095504 0.005475
2459680.527327 21.097564 0.005485
2459681.020394 21.087375 0.005434
2459681.523988 21.095087 0.005472
2459682.017055 21.084921 0.005421
2459682.510122 21.095577 0.005475
2459683.013716 21.099112 0.005493
2459683.506783 21.097515 0.005485
2459683.999850 21.089346 0.005444
2459684.503444 21.087959 0.005437
2459684.996511 21.099112 0.005493
2459685.489578 21.105918 0.005527
2459685.993171 21.095749 0.005476
2459686.486238 21.093692 0.005465
2459686.979306 21.090639 0.005450
2459687.482899 21.100785 0.005501
2459687.975966 21.092567 0.005460
2459688.469033 21.084800 0.005421
2459688.972627 21.085067 0.005422
2459689.465694 21.096166 0.005478
2459689.958761 21.094965 0.005472
2459690.462355 21.086330 0.005428
2459690.955422 21.094451 0.005469
2459691.448489 21.098792 0.005491
2459691.952082 21.090419 0.005449
2459692.445150 21.087740 0.005436
2459692.938217 21.086087 0.005427
2459693.441810 21.085115 0.005422
2459693.934877 21.082134 0.005408
2459807.647256 21.096264 0.005478
2459808.150849 21.092690 0.005460
2459808.643916 21.090712 0.005450
2459809.136983 21.099579 0.005495
2459809.640577 21.093643 0.005465
2459810.133644 21.098866 0.005492
2459810.626711 21.092323 0.005459
2459811.130305 21.095700 0.005476
2459811.623372 21.090200 0.005448
2459812.116439 21.089858 0.005446
2459812.620032 21.084290 0.005418
2459813.113100 21.094744 0.005471
2459813.606167 21.092836 0.005461
2459814.109760 21.109338 0.005545
2459814.602827 21.088664 0.005440
2459815.095894 21.094108 0.005468
2459815.599488 21.093301 0.005463
2459816.092555 21.079548 0.005395
2459816.585622 21.100514 0.005500
2459817.089216 21.096239 0.005478
2459817.582283 21.084679 0.005420
2459818.075350 21.090492 0.005449
2459818.578944 21.095283 0.005473
2459819.072011 21.088080 0.005437
2459819.565078 21.089883 0.005446
2459820.068671 21.090956 0.005452
2459820.561738 21.103521 0.005515
2459821.054806 21.093227 0.005463
2459821.558399 21.093203 0.005463
2459822.051466 21.085285 0.005423
2459822.544533 21.087083 0.005432
2459823.048127 21.095847 0.005476
2459823.541194 21.101425 0.005504
2459824.034261 21.097883 0.005487
2459824.537855 21.084921 0.005421
2459825.030922 21.088372 0.005439
2459825.523989 21.094010 0.005467
2459826.027582 21.092885 0.005461
2459826.520650 21.092372 0.005459
2459827.013717 21.092030 0.005457
2459827.517310 21.093203 0.005463
2459828.010377 21.095896 0.005477
2459828.503444 21.087375 0.005434
2459829.007038 21.097343 0.005484
2459829.500105 21.095773 0.005476
2459829.993172 21.092958 0.005462
2459830.496766 21.084921 0.005421
2459830.989833 21.095724 0.005476
2459831.482900 21.087229 0.005433
2459831.986494 21.084096 0.005417
2459832.479561 21.104361 0.005519
2459832.972628 21.087521 0.005434
2459833.476221 21.097810 0.005486
2459833.969288 21.092176 0.005458
2459834.462356 21.083709 0.005415
2459834.965949 21.092152 0.005458
2459835.459016 21.090053 0.005447
2459835.952083 21.096828 0.005481
2459836.455677 21.098424 0.005489
2459836.948744 21.082982 0.005412
2459837.441811 21.091322 0.005454
2459837.945405 21.099136 0.005493
2459838.438472 21.093032 0.005462
2459838.931539 21.086500 0.005429
2459839.435132 21.087132 0.005432
2459839.928200 21.084873 0.005421
2459840.421267 21.096264 0.005478
2459840.924860 21.092079 0.005457
2459841.417927 21.086670 0.005430
2459841.910994 21.094402 0.005469
2459842.414588 21.089468 0.005444
2459842.907655 21.092812 0.005461
2459843.400722 21.089298 0.005443
2459843.904316 21.092225 0.005458
2459844.397383 21.096730 0.005481
2459844.890450 21.092152 0.005458
2459845.394044 21.090785 0.005451
2459845.887111 21.094402 0.005469
2459846.380178 21.093545 0.005465
2459846.883771 21.087156 0.005433
2459847.376838 21.087496 0.005434
2459847.869906 21.083224 0.005413
2459848.373499 21.085892 0.005426
2459848.866566 21.093056 0.005462
2459849.359633 21.099923 0.005497
2459849.863227 21.095773 0.005476
2459850.356294 21.093888 0.005466
2459850.849361 21.088372 0.005439
2459851.352955 21.091468 0.005454
2459851.846022 21.085698 0.005425
2459852.339089 21.084484 0.005419
2459852.842682 21.096019 0.005477
2459853.335750 21.094549 0.005470
2459853.828817 21.090029 0.005447
2459854.332410 21.098129 0.005488
2459854.825477 21.090883 0.005451
2459855.318544 21.071057 0.005353
2459855.822138 21.092128 0.005458
2459856.315205 21.085164 0.005423
2459856.808272 21.087521 0.005434
2459857.311866 21.097098 0.005483
2459857.804933 21.086548 0.005430
2459858.298000 21.097319 0.005484
2459858.801594 21.094720 0.005471
2459859.294661 21.100046 0.005498
2459859.787728 21.090809 0.005451
2459860.291321 21.088713 0.005440
2459860.784388 21.093105 0.005462
2459861.277456 21.089639 0.005445
2459861.781049 21.095847 0.005476
2459862.274116 21.094279 0.005468
2459862.767183 21.094010 0.005467
2459863.270777 21.089834 0.005446
2459863.763844 21.092030 0.005457
2459864.256911 21.092519 0.005460
2459864.760505 21.092738 0.005461
2459865.253572 21.097834 0.005486
2459865.746639 21.100342 0.005499
2459866.250232 21.089322 0.005443
2459866.743300 21.108594 0.005541
2459867.236367 21.090590 0.005450
2459867.739960 21.090029 0.005447
2459868.233027 21.104114 0.005518
2459868.726094 21.104213 0.005519
2459869.229688 21.095357 0.005474
2459869.722755 21.090663 0.005450
2459870.215822 21.096288 0.005479
2459870.719416 21.097638 0.005485
2459871.212483 21.092372 0.005459
2459871.705550 21.090395 0.005449
2459872.209144 21.091127 0.005453
2459872.702211 21.091468 0.005454
2459873.195278 21.083369 0.005414
2459873.698871 21.092372 0.005459
2459874.191938 21.089079 0.005442
2459874.685006 21.098768 0.005491
2459875.188599 21.096681 0.005480
2459875.681666 21.099210 0.005493
2459876.174733 21.091127 0.005453
2459876.678327 21.092592 0.005460
2459877.171394 21.091420 0.005454
2459877.664461 21.100440 0.005499
2459878.168055 21.098006 0.005487
2459878.661122 21.095161 0.005473
2459879.154189 21.102633 0.005511
2459987.411250 21.092152 0.005458
2459987.904317 21.097515 0.005485
2459988.407910 21.099112 0.005493
2459988.900977 21.089517 0.005444
2459989.394044 21.103127 0.005513
2459989.897638 21.099751 0.005496
2459990.390705 21.095896 0.005477
2459990.883772 21.096754 0.005481
2459991.387366 21.102411 0.005509
2459991.880433 21.099800 0.005496
2459992.373500 21.099087 0.005493
2459992.877094 21.089761 0.005446
2459993.370161 21.092567 0.005460
2459993.863228 21.096926 0.005482
2459994.366821 21.084000 0.005417
2459994.859888 21.083127 0.005412
2459995.352956 21.093130 0.005463
2459995.856549 21.101179 0.005503
2459996.349616 21.079958 0.005397
2459996.842683 21.099333 0.005494
2459997.346277 21.096681 0.005480
2459997.839344 21.097368 0.005484
2459998.332411 21.098841 0.005491
2459998.836005 21.078823 0.005391
2459999.329072 21.093888 0.005466
2459999.822139 21.089176 0.005443
2460000.325732 21.098374 0.005489
2460000.818800 21.084679 0.005420
2460001.311867 21.096705 0.005481
2460001.815460 21.096901 0.005482
2460002.308527 21.098301 0.005489
2460002.801594 21.097564 0.005485
2460003.305188 21.099210 0.005493
2460003.798255 21.083975 0.005417
2460004.291322 21.101425 0.005504
2460004.794916 21.079113 0.005393
2460005.287983 21.095332 0.005474
2460005.781050 21.086548 0.005430
2460006.284644 21.100588 0.005500
2460006.777711 21.086767 0.005431
2460007.270778 21.090029 0.005447
2460007.774371 21.089493 0.005444
2460008.267438 21.090980 0.005452
2460008.760506 21.092690 0.005460
2460009.264099 21.093570 0.005465
2460009.757166 21.093790 0.005466
2460010.250233 21.089810 0.005446
2460010.753827 21.087302 0.005433
2460011.246894 21.096019 0.005477
2460011.739961 21.088105 0.005437
2460012.243555 21.095626 0.005475
2460012.736622 21.097736 0.005486
2460013.229689 21.091395 0.005454
2460013.733282 21.097294 0.005484
2460014.226350 21.094133 0.005468
2460014.719417 21.087034 0.005432
2460015.223010 21.096019 0.005477
2460015.716077 21.097245 0.005483
2460016.209144 21.084412 0.005419
2460016.712738 21.095871 0.005476
2460017.205805 21.095773 0.005476
2460017.698872 21.083030 0.005412
2460018.202466 21.087886 0.005436
2460018.695533 21.086597 0.005430
2460019.188600 21.095063 0.005472
2460019.692194 21.086208 0.005428
2460020.185261 21.094549 0.005470
2460020.678328 21.095945 0.005477
2460021.181921 21.089444 0.005444
2460021.674988 21.096975 0.005482
2460022.168056 21.093007 0.005462
2460022.671649 21.081142 0.005403
2460023.164716 21.090346 0.005449
2460023.657783 21.086087 0.005427
2460024.161377 21.082982 0.005412
2460024.654444 21.088421 0.005439
2460025.147511 21.092176 0.005458
2460025.651105 21.104114 0.005518
2460026.144172 21.091371 0.005454
2460026.637239 21.097638 0.005485
2460027.140832 21.096264 0.005478
2460027.633900 21.092812 0.005461
2460028.126967 21.099038 0.005492
2460028.630560 21.096877 0.005481
2460029.123627 21.090736 0.005451
2460029.616694 21.096779 0.005481
2460030.120288 21.096190 0.005478
2460030.613355 21.094035 0.005467
2460031.106422 21.100957 0.005502
2460031.610016 21.104213 0.005519
2460032.103083 21.100416 0.005499
2460032.596150 21.094451 0.005469
2460033.099744 21.092494 0.005459
2460033.592811 21.092519 0.005460
2460034.085878 21.098473 0.005490
2460034.589471 21.090761 0.005451
2460035.082538 21.094524 0.005470
2460035.575606 21.090687 0.005450
2460036.079199 21.092152 0.005458
2460036.572266 21.096166 0.005478
2460037.065333 21.091810 0.005456
2460037.568927 21.097932 0.005487
2460038.061994 21.093007 0.005462
2460038.555061 21.096215 0.005478
2460039.058655 21.089152 0.005443
2460039.551722 21.094475 0.005469
2460040.044789 21.096362 0.005479
2460040.548382 21.093692 0.005465
2460041.041450 21.092787 0.005461
2460041.534517 21.093619 0.005465
2460042.038110 21.103892 0.005517
2460042.531177 21.090834 0.005451
2460043.024244 21.087448 0.005434
2460043.527838 21.095749 0.005476
2460044.020905 21.095700 0.005476
2460044.513972 21.098891 0.005492
2460045.017566 21.092665 0.005460
2460045.510633 21.086840 0.005431
2460046.003700 21.092396 0.005459
2460046.507294 21.082304 0.005408
2460047.000361 21.091810 0.005456
2460047.493428 21.093276 0.005463
2460047.997021 21.086913 0.005431
2460048.490088 21.087910 0.005436
2460048.983156 21.091224 0.005453
2460049.486749 21.096877 0.005481
2460049.979816 21.099702 0.005496
2460050.472883 21.093374 0.005464
2460050.976477 21.099358 0.005494
2460051.469544 21.084945 0.005422
2460051.962611 21.091883 0.005456
2460052.466205 21.088616 0.005440
2460052.959272 21.090663 0.005450
2460053.452339 21.088640 0.005440
2460053.955932 21.090443 0.005449
2460054.449000 21.089420 0.005444
2460054.942067 21.093961 0.005467
2460055.445660 21.085552 0.005425
2460055.938727 21.093986 0.005467
2460056.431794 21.086524 0.005429
2460056.935388 21.087886 0.005436
2460057.428455 21.102559 0.005510
2460057.921522 21.091200 0.005453
2460058.425116 21.087618 0.005435
2460058.918183 21.084824 0.005421
