2458346.727899 20.695477 0.003468
2458347.220966 20.698422 0.003478
2458347.714033 20.699931 0.003484
2458348.217627 20.696807 0.003476
2458348.710694 20.692172 0.003462
2458349.203761 20.692462 0.003464
2458349.707355 20.696477 0.003478
2458350.200422 20.698188 0.003485
2458350.693489 20.691127 0.003464
2458351.197082 20.689215 0.003459
2458351.690150 20.692443 0.003471
2458352.183217 20.689253 0.003462
2458352.686810 20.687190 0.003457
2458353.179877 20.682097 0.003442
2458353.672944 20.684938 0.003452
2458354.176538 20.681704 0.003442
2458354.669605 20.690451 0.003471
2458355.162672 20.687547 0.003462
2458355.666266 20.676474 0.003427
2458356.159333 20.679511 0.003437
2458356.652400 20.682260 0.003445
2458357.155994 20.695321 0.003487
2458357.649061 20.694633 0.003484
2458358.142128 20.686343 0.003456
2458358.645721 20.687759 0.003460
2458359.138788 20.691592 0.003471
2458359.631856 20.691853 0.003471
2458360.135449 20.689775 0.003463
2458360.628516 20.688154 0.003456
2458361.121583 20.683680 0.003441
2458361.625177 20.690837 0.003462
2458362.118244 20.689823 0.003457
2458362.611311 20.690026 0.003457
2458363.114905 20.699795 0.003487
2458363.607972 20.691756 0.003460
2458364.101039 20.687884 0.003446
2458364.604632 20.697731 0.003476
2458365.097700 20.699434 0.003481
2458365.590767 20.694507 0.003464
2458366.094360 20.698470 0.003475
2458366.587427 20.696137 0.003467
2458367.080494 20.703094 0.003488
2458367.584088 20.706579 0.003499
2458368.077155 20.699951 0.003477
2458368.570222 20.706520 0.003497
2458369.073816 20.697157 0.003466
2458369.566883 20.701053 0.003478
2458370.059950 20.703103 0.003484
2458370.563544 20.705236 0.003490
2458371.056611 20.707413 0.003497
2458371.549678 20.700253 0.003473
2458372.053271 20.703592 0.003483
2458372.546338 20.702605 0.003480
2458373.039406 20.699298 0.003469
2458373.542999 20.704698 0.003485
2458374.036066 20.706334 0.003490
2458374.529133 20.710125 0.003502
2458375.032727 20.705178 0.003486
2458375.525794 20.704972 0.003485
2458376.018861 20.701619 0.003474
2458376.522455 20.702048 0.003475
2458377.015522 20.706599 0.003489
2458377.508589 20.702576 0.003476
2458378.012182 20.708856 0.003496
2458378.505250 20.710587 0.003501
2458378.998317 20.710696 0.003501
2458379.501910 20.710528 0.003501
2458379.994977 20.707531 0.003491
2458380.488044 20.709309 0.003496
2458380.991638 20.704130 0.003480
2458381.484705 20.711799 0.003504
2458381.977772 20.698169 0.003460
2458382.481366 20.705589 0.003484
2458382.974433 20.701921 0.003472
2458383.467500 20.705442 0.003483
2458383.971094 20.706109 0.003485
2458384.464161 20.712982 0.003507
2458384.957228 20.711355 0.003502
2458385.460821 20.708984 0.003494
2458385.953888 20.706756 0.003487
2458386.446956 20.708365 0.003492
2458386.950549 20.707943 0.003490
2458387.443616 20.709279 0.003494
2458387.936683 20.704512 0.003479
2458388.440277 20.710774 0.003499
2458388.933344 20.711198 0.003500
2458389.426411 20.702146 0.003471
2458389.930005 20.700702 0.003467
2458390.423072 20.709397 0.003494
2458390.916139 20.706559 0.003485
2458391.419732 20.705256 0.003481
2458391.912800 20.712035 0.003503
2458392.405867 20.710115 0.003496
2458392.909460 20.707256 0.003487
2458393.402527 20.714413 0.003510
2458393.895594 20.708876 0.003492
2458394.399188 20.707599 0.003488
2458394.892255 20.707756 0.003489
2458395.385322 20.708041 0.003489
2458395.888916 20.709112 0.003493
2458396.381983 20.711582 0.003501
2458396.875050 20.703915 0.003476
2458397.378644 20.707119 0.003486
2458397.871711 20.700731 0.003466
2458398.364778 20.704502 0.003478
2458398.868371 20.707855 0.003489
2458399.361438 20.713179 0.003506
2458399.854506 20.712262 0.003503
2458400.358099 20.707491 0.003487
2458400.851166 20.709859 0.003495
2458401.344233 20.705266 0.003480
2458401.847827 20.705041 0.003479
2458402.340894 20.709141 0.003493
2458402.833961 20.707040 0.003486
2458403.337555 20.703543 0.003475
2458403.830622 20.705932 0.003482
2458404.323689 20.708630 0.003491
2458404.827282 20.711198 0.003499
2458405.320350 20.706226 0.003483
2458405.813417 20.708562 0.003491
2458406.317010 20.706903 0.003485
2458406.810077 20.707580 0.003487
2458407.303144 20.711927 0.003501
2458407.806738 20.709623 0.003494
2458408.299805 20.708277 0.003490
2458408.792872 20.712676 0.003504
2458409.296466 20.707050 0.003486
2458409.789533 20.708876 0.003491
2458410.282600 20.712489 0.003503
2458410.786194 20.715273 0.003512
2458411.279261 20.708513 0.003490
2458411.772328 20.702547 0.003471
2458412.275921 20.705991 0.003482
2458412.768988 20.708228 0.003489
2458413.262056 20.707521 0.003487
2458413.765649 20.710351 0.003496
2458414.258716 20.704287 0.003477
2458414.751783 20.703514 0.003474
2458415.255377 20.704140 0.003476
2458415.748444 20.711444 0.003500
2458416.241511 20.706981 0.003485
2458416.745105 20.705609 0.003481
2458417.238172 20.709122 0.003492
2458417.731239 20.711946 0.003501
2458418.234832 20.710686 0.003497
2458526.481367 20.708444 0.003490
2458526.984960 20.712824 0.003504
2458527.478027 20.711277 0.003499
2458527.971094 20.701072 0.003466
2458528.474688 20.705305 0.003480
2458528.967755 20.707805 0.003488
2458529.460822 20.707462 0.003487
2458529.964416 20.704267 0.003476
2458530.457483 20.703612 0.003474
2458530.950550 20.701326 0.003467
2458531.454144 20.715006 0.003511
2458531.947211 20.713386 0.003506
2458532.440278 20.713139 0.003505
2458532.943871 20.709279 0.003492
2458533.436938 20.710755 0.003497
2458533.930006 20.714097 0.003508
2458534.433599 20.711966 0.003501
2458534.926666 20.703768 0.003475
2458535.419733 20.707550 0.003487
2458535.923327 20.708562 0.003490
2458536.416394 20.707462 0.003487
2458536.909461 20.710765 0.003497
2458537.413055 20.714413 0.003509
2458537.906122 20.707305 0.003486
2458538.399189 20.708296 0.003489
2458538.902782 20.703465 0.003474
2458539.395850 20.702312 0.003470
2458539.888917 20.708306 0.003489
2458540.392510 20.707629 0.003487
2458540.885577 20.706148 0.003482
2458541.378644 20.715193 0.003512
2458541.882238 20.714373 0.003509
2458542.375305 20.704952 0.003479
2458542.868372 20.704453 0.003477
2458543.371966 20.711789 0.003501
2458543.865033 20.707511 0.003487
2458544.358100 20.709722 0.003494
2458544.861694 20.711286 0.003499
2458545.354761 20.712114 0.003502
2458545.847828 20.713732 0.003507
2458546.351421 20.712479 0.003503
2458546.844488 20.712676 0.003503
2458547.337556 20.713741 0.003507
2458547.841149 20.711060 0.003498
2458548.334216 20.713672 0.003507
2458548.827283 20.702400 0.003470
2458549.330877 20.711582 0.003500
2458549.823944 20.708798 0.003491
2458550.317011 20.707246 0.003486
2458550.820605 20.711296 0.003499
2458551.313672 20.706736 0.003484
2458551.806739 20.709584 0.003493
2458552.310332 20.704698 0.003478
2458552.803400 20.702390 0.003470
2458553.296467 20.714591 0.003510
2458553.800060 20.708552 0.003490
2458554.293127 20.711257 0.003499
2458554.786194 20.712183 0.003502
2458555.289788 20.707030 0.003485
2458555.782855 20.714966 0.003511
2458556.275922 20.705834 0.003481
2458556.779516 20.699503 0.003461
2458557.272583 20.708748 0.003491
2458557.765650 20.707727 0.003487
2458558.269244 20.703631 0.003474
2458558.762311 20.714512 0.003509
2458559.255378 20.711355 0.003499
2458559.758971 20.708022 0.003488
2458560.252038 20.708915 0.003491
2458560.745106 20.706667 0.003484
2458561.248699 20.705599 0.003481
2458561.741766 20.708798 0.003491
2458562.234833 20.704316 0.003476
2458562.738427 20.708965 0.003491
2458563.231494 20.710085 0.003495
2458563.724561 20.711976 0.003501
2458564.228155 20.706893 0.003485
2458564.721222 20.707030 0.003485
2458565.214289 20.705148 0.003479
2458565.717882 20.705775 0.003481
2458566.210950 20.714087 0.003508
2458566.704017 20.706775 0.003484
2458567.207610 20.705139 0.003479
2458567.700677 20.716321 0.003515
2458568.193744 20.713909 0.003507
2458568.697338 20.708974 0.003491
2458569.190405 20.709643 0.003494
2458569.683472 20.704864 0.003478
2458570.187066 20.708002 0.003488
2458570.680133 20.710223 0.003495
2458571.173200 20.707060 0.003485
2458571.676794 20.704434 0.003477
2458572.169861 20.711198 0.003499
2458572.662928 20.708532 0.003490
2458573.166521 20.712370 0.003502
2458573.659588 20.705364 0.003480
2458574.152656 20.705236 0.003479
2458574.656249 20.701931 0.003469
2458575.149316 20.706059 0.003482
2458575.642383 20.704238 0.003476
2458576.145977 20.708493 0.003490
2458576.639044 20.710371 0.003496
2458577.132111 20.713317 0.003505
2458577.635705 20.712617 0.003503
2458578.128772 20.708306 0.003489
2458578.621839 20.708758 0.003491
2458579.125432 20.711217 0.003499
2458579.618500 20.705334 0.003480
2458580.111567 20.715717 0.003513
2458580.615160 20.709761 0.003494
2458581.108227 20.712272 0.003502
2458581.601294 20.708670 0.003490
2458582.104888 20.709043 0.003492
2458582.597955 20.711680 0.003500
2458583.091022 20.708945 0.003491
2458583.594616 20.709545 0.003493
2458584.087683 20.705197 0.003479
2458584.580750 20.710705 0.003497
2458585.084344 20.709889 0.003494
2458585.577411 20.710833 0.003497
2458586.070478 20.704806 0.003478
2458586.574071 20.706756 0.003484
2458587.067138 20.711720 0.003500
2458587.560206 20.711956 0.003501
2458588.063799 20.712065 0.003501
2458588.556866 20.709938 0.003495
2458589.049933 20.707148 0.003486
2458589.553527 20.710518 0.003496
2458590.046594 20.704111 0.003476
2458590.539661 20.713268 0.003505
2458591.043255 20.707079 0.003485
2458591.536322 20.712745 0.003504
2458592.029389 20.707246 0.003486
2458592.532982 20.708866 0.003491
2458593.026050 20.710440 0.003496
2458593.519117 20.708748 0.003491
2458594.022710 20.705903 0.003482
2458594.515777 20.706765 0.003484
2458595.008844 20.711345 0.003499
2458595.512438 20.710066 0.003495
2458596.005505 20.708601 0.003490
2458596.498572 20.703915 0.003475
2458597.002166 20.715193 0.003512
2458597.495233 20.713110 0.003505
2458597.988300 20.712834 0.003504
2458712.204272 20.712232 0.003502
2458712.697339 20.705344 0.003480
2458713.200932 20.710420 0.003496
2458713.694000 20.708876 0.003491
2458714.187067 20.704923 0.003478
2458714.690660 20.707570 0.003487
2458715.183727 20.708680 0.003490
2458715.676794 20.709466 0.003493
2458716.180388 20.711927 0.003501
2458716.673455 20.710391 0.003496
2458717.166522 20.709289 0.003492
2458717.670116 20.704013 0.003476
2458718.163183 20.718103 0.003521
2458718.656250 20.709761 0.003494
2458719.159844 20.717578 0.003519
2458719.652911 20.708699 0.003491
2458720.145978 20.706461 0.003483
2458720.649571 20.712469 0.003503
2458721.142638 20.705658 0.003481
2458721.635706 20.709761 0.003494
2458722.139299 20.707001 0.003485
2458722.632366 20.703397 0.003474
2458723.125433 20.711937 0.003501
2458723.629027 20.712794 0.003504
2458724.122094 20.713406 0.003506
2458724.615161 20.707727 0.003487
2458725.118755 20.710814 0.003497
2458725.611822 20.709112 0.003492
2458726.104889 20.707501 0.003487
2458726.608482 20.713998 0.003508
2458727.101550 20.703348 0.003473
2458727.594617 20.710873 0.003498
2458728.098210 20.705550 0.003480
2458728.591277 20.710223 0.003495
2458729.084344 20.706962 0.003485
2458729.587938 20.708906 0.003491
2458730.081005 20.713969 0.003508
2458730.574072 20.708159 0.003489
2458731.077666 20.707187 0.003486
2458731.570733 20.708228 0.003489
2458732.063800 20.713584 0.003506
2458732.567394 20.704737 0.003478
2458733.060461 20.712370 0.003502
2458733.553528 20.706491 0.003483
2458734.057121 20.712262 0.003502
2458734.550188 20.710912 0.003498
2458735.043256 20.710331 0.003496
2458735.546849 20.708277 0.003489
2458736.039916 20.706530 0.003484
2458736.532983 20.702742 0.003471
2458737.036577 20.705746 0.003481
2458737.529644 20.704150 0.003476
2458738.022711 20.708866 0.003491
2458738.526305 20.709348 0.003493
2458739.019372 20.708650 0.003490
2458739.512439 20.700155 0.003463
2458740.016032 20.714107 0.003508
2458740.509100 20.712607 0.003503
2458741.002167 20.706216 0.003483
2458741.505760 20.711818 0.003501
2458741.998827 20.709004 0.003492
2458742.491894 20.711680 0.003500
2458742.995488 20.703592 0.003474
2458743.488555 20.709682 0.003494
2458743.981622 20.705334 0.003480
2458744.485216 20.701287 0.003467
2458744.978283 20.711178 0.003499
2458745.471350 20.709869 0.003494
2458745.974944 20.710558 0.003497
2458746.468011 20.709495 0.003493
2458746.961078 20.708041 0.003488
2458747.464671 20.715362 0.003512
2458747.957738 20.699659 0.003462
2458748.450806 20.712962 0.003504
2458748.954399 20.706981 0.003485
2458749.447466 20.708493 0.003490
2458749.940533 20.705403 0.003480
2458750.444127 20.704189 0.003476
2458750.937194 20.714561 0.003509
2458751.430261 20.710637 0.003497
2458751.933855 20.709063 0.003492
2458752.426922 20.708228 0.003489
2458752.919989 20.707285 0.003486
2458753.423582 20.710725 0.003497
2458753.916650 20.712932 0.003504
2458754.409717 20.712134 0.003502
2458754.913310 20.703407 0.003474
2458755.406377 20.707698 0.003487
2458755.899444 20.711217 0.003499
2458756.403038 20.709387 0.003493
2458756.896105 20.707452 0.003487
2458757.389172 20.708689 0.003491
2458757.892766 20.706893 0.003485
2458758.385833 20.709338 0.003493
2458758.878900 20.711237 0.003499
2458759.382494 20.718282 0.003522
2458759.875561 20.704042 0.003476
2458760.368628 20.713702 0.003507
2458760.872221 20.711129 0.003498
2458761.365288 20.706579 0.003484
2458761.858356 20.711838 0.003501
2458762.361949 20.713416 0.003506
2458762.855016 20.713969 0.003508
2458763.348083 20.711720 0.003500
2458763.851677 20.717994 0.003521
2458764.344744 20.704747 0.003478
2458764.837811 20.705423 0.003480
2458765.341405 20.706618 0.003484
2458765.834472 20.705717 0.003481
2458766.327539 20.712972 0.003504
2458766.831132 20.715450 0.003512
2458767.324200 20.705677 0.003481
2458767.817267 20.715678 0.003513
2458768.320860 20.702263 0.003470
2458768.813927 20.709358 0.003493
2458769.306994 20.711641 0.003500
2458769.810588 20.703064 0.003472
2458770.303655 20.707119 0.003485
2458770.796722 20.712163 0.003502
2458771.300316 20.704708 0.003478
2458771.793383 20.714443 0.003509
2458772.286450 20.715302 0.003512
2458772.790044 20.709928 0.003495
2458773.283111 20.707845 0.003488
2458773.776178 20.708277 0.003489
2458774.279771 20.705981 0.003482
2458774.772838 20.712311 0.003502
2458775.265906 20.714719 0.003510
2458775.769499 20.706805 0.003484
2458776.262566 20.706001 0.003482
2458776.755633 20.706354 0.003483
2458777.259227 20.705276 0.003480
2458777.752294 20.701453 0.003467
2458778.245361 20.707011 0.003485
2458778.748955 20.704825 0.003478
2458779.242022 20.708277 0.003489
2458779.735089 20.707943 0.003488
2458780.238682 20.707737 0.003487
2458780.731750 20.711454 0.003499
2458781.224817 20.713554 0.003506
2458781.728410 20.709083 0.003492
2458782.221477 20.703602 0.003474
2458782.714544 20.709692 0.003494
2458783.218138 20.711247 0.003499
2458783.711205 20.709200 0.003492
2459622.427944 20.708611 0.003490
2459622.921011 20.703749 0.003475
2459623.424605 20.704130 0.003476
2459623.917672 20.707168 0.003486
2459624.410739 20.704825 0.003478
2459624.914332 20.709122 0.003492
2459625.407400 20.712291 0.003502
2459625.900467 20.713317 0.003505
2459626.404060 20.714660 0.003510
2459626.897127 20.713130 0.003505
2459627.390194 20.710125 0.003495
2459627.893788 20.707904 0.003488
2459628.386855 20.703162 0.003473
2459628.879922 20.713722 0.003507
2459629.383516 20.706285 0.003483
2459629.876583 20.711523 0.003500
2459630.369650 20.709889 0.003494
2459630.873244 20.705413 0.003480
2459631.366311 20.708473 0.003490
2459631.859378 20.712656 0.003503
2459632.362971 20.709063 0.003492
2459632.856038 20.708336 0.003489
2459633.349106 20.713722 0.003507
2459633.852699 20.705197 0.003479
2459634.345766 20.708454 0.003490
2459634.838833 20.708503 0.003490
2459635.342427 20.709486 0.003493
2459635.835494 20.712775 0.003504
2459636.328561 20.712144 0.003502
2459636.832155 20.703143 0.003473
2459637.325222 20.703964 0.003475
2459637.818289 20.708581 0.003490
2459638.321882 20.710971 0.003498
2459638.814950 20.709220 0.003492
2459639.308017 20.706824 0.003485
2459639.811610 20.708071 0.003489
2459640.304677 20.709141 0.003492
2459640.797744 20.709495 0.003493
2459641.301338 20.713169 0.003505
2459641.794405 20.714601 0.003510
2459642.287472 20.707030 0.003485
2459642.791066 20.720137 0.003528
2459643.284133 20.710105 0.003495
2459643.777200 20.710568 0.003497
2459644.280794 20.710883 0.003498
2459644.773861 20.711040 0.003498
2459645.266928 20.712676 0.003503
2459645.770521 20.708414 0.003490
2459646.263588 20.707874 0.003488
2459646.756656 20.705844 0.003481
2459647.260249 20.708650 0.003490
2459647.753316 20.711434 0.003499
2459648.246383 20.716182 0.003515
2459648.749977 20.709397 0.003493
2459649.243044 20.703280 0.003473
2459649.736111 20.711946 0.003501
2459650.239705 20.706579 0.003484
2459650.732772 20.711326 0.003499
2459651.225839 20.709318 0.003493
2459651.729432 20.710223 0.003495
2459652.222500 20.706667 0.003484
2459652.715567 20.708660 0.003490
2459653.219160 20.715193 0.003512
2459653.712227 20.705188 0.003479
2459654.205294 20.706275 0.003483
2459654.708888 20.714699 0.003510
2459655.201955 20.708532 0.003490
2459655.695022 20.709436 0.003493
2459656.198616 20.710322 0.003496
2459656.691683 20.715500 0.003512
2459657.184750 20.702078 0.003469
2459657.688344 20.706187 0.003482
2459658.181411 20.709643 0.003494
2459658.674478 20.705619 0.003481
2459659.178071 20.711345 0.003499
2459659.671138 20.709643 0.003494
2459660.164206 20.710145 0.003495
2459660.667799 20.710361 0.003496
2459661.160866 20.703426 0.003474
2459661.653933 20.708945 0.003491
2459662.157527 20.707747 0.003487
2459662.650594 20.708876 0.003491
2459663.143661 20.710036 0.003495
2459663.647255 20.709318 0.003493
2459664.140322 20.708660 0.003490
2459664.633389 20.712903 0.003504
2459665.136982 20.707776 0.003488
2459665.630050 20.710725 0.003497
2459666.123117 20.711523 0.003500
2459666.626710 20.706050 0.003482
2459667.119777 20.706354 0.003483
2459667.612844 20.712962 0.003504
2459668.116438 20.712834 0.003504
2459668.609505 20.707698 0.003487
2459669.102572 20.709053 0.003492
2459669.606166 20.709092 0.003492
2459670.099233 20.711582 0.003500
2459670.592300 20.708601 0.003490
2459671.095894 20.713663 0.003507
2459671.588961 20.711680 0.003500
2459672.082028 20.709545 0.003493
2459672.585621 20.711247 0.003499
2459673.078688 20.704277 0.003476
2459673.571756 20.713593 0.003506
2459674.075349 20.703299 0.003473
2459674.568416 20.713179 0.003505
2459675.061483 20.709672 0.003494
2459675.565077 20.708041 0.003488
2459676.058144 20.714591 0.003510
2459676.551211 20.703592 0.003474
2459677.054805 20.711730 0.003500
2459677.547872 20.708591 0.003490
2459678.040939 20.704727 0.003478
2459678.544532 20.711444 0.003499
2459679.037600 20.706050 0.003482
2459679.530667 20.705276 0.003480
2459680.034260 20.709387 0.003493
2459680.527327 20.712065 0.003501
2459681.020394 20.710489 0.003496
2459681.523988 20.710007 0.003495
2459682.017055 20.705139 0.003479
2459682.510122 20.710843 0.003497
2459683.013716 20.710863 0.003498
2459683.506783 20.706334 0.003483
2459683.999850 20.704111 0.003476
2459684.503444 20.707403 0.003486
2459684.996511 20.704336 0.003477
2459685.489578 20.708051 0.003488
2459685.993171 20.703133 0.003473
2459686.486238 20.707619 0.003487
2459686.979306 20.715233 0.003512
2459687.482899 20.712222 0.003502
2459687.975966 20.704571 0.003477
2459688.469033 20.710853 0.003497
2459688.972627 20.710902 0.003498
2459689.465694 20.709810 0.003494
2459689.958761 20.706295 0.003483
2459690.462355 20.708935 0.003491
2459690.955422 20.708336 0.003489
2459691.448489 20.710725 0.003497
2459691.952082 20.707374 0.003486
2459692.445150 20.709289 0.003492
2459692.938217 20.714670 0.003510
2459693.441810 20.709889 0.003494
2459693.934877 20.707992 0.003488
2459807.647256 20.704796 0.003478
2459808.150849 20.698811 0.003459
2459808.643916 20.709948 0.003495
2459809.136983 20.705903 0.003482
2459809.640577 20.710371 0.003496
2459810.133644 20.710528 0.003496
2459810.626711 20.712439 0.003503
2459811.130305 20.713189 0.003505
2459811.623372 20.709722 0.003494
2459812.116439 20.708277 0.003489
2459812.620032 20.715174 0.003511
2459813.113100 20.710076 0.003495
2459813.606167 20.714285 0.003509
2459814.109760 20.705736 0.003481
2459814.602827 20.708552 0.003490
2459815.095894 20.707698 0.003487
2459815.599488 20.711070 0.003498
2459816.092555 20.715520 0.003513
2459816.585622 20.705256 0.003480
2459817.089216 20.702840 0.003472
2459817.582283 20.707119 0.003485
2459818.075350 20.709840 0.003494
2459818.578944 20.708601 0.003490
2459819.072011 20.708316 0.003489
2459819.565078 20.715095 0.003511
2459820.068671 20.708149 0.003489
2459820.561738 20.708503 0.003490
2459821.054806 20.716855 0.003517
2459821.558399 20.709958 0.003495
2459822.051466 20.715599 0.003513
2459822.544533 20.709407 0.003493
2459823.048127 20.708984 0.003491
2459823.541194 20.718034 0.003521
2459824.034261 20.710007 0.003495
2459824.537855 20.709918 0.003494
2459825.030922 20.714897 0.003511
2459825.523989 20.705050 0.003479
2459826.027582 20.705217 0.003479
2459826.520650 20.710873 0.003498
2459827.013717 20.707236 0.003486
2459827.517310 20.702937 0.003472
2459828.010377 20.711385 0.003499
2459828.503444 20.708463 0.003490
2459829.007038 20.704972 0.003479
2459829.500105 20.709092 0.003492
2459829.993172 20.704561 0.003477
2459830.496766 20.708856 0.003491
2459830.989833 20.708208 0.003489
2459831.482900 20.708277 0.003489
2459831.986494 20.714591 0.003510
2459832.479561 20.702107 0.003469
2459832.972628 20.714067 0.003508
2459833.476221 20.705599 0.003481
2459833.969288 20.713445 0.003506
2459834.462356 20.704747 0.003478
2459834.965949 20.715678 0.003513
2459835.459016 20.705726 0.003481
2459835.952083 20.708238 0.003489
2459836.455677 20.708906 0.003491
2459836.948744 20.704316 0.003476
2459837.441811 20.710942 0.003498
2459837.945405 20.713001 0.003504
2459838.438472 20.702928 0.003472
2459838.931539 20.707374 0.003486
2459839.435132 20.714255 0.003508
2459839.928200 20.704013 0.003476
2459840.421267 20.708120 0.003489
2459840.924860 20.711956 0.003501
2459841.417927 20.711513 0.003500
2459841.910994 20.706442 0.003483
2459842.414588 20.710322 0.003496
2459842.907655 20.713445 0.003506
2459843.400722 20.712015 0.003501
2459843.904316 20.711769 0.003500
2459844.397383 20.708405 0.003490
2459844.890450 20.711296 0.003499
2459845.394044 20.707423 0.003486
2459845.887111 20.702498 0.003471
2459846.380178 20.708139 0.003489
2459846.883771 20.707138 0.003486
2459847.376838 20.710735 0.003497
2459847.869906 20.703407 0.003474
2459848.373499 20.712972 0.003504
2459848.866566 20.706040 0.003482
2459849.359633 20.713445 0.003506
2459849.863227 20.709545 0.003493
2459850.356294 20.705315 0.003480
2459850.849361 20.709269 0.003492
2459851.352955 20.707285 0.003486
2459851.846022 20.706893 0.003485
2459852.339089 20.705981 0.003482
2459852.842682 20.709486 0.003493
2459853.335750 20.705540 0.003480
2459853.828817 20.717380 0.003519
2459854.332410 20.708463 0.003490
2459854.825477 20.707658 0.003487
2459855.318544 20.704492 0.003477
2459855.822138 20.703328 0.003473
2459856.315205 20.706334 0.003483
2459856.808272 20.705001 0.003479
2459857.311866 20.707992 0.003488
2459857.804933 20.707874 0.003488
2459858.298000 20.705922 0.003482
2459858.801594 20.706226 0.003483
2459859.294661 20.709702 0.003494
2459859.787728 20.710745 0.003497
2459860.291321 20.712183 0.003502
2459860.784388 20.710784 0.003497
2459861.277456 20.707374 0.003486
2459861.781049 20.708257 0.003489
2459862.274116 20.708296 0.003489
2459862.767183 20.709289 0.003492
2459863.270777 20.708090 0.003489
2459863.763844 20.712065 0.003501
2459864.256911 20.712745 0.003504
2459864.760505 20.707521 0.003487
2459865.253572 20.710459 0.003496
2459865.746639 20.711326 0.003499
2459866.250232 20.709220 0.003492
2459866.743300 20.702263 0.003470
2459867.236367 20.711434 0.003499
2459867.739960 20.711641 0.003500
2459868.233027 20.707001 0.003485
2459868.726094 20.713830 0.003507
2459869.229688 20.712390 0.003502
2459869.722755 20.708778 0.003491
2459870.215822 20.707668 0.003487
2459870.719416 20.703143 0.003473
2459871.212483 20.709722 0.003494
2459871.705550 20.709486 0.003493
2459872.209144 20.714235 0.003508
2459872.702211 20.702967 0.003472
2459873.195278 20.709495 0.003493
2459873.698871 20.709554 0.003493
2459874.191938 20.708375 0.003490
2459874.685006 20.709299 0.003492
2459875.188599 20.714502 0.003509
2459875.681666 20.701892 0.003469
2459876.174733 20.712380 0.003502
2459876.678327 20.702996 0.003472
2459877.171394 20.711030 0.003498
2459877.664461 20.708778 0.003491
2459878.168055 20.708238 0.003489
2459878.661122 20.704737 0.003478
2459879.154189 20.707599 0.003487
2459987.411250 20.703407 0.003474
2459987.904317 20.712173 0.003502
2459988.407910 20.713830 0.003507
2459988.900977 20.708513 0.003490
2459989.394044 20.714660 0.003510
2459989.897638 20.706471 0.003483
2459990.390705 20.700438 0.003464
2459990.883772 20.701609 0.003468
2459991.387366 20.707128 0.003486
2459991.880433 20.713820 0.003507
2459992.373500 20.708827 0.003491
2459992.877094 20.710017 0.003495
2459993.370161 20.716826 0.003517
2459993.863228 20.714610 0.003510
2459994.366821 20.711749 0.003500
2459994.859888 20.710666 0.003497
2459995.352956 20.708071 0.003489
2459995.856549 20.715767 0.003513
2459996.349616 20.709348 0.003493
2459996.842683 20.701287 0.003467
2459997.346277 20.704091 0.003476
2459997.839344 20.705501 0.003480
2459998.332411 20.710568 0.003497
2459998.836005 20.708896 0.003491
2459999.329072 20.705658 0.003481
2459999.822139 20.712232 0.003502
2460000.325732 20.708817 0.003491
2460000.818800 20.708375 0.003490
2460001.311867 20.705050 0.003479
2460001.815460 20.710076 0.003495
2460002.308527 20.709033 0.003492
2460002.801594 20.710125 0.003495
2460003.305188 20.715223 0.003512
2460003.798255 20.700360 0.003464
2460004.291322 20.706608 0.003484
2460004.794916 20.709014 0.003492
2460005.287983 20.705511 0.003480
2460005.781050 20.710912 0.003498
2460006.284644 20.712301 0.003502
2460006.777711 20.711887 0.003501
2460007.270778 20.701248 0.003467
2460007.774371 20.706873 0.003485
2460008.267438 20.702175 0.003470
2460008.760506 20.703680 0.003474
2460009.264099 20.708139 0.003489
2460009.757166 20.707747 0.003487
2460010.250233 20.707629 0.003487
2460010.753827 20.705050 0.003479
2460011.246894 20.706432 0.003483
2460011.739961 20.714670 0.003510
2460012.243555 20.709800 0.003494
2460012.736622 20.706246 0.003483
2460013.229689 20.705011 0.003479
2460013.733282 20.708493 0.003490
2460014.226350 20.705158 0.003479
2460014.719417 20.707374 0.003486
2460015.223010 20.715342 0.003512
2460015.716077 20.713465 0.003506
2460016.209144 20.708110 0.003489
2460016.712738 20.709584 0.003493
2460017.205805 20.706648 0.003484
2460017.698872 20.710272 0.003496
2460018.202466 20.706864 0.003485
2460018.695533 20.711680 0.003500
2460019.188600 20.709997 0.003495
2460019.692194 20.714215 0.003508
2460020.185261 20.710696 0.003497
2460020.678328 20.703377 0.003473
2460021.181921 20.705511 0.003480
2460021.674988 20.706491 0.003483
2460022.168056 20.708513 0.003490
2460022.671649 20.706834 0.003485
2460023.164716 20.703700 0.003475
2460023.657783 20.708463 0.003490
2460024.161377 20.714344 0.003509
2460024.654444 20.713445 0.003506
2460025.147511 20.708051 0.003488
2460025.651105 20.716964 0.003517
2460026.144172 20.707923 0.003488
2460026.637239 20.703534 0.003474
2460027.140832 20.712282 0.003502
2460027.633900 20.710213 0.003495
2460028.126967 20.709790 0.003494
2460028.630560 20.709033 0.003492
2460029.123627 20.710814 0.003497
2460029.616694 20.712370 0.003502
2460030.120288 20.716133 0.003515
2460030.613355 20.708110 0.003489
2460031.106422 20.704365 0.003477
2460031.610016 20.711917 0.003501
2460032.103083 20.704620 0.003477
2460032.596150 20.715016 0.003511
2460033.099744 20.706177 0.003482
2460033.592811 20.710292 0.003496
2460034.085878 20.704297 0.003476
2460034.589471 20.705707 0.003481
2460035.082538 20.715085 0.003511
2460035.575606 20.710440 0.003496
2460036.079199 20.705952 0.003482
2460036.572266 20.714196 0.003508
2460037.065333 20.706324 0.003483
2460037.568927 20.702820 0.003472
2460038.061994 20.711385 0.003499
2460038.555061 20.707305 0.003486
2460039.058655 20.711848 0.003501
2460039.551722 20.711937 0.003501
2460040.044789 20.707609 0.003487
2460040.548382 20.705609 0.003481
2460041.041450 20.706148 0.003482
2460041.534517 20.719561 0.003526
2460042.038110 20.712183 0.003502
2460042.531177 20.709967 0.003495
2460043.024244 20.707393 0.003486
2460043.527838 20.706216 0.003483
2460044.020905 20.712429 0.003503
2460044.513972 20.709584 0.003493
2460045.017566 20.705795 0.003481
2460045.510633 20.708198 0.003489
2460046.003700 20.715371 0.003512
2460046.507294 20.707011 0.003485
2460047.000361 20.714927 0.003511
2460047.493428 20.711877 0.003501
2460047.997021 20.704815 0.003478
2460048.490088 20.712410 0.003503
2460048.983156 20.709997 0.003495
2460049.486749 20.714472 0.003509
2460049.979816 20.710814 0.003497
2460050.472883 20.705413 0.003480
2460050.976477 20.710105 0.003495
2460051.469544 20.700263 0.003464
2460051.962611 20.708847 0.003491
2460052.466205 20.709535 0.003493
2460052.959272 20.710725 0.003497
2460053.452339 20.710145 0.003495
2460053.955932 20.708984 0.003491
2460054.449000 20.709476 0.003493
2460054.942067 20.711740 0.003500
2460055.445660 20.702752 0.003471
2460055.938727 20.705295 0.003480
2460056.431794 20.708925 0.003491
2460056.935388 20.712015 0.003501
2460057.428455 20.706255 0.003483
2460057.921522 20.706795 0.003484
2460058.425116 20.708581 0.003490
2460058.918183 20.709191 0.003492
