2458346.727899 22.425767 0.007916
2458347.220966 22.421563 0.007885
2458347.714033 22.434521 0.007980
2458348.217627 22.452695 0.008114
2458348.710694 22.429299 0.007941
2458349.203761 22.415723 0.007843
2458349.707355 22.432696 0.007966
2458350.200422 22.418834 0.007865
2458350.693489 22.425816 0.007916
2458351.197082 22.431119 0.007955
2458351.690150 22.419905 0.007873
2458352.183217 22.426404 0.007920
2458352.686810 22.436003 0.007991
2458353.179877 22.406734 0.007778
2458353.672944 22.449086 0.008087
2458354.176538 22.422979 0.007895
2458354.669605 22.431710 0.007959
2458355.162672 22.421611 0.007885
2458355.666266 22.432055 0.007962
2458356.159333 22.424250 0.007905
2458356.652400 22.427336 0.007927
2458357.155994 22.419856 0.007873
2458357.649061 22.418007 0.007859
2458358.142128 22.420880 0.007880
2458358.645721 22.436894 0.007997
2458359.138788 22.421856 0.007887
2458359.631856 22.427139 0.007926
2458360.135449 22.424201 0.007904
2458360.628516 22.432745 0.007967
2458361.121583 22.434768 0.007981
2458361.625177 22.428268 0.007934
2458362.118244 22.428759 0.007937
2458362.611311 22.436696 0.007996
2458363.114905 22.430726 0.007952
2458363.607972 22.435311 0.007985
2458364.101039 22.432449 0.007964
2458364.604632 22.415723 0.007843
2458365.097700 22.434719 0.007981
2458365.590767 22.438132 0.008006
2458366.094360 22.419175 0.007868
2458366.587427 22.420734 0.007879
2458367.080494 22.434669 0.007981
2458367.584088 22.441456 0.008031
2458368.077155 22.434373 0.007979
2458368.570222 22.420344 0.007876
2458369.073816 22.432498 0.007965
2458369.566883 22.433929 0.007975
2458370.059950 22.427777 0.007930
2458370.563544 22.426502 0.007921
2458371.056611 22.433978 0.007976
2458371.549678 22.423370 0.007898
2458372.053271 22.431562 0.007958
2458372.546338 22.428808 0.007938
2458373.039406 22.416500 0.007848
2458373.542999 22.433781 0.007974
2458374.036066 22.420246 0.007875
2458374.529133 22.431710 0.007959
2458375.032727 22.428906 0.007939
2458375.525794 22.433041 0.007969
2458376.018861 22.441605 0.008032
2458376.522455 22.435064 0.007984
2458377.015522 22.437240 0.008000
2458377.508589 22.431612 0.007958
2458378.012182 22.432696 0.007966
2458378.505250 22.433633 0.007973
2458378.998317 22.443097 0.008043
2458379.501910 22.438132 0.008006
2458379.994977 22.422979 0.007895
2458380.488044 22.425130 0.007911
2458380.991638 22.440016 0.008020
2458381.484705 22.420782 0.007879
2458381.977772 22.444791 0.008056
2458382.481366 22.436003 0.007991
2458382.974433 22.442003 0.008035
2458383.467500 22.431907 0.007960
2458383.971094 22.418444 0.007862
2458384.464161 22.421026 0.007881
2458384.957228 22.418396 0.007862
2458385.460821 22.435756 0.007989
2458385.953888 22.431119 0.007955
2458386.446956 22.436993 0.007998
2458386.950549 22.447236 0.008074
2458387.443616 22.424054 0.007903
2458387.936683 22.428366 0.007935
2458388.440277 22.427924 0.007931
2458388.933344 22.432696 0.007966
2458389.426411 22.411364 0.007811
2458389.930005 22.421270 0.007883
2458390.423072 22.437983 0.008005
2458390.916139 22.415626 0.007842
2458391.419732 22.434719 0.007981
2458391.912800 22.425718 0.007915
2458392.405867 22.423321 0.007898
2458392.909460 22.433731 0.007974
2458393.402527 22.440066 0.008021
2458393.895594 22.437686 0.008003
2458394.399188 22.439520 0.008016
2458394.892255 22.435361 0.007986
2458395.385322 22.433139 0.007970
2458395.888916 22.423370 0.007898
2458396.381983 22.429398 0.007942
2458396.875050 22.417618 0.007856
2458397.378644 22.419905 0.007873
2458397.871711 22.436449 0.007994
2458398.364778 22.430283 0.007949
2458398.868371 22.417618 0.007856
2458399.361438 22.425816 0.007916
2458399.854506 22.422881 0.007895
2458400.358099 22.443994 0.008050
2458400.851166 22.412864 0.007822
2458401.344233 22.434274 0.007978
2458401.847827 22.429988 0.007946
2458402.340894 22.420295 0.007876
2458402.833961 22.418153 0.007860
2458403.337555 22.432104 0.007962
2458403.830622 22.427679 0.007930
2458404.323689 22.422197 0.007890
2458404.827282 22.438379 0.008008
2458405.320350 22.440910 0.008027
2458405.813417 22.417277 0.007854
2458406.317010 22.422979 0.007895
2458406.810077 22.418639 0.007864
2458407.303144 22.428514 0.007936
2458407.806738 22.425473 0.007913
2458408.299805 22.431415 0.007957
2458408.792872 22.429398 0.007942
2458409.296466 22.422588 0.007892
2458409.789533 22.432745 0.007967
2458410.282600 22.430873 0.007953
2458410.786194 22.430480 0.007950
2458411.279261 22.424592 0.007907
2458411.772328 22.438677 0.008010
2458412.275921 22.437934 0.008005
2458412.768988 22.438578 0.008010
2458413.262056 22.420295 0.007876
2458413.765649 22.441754 0.008033
2458414.258716 22.440363 0.008023
2458414.751783 22.425130 0.007911
2458415.255377 22.431562 0.007958
2458415.748444 22.426747 0.007923
2458416.241511 22.431710 0.007959
2458416.745105 22.431710 0.007959
2458417.238172 22.439917 0.008019
2458417.731239 22.420441 0.007877
2458418.234832 22.425767 0.007916
2458526.481367 22.432055 0.007962
2458526.984960 22.420539 0.007878
2458527.478027 22.434521 0.007980
2458527.971094 22.433485 0.007972
2458528.474688 22.424641 0.007907
2458528.967755 22.430430 0.007950
2458529.460822 22.437389 0.008001
2458529.964416 22.416160 0.007846
2458530.457483 22.417229 0.007854
2458530.950550 22.436547 0.007995
2458531.454144 22.428170 0.007933
2458531.947211 22.418688 0.007864
2458532.440278 22.446737 0.008070
2458532.943871 22.436251 0.007992
2458533.436938 22.427188 0.007926
2458533.930006 22.432006 0.007961
2458534.433599 22.428956 0.007939
2458534.926666 22.419418 0.007869
2458535.419733 22.434422 0.007979
2458535.923327 22.435015 0.007983
2458536.416394 22.421563 0.007885
2458536.909461 22.435608 0.007988
2458537.413055 22.430873 0.007953
2458537.906122 22.428857 0.007938
2458538.399189 22.425767 0.007916
2458538.902782 22.437934 0.008005
2458539.395850 22.414996 0.007837
2458539.888917 22.420977 0.007881
2458540.392510 22.436894 0.007997
2458540.885577 22.436201 0.007992
2458541.378644 22.423223 0.007897
2458541.882238 22.429496 0.007943
2458542.375305 22.438132 0.008006
2458542.868372 22.414317 0.007833
2458543.371966 22.433978 0.007976
2458543.865033 22.428759 0.007937
2458544.358100 22.430184 0.007948
2458544.861694 22.423810 0.007901
2458545.354761 22.421611 0.007885
2458545.847828 22.422881 0.007895
2458546.351421 22.432498 0.007965
2458546.844488 22.438578 0.008010
2458547.337556 22.429299 0.007941
2458547.841149 22.440761 0.008026
2458548.334216 22.422832 0.007894
2458548.827283 22.422832 0.007894
2458549.330877 22.424690 0.007908
2458549.823944 22.427728 0.007930
2458550.317011 22.427679 0.007930
2458550.820605 22.427434 0.007928
2458551.313672 22.433287 0.007971
2458551.806739 22.445090 0.008058
2458552.310332 22.416743 0.007850
2458552.803400 22.427532 0.007928
2458553.296467 22.418396 0.007862
2458553.800060 22.429742 0.007945
2458554.293127 22.419710 0.007872
2458554.786194 22.435410 0.007986
2458555.289788 22.418882 0.007866
2458555.782855 22.423370 0.007898
2458556.275922 22.448186 0.008081
2458556.779516 22.448086 0.008080
2458557.272583 22.412719 0.007821
2458557.765650 22.441456 0.008031
2458558.269244 22.426992 0.007925
2458558.762311 22.437587 0.008002
2458559.255378 22.424837 0.007909
2458559.758971 22.435361 0.007986
2458560.252038 22.430332 0.007949
2458560.745106 22.429594 0.007944
2458561.248699 22.428808 0.007938
2458561.741766 22.426992 0.007925
2458562.234833 22.429349 0.007942
2458562.738427 22.426355 0.007920
2458563.231494 22.420636 0.007878
2458563.724561 22.437983 0.008005
2458564.228155 22.436993 0.007998
2458564.721222 22.422441 0.007891
2458565.214289 22.426257 0.007919
2458565.717882 22.428121 0.007933
2458566.210950 22.434225 0.007977
2458566.704017 22.441953 0.008034
2458567.207610 22.445589 0.008061
2458567.700677 22.436696 0.007996
2458568.193744 22.424152 0.007904
2458568.697338 22.425473 0.007913
2458569.190405 22.431021 0.007954
2458569.683472 22.422148 0.007889
2458570.187066 22.430234 0.007948
2458570.680133 22.435410 0.007986
2458571.173200 22.422734 0.007894
2458571.676794 22.435410 0.007986
2458572.169861 22.431907 0.007960
2458572.662928 22.441804 0.008033
2458573.166521 22.430332 0.007949
2458573.659588 22.429988 0.007946
2458574.152656 22.432843 0.007967
2458574.656249 22.438132 0.008006
2458575.149316 22.427041 0.007925
2458575.642383 22.428710 0.007937
2458576.145977 22.437983 0.008005
2458576.639044 22.436597 0.007995
2458577.132111 22.427385 0.007927
2458577.635705 22.431021 0.007954
2458578.128772 22.438479 0.008009
2458578.621839 22.421270 0.007883
2458579.125432 22.433139 0.007970
2458579.618500 22.427924 0.007931
2458580.111567 22.431612 0.007958
2458580.615160 22.417423 0.007855
2458581.108227 22.416063 0.007845
2458581.601294 22.440314 0.008022
2458582.104888 22.430922 0.007953
2458582.597955 22.416646 0.007849
2458583.091022 22.429889 0.007946
2458583.594616 22.423565 0.007900
2458584.087683 22.434817 0.007982
2458584.580750 22.432548 0.007965
2458585.084344 22.425228 0.007912
2458585.577411 22.419418 0.007869
2458586.070478 22.432203 0.007963
2458586.574071 22.418153 0.007860
2458587.067138 22.428170 0.007933
2458587.560206 22.440214 0.008022
2458588.063799 22.431562 0.007958
2458588.556866 22.425130 0.007911
2458589.049933 22.418007 0.007859
2458589.553527 22.436003 0.007991
2458590.046594 22.423565 0.007900
2458590.539661 22.429791 0.007945
2458591.043255 22.424837 0.007909
2458591.536322 22.425718 0.007915
2458592.029389 22.442202 0.008036
2458592.532982 22.434570 0.007980
2458593.026050 22.423810 0.007901
2458593.519117 22.413735 0.007828
2458594.022710 22.447786 0.008078
2458594.515777 22.440363 0.008023
2458595.008844 22.429988 0.007946
2458595.512438 22.433879 0.007975
2458596.005505 22.432400 0.007964
2458596.498572 22.428366 0.007935
2458597.002166 22.423125 0.007896
2458597.495233 22.448286 0.008081
2458597.988300 22.440066 0.008021
2458712.204272 22.398200 0.007849
2458712.697339 22.380767 0.007751
2458713.200932 22.362269 0.007643
2458713.694000 22.375096 0.007753
2458714.187067 22.367085 0.007718
2458714.690660 22.346811 0.007622
2458715.183727 22.305433 0.007432
2458715.676794 22.240715 0.007173
2458716.180388 22.206921 0.007094
2458716.673455 22.234537 0.007178
2458717.166522 22.269810 0.007331
2458717.670116 22.303856 0.007453
2458718.163183 22.342629 0.007613
2458718.656250 22.373928 0.007748
2458719.159844 22.380438 0.007732
2458719.652911 22.384298 0.007718
2458720.145978 22.404234 0.007833
2458720.649571 22.399299 0.007778
2458721.142638 22.411364 0.007851
2458721.635706 22.421807 0.007917
2458722.139299 22.423174 0.007920
2458722.632366 22.428464 0.007953
2458723.125433 22.410833 0.007822
2458723.629027 22.418639 0.007875
2458724.122094 22.413784 0.007838
2458724.615161 22.429349 0.007949
2458725.118755 22.420734 0.007885
2458725.611822 22.425277 0.007917
2458726.104889 22.426943 0.007928
2458726.608482 22.442898 0.008045
2458727.101550 22.442252 0.008040
2458727.594617 22.435855 0.007992
2458728.098210 22.427188 0.007928
2458728.591277 22.427924 0.007933
2458729.084344 22.426453 0.007922
2458729.587938 22.435410 0.007988
2458730.081005 22.433879 0.007976
2458730.574072 22.425277 0.007913
2458731.077666 22.416743 0.007851
2458731.570733 22.437735 0.008004
2458732.063800 22.437042 0.007999
2458732.567394 22.429299 0.007942
2458733.060461 22.428121 0.007933
2458733.553528 22.429299 0.007942
2458734.057121 22.425816 0.007916
2458734.550188 22.445589 0.008062
2458735.043256 22.423858 0.007902
2458735.546849 22.428661 0.007937
2458736.039916 22.427777 0.007931
2458736.532983 22.428857 0.007938
2458737.036577 22.433534 0.007973
2458737.529644 22.429005 0.007939
2458738.022711 22.430184 0.007948
2458738.526305 22.428956 0.007939
2458739.019372 22.417764 0.007858
2458739.512439 22.439917 0.008020
2458740.016032 22.440314 0.008023
2458740.509100 22.429889 0.007946
2458741.002167 22.422246 0.007890
2458741.505760 22.427238 0.007926
2458741.998827 22.419661 0.007871
2458742.491894 22.424250 0.007905
2458742.995488 22.415626 0.007842
2458743.488555 22.422344 0.007891
2458743.981622 22.446138 0.008066
2458744.485216 22.446138 0.008066
2458744.978283 22.428023 0.007932
2458745.471350 22.431907 0.007961
2458745.974944 22.421368 0.007884
2458746.468011 22.433435 0.007972
2458746.961078 22.427483 0.007928
2458747.464671 22.423174 0.007897
2458747.957738 22.423761 0.007901
2458748.450806 22.437983 0.008005
2458748.954399 22.441257 0.008029
2458749.447466 22.417909 0.007859
2458749.940533 22.421563 0.007885
2458750.444127 22.420539 0.007878
2458750.937194 22.416646 0.007849
2458751.430261 22.425522 0.007914
2458751.933855 22.425424 0.007913
2458752.426922 22.428219 0.007934
2458752.919989 22.426404 0.007920
2458753.423582 22.424201 0.007904
2458753.916650 22.424543 0.007907
2458754.409717 22.430381 0.007949
2458754.913310 22.424886 0.007909
2458755.406377 22.423125 0.007896
2458755.899444 22.432745 0.007967
2458756.403038 22.425963 0.007917
2458756.896105 22.434768 0.007982
2458757.389172 22.438033 0.008006
2458757.892766 22.427974 0.007932
2458758.385833 22.414462 0.007834
2458758.878900 22.445489 0.008061
2458759.382494 22.449637 0.008092
2458759.875561 22.427385 0.007927
2458760.368628 22.437587 0.008002
2458760.872221 22.420441 0.007877
2458761.365288 22.431365 0.007957
2458761.858356 22.435410 0.007986
2458762.361949 22.430086 0.007947
2458762.855016 22.432203 0.007963
2458763.348083 22.414996 0.007837
2458763.851677 22.435311 0.007985
2458764.344744 22.438925 0.008012
2458764.837811 22.425816 0.007916
2458765.341405 22.425522 0.007914
2458765.834472 22.440512 0.008024
2458766.327539 22.424739 0.007908
2458766.831132 22.427875 0.007931
2458767.324200 22.433583 0.007973
2458767.817267 22.434225 0.007978
2458768.320860 22.418347 0.007862
2458768.813927 22.423321 0.007898
2458769.306994 22.434422 0.007979
2458769.810588 22.428366 0.007935
2458770.303655 22.423810 0.007901
2458770.796722 22.415578 0.007842
2458771.300316 22.437290 0.008000
2458771.793383 22.426159 0.007918
2458772.286450 22.431316 0.007956
2458772.790044 22.440910 0.008027
2458773.283111 22.427385 0.007927
2458773.776178 22.420051 0.007874
2458774.279771 22.437983 0.008005
2458774.772838 22.433731 0.007974
2458775.265906 22.422783 0.007894
2458775.769499 22.419077 0.007867
2458776.262566 22.428415 0.007935
2458776.755633 22.432843 0.007967
2458777.259227 22.415093 0.007838
2458777.752294 22.419028 0.007867
2458778.245361 22.438033 0.008006
2458778.748955 22.442301 0.008037
2458779.242022 22.426845 0.007923
2458779.735089 22.406830 0.007779
2458780.238682 22.424445 0.007906
2458780.731750 22.426649 0.007922
2458781.224817 22.416840 0.007851
2458781.728410 22.437686 0.008003
2458782.221477 22.430726 0.007952
2458782.714544 22.434324 0.007978
2458783.218138 22.415093 0.007838
2458783.711205 22.433929 0.007975
2459622.427944 22.415238 0.007839
2459622.921011 22.412477 0.007819
2459623.424605 22.442749 0.008040
2459623.917672 22.429447 0.007942
2459624.410739 22.431021 0.007954
2459624.914332 22.422393 0.007891
2459625.407400 22.443994 0.008050
2459625.900467 22.439669 0.008018
2459626.404060 22.432843 0.007967
2459626.897127 22.421563 0.007885
2459627.390194 22.431267 0.007956
2459627.893788 22.418834 0.007865
2459628.386855 22.423223 0.007897
2459628.879922 22.424494 0.007906
2459629.383516 22.416209 0.007846
2459629.876583 22.444741 0.008055
2459630.369650 22.434422 0.007979
2459630.873244 22.434768 0.007981
2459631.366311 22.416792 0.007850
2459631.859378 22.430676 0.007951
2459632.362971 22.437934 0.008005
2459632.856038 22.431021 0.007954
2459633.349106 22.438379 0.008008
2459633.852699 22.435707 0.007988
2459634.345766 22.428317 0.007934
2459634.838833 22.435311 0.007985
2459635.342427 22.428759 0.007937
2459635.835494 22.424005 0.007903
2459636.328561 22.437042 0.007998
2459636.832155 22.444292 0.008052
2459637.325222 22.422197 0.007890
2459637.818289 22.416986 0.007852
2459638.321882 22.431464 0.007957
2459638.814950 22.442202 0.008036
2459639.308017 22.435460 0.007987
2459639.811610 22.424250 0.007905
2459640.304677 22.429594 0.007944
2459640.797744 22.433287 0.007971
2459641.301338 22.432055 0.007962
2459641.794405 22.429742 0.007945
2459642.287472 22.431218 0.007955
2459642.791066 22.436003 0.007991
2459643.284133 22.440016 0.008020
2459643.777200 22.440910 0.008027
2459644.280794 22.432597 0.007966
2459644.773861 22.422051 0.007889
2459645.266928 22.424250 0.007905
2459645.770521 22.431809 0.007960
2459646.263588 22.419321 0.007869
2459646.756656 22.420392 0.007876
2459647.260249 22.444193 0.008051
2459647.753316 22.423272 0.007897
2459648.246383 22.431218 0.007955
2459648.749977 22.424837 0.007909
2459649.243044 22.438528 0.008009
2459649.736111 22.426894 0.007924
2459650.239705 22.423321 0.007898
2459650.732772 22.429693 0.007944
2459651.225839 22.419223 0.007868
2459651.729432 22.421514 0.007885
2459652.222500 22.424641 0.007907
2459652.715567 22.434867 0.007982
2459653.219160 22.433139 0.007970
2459653.712227 22.414268 0.007832
2459654.205294 22.435410 0.007986
2459654.708888 22.435509 0.007987
2459655.201955 22.426796 0.007923
2459655.695022 22.408998 0.007794
2459656.198616 22.429201 0.007941
2459656.691683 22.440463 0.008023
2459657.184750 22.421514 0.007885
2459657.688344 22.432203 0.007963
2459658.181411 22.425718 0.007915
2459658.674478 22.427336 0.007927
2459659.178071 22.439073 0.008013
2459659.671138 22.435262 0.007985
2459660.164206 22.415093 0.007838
2459660.667799 22.424250 0.007905
2459661.160866 22.434768 0.007981
2459661.653933 22.421953 0.007888
2459662.157527 22.424396 0.007906
2459662.650594 22.421807 0.007887
2459663.143661 22.446487 0.008068
2459663.647255 22.434817 0.007982
2459664.140322 22.421856 0.007887
2459664.633389 22.430135 0.007947
2459665.136982 22.429791 0.007945
2459665.630050 22.425277 0.007912
2459666.123117 22.434274 0.007978
2459666.626710 22.426894 0.007924
2459667.119777 22.424788 0.007908
2459667.612844 22.426061 0.007918
2459668.116438 22.433731 0.007974
2459668.609505 22.427728 0.007930
2459669.102572 22.434768 0.007981
2459669.606166 22.429742 0.007945
2459670.099233 22.424201 0.007904
2459670.592300 22.441804 0.008033
2459671.095894 22.416160 0.007846
2459671.588961 22.428956 0.007939
2459672.082028 22.436547 0.007995
2459672.585621 22.425375 0.007913
2459673.078688 22.423956 0.007902
2459673.571756 22.438280 0.008007
2459674.075349 22.440860 0.008026
2459674.568416 22.412912 0.007822
2459675.061483 22.421221 0.007883
2459675.565077 22.420880 0.007880
2459676.058144 22.431168 0.007955
2459676.551211 22.415481 0.007841
2459677.054805 22.420246 0.007875
2459677.547872 22.445988 0.008064
2459678.040939 22.428759 0.007937
2459678.544532 22.432252 0.007963
2459679.037600 22.427581 0.007929
2459679.530667 22.419564 0.007870
2459680.034260 22.422881 0.007895
2459680.527327 22.412670 0.007821
2459681.020394 22.425620 0.007915
2459681.523988 22.427483 0.007928
2459682.017055 22.442699 0.008040
2459682.510122 22.414802 0.007836
2459683.013716 22.426355 0.007920
2459683.506783 22.432991 0.007968
2459683.999850 22.416937 0.007851
2459684.503444 22.428906 0.007939
2459684.996511 22.434077 0.007976
2459685.489578 22.439222 0.008014
2459685.993171 22.429988 0.007946
2459686.486238 22.424152 0.007904
2459686.979306 22.441506 0.008031
2459687.482899 22.422686 0.007893
2459687.975966 22.431710 0.007959
2459688.469033 22.433485 0.007972
2459688.972627 22.429545 0.007943
2459689.465694 22.415917 0.007844
2459689.958761 22.424445 0.007906
2459690.462355 22.433386 0.007971
2459690.955422 22.427875 0.007931
2459691.448489 22.438677 0.008010
2459691.952082 22.432006 0.007961
2459692.445150 22.430480 0.007950
2459692.938217 22.441903 0.008034
2459693.441810 22.439966 0.008020
2459693.934877 22.419808 0.007872
2459807.647256 22.424690 0.007908
2459808.150849 22.443197 0.008044
2459808.643916 22.407263 0.007782
2459809.136983 22.429005 0.007939
2459809.640577 22.444093 0.008050
2459810.133644 22.430135 0.007947
2459810.626711 22.415481 0.007841
2459811.130305 22.427581 0.007929
2459811.623372 22.444891 0.008056
2459812.116439 22.431956 0.007961
2459812.620032 22.423858 0.007902
2459813.113100 22.422734 0.007894
2459813.606167 22.435608 0.007988
2459814.109760 22.430627 0.007951
2459814.602827 22.445539 0.008061
2459815.095894 22.433929 0.007975
2459815.599488 22.436300 0.007993
2459816.092555 22.426747 0.007923
2459816.585622 22.429250 0.007941
2459817.089216 22.420831 0.007880
2459817.582283 22.411123 0.007810
2459818.075350 22.425718 0.007915
2459818.578944 22.445688 0.008062
2459819.072011 22.432597 0.007966
2459819.565078 22.439768 0.008018
2459820.068671 22.426502 0.007921
2459820.561738 22.434077 0.007976
2459821.054806 22.424543 0.007907
2459821.558399 22.421026 0.007881
2459822.051466 22.433435 0.007972
2459822.544533 22.431316 0.007956
2459823.048127 22.415529 0.007841
2459823.541194 22.422930 0.007895
2459824.034261 22.415190 0.007839
2459824.537855 22.413542 0.007827
2459825.030922 22.420344 0.007876
2459825.523989 22.430234 0.007948
2459826.027582 22.448636 0.008084
2459826.520650 22.416889 0.007851
2459827.013717 22.434225 0.007977
2459827.517310 22.417229 0.007854
2459828.010377 22.421856 0.007887
2459828.503444 22.424592 0.007907
2459829.007038 22.440115 0.008021
2459829.500105 22.426453 0.007921
2459829.993172 22.444691 0.008055
2459830.496766 22.427630 0.007929
2459830.989833 22.436003 0.007991
2459831.482900 22.421758 0.007886
2459831.986494 22.430332 0.007949
2459832.479561 22.441208 0.008029
2459832.972628 22.421368 0.007884
2459833.476221 22.436053 0.007991
2459833.969288 22.430873 0.007953
2459834.462356 22.442301 0.008037
2459834.965949 22.413929 0.007830
2459835.459016 22.439024 0.008013
2459835.952083 22.422344 0.007891
2459836.455677 22.429201 0.007941
2459836.948744 22.429447 0.007942
2459837.441811 22.425228 0.007912
2459837.945405 22.436844 0.007997
2459838.438472 22.436251 0.007992
2459838.931539 22.428710 0.007937
2459839.435132 22.429250 0.007941
2459839.928200 22.415723 0.007843
2459840.421267 22.415384 0.007840
2459840.924860 22.440860 0.008026
2459841.417927 22.434669 0.007981
2459841.910994 22.421270 0.007883
2459842.414588 22.434768 0.007981
2459842.907655 22.436993 0.007998
2459843.400722 22.431710 0.007959
2459843.904316 22.445688 0.008062
2459844.397383 22.431365 0.007957
2459844.890450 22.426943 0.007924
2459845.394044 22.426110 0.007918
2459845.887111 22.443048 0.008043
2459846.380178 22.410784 0.007807
2459846.883771 22.425375 0.007913
2459847.376838 22.442351 0.008037
2459847.869906 22.426747 0.007923
2459848.373499 22.438429 0.008008
2459848.866566 22.435163 0.007984
2459849.359633 22.442998 0.008042
2459849.863227 22.430578 0.007951
2459850.356294 22.424592 0.007907
2459850.849361 22.423027 0.007896
2459851.352955 22.424690 0.007908
2459851.846022 22.427286 0.007927
2459852.339089 22.433978 0.007976
2459852.842682 22.415190 0.007839
2459853.335750 22.426992 0.007925
2459853.828817 22.434422 0.007979
2459854.332410 22.431119 0.007955
2459854.825477 22.407119 0.007781
2459855.318544 22.426355 0.007920
2459855.822138 22.431365 0.007957
2459856.315205 22.428759 0.007937
2459856.808272 22.434077 0.007976
2459857.311866 22.422490 0.007892
2459857.804933 22.433041 0.007969
2459858.298000 22.424984 0.007910
2459858.801594 22.425326 0.007912
2459859.294661 22.451642 0.008106
2459859.787728 22.422197 0.007890
2459860.291321 22.433090 0.007969
2459860.784388 22.431021 0.007954
2459861.277456 22.418153 0.007860
2459861.781049 22.433583 0.007973
2459862.274116 22.418493 0.007863
2459862.767183 22.410108 0.007802
2459863.270777 22.429201 0.007941
2459863.763844 22.425914 0.007917
2459864.256911 22.434175 0.007977
2459864.760505 22.427728 0.007930
2459865.253572 22.415093 0.007838
2459865.746639 22.429791 0.007945
2459866.250232 22.439321 0.008015
2459866.743300 22.424788 0.007908
2459867.236367 22.416403 0.007848
2459867.739960 22.427483 0.007928
2459868.233027 22.429250 0.007941
2459868.726094 22.409191 0.007796
2459869.229688 22.426404 0.007920
2459869.722755 22.429398 0.007942
2459870.215822 22.437735 0.008003
2459870.719416 22.421611 0.007885
2459871.212483 22.439917 0.008019
2459871.705550 22.435213 0.007985
2459872.209144 22.435361 0.007986
2459872.702211 22.440363 0.008023
2459873.195278 22.436399 0.007993
2459873.698871 22.417764 0.007857
2459874.191938 22.426159 0.007918
2459874.685006 22.437537 0.008002
2459875.188599 22.446138 0.008066
2459875.681666 22.437488 0.008002
2459876.174733 22.451591 0.008106
2459876.678327 22.439917 0.008019
2459877.171394 22.421270 0.007883
2459877.664461 22.440016 0.008020
2459878.168055 22.448936 0.008086
2459878.661122 22.441406 0.008030
2459879.154189 22.429152 0.007940
2459987.411250 22.425571 0.007914
2459987.904317 22.419321 0.007869
2459988.407910 22.438132 0.008006
2459988.900977 22.435558 0.007987
2459989.394044 22.414947 0.007837
2459989.897638 22.434570 0.007980
2459990.390705 22.431562 0.007958
2459990.883772 22.420734 0.007879
2459991.387366 22.426992 0.007925
2459991.880433 22.434472 0.007979
2459992.373500 22.432597 0.007966
2459992.877094 22.426747 0.007923
2459993.370161 22.441655 0.008032
2459993.863228 22.441605 0.008032
2459994.366821 22.419564 0.007870
2459994.859888 22.424201 0.007904
2459995.352956 22.443994 0.008050
2459995.856549 22.437240 0.008000
2459996.349616 22.417909 0.007859
2459996.842683 22.419759 0.007872
2459997.346277 22.427826 0.007931
2459997.839344 22.416986 0.007852
2459998.332411 22.442401 0.008038
2459998.836005 22.415917 0.007844
2459999.329072 22.424201 0.007904
2459999.822139 22.431612 0.007958
2460000.325732 22.433682 0.007974
2460000.818800 22.423712 0.007901
2460001.311867 22.412622 0.007820
2460001.815460 22.429054 0.007940
2460002.308527 22.424494 0.007906
2460002.801594 22.424201 0.007904
2460003.305188 22.447336 0.008074
2460003.798255 22.428956 0.007939
2460004.291322 22.434817 0.007982
2460004.794916 22.426061 0.007918
2460005.287983 22.412670 0.007821
2460005.781050 22.430578 0.007951
2460006.284644 22.426355 0.007920
2460006.777711 22.421514 0.007885
2460007.270778 22.422100 0.007889
2460007.774371 22.439619 0.008017
2460008.267438 22.429742 0.007945
2460008.760506 22.427483 0.007928
2460009.264099 22.421563 0.007885
2460009.757166 22.434175 0.007977
2460010.250233 22.416889 0.007851
2460010.753827 22.423761 0.007901
2460011.246894 22.443247 0.008044
2460011.739961 22.438925 0.008012
2460012.243555 22.415238 0.007839
2460012.736622 22.439222 0.008014
2460013.229689 22.439173 0.008014
2460013.733282 22.427483 0.007928
2460014.226350 22.431070 0.007954
2460014.719417 22.410784 0.007807
2460015.223010 22.438330 0.008008
2460015.716077 22.417423 0.007855
2460016.209144 22.424250 0.007905
2460016.712738 22.429496 0.007943
2460017.205805 22.421416 0.007884
2460017.698872 22.426600 0.007922
2460018.202466 22.426943 0.007924
2460018.695533 22.445140 0.008058
2460019.188600 22.430824 0.007953
2460019.692194 22.431612 0.007958
2460020.185261 22.428023 0.007932
2460020.678328 22.424347 0.007905
2460021.181921 22.425865 0.007916
2460021.674988 22.422100 0.007889
2460022.168056 22.432745 0.007967
2460022.671649 22.437191 0.007999
2460023.164716 22.435558 0.007987
2460023.657783 22.423418 0.007898
2460024.161377 22.428415 0.007935
2460024.654444 22.420490 0.007877
2460025.147511 22.444591 0.008054
2460025.651105 22.417034 0.007852
2460026.144172 22.440910 0.008027
2460026.637239 22.437983 0.008005
2460027.140832 22.426208 0.007919
2460027.633900 22.434472 0.007979
2460028.126967 22.428023 0.007932
2460028.630560 22.417715 0.007857
2460029.123627 22.431956 0.007961
2460029.616694 22.448586 0.008084
2460030.120288 22.430726 0.007952
2460030.613355 22.411316 0.007811
2460031.106422 22.424543 0.007907
2460031.610016 22.424886 0.007909
2460032.103083 22.432597 0.007966
2460032.596150 22.443994 0.008050
2460033.099744 22.420100 0.007874
2460033.592811 22.436449 0.007994
2460034.085878 22.423174 0.007897
2460034.589471 22.430234 0.007948
2460035.082538 22.421611 0.007885
2460035.575606 22.428219 0.007933
2460036.079199 22.416112 0.007846
2460036.572266 22.447886 0.008078
2460037.065333 22.436152 0.007992
2460037.568927 22.441158 0.008029
2460038.061994 22.439817 0.008019
2460038.555061 22.434324 0.007978
2460039.058655 22.418590 0.007863
2460039.551722 22.437934 0.008005
2460040.044789 22.442600 0.008039
2460040.548382 22.423272 0.007897
2460041.041450 22.424788 0.007908
2460041.534517 22.436300 0.007993
2460042.038110 22.425424 0.007913
2460042.531177 22.420734 0.007879
2460043.024244 22.422490 0.007892
2460043.527838 22.431710 0.007959
2460044.020905 22.427483 0.007928
2460044.513972 22.423418 0.007898
2460045.017566 22.432104 0.007962
2460045.510633 22.422393 0.007891
2460046.003700 22.434817 0.007982
2460046.507294 22.425424 0.007913
2460047.000361 22.418785 0.007865
2460047.493428 22.417666 0.007857
2460047.997021 22.437983 0.008005
2460048.490088 22.430037 0.007947
2460048.983156 22.417569 0.007856
2460049.486749 22.437537 0.008002
2460049.979816 22.415626 0.007842
2460050.472883 22.431513 0.007958
2460050.976477 22.430775 0.007952
2460051.469544 22.425424 0.007913
2460051.962611 22.422881 0.007895
2460052.466205 22.424886 0.007909
2460052.959272 22.423761 0.007901
2460053.452339 22.426894 0.007924
2460053.955932 22.440761 0.008026
2460054.449000 22.411703 0.007814
2460054.942067 22.436993 0.007998
2460055.445660 22.412186 0.007817
2460055.938727 22.423125 0.007896
2460056.431794 22.432400 0.007964
2460056.935388 22.425571 0.007914
2460057.428455 22.434719 0.007981
2460057.921522 22.423174 0.007897
2460058.425116 22.428317 0.007934
2460058.918183 22.424494 0.007906
