2458346.727899 17.935414 0.001424
2458347.220966 17.938603 0.001429
2458347.714033 17.927323 0.001424
2458348.217627 17.927094 0.001424
2458348.710694 17.928757 0.001426
2458349.203761 17.928575 0.001426
2458349.707355 17.930588 0.001428
2458350.200422 17.929455 0.001427
2458350.693489 17.931804 0.001429
2458351.197082 17.932453 0.001427
2458351.690150 17.934364 0.001427
2458352.183217 17.936668 0.001428
2458352.686810 17.937132 0.001428
2458353.179877 17.936032 0.001426
2458353.672944 17.938578 0.001428
2458354.176538 17.937870 0.001427
2458354.669605 17.937810 0.001427
2458355.162672 17.939701 0.001429
2458355.666266 17.942167 0.001433
2458356.159333 17.940541 0.001431
2458356.652400 17.938588 0.001428
2458357.155994 17.939996 0.001430
2458357.649061 17.937956 0.001427
2458358.142128 17.939283 0.001429
2458358.645721 17.939634 0.001429
2458359.138788 17.939835 0.001430
2458359.631856 17.938084 0.001427
2458360.135449 17.937147 0.001426
2458360.628516 17.939352 0.001429
2458361.121583 17.938340 0.001428
2458361.625177 17.940443 0.001430
2458362.118244 17.937091 0.001426
2458362.611311 17.938016 0.001427
2458363.114905 17.937142 0.001426
2458363.607972 17.936944 0.001426
2458364.101039 17.939327 0.001429
2458364.604632 17.939423 0.001429
2458365.097700 17.938235 0.001427
2458365.590767 17.938577 0.001428
2458366.094360 17.939887 0.001430
2458366.587427 17.936612 0.001425
2458367.080494 17.937055 0.001426
2458367.584088 17.938605 0.001428
2458368.077155 17.938111 0.001427
2458368.570222 17.940564 0.001431
2458369.073816 17.938433 0.001428
2458369.566883 17.938771 0.001428
2458370.059950 17.939498 0.001429
2458370.563544 17.938341 0.001428
2458371.056611 17.938409 0.001428
2458371.549678 17.940143 0.001430
2458372.053271 17.941461 0.001432
2458372.546338 17.940452 0.001430
2458373.039406 17.940283 0.001430
2458373.542999 17.939385 0.001429
2458374.036066 17.939591 0.001429
2458374.529133 17.939638 0.001429
2458375.032727 17.938201 0.001427
2458375.525794 17.941076 0.001431
2458376.018861 17.937030 0.001426
2458376.522455 17.938127 0.001427
2458377.015522 17.941318 0.001432
2458377.508589 17.939129 0.001429
2458378.012182 17.939910 0.001430
2458378.505250 17.937678 0.001427
2458378.998317 17.938587 0.001428
2458379.501910 17.941258 0.001431
2458379.994977 17.935809 0.001424
2458380.488044 17.940992 0.001431
2458380.991638 17.939665 0.001429
2458381.484705 17.937884 0.001427
2458381.977772 17.937801 0.001427
2458382.481366 17.938490 0.001428
2458382.974433 17.939188 0.001429
2458383.467500 17.938070 0.001427
2458383.971094 17.937217 0.001426
2458384.464161 17.939349 0.001429
2458384.957228 17.937251 0.001426
2458385.460821 17.937776 0.001427
2458385.953888 17.938379 0.001428
2458386.446956 17.939590 0.001429
2458386.950549 17.939105 0.001429
2458387.443616 17.938314 0.001428
2458387.936683 17.937486 0.001427
2458388.440277 17.938356 0.001428
2458388.933344 17.938677 0.001428
2458389.426411 17.937535 0.001427
2458389.930005 17.939823 0.001430
2458390.423072 17.938001 0.001427
2458390.916139 17.940484 0.001430
2458391.419732 17.934776 0.001423
2458391.912800 17.940212 0.001430
2458392.405867 17.941430 0.001432
2458392.909460 17.938104 0.001427
2458393.402527 17.939717 0.001429
2458393.895594 17.939103 0.001429
2458394.399188 17.937487 0.001427
2458394.892255 17.940563 0.001431
2458395.385322 17.940075 0.001430
2458395.888916 17.939448 0.001429
2458396.381983 17.939048 0.001429
2458396.875050 17.937201 0.001426
2458397.378644 17.940860 0.001431
2458397.871711 17.938980 0.001428
2458398.364778 17.937343 0.001426
2458398.868371 17.937888 0.001427
2458399.361438 17.935893 0.001424
2458399.854506 17.935601 0.001424
2458400.358099 17.939269 0.001429
2458400.851166 17.937380 0.001426
2458401.344233 17.936412 0.001425
2458401.847827 17.939056 0.001429
2458402.340894 17.938824 0.001428
2458402.833961 17.938590 0.001428
2458403.337555 17.940197 0.001430
2458403.830622 17.938680 0.001428
2458404.323689 17.938497 0.001428
2458404.827282 17.937223 0.001426
2458405.320350 17.937082 0.001426
2458405.813417 17.939565 0.001429
2458406.317010 17.940437 0.001430
2458406.810077 17.936731 0.001426
2458407.303144 17.940315 0.001430
2458407.806738 17.938179 0.001427
2458408.299805 17.938576 0.001428
2458408.792872 17.937644 0.001427
2458409.296466 17.938468 0.001428
2458409.789533 17.942465 0.001433
2458410.282600 17.938624 0.001428
2458410.786194 17.938343 0.001428
2458411.279261 17.938945 0.001428
2458411.772328 17.942174 0.001433
2458412.275921 17.935883 0.001424
2458412.768988 17.938868 0.001428
2458413.262056 17.938742 0.001428
2458413.765649 17.941761 0.001432
2458414.258716 17.938648 0.001428
2458414.751783 17.938366 0.001428
2458415.255377 17.937423 0.001426
2458415.748444 17.940069 0.001430
2458416.241511 17.937855 0.001427
2458416.745105 17.937629 0.001427
2458417.238172 17.939799 0.001430
2458417.731239 17.938903 0.001428
2458418.234832 17.937326 0.001426
2458526.481367 17.939011 0.001429
2458526.984960 17.941596 0.001432
2458527.478027 17.940424 0.001430
2458527.971094 17.939691 0.001429
2458528.474688 17.938844 0.001428
2458528.967755 17.936793 0.001426
2458529.460822 17.937907 0.001427
2458529.964416 17.939873 0.001430
2458530.457483 17.938579 0.001428
2458530.950550 17.940737 0.001431
2458531.454144 17.937238 0.001426
2458531.947211 17.938934 0.001428
2458532.440278 17.939290 0.001429
2458532.943871 17.940064 0.001430
2458533.436938 17.938533 0.001428
2458533.930006 17.937668 0.001427
2458534.433599 17.941005 0.001431
2458534.926666 17.936668 0.001425
2458535.419733 17.940786 0.001431
2458535.923327 17.938771 0.001428
2458536.416394 17.940195 0.001430
2458536.909461 17.937115 0.001426
2458537.413055 17.939490 0.001429
2458537.906122 17.936387 0.001425
2458538.399189 17.937520 0.001427
2458538.902782 17.940234 0.001430
2458539.395850 17.938968 0.001428
2458539.888917 17.940210 0.001430
2458540.392510 17.938194 0.001427
2458540.885577 17.938461 0.001428
2458541.378644 17.936345 0.001425
2458541.882238 17.939082 0.001429
2458542.375305 17.939070 0.001429
2458542.868372 17.938378 0.001428
2458543.371966 17.937798 0.001427
2458543.865033 17.938766 0.001428
2458544.358100 17.939693 0.001429
2458544.861694 17.938322 0.001428
2458545.354761 17.939984 0.001430
2458545.847828 17.939895 0.001430
2458546.351421 17.936272 0.001425
2458546.844488 17.938458 0.001428
2458547.337556 17.938790 0.001428
2458547.841149 17.939396 0.001429
2458548.334216 17.937858 0.001427
2458548.827283 17.937751 0.001427
2458549.330877 17.938749 0.001428
2458549.823944 17.937400 0.001426
2458550.317011 17.937901 0.001427
2458550.820605 17.938338 0.001428
2458551.313672 17.940837 0.001431
2458551.806739 17.938912 0.001428
2458552.310332 17.937185 0.001426
2458552.803400 17.936687 0.001425
2458553.296467 17.939304 0.001429
2458553.800060 17.938971 0.001428
2458554.293127 17.938469 0.001428
2458554.786194 17.938504 0.001428
2458555.289788 17.937413 0.001426
2458555.782855 17.940611 0.001431
2458556.275922 17.938927 0.001428
2458556.779516 17.938533 0.001428
2458557.272583 17.939333 0.001429
2458557.765650 17.937518 0.001427
2458558.269244 17.939624 0.001429
2458558.762311 17.939319 0.001429
2458559.255378 17.937940 0.001427
2458559.758971 17.936960 0.001426
2458560.252038 17.937168 0.001426
2458560.745106 17.939672 0.001429
2458561.248699 17.937798 0.001427
2458561.741766 17.934105 0.001422
2458562.234833 17.939672 0.001429
2458562.738427 17.937806 0.001427
2458563.231494 17.937481 0.001426
2458563.724561 17.938002 0.001427
2458564.228155 17.939686 0.001429
2458564.721222 17.939539 0.001429
2458565.214289 17.939344 0.001429
2458565.717882 17.941368 0.001432
2458566.210950 17.938982 0.001428
2458566.704017 17.938146 0.001427
2458567.207610 17.940282 0.001430
2458567.700677 17.937607 0.001427
2458568.193744 17.938901 0.001428
2458568.697338 17.939018 0.001429
2458569.190405 17.939226 0.001429
2458569.683472 17.938748 0.001428
2458570.187066 17.938340 0.001428
2458570.680133 17.939542 0.001429
2458571.173200 17.939610 0.001429
2458571.676794 17.936407 0.001425
2458572.169861 17.935396 0.001424
2458572.662928 17.941516 0.001432
2458573.166521 17.938546 0.001428
2458573.659588 17.938507 0.001428
2458574.152656 17.940855 0.001431
2458574.656249 17.937595 0.001427
2458575.149316 17.939577 0.001429
2458575.642383 17.939837 0.001430
2458576.145977 17.938601 0.001428
2458576.639044 17.937385 0.001426
2458577.132111 17.936117 0.001425
2458577.635705 17.939402 0.001429
2458578.128772 17.938194 0.001427
2458578.621839 17.938628 0.001428
2458579.125432 17.941653 0.001432
2458579.618500 17.937043 0.001426
2458580.111567 17.937991 0.001427
2458580.615160 17.937648 0.001427
2458581.108227 17.937767 0.001427
2458581.601294 17.941483 0.001432
2458582.104888 17.941107 0.001431
2458582.597955 17.940547 0.001431
2458583.091022 17.938318 0.001428
2458583.594616 17.937748 0.001427
2458584.087683 17.942150 0.001433
2458584.580750 17.936946 0.001426
2458585.084344 17.937829 0.001427
2458585.577411 17.939366 0.001429
2458586.070478 17.937307 0.001426
2458586.574071 17.942281 0.001433
2458587.067138 17.935113 0.001423
2458587.560206 17.938325 0.001428
2458588.063799 17.937382 0.001426
2458588.556866 17.939858 0.001430
2458589.049933 17.939074 0.001429
2458589.553527 17.937915 0.001427
2458590.046594 17.940085 0.001430
2458590.539661 17.940413 0.001430
2458591.043255 17.940877 0.001431
2458591.536322 17.936745 0.001426
2458592.029389 17.936273 0.001425
2458592.532982 17.938668 0.001428
2458593.026050 17.937278 0.001426
2458593.519117 17.939831 0.001430
2458594.022710 17.939907 0.001430
2458594.515777 17.939098 0.001429
2458595.008844 17.937742 0.001427
2458595.512438 17.940840 0.001431
2458596.005505 17.939784 0.001430
2458596.498572 17.939797 0.001430
2458597.002166 17.939579 0.001429
2458597.495233 17.940443 0.001430
2458597.988300 17.938657 0.001428
2458712.204272 17.939723 0.001429
2458712.697339 17.935608 0.001424
2458713.200932 17.937674 0.001427
2458713.694000 17.936627 0.001425
2458714.187067 17.937737 0.001427
2458714.690660 17.937695 0.001427
2458715.183727 17.938190 0.001427
2458715.676794 17.936754 0.001426
2458716.180388 17.939587 0.001429
2458716.673455 17.938025 0.001427
2458717.166522 17.940162 0.001430
2458717.670116 17.935425 0.001424
2458718.163183 17.939601 0.001429
2458718.656250 17.939310 0.001429
2458719.159844 17.938746 0.001428
2458719.652911 17.941368 0.001432
2458720.145978 17.940175 0.001430
2458720.649571 17.940256 0.001430
2458721.142638 17.938187 0.001427
2458721.635706 17.938205 0.001427
2458722.139299 17.939516 0.001429
2458722.632366 17.938771 0.001428
2458723.125433 17.937979 0.001427
2458723.629027 17.939910 0.001430
2458724.122094 17.936798 0.001426
2458724.615161 17.938452 0.001428
2458725.118755 17.938691 0.001428
2458725.611822 17.937422 0.001426
2458726.104889 17.940146 0.001430
2458726.608482 17.936899 0.001426
2458727.101550 17.936967 0.001426
2458727.594617 17.936033 0.001425
2458728.098210 17.938435 0.001428
2458728.591277 17.937201 0.001426
2458729.084344 17.937674 0.001427
2458729.587938 17.938297 0.001428
2458730.081005 17.938436 0.001428
2458730.574072 17.936396 0.001425
2458731.077666 17.938599 0.001428
2458731.570733 17.938767 0.001428
2458732.063800 17.938040 0.001427
2458732.567394 17.940706 0.001431
2458733.060461 17.939214 0.001429
2458733.553528 17.939260 0.001429
2458734.057121 17.938488 0.001428
2458734.550188 17.941221 0.001431
2458735.043256 17.938627 0.001428
2458735.546849 17.938828 0.001428
2458736.039916 17.936649 0.001425
2458736.532983 17.937336 0.001426
2458737.036577 17.940232 0.001430
2458737.529644 17.936738 0.001426
2458738.022711 17.939009 0.001429
2458738.526305 17.939357 0.001429
2458739.019372 17.938581 0.001428
2458739.512439 17.939354 0.001429
2458740.016032 17.940236 0.001430
2458740.509100 17.939186 0.001429
2458741.002167 17.938106 0.001427
2458741.505760 17.940151 0.001430
2458741.998827 17.939220 0.001429
2458742.491894 17.940741 0.001431
2458742.995488 17.937622 0.001427
2458743.488555 17.939918 0.001430
2458743.981622 17.936725 0.001426
2458744.485216 17.941844 0.001432
2458744.978283 17.938998 0.001428
2458745.471350 17.940152 0.001430
2458745.974944 17.941367 0.001432
2458746.468011 17.939930 0.001430
2458746.961078 17.937770 0.001427
2458747.464671 17.935250 0.001424
2458747.957738 17.939774 0.001430
2458748.450806 17.931426 0.001425
2458748.954399 17.928423 0.001425
2458749.447466 17.929957 0.001427
2458749.940533 17.928551 0.001426
2458750.444127 17.930279 0.001428
2458750.937194 17.928656 0.001426
2458751.430261 17.929216 0.001426
2458751.933855 17.931592 0.001426
2458752.426922 17.933521 0.001426
2458752.919989 17.936353 0.001428
2458753.423582 17.937938 0.001429
2458753.916650 17.933317 0.001422
2458754.409717 17.937019 0.001426
2458754.913310 17.938685 0.001428
2458755.406377 17.940004 0.001430
2458755.899444 17.937462 0.001426
2458756.403038 17.938693 0.001428
2458756.896105 17.939315 0.001429
2458757.389172 17.940272 0.001430
2458757.892766 17.939443 0.001429
2458758.385833 17.937105 0.001426
2458758.878900 17.939725 0.001429
2458759.382494 17.937515 0.001427
2458759.875561 17.938369 0.001428
2458760.368628 17.937059 0.001426
2458760.872221 17.938322 0.001428
2458761.365288 17.940316 0.001430
2458761.858356 17.938927 0.001428
2458762.361949 17.940767 0.001431
2458762.855016 17.937246 0.001426
2458763.348083 17.937375 0.001426
2458763.851677 17.938390 0.001428
2458764.344744 17.937659 0.001427
2458764.837811 17.938381 0.001428
2458765.341405 17.938747 0.001428
2458765.834472 17.940999 0.001431
2458766.327539 17.938714 0.001428
2458766.831132 17.939204 0.001429
2458767.324200 17.937414 0.001426
2458767.817267 17.940095 0.001430
2458768.320860 17.939521 0.001429
2458768.813927 17.938212 0.001427
2458769.306994 17.937866 0.001427
2458769.810588 17.938884 0.001428
2458770.303655 17.939966 0.001430
2458770.796722 17.938677 0.001428
2458771.300316 17.939617 0.001429
2458771.793383 17.937933 0.001427
2458772.286450 17.939919 0.001430
2458772.790044 17.936008 0.001425
2458773.283111 17.938651 0.001428
2458773.776178 17.937919 0.001427
2458774.279771 17.938106 0.001427
2458774.772838 17.937161 0.001426
2458775.265906 17.938409 0.001428
2458775.769499 17.938077 0.001427
2458776.262566 17.936659 0.001425
2458776.755633 17.938444 0.001428
2458777.259227 17.938257 0.001428
2458777.752294 17.937866 0.001427
2458778.245361 17.941052 0.001431
2458778.748955 17.939692 0.001429
2458779.242022 17.939389 0.001429
2458779.735089 17.938103 0.001427
2458780.238682 17.937757 0.001427
2458780.731750 17.937970 0.001427
2458781.224817 17.938824 0.001428
2458781.728410 17.939963 0.001430
2458782.221477 17.938125 0.001427
2458782.714544 17.936639 0.001425
2458783.218138 17.939694 0.001429
2458783.711205 17.938146 0.001427
2459622.427944 17.939847 0.001430
2459622.921011 17.939498 0.001429
2459623.424605 17.936919 0.001426
2459623.917672 17.938221 0.001427
2459624.410739 17.939070 0.001429
2459624.914332 17.937237 0.001426
2459625.407400 17.938503 0.001428
2459625.900467 17.938942 0.001428
2459626.404060 17.938937 0.001428
2459626.897127 17.938571 0.001428
2459627.390194 17.937531 0.001427
2459627.893788 17.938861 0.001428
2459628.386855 17.938197 0.001427
2459628.879922 17.939864 0.001430
2459629.383516 17.937749 0.001427
2459629.876583 17.938090 0.001427
2459630.369650 17.938084 0.001427
2459630.873244 17.938568 0.001428
2459631.366311 17.937551 0.001427
2459631.859378 17.937235 0.001426
2459632.362971 17.939114 0.001429
2459632.856038 17.937693 0.001427
2459633.349106 17.938225 0.001427
2459633.852699 17.939189 0.001429
2459634.345766 17.940628 0.001431
2459634.838833 17.937323 0.001426
2459635.342427 17.938831 0.001428
2459635.835494 17.940726 0.001431
2459636.328561 17.939168 0.001429
2459636.832155 17.936485 0.001425
2459637.325222 17.939663 0.001429
2459637.818289 17.940836 0.001431
2459638.321882 17.937903 0.001427
2459638.814950 17.937585 0.001427
2459639.308017 17.938741 0.001428
2459639.811610 17.937956 0.001427
2459640.304677 17.936364 0.001425
2459640.797744 17.937249 0.001426
2459641.301338 17.936998 0.001426
2459641.794405 17.937835 0.001427
2459642.287472 17.938771 0.001428
2459642.791066 17.938804 0.001428
2459643.284133 17.937242 0.001426
2459643.777200 17.939283 0.001429
2459644.280794 17.939565 0.001429
2459644.773861 17.936429 0.001425
2459645.266928 17.937101 0.001426
2459645.770521 17.938836 0.001428
2459646.263588 17.940565 0.001431
2459646.756656 17.937638 0.001427
2459647.260249 17.939514 0.001429
2459647.753316 17.942682 0.001433
2459648.246383 17.937930 0.001427
2459648.749977 17.940264 0.001430
2459649.243044 17.938776 0.001428
2459649.736111 17.939104 0.001429
2459650.239705 17.938309 0.001428
2459650.732772 17.936496 0.001425
2459651.225839 17.938302 0.001428
2459651.729432 17.938886 0.001428
2459652.222500 17.936959 0.001426
2459652.715567 17.939250 0.001429
2459653.219160 17.939606 0.001429
2459653.712227 17.938338 0.001428
2459654.205294 17.939422 0.001429
2459654.708888 17.940663 0.001431
2459655.201955 17.938831 0.001428
2459655.695022 17.937953 0.001427
2459656.198616 17.939007 0.001429
2459656.691683 17.936999 0.001426
2459657.184750 17.942458 0.001433
2459657.688344 17.939356 0.001429
2459658.181411 17.938956 0.001428
2459658.674478 17.938162 0.001427
2459659.178071 17.939691 0.001429
2459659.671138 17.939340 0.001429
2459660.164206 17.937115 0.001426
2459660.667799 17.940278 0.001430
2459661.160866 17.939011 0.001429
2459661.653933 17.940259 0.001430
2459662.157527 17.937004 0.001426
2459662.650594 17.939997 0.001430
2459663.143661 17.935837 0.001424
2459663.647255 17.936730 0.001426
2459664.140322 17.937310 0.001426
2459664.633389 17.938863 0.001428
2459665.136982 17.939701 0.001429
2459665.630050 17.939024 0.001429
2459666.123117 17.938451 0.001428
2459666.626710 17.936353 0.001425
2459667.119777 17.939436 0.001429
2459667.612844 17.940674 0.001431
2459668.116438 17.937358 0.001426
2459668.609505 17.937035 0.001426
2459669.102572 17.938533 0.001428
2459669.606166 17.940167 0.001430
2459670.099233 17.938077 0.001427
2459670.592300 17.937102 0.001426
2459671.095894 17.939032 0.001429
2459671.588961 17.938412 0.001428
2459672.082028 17.938880 0.001428
2459672.585621 17.940530 0.001431
2459673.078688 17.937407 0.001426
2459673.571756 17.938365 0.001428
2459674.075349 17.939528 0.001429
2459674.568416 17.936125 0.001425
2459675.061483 17.938167 0.001427
2459675.565077 17.940739 0.001431
2459676.058144 17.936005 0.001425
2459676.551211 17.939267 0.001429
2459677.054805 17.937880 0.001427
2459677.547872 17.938893 0.001428
2459678.040939 17.939338 0.001429
2459678.544532 17.938949 0.001428
2459679.037600 17.938308 0.001428
2459679.530667 17.938977 0.001428
2459680.034260 17.940798 0.001431
2459680.527327 17.939269 0.001429
2459681.020394 17.937422 0.001426
2459681.523988 17.938789 0.001428
2459682.017055 17.937326 0.001426
2459682.510122 17.937026 0.001426
2459683.013716 17.939033 0.001429
2459683.506783 17.941439 0.001433
2459683.999850 17.928837 0.001426
2459684.503444 17.930354 0.001428
2459684.996511 17.928680 0.001426
2459685.489578 17.925100 0.001421
2459685.993171 17.928100 0.001425
2459686.486238 17.930436 0.001428
2459686.979306 17.930887 0.001428
2459687.482899 17.932312 0.001426
2459687.975966 17.932244 0.001424
2459688.469033 17.935883 0.001427
2459688.972627 17.936553 0.001427
2459689.465694 17.936609 0.001426
2459689.958761 17.939068 0.001429
2459690.462355 17.938118 0.001427
2459690.955422 17.937909 0.001427
2459691.448489 17.940497 0.001430
2459691.952082 17.940969 0.001431
2459692.445150 17.937505 0.001427
2459692.938217 17.937467 0.001426
2459693.441810 17.938288 0.001428
2459693.934877 17.938820 0.001428
2459807.647256 17.937568 0.001427
2459808.150849 17.938786 0.001428
2459808.643916 17.937473 0.001426
2459809.136983 17.938672 0.001428
2459809.640577 17.939385 0.001429
2459810.133644 17.936452 0.001425
2459810.626711 17.938368 0.001428
2459811.130305 17.937849 0.001427
2459811.623372 17.940024 0.001430
2459812.116439 17.938128 0.001427
2459812.620032 17.938531 0.001428
2459813.113100 17.937905 0.001427
2459813.606167 17.937977 0.001427
2459814.109760 17.939432 0.001429
2459814.602827 17.938585 0.001428
2459815.095894 17.938182 0.001427
2459815.599488 17.938418 0.001428
2459816.092555 17.938549 0.001428
2459816.585622 17.938540 0.001428
2459817.089216 17.936896 0.001427
2459817.582283 17.926882 0.001423
2459818.075350 17.928185 0.001425
2459818.578944 17.930517 0.001428
2459819.072011 17.927288 0.001424
2459819.565078 17.928175 0.001425
2459820.068671 17.926907 0.001423
2459820.561738 17.931195 0.001428
2459821.054806 17.933851 0.001428
2459821.558399 17.936018 0.001429
2459822.051466 17.935637 0.001427
2459822.544533 17.936989 0.001428
2459823.048127 17.935881 0.001425
2459823.541194 17.939331 0.001429
2459824.034261 17.938179 0.001427
2459824.537855 17.937266 0.001426
2459825.030922 17.938782 0.001428
2459825.523989 17.940473 0.001430
2459826.027582 17.938451 0.001428
2459826.520650 17.940200 0.001430
2459827.013717 17.940405 0.001430
2459827.517310 17.939528 0.001429
2459828.010377 17.938448 0.001428
2459828.503444 17.937390 0.001426
2459829.007038 17.935808 0.001424
2459829.500105 17.937304 0.001426
2459829.993172 17.940600 0.001431
2459830.496766 17.940265 0.001430
2459830.989833 17.938814 0.001428
2459831.482900 17.937960 0.001427
2459831.986494 17.938621 0.001428
2459832.479561 17.941438 0.001432
2459832.972628 17.940166 0.001430
2459833.476221 17.940165 0.001430
2459833.969288 17.937043 0.001426
2459834.462356 17.936670 0.001425
2459834.965949 17.939536 0.001429
2459835.459016 17.938396 0.001428
2459835.952083 17.937749 0.001427
2459836.455677 17.937760 0.001427
2459836.948744 17.939542 0.001429
2459837.441811 17.938455 0.001428
2459837.945405 17.936965 0.001426
2459838.438472 17.938771 0.001428
2459838.931539 17.940449 0.001430
2459839.435132 17.940844 0.001431
2459839.928200 17.939959 0.001430
2459840.421267 17.938635 0.001428
2459840.924860 17.938820 0.001428
2459841.417927 17.937233 0.001426
2459841.910994 17.941254 0.001431
2459842.414588 17.940730 0.001431
2459842.907655 17.938524 0.001428
2459843.400722 17.937007 0.001426
2459843.904316 17.940179 0.001430
2459844.397383 17.938549 0.001428
2459844.890450 17.937653 0.001427
2459845.394044 17.939081 0.001429
2459845.887111 17.938010 0.001427
2459846.380178 17.939740 0.001429
2459846.883771 17.942528 0.001433
2459847.376838 17.938209 0.001427
2459847.869906 17.941298 0.001432
2459848.373499 17.938804 0.001428
2459848.866566 17.938593 0.001428
2459849.359633 17.940828 0.001431
2459849.863227 17.937904 0.001427
2459850.356294 17.939207 0.001429
2459850.849361 17.939559 0.001429
2459851.352955 17.940344 0.001430
2459851.846022 17.939456 0.001429
2459852.339089 17.936248 0.001425
2459852.842682 17.937457 0.001426
2459853.335750 17.939266 0.001429
2459853.828817 17.938526 0.001428
2459854.332410 17.939363 0.001429
2459854.825477 17.940693 0.001431
2459855.318544 17.937100 0.001426
2459855.822138 17.937667 0.001427
2459856.315205 17.938216 0.001427
2459856.808272 17.938918 0.001428
2459857.311866 17.939055 0.001429
2459857.804933 17.938977 0.001428
2459858.298000 17.938426 0.001428
2459858.801594 17.939964 0.001430
2459859.294661 17.940049 0.001430
2459859.787728 17.936949 0.001426
2459860.291321 17.939226 0.001429
2459860.784388 17.939498 0.001429
2459861.277456 17.936244 0.001425
2459861.781049 17.938259 0.001428
2459862.274116 17.937466 0.001426
2459862.767183 17.938632 0.001428
2459863.270777 17.938298 0.001428
2459863.763844 17.942168 0.001433
2459864.256911 17.938926 0.001428
2459864.760505 17.937600 0.001427
2459865.253572 17.938021 0.001427
2459865.746639 17.939688 0.001429
2459866.250232 17.937062 0.001426
2459866.743300 17.937918 0.001427
2459867.236367 17.938087 0.001427
2459867.739960 17.940229 0.001430
2459868.233027 17.940477 0.001430
2459868.726094 17.939065 0.001429
2459869.229688 17.935603 0.001424
2459869.722755 17.939123 0.001429
2459870.215822 17.938050 0.001427
2459870.719416 17.940632 0.001431
2459871.212483 17.938310 0.001428
2459871.705550 17.937351 0.001426
2459872.209144 17.937223 0.001426
2459872.702211 17.936699 0.001425
2459873.195278 17.937668 0.001427
2459873.698871 17.938372 0.001428
2459874.191938 17.939173 0.001429
2459874.685006 17.938573 0.001428
2459875.188599 17.941814 0.001432
2459875.681666 17.938054 0.001427
2459876.174733 17.937513 0.001427
2459876.678327 17.938794 0.001428
2459877.171394 17.939520 0.001429
2459877.664461 17.938647 0.001428
2459878.168055 17.939663 0.001429
2459878.661122 17.937513 0.001427
2459879.154189 17.936671 0.001425
2459987.411250 17.939221 0.001429
2459987.904317 17.939467 0.001429
2459988.407910 17.939022 0.001429
2459988.900977 17.938754 0.001428
2459989.394044 17.939177 0.001429
2459989.897638 17.939210 0.001429
2459990.390705 17.939650 0.001429
2459990.883772 17.940936 0.001431
2459991.387366 17.940851 0.001431
2459991.880433 17.939104 0.001429
2459992.373500 17.938314 0.001428
2459992.877094 17.936893 0.001426
2459993.370161 17.939999 0.001430
2459993.863228 17.936602 0.001425
2459994.366821 17.937280 0.001426
2459994.859888 17.938684 0.001428
2459995.352956 17.941967 0.001432
2459995.856549 17.940097 0.001430
2459996.349616 17.938711 0.001428
2459996.842683 17.939070 0.001429
2459997.346277 17.938736 0.001428
2459997.839344 17.939624 0.001429
2459998.332411 17.937320 0.001426
2459998.836005 17.937795 0.001427
2459999.329072 17.936317 0.001425
2459999.822139 17.941665 0.001432
2460000.325732 17.937036 0.001426
2460000.818800 17.939914 0.001430
2460001.311867 17.938369 0.001428
2460001.815460 17.938310 0.001428
2460002.308527 17.937542 0.001427
2460002.801594 17.940446 0.001430
2460003.305188 17.937659 0.001427
2460003.798255 17.939609 0.001429
2460004.291322 17.938368 0.001428
2460004.794916 17.937594 0.001427
2460005.287983 17.938752 0.001428
2460005.781050 17.937272 0.001426
2460006.284644 17.938979 0.001428
2460006.777711 17.937941 0.001427
2460007.270778 17.939580 0.001429
2460007.774371 17.938912 0.001428
2460008.267438 17.938296 0.001428
2460008.760506 17.938474 0.001428
2460009.264099 17.937084 0.001426
2460009.757166 17.940547 0.001431
2460010.250233 17.941108 0.001431
2460010.753827 17.940379 0.001430
2460011.246894 17.937898 0.001427
2460011.739961 17.937150 0.001426
2460012.243555 17.938834 0.001428
2460012.736622 17.940468 0.001430
2460013.229689 17.937937 0.001427
2460013.733282 17.936519 0.001425
2460014.226350 17.939211 0.001429
2460014.719417 17.938331 0.001428
2460015.223010 17.939130 0.001429
2460015.716077 17.939367 0.001429
2460016.209144 17.939085 0.001429
2460016.712738 17.940898 0.001431
2460017.205805 17.939691 0.001429
2460017.698872 17.939043 0.001429
2460018.202466 17.942393 0.001433
2460018.695533 17.938713 0.001428
2460019.188600 17.937080 0.001426
2460019.692194 17.938077 0.001427
2460020.185261 17.938961 0.001428
2460020.678328 17.937373 0.001426
2460021.181921 17.940876 0.001431
2460021.674988 17.938375 0.001428
2460022.168056 17.940023 0.001430
2460022.671649 17.939266 0.001429
2460023.164716 17.935554 0.001424
2460023.657783 17.938571 0.001428
2460024.161377 17.940044 0.001430
2460024.654444 17.939481 0.001429
2460025.147511 17.937096 0.001426
2460025.651105 17.936569 0.001425
2460026.144172 17.941268 0.001431
2460026.637239 17.939111 0.001429
2460027.140832 17.937979 0.001427
2460027.633900 17.940391 0.001430
2460028.126967 17.938581 0.001428
2460028.630560 17.941786 0.001432
2460029.123627 17.937660 0.001427
2460029.616694 17.938570 0.001428
2460030.120288 17.939725 0.001429
2460030.613355 17.937810 0.001427
2460031.106422 17.938669 0.001428
2460031.610016 17.939949 0.001430
2460032.103083 17.937404 0.001426
2460032.596150 17.938956 0.001428
2460033.099744 17.940406 0.001430
2460033.592811 17.936031 0.001425
2460034.085878 17.936467 0.001425
2460034.589471 17.937210 0.001426
2460035.082538 17.939490 0.001429
2460035.575606 17.939142 0.001429
2460036.079199 17.939501 0.001429
2460036.572266 17.937925 0.001427
2460037.065333 17.938394 0.001428
2460037.568927 17.940361 0.001430
2460038.061994 17.940249 0.001430
2460038.555061 17.939672 0.001429
2460039.058655 17.939132 0.001429
2460039.551722 17.936789 0.001426
2460040.044789 17.937723 0.001427
2460040.548382 17.934997 0.001423
2460041.041450 17.939971 0.001430
2460041.534517 17.937059 0.001426
2460042.038110 17.939836 0.001430
2460042.531177 17.938262 0.001428
2460043.024244 17.938912 0.001428
2460043.527838 17.938942 0.001428
2460044.020905 17.937310 0.001426
2460044.513972 17.939607 0.001429
2460045.017566 17.938212 0.001427
2460045.510633 17.938139 0.001427
2460046.003700 17.940356 0.001430
2460046.507294 17.939324 0.001429
2460047.000361 17.938534 0.001428
2460047.493428 17.941956 0.001432
2460047.997021 17.936680 0.001425
2460048.490088 17.938589 0.001428
2460048.983156 17.937684 0.001427
2460049.486749 17.939300 0.001429
2460049.979816 17.938703 0.001428
2460050.472883 17.936138 0.001425
2460050.976477 17.938063 0.001427
2460051.469544 17.940429 0.001430
2460051.962611 17.940861 0.001431
2460052.466205 17.939900 0.001430
2460052.959272 17.938795 0.001428
2460053.452339 17.940043 0.001430
2460053.955932 17.938850 0.001428
2460054.449000 17.935006 0.001423
2460054.942067 17.939650 0.001429
2460055.445660 17.939900 0.001430
2460055.938727 17.935497 0.001424
2460056.431794 17.939043 0.001429
2460056.935388 17.938200 0.001427
2460057.428455 17.938282 0.001428
2460057.921522 17.935629 0.001424
2460058.425116 17.940000 0.001430
2460058.918183 17.937644 0.001427
