2458346.727899 21.067344 0.004265
2458347.220966 21.064931 0.004256
2458347.714033 21.064618 0.004255
2458348.217627 21.066270 0.004261
2458348.710694 21.061840 0.004244
2458349.203761 21.059173 0.004233
2458349.707355 21.056291 0.004222
2458350.200422 21.067001 0.004264
2458350.693489 21.065556 0.004258
2458351.197082 21.061707 0.004243
2458351.690150 21.059114 0.004233
2458352.183217 21.067866 0.004267
2458352.686810 21.073055 0.004288
2458353.179877 21.064499 0.004254
2458353.672944 21.066107 0.004261
2458354.176538 21.064350 0.004254
2458354.669605 21.059040 0.004233
2458355.162672 21.065377 0.004258
2458355.666266 21.064336 0.004254
2458356.159333 21.057118 0.004225
2458356.652400 21.060373 0.004238
2458357.155994 21.058226 0.004230
2458357.649061 21.064425 0.004254
2458358.142128 21.063726 0.004251
2458358.645721 21.066419 0.004262
2458359.138788 21.063607 0.004251
2458359.631856 21.073399 0.004289
2458360.135449 21.059454 0.004235
2458360.628516 21.067895 0.004268
2458361.121583 21.062790 0.004248
2458361.625177 21.064767 0.004256
2458362.118244 21.059987 0.004237
2458362.611311 21.068119 0.004269
2458363.114905 21.068313 0.004269
2458363.607972 21.063295 0.004250
2458364.101039 21.072590 0.004286
2458364.604632 21.073459 0.004290
2458365.097700 21.066464 0.004262
2458365.590767 21.069194 0.004273
2458366.094360 21.070838 0.004280
2458366.587427 21.069747 0.004275
2458367.080494 21.065050 0.004257
2458367.584088 21.073909 0.004292
2458368.077155 21.068925 0.004272
2458368.570222 21.062597 0.004247
2458369.073816 21.065541 0.004259
2458369.566883 21.062627 0.004247
2458370.059950 21.065109 0.004257
2458370.563544 21.063726 0.004252
2458371.056611 21.062330 0.004246
2458371.549678 21.061855 0.004244
2458372.053271 21.067508 0.004267
2458372.546338 21.068074 0.004269
2458373.039406 21.057665 0.004228
2458373.542999 21.063266 0.004250
2458374.036066 21.065154 0.004257
2458374.529133 21.067791 0.004268
2458375.032727 21.063845 0.004252
2458375.525794 21.067851 0.004268
2458376.018861 21.073939 0.004292
2458376.522455 21.065660 0.004260
2458377.015522 21.055863 0.004221
2458377.508589 21.067806 0.004268
2458378.012182 21.065824 0.004260
2458378.505250 21.064187 0.004254
2458378.998317 21.063028 0.004249
2458379.501910 21.063578 0.004252
2458379.994977 21.063399 0.004251
2458380.488044 21.056985 0.004226
2458380.991638 21.065288 0.004258
2458381.484705 21.064202 0.004254
2458381.977772 21.072755 0.004288
2458382.481366 21.065556 0.004259
2458382.974433 21.067478 0.004267
2458383.467500 21.063206 0.004250
2458383.971094 21.061870 0.004245
2458384.464161 21.067418 0.004267
2458384.957228 21.063890 0.004253
2458385.460821 21.059825 0.004237
2458385.953888 21.060758 0.004241
2458386.446956 21.053461 0.004213
2458386.950549 21.058803 0.004233
2458387.443616 21.069612 0.004276
2458387.936683 21.061128 0.004242
2458388.440277 21.065020 0.004258
2458388.933344 21.063370 0.004251
2458389.426411 21.072605 0.004288
2458389.930005 21.066777 0.004265
2458390.423072 21.061915 0.004246
2458390.916139 21.059973 0.004238
2458391.419732 21.062256 0.004247
2458391.912800 21.074330 0.004295
2458392.405867 21.065705 0.004261
2458392.909460 21.070240 0.004279
2458393.402527 21.066017 0.004262
2458393.895594 21.068597 0.004272
2458394.399188 21.063622 0.004253
2458394.892255 21.062968 0.004250
2458395.385322 21.066405 0.004264
2458395.888916 21.057901 0.004230
2458396.381983 21.066449 0.004264
2458396.875050 21.060002 0.004239
2458397.378644 21.059173 0.004236
2458397.871711 21.055524 0.004221
2458398.364778 21.065585 0.004261
2458398.868371 21.064945 0.004258
2458399.361438 21.069837 0.004278
2458399.854506 21.065541 0.004261
2458400.358099 21.071781 0.004285
2458400.851166 21.058774 0.004234
2458401.344233 21.061840 0.004246
2458401.847827 21.066136 0.004263
2458402.340894 21.058729 0.004234
2458402.833961 21.061618 0.004246
2458403.337555 21.064157 0.004256
2458403.830622 21.068030 0.004271
2458404.323689 21.069538 0.004277
2458404.827282 21.074360 0.004296
2458405.320350 21.063013 0.004251
2458405.813417 21.073804 0.004294
2458406.317010 21.063667 0.004254
2458406.810077 21.062345 0.004249
2458407.303144 21.065377 0.004261
2458407.806738 21.060298 0.004241
2458408.299805 21.070031 0.004279
2458408.792872 21.061662 0.004247
2458409.296466 21.052740 0.004212
2458409.789533 21.067403 0.004269
2458410.282600 21.067925 0.004271
2458410.786194 21.060669 0.004243
2458411.279261 21.060002 0.004240
2458411.772328 21.065690 0.004263
2458412.275921 21.058419 0.004234
2458412.768988 21.064574 0.004258
2458413.262056 21.061633 0.004247
2458413.765649 21.073040 0.004292
2458414.258716 21.066717 0.004267
2458414.751783 21.065124 0.004261
2458415.255377 21.061306 0.004246
2458415.748444 21.068358 0.004274
2458416.241511 21.059825 0.004240
2458416.745105 21.065079 0.004261
2458417.238172 21.060195 0.004242
2458417.731239 21.062568 0.004251
2458418.234832 21.056704 0.004229
2458526.481367 20.746164 0.003699
2458526.984960 20.740113 0.003693
2458527.478027 20.730110 0.003674
2458527.971094 20.718899 0.003651
2458528.474688 20.716965 0.003659
2458528.967755 20.711042 0.003654
2458529.460822 20.695040 0.003615
2458529.964416 20.683000 0.003590
2458530.457483 20.679656 0.003593
2458530.950550 20.665064 0.003559
2458531.454144 20.665105 0.003573
2458531.947211 20.651855 0.003543
2458532.440278 20.644223 0.003531
2458532.943871 20.643941 0.003542
2458533.436938 20.633001 0.003519
2458533.930006 20.624142 0.003501
2458534.433599 20.621251 0.003502
2458534.926666 20.617964 0.003501
2458535.419733 20.612556 0.003492
2458535.923327 20.612409 0.003499
2458536.416394 20.605166 0.003482
2458536.909461 20.594705 0.003453
2458537.413055 20.601703 0.003478
2458537.906122 20.601179 0.003476
2458538.399189 20.607965 0.003491
2458538.902782 20.612860 0.003489
2458539.395850 20.381548 0.003152
2458539.888917 20.610292 0.003480
2458540.392510 20.607721 0.003485
2458540.885577 20.608884 0.003495
2458541.378644 20.602927 0.003476
2458541.882238 20.602082 0.003470
2458542.375305 20.604202 0.003471
2458542.868372 20.608708 0.003479
2458543.371966 20.615365 0.003492
2458543.865033 20.623726 0.003509
2458544.358100 20.626196 0.003507
2458544.861694 20.637468 0.003532
2458545.354761 20.632961 0.003506
2458545.847828 20.650594 0.003551
2458546.351421 20.654166 0.003549
2458546.844488 20.660708 0.003557
2458547.337556 20.669520 0.003572
2458547.841149 20.678926 0.003589
2458548.334216 20.685232 0.003595
2458548.827283 20.695304 0.003614
2458549.330877 20.712815 0.003658
2458549.823944 20.709185 0.003631
2458550.317011 20.721791 0.003659
2458550.820605 20.731641 0.003677
2458551.313672 20.740566 0.003692
2458551.806739 20.741151 0.003680
2458552.310332 20.756608 0.003717
2458552.803400 20.759861 0.003714
2458553.296467 20.773847 0.003748
2458553.800060 20.782507 0.003764
2458554.293127 20.789400 0.003774
2458554.786194 20.791861 0.003768
2458555.289788 20.798092 0.003776
2458555.782855 20.807077 0.003795
2458556.275922 20.813656 0.003805
2458556.779516 20.819978 0.003814
2458557.272583 20.831400 0.003842
2458557.765650 20.837308 0.003851
2458558.269244 20.844073 0.003863
2458558.762311 20.852225 0.003880
2458559.255378 20.851992 0.003868
2458559.758971 20.864006 0.003900
2458560.252038 20.862610 0.003884
2458560.745106 20.866606 0.003888
2458561.248699 20.879259 0.003923
2458561.741766 20.885030 0.003934
2458562.234833 20.882562 0.003915
2458562.738427 20.893560 0.003945
2458563.231494 20.894908 0.003941
2458563.724561 20.899421 0.003948
2458564.228155 20.904235 0.003957
2458564.721222 20.911573 0.003975
2458565.214289 20.917766 0.003990
2458565.717882 20.920914 0.003993
2458566.210950 20.925903 0.004004
2458566.704017 20.925393 0.003994
2458567.207610 20.933232 0.004016
2458567.700677 20.939736 0.004033
2458568.193744 20.940730 0.004030
2458568.697338 20.945971 0.004042
2458569.190405 20.946945 0.004039
2458569.683472 20.949885 0.004044
2458570.187066 20.950394 0.004039
2458570.680133 20.952391 0.004041
2458571.173200 20.957015 0.004052
2458571.676794 20.965507 0.004078
2458572.169861 20.968539 0.004084
2458572.662928 20.965575 0.004068
2458573.166521 20.960807 0.004045
2458573.659588 20.972576 0.004084
2458574.152656 20.973096 0.004081
2458574.656249 20.978194 0.004095
2458575.149316 20.985761 0.004119
2458575.642383 20.985996 0.004116
2458576.145977 20.985567 0.004110
2458576.639044 20.991169 0.004127
2458577.132111 20.992769 0.004129
2458577.635705 20.993326 0.004127
2458578.128772 20.991850 0.004117
2458578.621839 20.994176 0.004122
2458579.125432 21.003907 0.004156
2458579.618500 20.995249 0.004119
2458580.111567 21.003288 0.004146
2458580.615160 21.006103 0.004154
2458581.108227 21.008770 0.004161
2458581.601294 21.008107 0.004155
2458582.104888 21.003569 0.004135
2458582.597955 21.012379 0.004165
2458583.091022 21.014081 0.004169
2458583.594616 21.015971 0.004173
2458584.087683 21.018577 0.004181
2458584.580750 21.017067 0.004172
2458585.084344 21.020189 0.004181
2458585.577411 21.016270 0.004164
2458586.070478 21.015417 0.004158
2458586.574071 21.020004 0.004173
2458587.067138 21.022133 0.004179
2458587.560206 21.021747 0.004176
2458588.063799 21.023850 0.004181
2458588.556866 21.018720 0.004160
2458589.049933 21.025729 0.004185
2458589.553527 21.023149 0.004173
2458590.046594 21.024782 0.004177
2458590.539661 21.019476 0.004155
2458591.043255 21.035314 0.004214
2458591.536322 21.029711 0.004190
2458592.029389 21.030475 0.004192
2458592.532982 21.032047 0.004196
2458593.026050 21.031109 0.004191
2458593.519117 21.035792 0.004207
2458594.022710 21.035227 0.004204
2458594.515777 21.039782 0.004220
2458595.008844 21.035256 0.004201
2458595.512438 21.035908 0.004202
2458596.005505 21.034070 0.004193
2458596.498572 21.043379 0.004228
2458597.002166 21.045555 0.004235
2458597.495233 21.035517 0.004195
2458597.988300 21.036313 0.004197
2458712.204272 21.059602 0.004235
2458712.697339 21.064603 0.004255
2458713.200932 21.062954 0.004248
2458713.694000 21.059306 0.004234
2458714.187067 21.062093 0.004245
2458714.690660 21.068328 0.004269
2458715.183727 21.066047 0.004260
2458715.676794 21.071392 0.004281
2458716.180388 21.067090 0.004264
2458716.673455 21.064663 0.004255
2458717.166522 21.066881 0.004264
2458717.670116 21.065228 0.004257
2458718.163183 21.058507 0.004231
2458718.656250 21.073040 0.004288
2458719.159844 21.066449 0.004262
2458719.652911 21.063652 0.004251
2458720.145978 21.061915 0.004244
2458720.649571 21.063652 0.004251
2458721.142638 21.064975 0.004256
2458721.635706 21.075275 0.004297
2458722.139299 21.072860 0.004287
2458722.632366 21.059706 0.004235
2458723.125433 21.067165 0.004265
2458723.629027 21.065541 0.004258
2458724.122094 21.066762 0.004263
2458724.615161 21.066717 0.004263
2458725.118755 21.061633 0.004243
2458725.611822 21.066911 0.004264
2458726.104889 21.061870 0.004244
2458726.608482 21.069329 0.004273
2458727.101550 21.066390 0.004261
2458727.594617 21.063741 0.004251
2458728.098210 21.072605 0.004286
2458728.591277 21.065124 0.004256
2458729.084344 21.070973 0.004279
2458729.587938 21.060847 0.004240
2458730.081005 21.062939 0.004248
2458730.574072 21.062612 0.004247
2458731.077666 21.067165 0.004264
2458731.570733 21.074059 0.004292
2458732.063800 21.069807 0.004275
2458732.567394 21.066703 0.004263
2458733.060461 21.063875 0.004251
2458733.553528 21.064529 0.004254
2458734.057121 21.063102 0.004248
2458734.550188 21.067165 0.004264
2458735.043256 21.067373 0.004265
2458735.546849 21.068985 0.004272
2458736.039916 21.058862 0.004232
2458736.532983 21.081013 0.004319
2458737.036577 21.064812 0.004255
2458737.529644 21.064157 0.004253
2458738.022711 21.069104 0.004272
2458738.526305 21.066211 0.004261
2458739.019372 21.061440 0.004242
2458739.512439 21.069134 0.004272
2458740.016032 21.063102 0.004248
2458740.509100 21.061010 0.004240
2458741.002167 21.067567 0.004266
2458741.505760 21.068045 0.004268
2458741.998827 21.059099 0.004233
2458742.491894 21.066792 0.004263
2458742.995488 21.060298 0.004237
2458743.488555 21.063013 0.004248
2458743.981622 21.061010 0.004240
2458744.485216 21.065273 0.004257
2458744.978283 21.064901 0.004255
2458745.471350 21.065273 0.004257
2458745.974944 21.064157 0.004252
2458746.468011 21.063087 0.004248
2458746.961078 21.068716 0.004270
2458747.464671 21.072500 0.004285
2458747.957738 21.064782 0.004255
2458748.450806 21.068015 0.004267
2458748.954399 21.062345 0.004245
2458749.447466 21.066866 0.004263
2458749.940533 21.062226 0.004245
2458750.444127 21.067105 0.004264
2458750.937194 21.069224 0.004272
2458751.430261 21.058966 0.004232
2458751.933855 21.070719 0.004278
2458752.426922 21.057679 0.004227
2458752.919989 21.069702 0.004274
2458753.423582 21.063637 0.004250
2458753.916650 21.066434 0.004261
2458754.409717 21.063815 0.004251
2458754.913310 21.058493 0.004230
2458755.406377 21.064469 0.004254
2458755.899444 21.065794 0.004259
2458756.403038 21.075125 0.004295
2458756.896105 21.066092 0.004260
2458757.389172 21.070136 0.004276
2458757.892766 21.061366 0.004241
2458758.385833 21.059454 0.004234
2458758.878900 21.062196 0.004245
2458759.382494 21.067135 0.004264
2458759.875561 21.064931 0.004255
2458760.368628 21.066494 0.004261
2458760.872221 21.063919 0.004251
2458761.365288 21.073999 0.004291
2458761.858356 21.066226 0.004260
2458762.361949 21.061455 0.004242
2458762.855016 21.065973 0.004259
2458763.348083 21.072425 0.004285
2458763.851677 21.063058 0.004248
2458764.344744 21.062434 0.004245
2458764.837811 21.066122 0.004260
2458765.341405 21.069254 0.004272
2458765.834472 21.058996 0.004232
2458766.327539 21.070913 0.004279
2458766.831132 21.076267 0.004300
2458767.324200 21.073100 0.004287
2458767.817267 21.063384 0.004249
2458768.320860 21.065243 0.004256
2458768.813927 21.062820 0.004247
2458769.306994 21.060195 0.004237
2458769.810588 21.060298 0.004237
2458770.303655 21.068895 0.004271
2458770.796722 21.061915 0.004243
2458771.300316 21.063800 0.004251
2458771.793383 21.064469 0.004253
2458772.286450 21.069732 0.004274
2458772.790044 21.068686 0.004270
2458773.283111 21.062404 0.004245
2458773.776178 21.073085 0.004287
2458774.279771 21.062760 0.004247
2458774.772838 21.066568 0.004262
2458775.265906 21.066330 0.004261
2458775.769499 21.064678 0.004254
2458776.262566 21.067194 0.004264
2458776.755633 21.068074 0.004267
2458777.259227 21.063013 0.004248
2458777.752294 21.064217 0.004252
2458778.245361 21.066315 0.004261
2458778.748955 21.065898 0.004259
2458779.242022 21.067344 0.004265
2458779.735089 21.068686 0.004270
2458780.238682 21.068791 0.004270
2458780.731750 21.062731 0.004246
2458781.224817 21.060432 0.004238
2458781.728410 21.067761 0.004266
2458782.221477 21.061900 0.004243
2458782.714544 21.066285 0.004260
2458783.218138 21.072051 0.004283
2458783.711205 21.069642 0.004274
2459622.427944 21.066747 0.004262
2459622.921011 21.067358 0.004264
2459623.424605 21.066136 0.004259
2459623.917672 21.071482 0.004280
2459624.410739 21.068552 0.004269
2459624.914332 21.069866 0.004274
2459625.407400 21.058167 0.004228
2459625.900467 21.058315 0.004229
2459626.404060 21.063221 0.004248
2459626.897127 21.065958 0.004259
2459627.390194 21.067299 0.004264
2459627.893788 21.070569 0.004277
2459628.386855 21.067016 0.004263
2459628.879922 21.074209 0.004291
2459629.383516 21.065392 0.004257
2459629.876583 21.066986 0.004263
2459630.369650 21.059055 0.004232
2459630.873244 21.066047 0.004259
2459631.366311 21.068701 0.004270
2459631.859378 21.059292 0.004233
2459632.362971 21.063028 0.004247
2459632.856038 21.072231 0.004283
2459633.349106 21.065734 0.004258
2459633.852699 21.071123 0.004279
2459634.345766 21.066494 0.004261
2459634.838833 21.064246 0.004252
2459635.342427 21.062983 0.004247
2459635.835494 21.072231 0.004283
2459636.328561 21.062004 0.004243
2459636.832155 21.073145 0.004287
2459637.325222 21.066777 0.004262
2459637.818289 21.060195 0.004236
2459638.321882 21.064931 0.004255
2459638.814950 21.064856 0.004254
2459639.308017 21.064246 0.004252
2459639.811610 21.060076 0.004236
2459640.304677 21.065347 0.004256
2459640.797744 21.063429 0.004249
2459641.301338 21.063444 0.004249
2459641.794405 21.065064 0.004255
2459642.287472 21.063592 0.004249
2459642.791066 21.070165 0.004275
2459643.284133 21.064559 0.004253
2459643.777200 21.064544 0.004253
2459644.280794 21.064172 0.004252
2459644.773861 21.074750 0.004293
2459645.266928 21.063028 0.004247
2459645.770521 21.061781 0.004242
2459646.263588 21.067701 0.004266
2459646.756656 21.058522 0.004230
2459647.260249 21.067030 0.004263
2459647.753316 21.065451 0.004257
2459648.246383 21.061603 0.004242
2459648.749977 21.067866 0.004266
2459649.243044 21.059129 0.004232
2459649.736111 21.063459 0.004249
2459650.239705 21.063845 0.004250
2459650.732772 21.068268 0.004268
2459651.225839 21.065690 0.004258
2459651.729432 21.064350 0.004252
2459652.222500 21.059306 0.004233
2459652.715567 21.065139 0.004256
2459653.219160 21.059987 0.004235
2459653.712227 21.066062 0.004259
2459654.205294 21.058936 0.004231
2459654.708888 21.062508 0.004245
2459655.201955 21.068000 0.004267
2459655.695022 21.062597 0.004246
2459656.198616 21.063622 0.004250
2459656.691683 21.066196 0.004260
2459657.184750 21.062553 0.004245
2459657.688344 21.066881 0.004262
2459658.181411 21.062864 0.004247
2459658.674478 21.066837 0.004262
2459659.178071 21.067731 0.004266
2459659.671138 21.067463 0.004265
2459660.164206 21.062508 0.004245
2459660.667799 21.055081 0.004216
2459661.160866 21.064425 0.004253
2459661.653933 21.065734 0.004258
2459662.157527 21.067194 0.004264
2459662.650594 21.069553 0.004273
2459663.143661 21.063310 0.004248
2459663.647255 21.058315 0.004229
2459664.140322 21.066077 0.004259
2459664.633389 21.056690 0.004223
2459665.136982 21.063622 0.004250
2459665.630050 21.058226 0.004229
2459666.123117 21.064484 0.004253
2459666.626710 21.053844 0.004211
2459667.119777 21.066300 0.004260
2459667.612844 21.065064 0.004255
2459668.116438 21.060773 0.004238
2459668.609505 21.066911 0.004262
2459669.102572 21.055096 0.004216
2459669.606166 21.059854 0.004235
2459670.099233 21.072320 0.004284
2459670.592300 21.066941 0.004263
2459671.095894 21.064633 0.004254
2459671.588961 21.057605 0.004226
2459672.082028 21.065094 0.004255
2459672.585621 21.065422 0.004257
2459673.078688 21.067075 0.004263
2459673.571756 21.068343 0.004268
2459674.075349 21.068642 0.004269
2459674.568416 21.062226 0.004244
2459675.061483 21.057000 0.004224
2459675.565077 21.064603 0.004253
2459676.058144 21.063667 0.004250
2459676.551211 21.072650 0.004285
2459677.054805 21.062093 0.004244
2459677.547872 21.069807 0.004274
2459678.040939 21.063176 0.004248
2459678.544532 21.061707 0.004242
2459679.037600 21.066241 0.004260
2459679.530667 21.055406 0.004218
2459680.034260 21.067940 0.004267
2459680.527327 21.064916 0.004255
2459681.020394 21.074750 0.004293
2459681.523988 21.060432 0.004237
2459682.017055 21.061529 0.004241
2459682.510122 21.070943 0.004278
2459683.013716 21.063607 0.004250
2459683.506783 21.063117 0.004248
2459683.999850 21.062033 0.004243
2459684.503444 21.056704 0.004223
2459684.996511 21.066360 0.004260
2459685.489578 21.060565 0.004238
2459685.993171 21.064529 0.004253
2459686.486238 21.072470 0.004284
2459686.979306 21.066345 0.004260
2459687.482899 21.056527 0.004222
2459687.975966 21.076433 0.004300
2459688.469033 21.068015 0.004267
2459688.972627 21.062538 0.004245
2459689.465694 21.064990 0.004255
2459689.958761 21.064395 0.004253
2459690.462355 21.068194 0.004268
2459690.955422 21.059928 0.004235
2459691.448489 21.065883 0.004258
2459691.952082 21.066524 0.004261
2459692.445150 21.057118 0.004224
2459692.938217 21.076057 0.004299
2459693.441810 21.066732 0.004262
2459693.934877 21.066122 0.004259
2459807.647256 21.070928 0.004278
2459808.150849 21.061900 0.004243
2459808.643916 21.060921 0.004239
2459809.136983 21.070106 0.004275
2459809.640577 21.064588 0.004253
2459810.133644 21.065541 0.004257
2459810.626711 21.064350 0.004252
2459811.130305 21.061366 0.004241
2459811.623372 21.062018 0.004243
2459812.116439 21.059040 0.004232
2459812.620032 21.063266 0.004248
2459813.113100 21.067254 0.004264
2459813.606167 21.050888 0.004200
2459814.109760 21.069881 0.004274
2459814.602827 21.065913 0.004259
2459815.095894 21.062211 0.004244
2459815.599488 21.072021 0.004283
2459816.092555 21.063786 0.004250
2459816.585622 21.064841 0.004254
2459817.089216 21.059158 0.004232
2459817.582283 21.062924 0.004247
2459818.075350 21.067344 0.004264
2459818.578944 21.066196 0.004260
2459819.072011 21.072051 0.004283
2459819.565078 21.071452 0.004280
2459820.068671 21.068224 0.004268
2459820.561738 21.071901 0.004282
2459821.054806 21.066807 0.004262
2459821.558399 21.062998 0.004247
2459822.051466 21.070255 0.004276
2459822.544533 21.057177 0.004224
2459823.048127 21.062271 0.004244
2459823.541194 21.069508 0.004273
2459824.034261 21.055553 0.004218
2459824.537855 21.066360 0.004260
2459825.030922 21.065437 0.004257
2459825.523989 21.061514 0.004241
2459826.027582 21.068552 0.004269
2459826.520650 21.072785 0.004286
2459827.013717 21.059114 0.004232
2459827.517310 21.060965 0.004239
2459828.010377 21.069538 0.004273
2459828.503444 21.065719 0.004258
2459829.007038 21.065332 0.004256
2459829.500105 21.071976 0.004282
2459829.993172 21.067060 0.004263
2459830.496766 21.063815 0.004250
2459830.989833 21.077094 0.004303
2459831.482900 21.070195 0.004275
2459831.986494 21.059854 0.004235
2459832.479561 21.066077 0.004259
2459832.972628 21.065124 0.004255
2459833.476221 21.067851 0.004266
2459833.969288 21.062360 0.004245
2459834.462356 21.061855 0.004243
2459834.965949 21.069523 0.004273
2459835.459016 21.068268 0.004268
2459835.952083 21.064499 0.004253
2459836.455677 21.063919 0.004251
2459836.948744 21.061203 0.004240
2459837.441811 21.067910 0.004266
2459837.945405 21.068149 0.004267
2459838.438472 21.062048 0.004243
2459838.931539 21.067552 0.004265
2459839.435132 21.066822 0.004262
2459839.928200 21.066747 0.004262
2459840.421267 21.063904 0.004251
2459840.924860 21.067910 0.004266
2459841.417927 21.051990 0.004204
2459841.910994 21.059144 0.004232
2459842.414588 21.066911 0.004262
2459842.907655 21.066568 0.004261
2459843.400722 21.063102 0.004248
2459843.904316 21.069060 0.004271
2459844.397383 21.066002 0.004259
2459844.890450 21.067209 0.004264
2459845.394044 21.065898 0.004259
2459845.887111 21.068418 0.004268
2459846.380178 21.067418 0.004264
2459846.883771 21.066866 0.004262
2459847.376838 21.062568 0.004245
2459847.869906 21.066360 0.004260
2459848.373499 21.062657 0.004246
2459848.866566 21.059292 0.004233
2459849.359633 21.067895 0.004266
2459849.863227 21.062464 0.004245
2459850.356294 21.067716 0.004266
2459850.849361 21.067165 0.004263
2459851.352955 21.067851 0.004266
2459851.846022 21.065556 0.004257
2459852.339089 21.067478 0.004265
2459852.842682 21.070121 0.004275
2459853.335750 21.064246 0.004252
2459853.828817 21.062493 0.004245
2459854.332410 21.064707 0.004254
2459854.825477 21.060787 0.004239
2459855.318544 21.060047 0.004236
2459855.822138 21.070330 0.004276
2459856.315205 21.066077 0.004259
2459856.808272 21.066062 0.004259
2459857.311866 21.060432 0.004237
2459857.804933 21.067329 0.004264
2459858.298000 21.064767 0.004254
2459858.801594 21.062360 0.004245
2459859.294661 21.075711 0.004297
2459859.787728 21.064009 0.004251
2459860.291321 21.062523 0.004245
2459860.784388 21.073564 0.004289
2459861.277456 21.072350 0.004284
2459861.781049 21.064618 0.004253
2459862.274116 21.059232 0.004232
2459862.767183 21.071078 0.004279
2459863.270777 21.073504 0.004288
2459863.763844 21.063815 0.004250
2459864.256911 21.065020 0.004255
2459864.760505 21.062449 0.004245
2459865.253572 21.069508 0.004273
2459865.746639 21.069553 0.004273
2459866.250232 21.061514 0.004241
2459866.743300 21.068104 0.004267
2459867.236367 21.068761 0.004270
2459867.739960 21.061158 0.004240
2459868.233027 21.056675 0.004222
2459868.726094 21.066226 0.004260
2459869.229688 21.069597 0.004273
2459869.722755 21.063102 0.004248
2459870.215822 21.066688 0.004262
2459870.719416 21.056557 0.004222
2459871.212483 21.061692 0.004242
2459871.705550 21.056586 0.004222
2459872.209144 21.069030 0.004271
2459872.702211 21.057812 0.004227
2459873.195278 21.062464 0.004245
2459873.698871 21.071317 0.004280
2459874.191938 21.072245 0.004283
2459874.685006 21.060298 0.004237
2459875.188599 21.074825 0.004294
2459875.681666 21.070599 0.004277
2459876.174733 21.063681 0.004250
2459876.678327 21.068671 0.004269
2459877.171394 21.065303 0.004256
2459877.664461 21.067224 0.004264
2459878.168055 21.066717 0.004262
2459878.661122 21.060876 0.004239
2459879.154189 21.065511 0.004257
2459987.411250 21.064410 0.004253
2459987.904317 21.064261 0.004252
2459988.407910 21.063741 0.004250
2459988.900977 21.067612 0.004265
2459989.394044 21.066077 0.004259
2459989.897638 21.060032 0.004236
2459990.390705 21.063176 0.004248
2459990.883772 21.065288 0.004256
2459991.387366 21.063429 0.004249
2459991.880433 21.057399 0.004225
2459992.373500 21.064990 0.004255
2459992.877094 21.063741 0.004250
2459993.370161 21.069418 0.004272
2459993.863228 21.056896 0.004223
2459994.366821 21.068298 0.004268
2459994.859888 21.062122 0.004244
2459995.352956 21.068507 0.004269
2459995.856549 21.069777 0.004274
2459996.349616 21.067269 0.004264
2459996.842683 21.060506 0.004237
2459997.346277 21.067508 0.004265
2459997.839344 21.076478 0.004300
2459998.332411 21.062909 0.004247
2459998.836005 21.068686 0.004269
2459999.329072 21.066688 0.004262
2459999.822139 21.071946 0.004282
2460000.325732 21.069209 0.004272
2460000.818800 21.070719 0.004277
2460001.311867 21.075140 0.004295
2460001.815460 21.067180 0.004264
2460002.308527 21.059454 0.004233
2460002.801594 21.066852 0.004262
2460003.305188 21.057192 0.004224
2460003.798255 21.069896 0.004274
2460004.291322 21.064931 0.004255
2460004.794916 21.069329 0.004272
2460005.287983 21.061855 0.004243
2460005.781050 21.061054 0.004240
2460006.284644 21.071901 0.004282
2460006.777711 21.071347 0.004280
2460007.270778 21.066703 0.004262
2460007.774371 21.066688 0.004262
2460008.267438 21.065556 0.004257
2460008.760506 21.067060 0.004263
2460009.264099 21.070898 0.004278
2460009.757166 21.070584 0.004277
2460010.250233 21.067180 0.004264
2460010.753827 21.067224 0.004264
2460011.246894 21.058581 0.004230
2460011.739961 21.062018 0.004243
2460012.243555 21.061959 0.004243
2460012.736622 21.066479 0.004261
2460013.229689 21.062434 0.004245
2460013.733282 21.064261 0.004252
2460014.226350 21.071512 0.004281
2460014.719417 21.070674 0.004277
2460015.223010 21.069493 0.004273
2460015.716077 21.068537 0.004269
2460016.209144 21.067821 0.004266
2460016.712738 21.065630 0.004257
2460017.205805 21.059218 0.004232
2460017.698872 21.068089 0.004267
2460018.202466 21.065169 0.004256
2460018.695533 21.069090 0.004271
2460019.188600 21.065303 0.004256
2460019.692194 21.068164 0.004267
2460020.185261 21.070719 0.004277
2460020.678328 21.068194 0.004268
2460021.181921 21.063696 0.004250
2460021.674988 21.062464 0.004245
2460022.168056 21.068552 0.004269
2460022.671649 21.064871 0.004254
2460023.164716 21.068642 0.004269
2460023.657783 21.069418 0.004272
2460024.161377 21.068074 0.004267
2460024.654444 21.063949 0.004251
2460025.147511 21.064023 0.004251
2460025.651105 21.068761 0.004270
2460026.144172 21.061558 0.004242
2460026.637239 21.068224 0.004268
2460027.140832 21.063771 0.004250
2460027.633900 21.063548 0.004249
2460028.126967 21.068552 0.004269
2460028.630560 21.057074 0.004224
2460029.123627 21.065228 0.004256
2460029.616694 21.066866 0.004262
2460030.120288 21.056513 0.004222
2460030.613355 21.068030 0.004267
2460031.106422 21.066792 0.004262
2460031.610016 21.061692 0.004242
2460032.103083 21.067030 0.004263
2460032.596150 21.066807 0.004262
2460033.099744 21.067836 0.004266
2460033.592811 21.064083 0.004251
2460034.085878 21.067239 0.004264
2460034.589471 21.061825 0.004243
2460035.082538 21.067821 0.004266
2460035.575606 21.072875 0.004286
2460036.079199 21.067358 0.004264
2460036.572266 21.066554 0.004261
2460037.065333 21.064737 0.004254
2460037.568927 21.063102 0.004248
2460038.061994 21.065139 0.004256
2460038.555061 21.071302 0.004280
2460039.058655 21.063934 0.004251
2460039.551722 21.070629 0.004277
2460040.044789 21.060076 0.004236
2460040.548382 21.067821 0.004266
2460041.041450 21.066181 0.004260
2460041.534517 21.069553 0.004273
2460042.038110 21.053049 0.004208
2460042.531177 21.065615 0.004257
2460043.024244 21.069493 0.004273
2460043.527838 21.057665 0.004226
2460044.020905 21.066434 0.004261
2460044.513972 21.061929 0.004243
2460045.017566 21.067448 0.004265
2460045.510633 21.067373 0.004264
2460046.003700 21.071826 0.004282
2460046.507294 21.065288 0.004256
2460047.000361 21.069433 0.004272
2460047.493428 21.069971 0.004275
2460047.997021 21.059928 0.004235
2460048.490088 21.063904 0.004251
2460048.983156 21.061469 0.004241
2460049.486749 21.067657 0.004265
2460049.979816 21.065913 0.004259
2460050.472883 21.063637 0.004250
2460050.976477 21.069000 0.004271
2460051.469544 21.065526 0.004257
2460051.962611 21.067522 0.004265
2460052.466205 21.065347 0.004256
2460052.959272 21.065332 0.004256
2460053.452339 21.068418 0.004268
2460053.955932 21.064886 0.004255
2460054.449000 21.066181 0.004260
2460054.942067 21.063370 0.004249
2460055.445660 21.065734 0.004258
2460055.938727 21.058611 0.004230
2460056.431794 21.067478 0.004265
2460056.935388 21.066598 0.004261
2460057.428455 21.067672 0.004265
2460057.921522 21.063087 0.004247
2460058.425116 21.071841 0.004282
2460058.918183 21.064633 0.004254
