2458346.727899 25.253720 0.029711
2458347.220966 25.215343 0.028679
2458347.714033 25.176235 0.027664
2458348.217627 25.219227 0.028782
2458348.710694 25.204474 0.028393
2458349.203761 25.233824 0.029171
2458349.707355 25.201338 0.028311
2458350.200422 25.228104 0.029018
2458350.693489 25.215343 0.028679
2458351.197082 25.189574 0.028006
2458351.690150 25.274732 0.030291
2458352.183217 25.197172 0.028203
2458352.686810 25.175895 0.027656
2458353.179877 25.284452 0.030564
2458353.672944 25.243184 0.029424
2458354.176538 25.198906 0.028248
2458354.669605 25.207268 0.028466
2458355.162672 25.251896 0.029661
2458355.666266 25.185110 0.027891
2458356.159333 25.208668 0.028503
2458356.652400 25.178958 0.027734
2458357.155994 25.211825 0.028586
2458357.649061 25.222414 0.028866
2458358.142128 25.251896 0.029661
2458358.645721 25.261414 0.029922
2458359.138788 25.177936 0.027708
2458359.631856 25.257377 0.029811
2458360.135449 25.212879 0.028614
2458360.628516 25.250439 0.029621
2458361.121583 25.263254 0.029973
2458361.625177 25.203776 0.028375
2458362.118244 25.212879 0.028614
2458362.611311 25.212176 0.028595
2458363.114905 25.213583 0.028632
2458363.607972 25.224545 0.028923
2458364.101039 25.234183 0.029181
2458364.604632 25.226323 0.028970
2458365.097700 25.234542 0.029190
2458365.590767 25.224900 0.028932
2458366.094360 25.203776 0.028375
2458366.587427 25.206569 0.028448
2458367.080494 25.237055 0.029258
2458367.584088 25.251532 0.029651
2458368.077155 25.217813 0.028744
2458368.570222 25.164739 0.027373
2458369.073816 25.193366 0.028104
2458369.566883 25.207618 0.028475
2458370.059950 25.186481 0.027926
2458370.563544 25.223124 0.028885
2458371.056611 25.227391 0.028999
2458371.549678 25.204823 0.028402
2458372.053271 25.156029 0.027154
2458372.546338 25.240296 0.029346
2458373.039406 25.217107 0.028725
2458373.542999 25.185452 0.027900
2458374.036066 25.238134 0.029287
2458374.529133 25.234183 0.029181
2458375.032727 25.188542 0.027980
2458375.525794 25.196479 0.028185
2458376.018861 25.258843 0.029851
2458376.522455 25.237055 0.029258
2458377.015522 25.231318 0.029104
2458377.508589 25.215696 0.028688
2458378.012182 25.193021 0.028095
2458378.505250 25.194057 0.028122
2458378.998317 25.252990 0.029691
2458379.501910 25.233466 0.029162
2458379.994977 25.172841 0.027578
2458380.488044 25.187511 0.027953
2458380.991638 25.277713 0.030374
2458381.484705 25.241017 0.029365
2458381.977772 25.205172 0.028411
2458382.481366 25.250439 0.029621
2458382.974433 25.249712 0.029601
2458383.467500 25.226679 0.028980
2458383.971094 25.220288 0.028810
2458384.464161 25.258843 0.029851
2458384.957228 25.228818 0.029037
2458385.460821 25.193712 0.028113
2458385.953888 25.189574 0.028006
2458386.446956 25.234900 0.029200
2458386.950549 25.232750 0.029142
2458387.443616 25.286708 0.030627
2458387.936683 25.196132 0.028176
2458388.440277 25.215343 0.028679
2458388.933344 25.242823 0.029414
2458389.426411 25.241739 0.029385
2458389.930005 25.174198 0.027612
2458390.423072 25.172503 0.027569
2458390.916139 25.247532 0.029542
2458391.419732 25.250804 0.029631
2458391.912800 25.189574 0.028006
2458392.405867 25.235977 0.029229
2458392.909460 25.208318 0.028494
2458393.402527 25.217813 0.028744
2458393.895594 25.212879 0.028614
2458394.399188 25.212879 0.028614
2458394.892255 25.202731 0.028348
2458395.385322 25.152365 0.027063
2458395.888916 25.242823 0.029414
2458396.381983 25.229175 0.029046
2458396.875050 25.271387 0.030198
2458397.378644 25.211825 0.028586
2458397.871711 25.195440 0.028158
2458398.364778 25.230246 0.029075
2458398.868371 25.202731 0.028348
2458399.361438 25.228104 0.029018
2458399.854506 25.198559 0.028239
2458400.358099 25.235977 0.029229
2458400.851166 25.191986 0.028068
2458401.344233 25.222060 0.028857
2458401.847827 25.187511 0.027953
2458402.340894 25.192676 0.028086
2458402.833961 25.218873 0.028772
2458403.337555 25.236336 0.029239
2458403.830622 25.213231 0.028623
2458404.323689 25.239575 0.029326
2458404.827282 25.236336 0.029239
2458405.320350 25.215343 0.028679
2458405.813417 25.232392 0.029133
2458406.317010 25.208668 0.028503
2458406.810077 25.141775 0.026800
2458407.303144 25.240656 0.029355
2458407.806738 25.227035 0.028989
2458408.299805 25.224545 0.028923
2458408.792872 25.237775 0.029277
2458409.296466 25.182371 0.027821
2458409.789533 25.217460 0.028735
2458410.282600 25.158033 0.027204
2458410.786194 25.267682 0.030095
2458411.279261 25.234542 0.029190
2458411.772328 25.244269 0.029453
2458412.275921 25.193366 0.028104
2458412.768988 25.229889 0.029066
2458413.262056 25.271758 0.030208
2458413.765649 25.202731 0.028348
2458414.258716 25.229175 0.029046
2458414.751783 25.228818 0.029037
2458415.255377 25.203776 0.028375
2458415.748444 25.235618 0.029219
2458416.241511 25.220288 0.028810
2458416.745105 25.176575 0.027673
2458417.238172 25.181005 0.027786
2458417.731239 25.165748 0.027398
2458418.234832 25.237775 0.029277
2458526.481367 25.263991 0.029993
2458526.984960 25.211474 0.028577
2458527.478027 25.253355 0.029701
2458527.971094 25.190952 0.028042
2458528.474688 25.228461 0.029027
2458528.967755 25.217107 0.028725
2458529.460822 25.229175 0.029046
2458529.964416 25.144083 0.026857
2458530.457483 25.211123 0.028568
2458530.950550 25.210421 0.028549
2458531.454144 25.269533 0.030147
2458531.947211 25.232392 0.029133
2458532.440278 25.216754 0.028716
2458532.943871 25.218520 0.028763
2458533.436938 25.160710 0.027271
2458533.930006 25.204823 0.028402
2458534.433599 25.173858 0.027604
2458534.926666 25.267313 0.030085
2458535.419733 25.178277 0.027716
2458535.923327 25.236336 0.029239
2458536.416394 25.185110 0.027891
2458536.909461 25.205172 0.028411
2458537.413055 25.176575 0.027673
2458537.906122 25.186138 0.027918
2458538.399189 25.195786 0.028167
2458538.902782 25.214287 0.028651
2458539.395850 25.181688 0.027803
2458539.888917 25.267682 0.030095
2458540.392510 25.256279 0.029781
2458540.885577 25.241739 0.029385
2458541.378644 25.200643 0.028293
2458541.882238 25.202731 0.028348
2458542.375305 25.217107 0.028725
2458542.868372 25.260679 0.029902
2458543.371966 25.215696 0.028688
2458543.865033 25.250076 0.029611
2458544.358100 25.244631 0.029463
2458544.861694 25.181688 0.027803
2458545.354761 25.209720 0.028531
2458545.847828 25.235618 0.029219
2458546.351421 25.220642 0.028819
2458546.844488 25.207968 0.028485
2458547.337556 25.251532 0.029651
2458547.841149 25.238854 0.029307
2458548.334216 25.200990 0.028302
2458548.827283 25.158701 0.027221
2458549.330877 25.224189 0.028913
2458549.823944 25.228104 0.029018
2458550.317011 25.166422 0.027415
2458550.820605 25.251532 0.029651
2458551.313672 25.215343 0.028679
2458551.806739 25.195786 0.028167
2458552.310332 25.243184 0.029424
2458552.803400 25.196132 0.028176
2458553.296467 25.273244 0.030250
2458553.800060 25.247532 0.029542
2458554.293127 25.171148 0.027535
2458554.786194 25.143753 0.026849
2458555.289788 25.250804 0.029631
2458555.782855 25.237775 0.029277
2458556.275922 25.241378 0.029375
2458556.779516 25.201338 0.028311
2458557.272583 25.223834 0.028904
2458557.765650 25.193366 0.028104
2458558.269244 25.237055 0.029258
2458558.762311 25.256645 0.029791
2458559.255378 25.182030 0.027812
2458559.758971 25.214991 0.028670
2458560.252038 25.218166 0.028753
2458560.745106 25.241739 0.029385
2458561.248699 25.145073 0.026881
2458561.741766 25.193021 0.028095
2458562.234833 25.200295 0.028284
2458562.738427 25.219227 0.028782
2458563.231494 25.183055 0.027839
2458563.724561 25.221705 0.028847
2458564.228155 25.174877 0.027630
2458564.721222 25.155028 0.027129
2458565.214289 25.166759 0.027424
2458565.717882 25.211474 0.028577
2458566.210950 25.225611 0.028951
2458566.704017 25.226679 0.028980
2458567.207610 25.214991 0.028670
2458567.700677 25.281452 0.030479
2458568.193744 25.263254 0.029973
2458568.697338 25.168783 0.027475
2458569.190405 25.217460 0.028735
2458569.683472 25.179640 0.027751
2458570.187066 25.138816 0.026727
2458570.680133 25.289346 0.030702
2458571.173200 25.212528 0.028605
2458571.676794 25.215343 0.028679
2458572.169861 25.164066 0.027356
2458572.662928 25.268792 0.030126
2458573.166521 25.233466 0.029162
2458573.659588 25.261414 0.029922
2458574.152656 25.207968 0.028485
2458574.656249 25.212176 0.028595
2458575.149316 25.245356 0.029483
2458575.642383 25.167096 0.027432
2458576.145977 25.208668 0.028503
2458576.639044 25.234900 0.029200
2458577.132111 25.162723 0.027322
2458577.635705 25.229175 0.029046
2458578.128772 25.174537 0.027621
2458578.621839 25.216754 0.028716
2458579.125432 25.195440 0.028158
2458579.618500 25.210421 0.028549
2458580.111567 25.220288 0.028810
2458580.615160 25.195786 0.028167
2458581.108227 25.284077 0.030553
2458581.601294 25.257377 0.029811
2458582.104888 25.239575 0.029326
2458582.597955 25.207968 0.028485
2458583.091022 25.219227 0.028782
2458583.594616 25.244994 0.029473
2458584.087683 25.232392 0.029133
2458584.580750 25.191986 0.028068
2458585.084344 25.265835 0.030044
2458585.577411 25.238494 0.029297
2458586.070478 25.277340 0.030364
2458586.574071 25.217460 0.028735
2458587.067138 25.200643 0.028293
2458587.560206 25.235618 0.029219
2458588.063799 25.210070 0.028540
2458588.556866 25.224189 0.028913
2458589.049933 25.237775 0.029277
2458589.553527 25.213231 0.028623
2458590.046594 25.219580 0.028791
2458590.539661 25.167433 0.027441
2458591.043255 25.218520 0.028763
2458591.536322 25.226323 0.028970
2458592.029389 25.184082 0.027865
2458592.532982 25.219580 0.028791
2458593.026050 25.223834 0.028904
2458593.519117 25.237415 0.029268
2458594.022710 25.186481 0.027926
2458594.515777 25.176235 0.027664
2458595.008844 25.203428 0.028366
2458595.512438 25.282951 0.030521
2458596.005505 25.228818 0.029037
2458596.498572 25.217107 0.028725
2458597.002166 25.244269 0.029453
2458597.495233 25.212879 0.028614
2458597.988300 25.190952 0.028042
2458712.204272 25.184082 0.027865
2458712.697339 25.259577 0.029871
2458713.200932 25.244994 0.029473
2458713.694000 25.154029 0.027104
2458714.187067 25.241378 0.029375
2458714.690660 25.227391 0.028999
2458715.183727 25.244269 0.029453
2458715.676794 25.178277 0.027716
2458716.180388 25.204125 0.028384
2458716.673455 25.232750 0.029142
2458717.166522 25.244994 0.029473
2458717.670116 25.221705 0.028847
2458718.163183 25.169120 0.027483
2458718.656250 25.250804 0.029631
2458719.159844 25.213583 0.028632
2458719.652911 25.223124 0.028885
2458720.145978 25.187855 0.027962
2458720.649571 25.202731 0.028348
2458721.142638 25.217460 0.028735
2458721.635706 25.200295 0.028284
2458722.139299 25.194057 0.028122
2458722.632366 25.205521 0.028421
2458723.125433 25.210421 0.028549
2458723.629027 25.216048 0.028697
2458724.122094 25.227748 0.029008
2458724.615161 25.220288 0.028810
2458725.118755 25.234900 0.029200
2458725.611822 25.218166 0.028753
2458726.104889 25.128032 0.026463
2458726.608482 25.252990 0.029691
2458727.101550 25.238494 0.029297
2458727.594617 25.203428 0.028366
2458728.098210 25.211825 0.028586
2458728.591277 25.238854 0.029307
2458729.084344 25.193021 0.028095
2458729.587938 25.244994 0.029473
2458730.081005 25.233466 0.029162
2458730.574072 25.191641 0.028060
2458731.077666 25.281827 0.030490
2458731.570733 25.259577 0.029871
2458732.063800 25.223124 0.028885
2458732.567394 25.204474 0.028393
2458733.060461 25.235259 0.029210
2458733.553528 25.252261 0.029671
2458734.057121 25.192676 0.028086
2458734.550188 25.201338 0.028311
2458735.043256 25.205521 0.028421
2458735.546849 25.223834 0.028904
2458736.039916 25.209369 0.028521
2458736.532983 25.214287 0.028651
2458737.036577 25.201338 0.028311
2458737.529644 25.230961 0.029094
2458738.022711 25.246443 0.029512
2458738.526305 25.196825 0.028194
2458739.019372 25.233824 0.029171
2458739.512439 25.170472 0.027518
2458740.016032 25.237055 0.029258
2458740.509100 25.203776 0.028375
2458741.002167 25.227391 0.028999
2458741.505760 25.171148 0.027535
2458741.998827 25.193366 0.028104
2458742.491894 25.246081 0.029502
2458742.995488 25.282951 0.030521
2458743.488555 25.191986 0.028068
2458743.981622 25.265097 0.030024
2458744.485216 25.183740 0.027856
2458744.978283 25.202034 0.028329
2458745.471350 25.212528 0.028605
2458745.974944 25.184767 0.027882
2458746.468011 25.233108 0.029152
2458746.961078 25.209369 0.028521
2458747.464671 25.203428 0.028366
2458747.957738 25.268052 0.030105
2458748.450806 25.153363 0.027087
2458748.954399 25.240296 0.029346
2458749.447466 25.187168 0.027944
2458749.940533 25.166085 0.027407
2458750.444127 25.212176 0.028595
2458750.937194 25.203776 0.028375
2458751.430261 25.212528 0.028605
2458751.933855 25.249712 0.029601
2458752.426922 25.171148 0.027535
2458752.919989 25.212176 0.028595
2458753.423582 25.202731 0.028348
2458753.916650 25.217813 0.028744
2458754.409717 25.204823 0.028402
2458754.913310 25.204474 0.028393
2458755.406377 25.236696 0.029248
2458755.899444 25.188886 0.027988
2458756.403038 25.260312 0.029892
2458756.896105 25.229532 0.029056
2458757.389172 25.193712 0.028113
2458757.892766 25.225611 0.028951
2458758.385833 25.207968 0.028485
2458758.878900 25.239935 0.029336
2458759.382494 25.196825 0.028194
2458759.875561 25.164402 0.027364
2458760.368628 25.213935 0.028642
2458760.872221 25.222769 0.028876
2458761.365288 25.234542 0.029190
2458761.858356 25.210772 0.028558
2458762.361949 25.260312 0.029892
2458762.855016 25.218166 0.028753
2458763.348083 25.211825 0.028586
2458763.851677 25.253720 0.029711
2458764.344744 25.152697 0.027071
2458764.837811 25.249712 0.029601
2458765.341405 25.189574 0.028006
2458765.834472 25.276967 0.030354
2458766.327539 25.230246 0.029075
2458766.831132 25.199600 0.028266
2458767.324200 25.253720 0.029711
2458767.817267 25.221351 0.028838
2458768.320860 25.207618 0.028475
2458768.813927 25.212879 0.028614
2458769.306994 25.241017 0.029365
2458769.810588 25.213231 0.028623
2458770.303655 25.196479 0.028185
2458770.796722 25.231318 0.029104
2458771.300316 25.189918 0.028015
2458771.793383 25.244994 0.029473
2458772.286450 25.249348 0.029591
2458772.790044 25.228104 0.029018
2458773.283111 25.229532 0.029056
2458773.776178 25.204125 0.028384
2458774.279771 25.232392 0.029133
2458774.772838 25.256645 0.029791
2458775.265906 25.183740 0.027856
2458775.769499 25.209720 0.028531
2458776.262566 25.191641 0.028060
2458776.755633 25.265835 0.030044
2458777.259227 25.237775 0.029277
2458777.752294 25.202731 0.028348
2458778.245361 25.145734 0.026898
2458778.748955 25.210421 0.028549
2458779.242022 25.205172 0.028411
2458779.735089 25.184424 0.027874
2458780.238682 25.191986 0.028068
2458780.731750 25.200295 0.028284
2458781.224817 25.201338 0.028311
2458781.728410 25.218873 0.028772
2458782.221477 25.191986 0.028068
2458782.714544 25.233108 0.029152
2458783.218138 25.216754 0.028716
2458783.711205 25.198212 0.028230
2459622.427944 25.231318 0.029105
2459622.921011 25.252990 0.029692
2459623.424605 25.193712 0.028114
2459623.917672 25.243908 0.029445
2459624.410739 25.168783 0.027477
2459624.914332 25.263622 0.029985
2459625.407400 25.265835 0.030046
2459625.900467 25.238134 0.029289
2459626.404060 25.199253 0.028259
2459626.897127 25.182030 0.027815
2459627.390194 25.194403 0.028133
2459627.893788 25.247169 0.029535
2459628.386855 25.181005 0.027789
2459628.879922 25.224189 0.028917
2459629.383516 25.210421 0.028553
2459629.876583 25.217460 0.028739
2459630.369650 25.217107 0.028730
2459630.873244 25.234900 0.029205
2459631.366311 25.205172 0.028416
2459631.859378 25.228461 0.029033
2459632.362971 25.226323 0.028976
2459632.856038 25.171487 0.027550
2459633.349106 25.223124 0.028892
2459633.852699 25.193366 0.028112
2459634.345766 25.199600 0.028274
2459634.838833 25.225256 0.028951
2459635.342427 25.203776 0.028385
2459635.835494 25.194057 0.028134
2459636.328561 25.257743 0.029834
2459636.832155 25.258477 0.029856
2459637.325222 25.205521 0.028437
2459637.818289 25.170810 0.027544
2459638.321882 25.239935 0.029357
2459638.814950 25.199948 0.028298
2459639.308017 25.161045 0.027304
2459639.811610 25.243908 0.029473
2459640.304677 25.192676 0.028119
2459640.797744 25.204823 0.028439
2459641.301338 25.230603 0.029128
2459641.794405 25.224545 0.028972
2459642.287472 25.244994 0.029531
2459642.791066 25.227391 0.029065
2459643.284133 25.158033 0.027276
2459643.777200 25.174877 0.027714
2459644.280794 25.175556 0.027747
2459644.773861 25.200990 0.028423
2459645.266928 25.119933 0.026399
2459645.770521 25.179640 0.027919
2459646.263588 25.188199 0.028174
2459646.756656 25.193366 0.028352
2459647.260249 25.220642 0.029132
2459647.753316 25.101690 0.026176
2459648.246383 25.152697 0.027529
2459648.749977 25.109014 0.026570
2459649.243044 25.101055 0.026551
2459649.736111 25.042403 0.025405
2459650.239705 25.001994 0.024879
2459650.732772 24.800669 0.021287
2459651.225839 24.586166 0.018727
2459651.729432 23.465384 0.009741
2459652.222500 24.266785 0.015328
2459652.715567 24.769842 0.021273
2459653.219160 24.885692 0.022633
2459653.712227 25.041201 0.025567
2459654.205294 25.076592 0.026086
2459654.708888 25.099787 0.026430
2459655.201955 25.082813 0.025876
2459655.695022 25.160710 0.027689
2459656.198616 25.179299 0.028082
2459656.691683 25.141446 0.027058
2459657.184750 25.162723 0.027545
2459657.688344 25.198212 0.028420
2459658.181411 25.190263 0.028182
2459658.674478 25.180322 0.027900
2459659.178071 25.237775 0.029394
2459659.671138 25.199600 0.028362
2459660.164206 25.239214 0.029401
2459660.667799 25.211825 0.028657
2459661.160866 25.209019 0.028573
2459661.653933 25.235977 0.029283
2459662.157527 25.273615 0.030309
2459662.650594 25.225967 0.029001
2459663.143661 25.209720 0.028566
2459663.647255 25.203428 0.028396
2459664.140322 25.230603 0.029112
2459664.633389 25.284077 0.030578
2459665.136982 25.246443 0.029534
2459665.630050 25.169458 0.027510
2459666.123117 25.161716 0.027313
2459666.626710 25.205870 0.028444
2459667.119777 25.200990 0.028315
2459667.612844 25.154029 0.027115
2459668.116438 25.251896 0.029672
2459668.609505 25.203776 0.028384
2459669.102572 25.205172 0.028420
2459669.606166 25.201338 0.028319
2459670.099233 25.221351 0.028845
2459670.592300 25.197518 0.028218
2459671.095894 25.262518 0.029959
2459671.588961 25.251896 0.029667
2459672.082028 25.249348 0.029597
2459672.585621 25.147057 0.026935
2459673.078688 25.283702 0.030547
2459673.571756 25.222060 0.028861
2459674.075349 25.173180 0.027590
2459674.568416 25.210070 0.028544
2459675.061483 25.203776 0.028378
2459675.565077 25.182030 0.027815
2459676.058144 25.222769 0.028879
2459676.551211 25.193712 0.028116
2459677.054805 25.231676 0.029116
2459677.547872 25.240656 0.029358
2459678.040939 25.181688 0.027806
2459678.544532 25.205521 0.028423
2459679.037600 25.224189 0.028915
2459679.530667 25.231318 0.029106
2459680.034260 25.235618 0.029221
2459680.527327 25.218166 0.028755
2459681.020394 25.222414 0.028868
2459681.523988 25.199948 0.028276
2459682.017055 25.220642 0.028820
2459682.510122 25.248985 0.029583
2459683.013716 25.193021 0.028096
2459683.506783 25.224900 0.028933
2459683.999850 25.223124 0.028886
2459684.503444 25.262150 0.029943
2459684.996511 25.224900 0.028933
2459685.489578 25.189230 0.027998
2459685.993171 25.270645 0.030178
2459686.486238 25.222060 0.028858
2459686.979306 25.278834 0.030407
2459687.482899 25.248985 0.029582
2459687.975966 25.197172 0.028203
2459688.469033 25.270645 0.030178
2459688.972627 25.200295 0.028285
2459689.465694 25.245356 0.029483
2459689.958761 25.225256 0.028942
2459690.462355 25.274732 0.030292
2459690.955422 25.203079 0.028357
2459691.448489 25.210070 0.028540
2459691.952082 25.135536 0.026647
2459692.445150 25.188199 0.027971
2459692.938217 25.218873 0.028773
2459693.441810 25.242100 0.029395
2459693.934877 25.216401 0.028707
2459807.647256 25.167770 0.027449
2459808.150849 25.266204 0.030054
2459808.643916 25.204125 0.028384
2459809.136983 25.131288 0.026542
2459809.640577 25.216048 0.028697
2459810.133644 25.227391 0.028999
2459810.626711 25.216754 0.028716
2459811.130305 25.205172 0.028411
2459811.623372 25.245356 0.029483
2459812.116439 25.228818 0.029037
2459812.620032 25.209019 0.028512
2459813.113100 25.195094 0.028149
2459813.606167 25.170810 0.027526
2459814.109760 25.193366 0.028104
2459814.602827 25.177936 0.027708
2459815.095894 25.196825 0.028194
2459815.599488 25.226679 0.028980
2459816.092555 25.222414 0.028866
2459816.585622 25.179299 0.027742
2459817.089216 25.257377 0.029811
2459817.582283 25.203079 0.028357
2459818.075350 25.229175 0.029046
2459818.578944 25.155362 0.027137
2459819.072011 25.230961 0.029094
2459819.565078 25.268792 0.030126
2459820.068671 25.212176 0.028595
2459820.561738 25.216754 0.028716
2459821.054806 25.216048 0.028697
2459821.558399 25.231318 0.029104
2459822.051466 25.239935 0.029336
2459822.544533 25.163058 0.027330
2459823.048127 25.220642 0.028819
2459823.541194 25.176575 0.027673
2459824.034261 25.159036 0.027229
2459824.537855 25.309526 0.031278
2459825.030922 25.250076 0.029611
2459825.523989 25.273987 0.030270
2459826.027582 25.244631 0.029463
2459826.520650 25.199600 0.028266
2459827.013717 25.188199 0.027971
2459827.517310 25.204125 0.028384
2459828.010377 25.234542 0.029190
2459828.503444 25.170810 0.027526
2459829.007038 25.216048 0.028697
2459829.500105 25.216048 0.028697
2459829.993172 25.235977 0.029229
2459830.496766 25.187855 0.027962
2459830.989833 25.182713 0.027830
2459831.482900 25.228461 0.029027
2459831.986494 25.254085 0.029721
2459832.479561 25.226323 0.028970
2459832.972628 25.239575 0.029326
2459833.476221 25.196825 0.028194
2459833.969288 25.194057 0.028122
2459834.462356 25.174537 0.027621
2459834.965949 25.164402 0.027364
2459835.459016 25.234542 0.029190
2459835.952083 25.264728 0.030013
2459836.455677 25.224545 0.028923
2459836.948744 25.209720 0.028531
2459837.441811 25.260679 0.029902
2459837.945405 25.235618 0.029219
2459838.438472 25.219227 0.028782
2459838.931539 25.187511 0.027953
2459839.435132 25.183055 0.027839
2459839.928200 25.282951 0.030521
2459840.421267 25.227035 0.028989
2459840.924860 25.218520 0.028763
2459841.417927 25.211123 0.028568
2459841.910994 25.237775 0.029277
2459842.414588 25.214639 0.028660
2459842.907655 25.203079 0.028357
2459843.400722 25.218873 0.028772
2459843.904316 25.280703 0.030458
2459844.397383 25.260679 0.029902
2459844.890450 25.197518 0.028212
2459845.394044 25.151035 0.027029
2459845.887111 25.195440 0.028158
2459846.380178 25.184767 0.027882
2459846.883771 25.229175 0.029046
2459847.376838 25.268792 0.030126
2459847.869906 25.255547 0.029761
2459848.373499 25.226323 0.028970
2459848.866566 25.217460 0.028735
2459849.359633 25.239935 0.029336
2459849.863227 25.197518 0.028212
2459850.356294 25.209019 0.028512
2459850.849361 25.251896 0.029661
2459851.352955 25.252990 0.029691
2459851.846022 25.217813 0.028744
2459852.339089 25.229889 0.029066
2459852.842682 25.206219 0.028439
2459853.335750 25.224900 0.028932
2459853.828817 25.199600 0.028266
2459854.332410 25.185452 0.027900
2459854.825477 25.224900 0.028932
2459855.318544 25.228104 0.029018
2459855.822138 25.228461 0.029027
2459856.315205 25.270645 0.030177
2459856.808272 25.252990 0.029691
2459857.311866 25.162723 0.027322
2459857.804933 25.136519 0.026671
2459858.298000 25.257743 0.029821
2459858.801594 25.175216 0.027638
2459859.294661 25.231676 0.029113
2459859.787728 25.228818 0.029037
2459860.291321 25.200990 0.028302
2459860.784388 25.255913 0.029771
2459861.277456 25.269533 0.030147
2459861.781049 25.231318 0.029104
2459862.274116 25.218873 0.028772
2459862.767183 25.183397 0.027847
2459863.270777 25.212528 0.028605
2459863.763844 25.187511 0.027953
2459864.256911 25.195094 0.028149
2459864.760505 25.261414 0.029922
2459865.253572 25.244631 0.029463
2459865.746639 25.177936 0.027708
2459866.250232 25.211474 0.028577
2459866.743300 25.150371 0.027013
2459867.236367 25.217813 0.028744
2459867.739960 25.214991 0.028670
2459868.233027 25.202731 0.028348
2459868.726094 25.235977 0.029229
2459869.229688 25.240656 0.029355
2459869.722755 25.230246 0.029075
2459870.215822 25.196479 0.028185
2459870.719416 25.215343 0.028679
2459871.212483 25.265466 0.030034
2459871.705550 25.208318 0.028494
2459872.209144 25.197518 0.028212
2459872.702211 25.282201 0.030500
2459873.195278 25.273987 0.030270
2459873.698871 25.241017 0.029365
2459874.191938 25.233466 0.029162
2459874.685006 25.190263 0.028024
2459875.188599 25.211474 0.028577
2459875.681666 25.209019 0.028512
2459876.174733 25.160710 0.027271
2459876.678327 25.238134 0.029287
2459877.171394 25.230246 0.029075
2459877.664461 25.213583 0.028632
2459878.168055 25.202382 0.028338
2459878.661122 25.191296 0.028051
2459879.154189 25.197518 0.028212
2459987.411250 25.254085 0.029721
2459987.904317 25.194057 0.028122
2459988.407910 25.171487 0.027543
2459988.900977 25.170472 0.027518
2459989.394044 25.286708 0.030627
2459989.897638 25.190263 0.028024
2459990.390705 25.187168 0.027944
2459990.883772 25.159370 0.027238
2459991.387366 25.229889 0.029066
2459991.880433 25.212176 0.028595
2459992.373500 25.185795 0.027909
2459992.877094 25.197518 0.028212
2459993.370161 25.262886 0.029963
2459993.863228 25.190263 0.028024
2459994.366821 25.191986 0.028068
2459994.859888 25.253720 0.029711
2459995.352956 25.212176 0.028595
2459995.856549 25.259577 0.029871
2459996.349616 25.248985 0.029581
2459996.842683 25.213231 0.028623
2459997.346277 25.212879 0.028614
2459997.839344 25.187855 0.027962
2459998.332411 25.198906 0.028248
2459998.836005 25.226679 0.028980
2459999.329072 25.195094 0.028149
2459999.822139 25.207618 0.028475
2460000.325732 25.222414 0.028866
2460000.818800 25.226323 0.028970
2460001.311867 25.236696 0.029248
2460001.815460 25.198906 0.028248
2460002.308527 25.234900 0.029200
2460002.801594 25.201338 0.028311
2460003.305188 25.199600 0.028266
2460003.798255 25.204125 0.028384
2460004.291322 25.224545 0.028923
2460004.794916 25.187511 0.027953
2460005.287983 25.193366 0.028104
2460005.781050 25.219934 0.028800
2460006.284644 25.151700 0.027046
2460006.777711 25.233466 0.029162
2460007.270778 25.205172 0.028411
2460007.774371 25.242461 0.029404
2460008.267438 25.235618 0.029219
2460008.760506 25.171487 0.027543
2460009.264099 25.219227 0.028782
2460009.757166 25.181346 0.027795
2460010.250233 25.267313 0.030085
2460010.753827 25.201686 0.028320
2460011.246894 25.180322 0.027769
2460011.739961 25.182030 0.027812
2460012.243555 25.202034 0.028329
2460012.736622 25.246806 0.029522
2460013.229689 25.178958 0.027734
2460013.733282 25.201686 0.028320
2460014.226350 25.246806 0.029522
2460014.719417 25.207968 0.028485
2460015.223010 25.204474 0.028393
2460015.716077 25.241378 0.029375
2460016.209144 25.227748 0.029008
2460016.712738 25.158701 0.027221
2460017.205805 25.205870 0.028430
2460017.698872 25.158701 0.027221
2460018.202466 25.252626 0.029681
2460018.695533 25.222060 0.028857
2460019.188600 25.289723 0.030712
2460019.692194 25.254451 0.029731
2460020.185261 25.249712 0.029601
2460020.678328 25.226323 0.028970
2460021.181921 25.214287 0.028651
2460021.674988 25.239575 0.029326
2460022.168056 25.229175 0.029046
2460022.671649 25.217107 0.028725
2460023.164716 25.242461 0.029404
2460023.657783 25.177936 0.027708
2460024.161377 25.188886 0.027988
2460024.654444 25.173858 0.027604
2460025.147511 25.244269 0.029453
2460025.651105 25.215343 0.028679
2460026.144172 25.203776 0.028375
2460026.637239 25.216048 0.028697
2460027.140832 25.270645 0.030177
2460027.633900 25.177596 0.027699
2460028.126967 25.241017 0.029365
2460028.630560 25.165075 0.027381
2460029.123627 25.212879 0.028614
2460029.616694 25.202382 0.028338
2460030.120288 25.242823 0.029414
2460030.613355 25.223479 0.028895
2460031.106422 25.181688 0.027803
2460031.610016 25.236696 0.029248
2460032.103083 25.232392 0.029133
2460032.596150 25.224545 0.028923
2460033.099744 25.203079 0.028357
2460033.592811 25.233466 0.029162
2460034.085878 25.227391 0.028999
2460034.589471 25.194749 0.028140
2460035.082538 25.203428 0.028366
2460035.575606 25.190263 0.028024
2460036.079199 25.251532 0.029651
2460036.572266 25.230961 0.029094
2460037.065333 25.187511 0.027953
2460037.568927 25.238494 0.029297
2460038.061994 25.178617 0.027725
2460038.555061 25.238494 0.029297
2460039.058655 25.230246 0.029075
2460039.551722 25.179299 0.027742
2460040.044789 25.239935 0.029336
2460040.548382 25.252990 0.029691
2460041.041450 25.223479 0.028895
2460041.534517 25.277340 0.030364
2460042.038110 25.209369 0.028521
2460042.531177 25.207268 0.028466
2460043.024244 25.254085 0.029721
2460043.527838 25.160375 0.027263
2460044.020905 25.233466 0.029162
2460044.513972 25.193366 0.028104
2460045.017566 25.238134 0.029287
2460045.510633 25.235618 0.029219
2460046.003700 25.223479 0.028895
2460046.507294 25.214991 0.028670
2460047.000361 25.184082 0.027865
2460047.493428 25.254816 0.029741
2460047.997021 25.142105 0.026808
2460048.490088 25.243546 0.029434
2460048.983156 25.238854 0.029307
2460049.486749 25.156362 0.027162
2460049.979816 25.197518 0.028212
2460050.472883 25.231676 0.029113
2460050.976477 25.210421 0.028549
2460051.469544 25.223124 0.028885
2460051.962611 25.173180 0.027586
2460052.466205 25.257377 0.029811
2460052.959272 25.212879 0.028614
2460053.452339 25.232750 0.029142
2460053.955932 25.289346 0.030702
2460054.449000 25.174877 0.027630
2460054.942067 25.202382 0.028338
2460055.445660 25.214991 0.028670
2460055.938727 25.203776 0.028375
2460056.431794 25.269533 0.030147
2460056.935388 25.181688 0.027803
2460057.428455 25.172503 0.027569
2460057.921522 25.211825 0.028586
2460058.425116 25.205172 0.028411
2460058.918183 25.196479 0.028185
