2458346.727899 18.991396 0.002167
2458347.220966 18.992583 0.002170
2458347.714033 18.997181 0.002179
2458348.217627 18.986576 0.002158
2458348.710694 18.995647 0.002176
2458349.203761 18.995641 0.002176
2458349.707355 18.990577 0.002166
2458350.200422 18.992072 0.002169
2458350.693489 18.994686 0.002174
2458351.197082 18.994464 0.002173
2458351.690150 18.994422 0.002173
2458352.183217 18.997213 0.002179
2458352.686810 18.993984 0.002172
2458353.179877 18.994580 0.002174
2458353.672944 18.993832 0.002172
2458354.176538 18.989993 0.002165
2458354.669605 18.993220 0.002171
2458355.162672 18.993397 0.002171
2458355.666266 18.994831 0.002174
2458356.159333 18.992345 0.002169
2458356.652400 18.994248 0.002173
2458357.155994 18.994393 0.002173
2458357.649061 18.994673 0.002174
2458358.142128 18.992384 0.002169
2458358.645721 18.995154 0.002175
2458359.138788 18.993507 0.002172
2458359.631856 18.990728 0.002166
2458360.135449 18.992010 0.002169
2458360.628516 18.988267 0.002161
2458361.121583 18.990783 0.002166
2458361.625177 18.992316 0.002169
2458362.118244 18.998138 0.002181
2458362.611311 18.990927 0.002166
2458363.114905 18.992033 0.002169
2458363.607972 18.996083 0.002177
2458364.101039 18.993732 0.002172
2458364.604632 18.997152 0.002179
2458365.097700 18.996231 0.002177
2458365.590767 18.994515 0.002174
2458366.094360 18.995631 0.002176
2458366.587427 18.993877 0.002172
2458367.080494 18.995592 0.002176
2458367.584088 18.995034 0.002175
2458368.077155 18.998966 0.002182
2458368.570222 18.994274 0.002173
2458369.073816 18.988918 0.002162
2458369.566883 18.993971 0.002172
2458370.059950 18.995521 0.002176
2458370.563544 18.991367 0.002167
2458371.056611 18.994667 0.002174
2458371.549678 18.992348 0.002169
2458372.053271 18.996002 0.002177
2458372.546338 18.990587 0.002166
2458373.039406 18.991088 0.002167
2458373.542999 18.993510 0.002172
2458374.036066 18.994232 0.002173
2458374.529133 18.995331 0.002175
2458375.032727 18.990070 0.002165
2458375.525794 18.993571 0.002172
2458376.018861 18.994032 0.002173
2458376.522455 18.990343 0.002165
2458377.015522 18.993207 0.002171
2458377.508589 18.994067 0.002173
2458378.012182 18.991734 0.002168
2458378.505250 18.989701 0.002164
2458378.998317 18.994715 0.002174
2458379.501910 18.989505 0.002164
2458379.994977 18.993446 0.002171
2458380.488044 18.988383 0.002161
2458380.991638 18.991940 0.002168
2458381.484705 18.992004 0.002169
2458381.977772 18.994573 0.002174
2458382.481366 18.994177 0.002173
2458382.974433 18.994902 0.002174
2458383.467500 18.988280 0.002161
2458383.971094 18.990821 0.002166
2458384.464161 18.993971 0.002172
2458384.957228 18.994444 0.002173
2458385.460821 18.993475 0.002171
2458385.953888 18.991412 0.002167
2458386.446956 18.994847 0.002174
2458386.950549 18.993494 0.002172
2458387.443616 18.995015 0.002175
2458387.936683 18.991509 0.002168
2458388.440277 18.994074 0.002173
2458388.933344 18.991496 0.002168
2458389.426411 18.990455 0.002165
2458389.930005 18.991496 0.002168
2458390.423072 18.992918 0.002170
2458390.916139 18.991078 0.002167
2458391.419732 18.994999 0.002175
2458391.912800 18.994013 0.002173
2458392.405867 18.992985 0.002170
2458392.909460 18.990911 0.002166
2458393.402527 18.992876 0.002170
2458393.895594 18.992126 0.002169
2458394.399188 18.992811 0.002170
2458394.892255 18.989945 0.002164
2458395.385322 18.994129 0.002173
2458395.888916 18.993942 0.002172
2458396.381983 18.993343 0.002171
2458396.875050 18.994809 0.002174
2458397.378644 18.988158 0.002161
2458397.871711 18.994670 0.002174
2458398.364778 18.997226 0.002179
2458398.868371 18.989698 0.002164
2458399.361438 18.993288 0.002171
2458399.854506 18.989909 0.002164
2458400.358099 18.996102 0.002177
2458400.851166 18.992425 0.002169
2458401.344233 18.991265 0.002167
2458401.847827 18.991374 0.002167
2458402.340894 18.991911 0.002168
2458402.833961 18.993195 0.002171
2458403.337555 18.996380 0.002177
2458403.830622 18.990600 0.002166
2458404.323689 18.994199 0.002173
2458404.827282 18.991982 0.002168
2458405.320350 18.988787 0.002162
2458405.813417 18.990394 0.002165
2458406.317010 18.994122 0.002173
2458406.810077 18.994557 0.002174
2458407.303144 18.993178 0.002171
2458407.806738 18.994715 0.002174
2458408.299805 18.993681 0.002172
2458408.792872 18.993913 0.002172
2458409.296466 18.992757 0.002170
2458409.789533 18.994499 0.002174
2458410.282600 18.986983 0.002159
2458410.786194 18.992644 0.002170
2458411.279261 18.990972 0.002166
2458411.772328 18.989791 0.002164
2458412.275921 18.996480 0.002177
2458412.768988 18.991554 0.002168
2458413.262056 18.994016 0.002173
2458413.765649 18.994931 0.002174
2458414.258716 18.991056 0.002167
2458414.751783 18.995050 0.002175
2458415.255377 18.994435 0.002173
2458415.748444 18.994518 0.002174
2458416.241511 18.995344 0.002175
2458416.745105 18.993224 0.002171
2458417.238172 18.993964 0.002172
2458417.731239 18.991265 0.002167
2458418.234832 18.989322 0.002163
2458526.481367 18.992734 0.002170
2458526.984960 18.993800 0.002172
2458527.478027 18.989524 0.002164
2458527.971094 18.994525 0.002174
2458528.474688 18.990718 0.002166
2458528.967755 18.994851 0.002174
2458529.460822 18.991191 0.002167
2458529.964416 18.992155 0.002169
2458530.457483 18.990372 0.002165
2458530.950550 18.993964 0.002172
2458531.454144 18.994570 0.002174
2458531.947211 18.990686 0.002166
2458532.440278 18.990124 0.002165
2458532.943871 18.995025 0.002175
2458533.436938 18.991509 0.002168
2458533.930006 18.992464 0.002169
2458534.433599 18.994625 0.002174
2458534.926666 18.991564 0.002168
2458535.419733 18.994212 0.002173
2458535.923327 18.990869 0.002166
2458536.416394 18.991879 0.002168
2458536.909461 18.992837 0.002170
2458537.413055 18.993871 0.002172
2458537.906122 18.996522 0.002178
2458538.399189 18.996519 0.002178
2458538.902782 18.992840 0.002170
2458539.395850 18.993323 0.002171
2458539.888917 18.990449 0.002165
2458540.392510 18.993565 0.002172
2458540.885577 18.990333 0.002165
2458541.378644 18.996296 0.002177
2458541.882238 18.994489 0.002174
2458542.375305 18.992667 0.002170
2458542.868372 18.995650 0.002176
2458543.371966 18.995028 0.002175
2458543.865033 18.991223 0.002167
2458544.358100 18.989669 0.002164
2458544.861694 18.993333 0.002171
2458545.354761 18.994373 0.002173
2458545.847828 18.993465 0.002171
2458546.351421 18.992126 0.002169
2458546.844488 18.995492 0.002176
2458547.337556 18.996680 0.002178
2458547.841149 18.992403 0.002169
2458548.334216 18.992027 0.002169
2458548.827283 18.990574 0.002166
2458549.330877 18.993455 0.002171
2458549.823944 18.993913 0.002172
2458550.317011 18.991785 0.002168
2458550.820605 18.994383 0.002173
2458551.313672 18.995592 0.002176
2458551.806739 18.994770 0.002174
2458552.310332 18.995154 0.002175
2458552.803400 18.995357 0.002175
2458553.296467 18.995231 0.002175
2458553.800060 18.991165 0.002167
2458554.293127 18.989996 0.002165
2458554.786194 18.996031 0.002177
2458555.289788 18.995286 0.002175
2458555.782855 18.990808 0.002166
2458556.275922 18.995796 0.002176
2458556.779516 18.992773 0.002170
2458557.272583 18.993761 0.002172
2458557.765650 18.992573 0.002170
2458558.269244 18.992628 0.002170
2458558.762311 18.991840 0.002168
2458559.255378 18.992538 0.002170
2458559.758971 18.992892 0.002170
2458560.252038 18.991570 0.002168
2458560.745106 18.991699 0.002168
2458561.248699 18.989601 0.002164
2458561.741766 18.990783 0.002166
2458562.234833 18.991168 0.002167
2458562.738427 18.993249 0.002171
2458563.231494 18.989178 0.002163
2458563.724561 18.993632 0.002172
2458564.228155 18.992654 0.002170
2458564.721222 18.992033 0.002169
2458565.214289 18.990625 0.002166
2458565.717882 18.992136 0.002169
2458566.210950 18.988053 0.002161
2458566.704017 18.994296 0.002173
2458567.207610 18.995712 0.002176
2458567.700677 18.992741 0.002170
2458568.193744 18.995189 0.002175
2458568.697338 18.994770 0.002174
2458569.190405 18.988303 0.002161
2458569.683472 18.994390 0.002173
2458570.187066 18.992580 0.002170
2458570.680133 18.993127 0.002171
2458571.173200 18.990773 0.002166
2458571.676794 18.991875 0.002168
2458572.169861 18.992641 0.002170
2458572.662928 18.992055 0.002169
2458573.166521 18.994499 0.002174
2458573.659588 18.993842 0.002172
2458574.152656 18.990311 0.002165
2458574.656249 18.992795 0.002170
2458575.149316 18.996151 0.002177
2458575.642383 18.994664 0.002174
2458576.145977 18.993130 0.002171
2458576.639044 18.993046 0.002171
2458577.132111 18.995805 0.002176
2458577.635705 18.988928 0.002162
2458578.128772 18.994544 0.002174
2458578.621839 18.993381 0.002171
2458579.125432 18.992972 0.002170
2458579.618500 18.989868 0.002164
2458580.111567 18.995434 0.002175
2458580.615160 18.994635 0.002174
2458581.108227 18.991515 0.002168
2458581.601294 18.995873 0.002176
2458582.104888 18.992351 0.002169
2458582.597955 18.988812 0.002162
2458583.091022 18.994676 0.002174
2458583.594616 18.993162 0.002171
2458584.087683 18.993046 0.002171
2458584.580750 18.990847 0.002166
2458585.084344 18.997472 0.002179
2458585.577411 18.994809 0.002174
2458586.070478 18.993088 0.002171
2458586.574071 18.994203 0.002173
2458587.067138 18.992580 0.002170
2458587.560206 18.994528 0.002174
2458588.063799 18.993916 0.002172
2458588.556866 18.996264 0.002177
2458589.049933 18.993632 0.002172
2458589.553527 18.989511 0.002164
2458590.046594 18.992811 0.002170
2458590.539661 18.995050 0.002175
2458591.043255 18.993288 0.002171
2458591.536322 18.989409 0.002163
2458592.029389 18.992284 0.002169
2458592.532982 18.988312 0.002161
2458593.026050 18.994290 0.002173
2458593.519117 18.986676 0.002158
2458594.022710 18.994676 0.002174
2458594.515777 18.996564 0.002178
2458595.008844 18.991522 0.002168
2458595.512438 18.992551 0.002170
2458596.005505 18.993130 0.002171
2458596.498572 18.992718 0.002170
2458597.002166 18.993407 0.002171
2458597.495233 18.992512 0.002170
2458597.988300 18.992236 0.002169
2458712.204272 18.989155 0.002163
2458712.697339 18.995218 0.002175
2458713.200932 18.990481 0.002165
2458713.694000 18.994783 0.002174
2458714.187067 18.992232 0.002169
2458714.690660 18.991721 0.002168
2458715.183727 18.993623 0.002172
2458715.676794 18.988658 0.002162
2458716.180388 18.992207 0.002169
2458716.673455 18.992277 0.002169
2458717.166522 18.990728 0.002166
2458717.670116 18.992216 0.002169
2458718.163183 18.993314 0.002171
2458718.656250 18.995741 0.002176
2458719.159844 18.993574 0.002172
2458719.652911 18.992580 0.002170
2458720.145978 18.989576 0.002164
2458720.649571 18.991824 0.002168
2458721.142638 18.993404 0.002171
2458721.635706 18.990323 0.002165
2458722.139299 18.993124 0.002171
2458722.632366 18.996099 0.002177
2458723.125433 18.993520 0.002172
2458723.629027 18.995015 0.002175
2458724.122094 18.993526 0.002172
2458724.615161 18.989996 0.002165
2458725.118755 18.991818 0.002168
2458725.611822 18.990163 0.002165
2458726.104889 18.994889 0.002174
2458726.608482 18.993140 0.002171
2458727.101550 18.994496 0.002174
2458727.594617 18.993491 0.002172
2458728.098210 18.994212 0.002173
2458728.591277 18.994364 0.002173
2458729.084344 18.990747 0.002166
2458729.587938 18.993549 0.002172
2458730.081005 18.994367 0.002173
2458730.574072 18.993874 0.002172
2458731.077666 18.992425 0.002169
2458731.570733 18.996086 0.002177
2458732.063800 18.992548 0.002170
2458732.567394 18.991940 0.002168
2458733.060461 18.994689 0.002174
2458733.553528 18.992515 0.002170
2458734.057121 18.992351 0.002169
2458734.550188 18.993719 0.002172
2458735.043256 18.996173 0.002177
2458735.546849 18.991300 0.002167
2458736.039916 18.992445 0.002169
2458736.532983 18.994042 0.002173
2458737.036577 18.989354 0.002163
2458737.529644 18.993539 0.002172
2458738.022711 18.991345 0.002167
2458738.526305 18.998908 0.002182
2458739.019372 18.993529 0.002172
2458739.512439 18.994838 0.002174
2458740.016032 18.994132 0.002173
2458740.509100 18.993900 0.002172
2458741.002167 18.991429 0.002167
2458741.505760 18.996512 0.002178
2458741.998827 18.991901 0.002168
2458742.491894 18.991711 0.002168
2458742.995488 18.991306 0.002167
2458743.488555 18.993243 0.002171
2458743.981622 18.993839 0.002172
2458744.485216 18.996193 0.002177
2458744.978283 18.995089 0.002175
2458745.471350 18.992059 0.002169
2458745.974944 18.992216 0.002169
2458746.468011 18.994580 0.002174
2458746.961078 18.993526 0.002172
2458747.464671 18.993771 0.002172
2458747.957738 18.994328 0.002173
2458748.450806 18.993497 0.002172
2458748.954399 18.990722 0.002166
2458749.447466 18.992548 0.002170
2458749.940533 18.994509 0.002174
2458750.444127 18.992149 0.002169
2458750.937194 18.992104 0.002169
2458751.430261 18.994760 0.002174
2458751.933855 18.994776 0.002174
2458752.426922 18.991965 0.002168
2458752.919989 18.992297 0.002169
2458753.423582 18.994757 0.002174
2458753.916650 18.991114 0.002167
2458754.409717 18.990417 0.002165
2458754.913310 18.992953 0.002170
2458755.406377 18.993040 0.002171
2458755.899444 18.992799 0.002170
2458756.403038 18.992287 0.002169
2458756.896105 18.994899 0.002174
2458757.389172 18.994035 0.002173
2458757.892766 18.991879 0.002168
2458758.385833 18.997575 0.002180
2458758.878900 18.992667 0.002170
2458759.382494 18.992232 0.002169
2458759.875561 18.993269 0.002171
2458760.368628 18.993272 0.002171
2458760.872221 18.993285 0.002171
2458761.365288 18.992573 0.002170
2458761.858356 18.990372 0.002165
2458762.361949 18.990869 0.002166
2458762.855016 18.995470 0.002175
2458763.348083 18.990439 0.002165
2458763.851677 18.991043 0.002167
2458764.344744 18.989967 0.002164
2458764.837811 18.994989 0.002175
2458765.341405 18.995512 0.002176
2458765.834472 18.993594 0.002172
2458766.327539 18.989948 0.002164
2458766.831132 18.994206 0.002173
2458767.324200 18.993507 0.002172
2458767.817267 18.994212 0.002173
2458768.320860 18.989197 0.002163
2458768.813927 18.990985 0.002167
2458769.306994 18.994319 0.002173
2458769.810588 18.990963 0.002166
2458770.303655 18.996787 0.002178
2458770.796722 18.994158 0.002173
2458771.300316 18.990612 0.002166
2458771.793383 18.993562 0.002172
2458772.286450 18.998756 0.002182
2458772.790044 18.994087 0.002173
2458773.283111 18.993803 0.002172
2458773.776178 18.993719 0.002172
2458774.279771 18.991863 0.002168
2458774.772838 18.993246 0.002171
2458775.265906 18.992815 0.002170
2458775.769499 18.991223 0.002167
2458776.262566 18.992017 0.002169
2458776.755633 18.988854 0.002162
2458777.259227 18.991088 0.002167
2458777.752294 18.991641 0.002168
2458778.245361 18.996238 0.002177
2458778.748955 18.997113 0.002179
2458779.242022 18.995663 0.002176
2458779.735089 18.995221 0.002175
2458780.238682 18.991486 0.002168
2458780.731750 18.993452 0.002171
2458781.224817 18.992593 0.002170
2458781.728410 18.991734 0.002168
2458782.221477 18.989405 0.002163
2458782.714544 18.990153 0.002165
2458783.218138 18.993433 0.002171
2458783.711205 18.990494 0.002166
2459622.427944 18.974722 0.002154
2459622.921011 18.974814 0.002155
2459623.424605 18.974589 0.002157
2459623.917672 18.974089 0.002157
2459624.410739 18.973115 0.002157
2459624.914332 18.968332 0.002150
2459625.407400 18.970682 0.002157
2459625.900467 18.967841 0.002154
2459626.404060 18.963773 0.002148
2459626.897127 18.958615 0.002141
2459627.390194 18.956979 0.002141
2459627.893788 18.952753 0.002137
2459628.386855 18.950531 0.002136
2459628.879922 18.949198 0.002138
2459629.383516 18.941680 0.002128
2459629.876583 18.942126 0.002135
2459630.369650 18.935054 0.002127
2459630.873244 18.931097 0.002126
2459631.366311 18.919653 0.002112
2459631.859378 18.916498 0.002114
2459632.362971 18.908241 0.002108
2459632.856038 18.901055 0.002105
2459633.349106 18.888874 0.002094
2459633.852699 18.876174 0.002083
2459634.345766 18.867128 0.002080
2459634.838833 18.856258 0.002073
2459635.342427 18.845828 0.002066
2459635.835494 18.834935 0.002055
2459636.328561 18.831329 0.002054
2459636.832155 18.832495 0.002059
2459637.325222 18.830215 0.002054
2459637.818289 18.832250 0.002056
2459638.321882 18.832986 0.002056
2459638.814950 18.829888 0.002050
2459639.308017 18.830750 0.002053
2459639.811610 18.828274 0.002052
2459640.304677 18.825118 0.002053
2459640.797744 18.815979 0.002043
2459641.301338 18.809917 0.002039
2459641.794405 18.812157 0.002045
2459642.287472 18.810393 0.002037
2459642.791066 18.821327 0.002045
2459643.284133 18.831923 0.002049
2459643.777200 18.850041 0.002066
2459644.280794 18.861863 0.002071
2459644.773861 18.879831 0.002089
2459645.266928 18.890401 0.002095
2459645.770521 18.900387 0.002101
2459646.263588 18.912160 0.002113
2459646.756656 18.919978 0.002118
2459647.260249 18.925853 0.002121
2459647.753316 18.930298 0.002122
2459648.246383 18.936468 0.002127
2459648.749977 18.941413 0.002130
2459649.243044 18.949015 0.002140
2459649.736111 18.949739 0.002137
2459650.239705 18.953466 0.002140
2459650.732772 18.960135 0.002149
2459651.225839 18.959520 0.002144
2459651.729432 18.962623 0.002147
2459652.222500 18.966866 0.002153
2459652.715567 18.966562 0.002150
2459653.219160 18.964478 0.002143
2459653.712227 18.972531 0.002157
2459654.205294 18.972218 0.002155
2459654.708888 18.973210 0.002155
2459655.201955 18.972913 0.002153
2459655.695022 18.975748 0.002157
2459656.198616 18.977222 0.002159
2459656.691683 18.976325 0.002156
2459657.184750 18.980282 0.002163
2459657.688344 18.979582 0.002160
2459658.181411 18.980310 0.002161
2459658.674478 18.977381 0.002154
2459659.178071 18.981109 0.002161
2459659.671138 18.982558 0.002163
2459660.164206 18.982979 0.002163
2459660.667799 18.983751 0.002164
2459661.160866 18.978521 0.002153
2459661.653933 18.984630 0.002165
2459662.157527 18.984125 0.002164
2459662.650594 18.985489 0.002166
2459663.143661 18.985457 0.002165
2459663.647255 18.983774 0.002162
2459664.140322 18.984036 0.002162
2459664.633389 18.986263 0.002166
2459665.136982 18.987306 0.002168
2459665.630050 18.990648 0.002175
2459666.123117 18.985710 0.002165
2459666.626710 18.983219 0.002159
2459667.119777 18.987601 0.002168
2459667.612844 18.990025 0.002173
2459668.116438 18.985924 0.002164
2459668.609505 18.991027 0.002174
2459669.102572 18.987764 0.002168
2459669.606166 18.983665 0.002160
2459670.099233 18.986996 0.002166
2459670.592300 18.989434 0.002171
2459671.095894 18.984281 0.002161
2459671.588961 18.986938 0.002166
2459672.082028 18.990808 0.002174
2459672.585621 18.988152 0.002168
2459673.078688 18.990815 0.002174
2459673.571756 18.985738 0.002164
2459674.075349 18.988312 0.002169
2459674.568416 18.987812 0.002168
2459675.061483 18.988258 0.002169
2459675.565077 18.987716 0.002168
2459676.058144 18.988149 0.002169
2459676.551211 18.986375 0.002165
2459677.054805 18.989290 0.002171
2459677.547872 18.987960 0.002168
2459678.040939 18.990622 0.002174
2459678.544532 18.987265 0.002167
2459679.037600 18.987598 0.002168
2459679.530667 18.985320 0.002163
2459680.034260 18.986320 0.002165
2459680.527327 18.986225 0.002165
2459681.020394 18.984521 0.002162
2459681.523988 18.988780 0.002171
2459682.017055 18.985473 0.002164
2459682.510122 18.985831 0.002165
2459683.013716 18.985355 0.002164
2459683.506783 18.985284 0.002164
2459683.999850 18.985166 0.002164
2459684.503444 18.986336 0.002166
2459684.996511 18.980603 0.002155
2459685.489578 18.982957 0.002160
2459685.993171 18.983474 0.002161
2459686.486238 18.987345 0.002169
2459686.979306 18.982826 0.002160
2459687.482899 18.986762 0.002168
2459687.975966 18.987831 0.002170
2459688.469033 18.982001 0.002158
2459688.972627 18.986106 0.002167
2459689.465694 18.984010 0.002162
2459689.958761 18.986948 0.002168
2459690.462355 18.988479 0.002172
2459690.955422 18.986100 0.002167
2459691.448489 18.982759 0.002160
2459691.952082 18.986554 0.002168
2459692.445150 18.988681 0.002172
2459692.938217 18.983164 0.002161
2459693.441810 18.986368 0.002168
2459693.934877 18.984962 0.002165
2459807.647256 18.994506 0.002174
2459808.150849 18.992158 0.002169
2459808.643916 18.991493 0.002168
2459809.136983 18.995109 0.002175
2459809.640577 18.995489 0.002176
2459810.133644 18.990522 0.002166
2459810.626711 18.993381 0.002172
2459811.130305 18.992869 0.002171
2459811.623372 18.989114 0.002163
2459812.116439 18.990025 0.002165
2459812.620032 18.992914 0.002171
2459813.113100 18.993265 0.002171
2459813.606167 18.995076 0.002175
2459814.109760 18.991412 0.002168
2459814.602827 18.988402 0.002162
2459815.095894 18.994119 0.002173
2459815.599488 18.992615 0.002170
2459816.092555 18.990166 0.002165
2459816.585622 18.994596 0.002174
2459817.089216 18.991998 0.002169
2459817.582283 18.994612 0.002174
2459818.075350 18.993813 0.002172
2459818.578944 18.993919 0.002173
2459819.072011 18.994909 0.002175
2459819.565078 18.993191 0.002171
2459820.068671 18.990022 0.002165
2459820.561738 18.994722 0.002174
2459821.054806 18.993729 0.002172
2459821.558399 18.988774 0.002162
2459822.051466 18.990384 0.002166
2459822.544533 18.995447 0.002176
2459823.048127 18.993191 0.002171
2459823.541194 18.991609 0.002168
2459824.034261 18.994544 0.002174
2459824.537855 18.991020 0.002167
2459825.030922 18.994602 0.002174
2459825.523989 18.992380 0.002170
2459826.027582 18.990882 0.002167
2459826.520650 18.992882 0.002171
2459827.013717 18.989396 0.002164
2459827.517310 18.988992 0.002163
2459828.010377 18.996083 0.002177
2459828.503444 18.994873 0.002174
2459829.007038 18.992409 0.002170
2459829.500105 18.991027 0.002167
2459829.993172 18.988633 0.002162
2459830.496766 18.993137 0.002171
2459830.989833 18.997753 0.002180
2459831.482900 18.994132 0.002173
2459831.986494 18.992699 0.002170
2459832.479561 18.989813 0.002164
2459832.972628 18.991937 0.002169
2459833.476221 18.995963 0.002177
2459833.969288 18.990998 0.002167
2459834.462356 18.989017 0.002163
2459834.965949 18.989085 0.002163
2459835.459016 18.992622 0.002170
2459835.952083 18.992364 0.002169
2459836.455677 18.995067 0.002175
2459836.948744 18.995063 0.002175
2459837.441811 18.991175 0.002167
2459837.945405 18.988165 0.002161
2459838.438472 18.990683 0.002166
2459838.931539 18.992010 0.002169
2459839.435132 18.993880 0.002172
2459839.928200 18.991721 0.002168
2459840.421267 18.990815 0.002166
2459840.924860 18.990802 0.002166
2459841.417927 18.991313 0.002167
2459841.910994 18.989203 0.002163
2459842.414588 18.993645 0.002172
2459842.907655 18.991644 0.002168
2459843.400722 18.989069 0.002163
2459843.904316 18.993397 0.002171
2459844.397383 18.992589 0.002170
2459844.890450 18.995802 0.002176
2459845.394044 18.991490 0.002168
2459845.887111 18.991834 0.002168
2459846.380178 18.992081 0.002169
2459846.883771 18.989062 0.002163
2459847.376838 18.991850 0.002168
2459847.869906 18.999008 0.002183
2459848.373499 18.992741 0.002170
2459848.866566 18.994441 0.002174
2459849.359633 18.991017 0.002167
2459849.863227 18.990866 0.002166
2459850.356294 18.994087 0.002173
2459850.849361 18.991827 0.002168
2459851.352955 18.993771 0.002172
2459851.846022 18.992348 0.002169
2459852.339089 18.993903 0.002172
2459852.842682 18.992448 0.002170
2459853.335750 18.992145 0.002169
2459853.828817 18.994348 0.002173
2459854.332410 18.994235 0.002173
2459854.825477 18.995654 0.002176
2459855.318544 18.991204 0.002167
2459855.822138 18.987643 0.002160
2459856.315205 18.991737 0.002168
2459856.808272 18.989977 0.002165
2459857.311866 18.991573 0.002168
2459857.804933 18.993955 0.002173
2459858.298000 18.988117 0.002161
2459858.801594 18.993343 0.002171
2459859.294661 18.994573 0.002174
2459859.787728 18.992818 0.002170
2459860.291321 18.992351 0.002169
2459860.784388 18.994338 0.002173
2459861.277456 18.990192 0.002165
2459861.781049 18.990885 0.002166
2459862.274116 18.991017 0.002167
2459862.767183 18.998562 0.002182
2459863.270777 18.988040 0.002161
2459863.763844 18.990882 0.002166
2459864.256911 18.996990 0.002179
2459864.760505 18.988863 0.002162
2459865.253572 18.993114 0.002171
2459865.746639 18.991374 0.002167
2459866.250232 18.990969 0.002167
2459866.743300 18.993906 0.002172
2459867.236367 18.993407 0.002171
2459867.739960 18.992940 0.002170
2459868.233027 18.997223 0.002179
2459868.726094 18.993359 0.002171
2459869.229688 18.996435 0.002177
2459869.722755 18.992454 0.002170
2459870.215822 18.996177 0.002177
2459870.719416 18.992889 0.002170
2459871.212483 18.996525 0.002178
2459871.705550 18.994141 0.002173
2459872.209144 18.993719 0.002172
2459872.702211 18.988065 0.002161
2459873.195278 18.999410 0.002183
2459873.698871 18.994796 0.002174
2459874.191938 18.990815 0.002166
2459874.685006 18.993211 0.002171
2459875.188599 18.991547 0.002168
2459875.681666 18.989582 0.002164
2459876.174733 18.994470 0.002174
2459876.678327 18.992609 0.002170
2459877.171394 18.989707 0.002164
2459877.664461 18.994815 0.002174
2459878.168055 18.993323 0.002171
2459878.661122 18.998875 0.002182
2459879.154189 18.991567 0.002168
2459987.411250 18.996935 0.002178
2459987.904317 18.993182 0.002171
2459988.407910 18.995050 0.002175
2459988.900977 18.993262 0.002171
2459989.394044 18.992702 0.002170
2459989.897638 18.989925 0.002164
2459990.390705 18.993162 0.002171
2459990.883772 18.992158 0.002169
2459991.387366 18.995699 0.002176
2459991.880433 18.991576 0.002168
2459992.373500 18.989726 0.002164
2459992.877094 18.989447 0.002163
2459993.370161 18.991576 0.002168
2459993.863228 18.992052 0.002169
2459994.366821 18.997175 0.002179
2459994.859888 18.993159 0.002171
2459995.352956 18.993984 0.002173
2459995.856549 18.989373 0.002163
2459996.349616 18.991008 0.002167
2459996.842683 18.994441 0.002173
2459997.346277 18.991252 0.002167
2459997.839344 18.993597 0.002172
2459998.332411 18.987393 0.002159
2459998.836005 18.992840 0.002170
2459999.329072 18.993005 0.002171
2459999.822139 18.997427 0.002179
2460000.325732 18.995741 0.002176
2460000.818800 18.993066 0.002171
2460001.311867 18.992532 0.002170
2460001.815460 18.990317 0.002165
2460002.308527 18.994106 0.002173
2460002.801594 18.987796 0.002160
2460003.305188 18.996777 0.002178
2460003.798255 18.995880 0.002176
2460004.291322 18.996177 0.002177
2460004.794916 18.994570 0.002174
2460005.287983 18.993697 0.002172
2460005.781050 18.996396 0.002177
2460006.284644 18.991396 0.002167
2460006.777711 18.990298 0.002165
2460007.270778 18.992551 0.002170
2460007.774371 18.993806 0.002172
2460008.267438 18.996267 0.002177
2460008.760506 18.990095 0.002165
2460009.264099 18.992361 0.002169
2460009.757166 18.991650 0.002168
2460010.250233 18.994000 0.002173
2460010.753827 18.994493 0.002174
2460011.246894 18.988113 0.002161
2460011.739961 18.993517 0.002172
2460012.243555 18.997126 0.002179
2460012.736622 18.991663 0.002168
2460013.229689 18.991911 0.002168
2460013.733282 18.991937 0.002168
2460014.226350 18.992027 0.002169
2460014.719417 18.998752 0.002182
2460015.223010 18.990780 0.002166
2460015.716077 18.994525 0.002174
2460016.209144 18.991875 0.002168
2460016.712738 18.992683 0.002170
2460017.205805 18.993085 0.002171
2460017.698872 18.996981 0.002179
2460018.202466 18.993388 0.002171
2460018.695533 18.991695 0.002168
2460019.188600 18.994238 0.002173
2460019.692194 18.994096 0.002173
2460020.185261 18.993552 0.002172
2460020.678328 18.993971 0.002172
2460021.181921 18.993471 0.002171
2460021.674988 18.993343 0.002171
2460022.168056 18.989341 0.002163
2460022.671649 18.993159 0.002171
2460023.164716 18.990439 0.002165
2460023.657783 18.994696 0.002174
2460024.161377 18.993262 0.002171
2460024.654444 18.992268 0.002169
2460025.147511 18.993304 0.002171
2460025.651105 18.993771 0.002172
2460026.144172 18.994725 0.002174
2460026.637239 18.990522 0.002166
2460027.140832 18.994035 0.002173
2460027.633900 18.994609 0.002174
2460028.126967 18.991679 0.002168
2460028.630560 18.987367 0.002159
2460029.123627 18.991625 0.002168
2460029.616694 18.994058 0.002173
2460030.120288 18.992310 0.002169
2460030.613355 18.991290 0.002167
2460031.106422 18.992618 0.002170
2460031.610016 18.990863 0.002166
2460032.103083 18.993108 0.002171
2460032.596150 18.991801 0.002168
2460033.099744 18.992541 0.002170
2460033.592811 18.990927 0.002166
2460034.085878 18.995721 0.002176
2460034.589471 18.990275 0.002165
2460035.082538 18.992393 0.002169
2460035.575606 18.995118 0.002175
2460036.079199 18.998736 0.002182
2460036.572266 18.993929 0.002172
2460037.065333 18.989524 0.002164
2460037.568927 18.996448 0.002177
2460038.061994 18.993703 0.002172
2460038.555061 18.991187 0.002167
2460039.058655 18.991789 0.002168
2460039.551722 18.992126 0.002169
2460040.044789 18.992483 0.002170
2460040.548382 18.992689 0.002170
2460041.041450 18.993066 0.002171
2460041.534517 18.991017 0.002167
2460042.038110 18.992763 0.002170
2460042.531177 18.992570 0.002170
2460043.024244 18.993819 0.002172
2460043.527838 18.993204 0.002171
2460044.020905 18.994158 0.002173
2460044.513972 18.991226 0.002167
2460045.017566 18.994589 0.002174
2460045.510633 18.989210 0.002163
2460046.003700 18.992461 0.002169
2460046.507294 18.994793 0.002174
2460047.000361 18.994303 0.002173
2460047.493428 18.989518 0.002164
2460047.997021 18.991313 0.002167
2460048.490088 18.993442 0.002171
2460048.983156 18.996567 0.002178
2460049.486749 18.992236 0.002169
2460049.979816 18.991319 0.002167
2460050.472883 18.996335 0.002177
2460050.976477 18.992802 0.002170
2460051.469544 18.993488 0.002172
2460051.962611 18.994119 0.002173
2460052.466205 18.992857 0.002170
2460052.959272 18.990429 0.002165
2460053.452339 18.995021 0.002175
2460053.955932 18.989941 0.002164
2460054.449000 18.993897 0.002172
2460054.942067 18.991965 0.002168
2460055.445660 18.990288 0.002165
2460055.938727 18.993710 0.002172
2460056.431794 18.992544 0.002170
2460056.935388 18.996903 0.002178
2460057.428455 18.992696 0.002170
2460057.921522 18.993935 0.002172
2460058.425116 18.990076 0.002165
2460058.918183 18.992544 0.002170
