2458346.727899 23.561528 0.011919
2458347.220966 23.565524 0.011963
2458347.714033 23.540997 0.011696
2458348.217627 23.517758 0.011448
2458348.710694 23.541474 0.011701
2458349.203761 23.543099 0.011719
2458349.707355 23.546357 0.011754
2458350.200422 23.554157 0.011839
2458350.693489 23.544344 0.011732
2458351.197082 23.526957 0.011546
2458351.690150 23.546645 0.011757
2458352.183217 23.561430 0.011918
2458352.686810 23.553964 0.011837
2458353.179877 23.534239 0.011623
2458353.672944 23.537660 0.011660
2458354.176538 23.542621 0.011714
2458354.669605 23.552709 0.011823
2458355.162672 23.566795 0.011977
2458355.666266 23.523193 0.011506
2458356.159333 23.537470 0.011658
2458356.652400 23.547413 0.011765
2458357.155994 23.525920 0.011535
2458357.649061 23.545782 0.011748
2458358.142128 23.517665 0.011447
2458358.645721 23.564353 0.011950
2458359.138788 23.572579 0.012041
2458359.631856 23.549528 0.011788
2458360.135449 23.547029 0.011761
2458360.628516 23.520753 0.011480
2458361.121583 23.538612 0.011670
2458361.625177 23.547317 0.011764
2458362.118244 23.554737 0.011845
2458362.611311 23.535568 0.011638
2458363.114905 23.538327 0.011667
2458363.607972 23.555124 0.011849
2458364.101039 23.552709 0.011823
2458364.604632 23.538612 0.011670
2458365.097700 23.531585 0.011595
2458365.590767 23.553191 0.011828
2458366.094360 23.536709 0.011650
2458366.587427 23.523099 0.011505
2458367.080494 23.539470 0.011680
2458367.584088 23.520847 0.011481
2458368.077155 23.553964 0.011837
2458368.570222 23.543291 0.011721
2458369.073816 23.541283 0.011699
2458369.566883 23.524227 0.011517
2458370.059950 23.530450 0.011583
2458370.563544 23.547893 0.011771
2458371.056611 23.550684 0.011801
2458371.549678 23.546357 0.011754
2458372.053271 23.530450 0.011583
2458372.546338 23.552033 0.011815
2458373.039406 23.555028 0.011848
2458373.542999 23.539852 0.011684
2458374.036066 23.556576 0.011865
2458374.529133 23.548855 0.011781
2458375.032727 23.542048 0.011707
2458375.525794 23.550202 0.011796
2458376.018861 23.527617 0.011553
2458376.522455 23.552902 0.011825
2458377.015522 23.532248 0.011602
2458377.508589 23.547317 0.011764
2458378.012182 23.542621 0.011714
2458378.505250 23.561138 0.011915
2458378.998317 23.518787 0.011459
2458379.501910 23.553191 0.011828
2458379.994977 23.541283 0.011699
2458380.488044 23.545494 0.011745
2458380.991638 23.532816 0.011608
2458381.484705 23.543674 0.011725
2458381.977772 23.546069 0.011751
2458382.481366 23.546069 0.011751
2458382.974433 23.533101 0.011611
2458383.467500 23.549143 0.011784
2458383.971094 23.528371 0.011561
2458384.464161 23.540520 0.011691
2458384.957228 23.547605 0.011767
2458385.460821 23.532058 0.011600
2458385.953888 23.540710 0.011693
2458386.446956 23.533480 0.011615
2458386.950549 23.556770 0.011867
2458387.443616 23.526580 0.011542
2458387.936683 23.542334 0.011710
2458388.440277 23.533385 0.011614
2458388.933344 23.558904 0.011890
2458389.426411 23.549721 0.011790
2458389.930005 23.540710 0.011693
2458390.423072 23.565524 0.011963
2458390.916139 23.537565 0.011659
2458391.419732 23.535948 0.011642
2458391.912800 23.539280 0.011678
2458392.405867 23.562014 0.011925
2458392.909460 23.549528 0.011788
2458393.402527 23.535853 0.011641
2458393.895594 23.532058 0.011600
2458394.399188 23.548566 0.011778
2458394.892255 23.556867 0.011868
2458395.385322 23.572776 0.012043
2458395.888916 23.527145 0.011548
2458396.381983 23.544727 0.011736
2458396.875050 23.542621 0.011714
2458397.378644 23.548086 0.011773
2458397.871711 23.547029 0.011761
2458398.364778 23.543195 0.011720
2458398.868371 23.537089 0.011654
2458399.361438 23.552709 0.011823
2458399.854506 23.540710 0.011693
2458400.358099 23.547701 0.011768
2458400.851166 23.528088 0.011558
2458401.344233 23.550202 0.011796
2458401.847827 23.536043 0.011643
2458402.340894 23.545110 0.011740
2458402.833961 23.548951 0.011782
2458403.337555 23.555995 0.011859
2458403.830622 23.557448 0.011875
2458404.323689 23.534808 0.011630
2458404.827282 23.537089 0.011654
2458405.320350 23.556770 0.011867
2458405.813417 23.529316 0.011571
2458406.317010 23.574842 0.012066
2458406.810077 23.553288 0.011829
2458407.303144 23.529882 0.011577
2458407.806738 23.539566 0.011681
2458408.299805 23.542813 0.011716
2458408.792872 23.553868 0.011835
2458409.296466 23.531301 0.011592
2458409.789533 23.564841 0.011956
2458410.282600 23.548278 0.011775
2458410.786194 23.550780 0.011802
2458411.279261 23.544631 0.011735
2458411.772328 23.548086 0.011773
2458412.275921 23.530261 0.011581
2458412.768988 23.557352 0.011874
2458413.262056 23.536138 0.011644
2458413.765649 23.537850 0.011662
2458414.258716 23.548278 0.011775
2458414.751783 23.529221 0.011570
2458415.255377 23.546357 0.011754
2458415.748444 23.541283 0.011699
2458416.241511 23.541188 0.011698
2458416.745105 23.557642 0.011877
2458417.238172 23.547317 0.011764
2458417.731239 23.522911 0.011503
2458418.234832 23.550780 0.011802
2458526.481367 23.513561 0.011404
2458526.984960 23.532721 0.011608
2458527.478027 23.529882 0.011577
2458527.971094 23.549913 0.011793
2458528.474688 23.561528 0.011920
2458528.967755 23.560361 0.011907
2458529.460822 23.540329 0.011689
2458529.964416 23.534334 0.011625
2458530.457483 23.550876 0.011803
2458530.950550 23.556867 0.011869
2458531.454144 23.531396 0.011593
2458531.947211 23.522254 0.011496
2458532.440278 23.518694 0.011459
2458532.943871 23.551455 0.011810
2458533.436938 23.542143 0.011709
2458533.930006 23.545590 0.011746
2458534.433599 23.550010 0.011794
2458534.926666 23.533669 0.011618
2458535.419733 23.553868 0.011836
2458535.923327 23.553964 0.011837
2458536.416394 23.543961 0.011728
2458536.909461 23.540901 0.011695
2458537.413055 23.531490 0.011594
2458537.906122 23.555028 0.011849
2458538.399189 23.537850 0.011663
2458538.902782 23.555028 0.011849
2458539.395850 23.543769 0.011726
2458539.888917 23.551358 0.011809
2458540.392510 23.525355 0.011529
2458540.885577 23.543387 0.011722
2458541.378644 23.525167 0.011527
2458541.882238 23.545302 0.011743
2458542.375305 23.510679 0.011374
2458542.868372 23.560749 0.011911
2458543.371966 23.544248 0.011732
2458543.865033 23.552998 0.011827
2458544.358100 23.533575 0.011617
2458544.861694 23.560944 0.011913
2458545.354761 23.531680 0.011597
2458545.847828 23.534239 0.011624
2458546.351421 23.537850 0.011663
2458546.844488 23.535093 0.011633
2458547.337556 23.536328 0.011646
2458547.841149 23.545398 0.011744
2458548.334216 23.537184 0.011656
2458548.827283 23.534334 0.011625
2458549.330877 23.541188 0.011699
2458549.823944 23.538327 0.011668
2458550.317011 23.548759 0.011781
2458550.820605 23.512258 0.011391
2458551.313672 23.543674 0.011726
2458551.806739 23.554931 0.011848
2458552.310332 23.531490 0.011595
2458552.803400 23.538994 0.011675
2458553.296467 23.557448 0.011875
2458553.800060 23.531396 0.011594
2458554.293127 23.546645 0.011758
2458554.786194 23.551937 0.011815
2458555.289788 23.541379 0.011701
2458555.782855 23.542813 0.011716
2458556.275922 23.555705 0.011856
2458556.779516 23.555995 0.011859
2458557.272583 23.562598 0.011932
2458557.765650 23.540710 0.011694
2458558.269244 23.542908 0.011717
2458558.762311 23.529221 0.011571
2458559.255378 23.538898 0.011674
2458559.758971 23.542430 0.011712
2458560.252038 23.543195 0.011720
2458560.745106 23.534998 0.011632
2458561.248699 23.533480 0.011616
2458561.741766 23.552419 0.011821
2458562.234833 23.542717 0.011715
2458562.738427 23.532058 0.011601
2458563.231494 23.546453 0.011756
2458563.724561 23.545015 0.011740
2458564.228155 23.542143 0.011709
2458564.721222 23.531017 0.011590
2458565.214289 23.537470 0.011659
2458565.717882 23.562306 0.011929
2458566.210950 23.568263 0.011994
2458566.704017 23.562598 0.011932
2458567.207610 23.536709 0.011651
2458567.700677 23.541570 0.011703
2458568.193744 23.555415 0.011853
2458568.697338 23.543291 0.011722
2458569.190405 23.516638 0.011437
2458569.683472 23.565622 0.011965
2458570.187066 23.547509 0.011767
2458570.680133 23.537470 0.011659
2458571.173200 23.557642 0.011878
2458571.676794 23.535378 0.011637
2458572.169861 23.561333 0.011918
2458572.662928 23.538422 0.011669
2458573.166521 23.548566 0.011779
2458573.659588 23.548278 0.011776
2458574.152656 23.538994 0.011676
2458574.656249 23.555802 0.011858
2458575.149316 23.551840 0.011815
2458575.642383 23.538517 0.011670
2458576.145977 23.534998 0.011633
2458576.639044 23.513933 0.011409
2458577.132111 23.524791 0.011524
2458577.635705 23.536518 0.011649
2458578.128772 23.543195 0.011721
2458578.621839 23.538231 0.011668
2458579.125432 23.552226 0.011819
2458579.618500 23.534428 0.011627
2458580.111567 23.518694 0.011460
2458580.615160 23.581066 0.012137
2458581.108227 23.570909 0.012024
2458581.601294 23.542430 0.011713
2458582.104888 23.524603 0.011522
2458582.597955 23.523663 0.011512
2458583.091022 23.555221 0.011852
2458583.594616 23.532437 0.011606
2458584.087683 23.528371 0.011562
2458584.580750 23.533385 0.011616
2458585.084344 23.528277 0.011561
2458585.577411 23.534903 0.011632
2458586.070478 23.543769 0.011728
2458586.574071 23.541570 0.011704
2458587.067138 23.538803 0.011674
2458587.560206 23.553578 0.011834
2458588.063799 23.565915 0.011969
2458588.556866 23.554254 0.011841
2458589.049933 23.523569 0.011512
2458589.553527 23.575040 0.012070
2458590.046594 23.545782 0.011749
2458590.539661 23.547413 0.011767
2458591.043255 23.544057 0.011731
2458591.536322 23.563573 0.011944
2458592.029389 23.549240 0.011787
2458592.532982 23.532816 0.011610
2458593.026050 23.546741 0.011760
2458593.519117 23.563573 0.011944
2458594.022710 23.518787 0.011461
2458594.515777 23.560847 0.011914
2458595.008844 23.552516 0.011823
2458595.512438 23.543291 0.011723
2458596.005505 23.555415 0.011855
2458596.498572 23.556770 0.011869
2458597.002166 23.565915 0.011970
2458597.495233 23.546741 0.011760
2458597.988300 23.533954 0.011623
2458712.204272 23.088458 0.009170
2458712.697339 23.057131 0.009016
2458713.200932 23.007938 0.008725
2458713.694000 22.992158 0.008701
2458714.187067 22.966150 0.008588
2458714.690660 22.959200 0.008610
2458715.183727 22.927973 0.008414
2458715.676794 22.916255 0.008340
2458716.180388 22.923260 0.008375
2458716.673455 22.944714 0.008495
2458717.166522 22.973032 0.008650
2458717.670116 22.981098 0.008634
2458718.163183 23.003273 0.008733
2458718.656250 23.025850 0.008845
2458719.159844 23.041649 0.008915
2458719.652911 23.043700 0.008893
2458720.145978 23.053590 0.008958
2458720.649571 23.060254 0.009030
2458721.142638 21.439440 0.004107
2458721.635706 22.059667 0.005451
2458722.139299 22.109828 0.005609
2458722.632366 22.891355 0.008257
2458723.125433 22.964914 0.008605
2458723.629027 22.998801 0.008694
2458724.122094 23.055786 0.009011
2458724.615161 23.090221 0.009171
2458725.118755 23.103477 0.009170
2458725.611822 23.148228 0.009456
2458726.104889 23.172163 0.009577
2458726.608482 23.188534 0.009640
2458727.101550 23.206347 0.009726
2458727.594617 23.214445 0.009733
2458728.098210 23.248111 0.009976
2458728.591277 23.267902 0.010101
2458729.084344 23.277148 0.010134
2458729.587938 23.278497 0.010096
2458730.081005 23.306445 0.010313
2458730.574072 23.308447 0.010288
2458731.077666 23.317347 0.010331
2458731.570733 23.329931 0.010412
2458732.063800 23.328752 0.010364
2458732.567394 23.338296 0.010420
2458733.060461 23.365084 0.010647
2458733.553528 23.366628 0.010630
2458734.057121 23.374790 0.010680
2458734.550188 23.384584 0.010747
2458735.043256 23.380293 0.010678
2458735.546849 23.386238 0.010709
2458736.039916 23.401581 0.010837
2458736.532983 23.420557 0.011003
2458737.036577 23.393049 0.010705
2458737.529644 23.411451 0.010866
2458738.022711 23.427243 0.011004
2458738.526305 23.444403 0.011158
2458739.019372 23.435356 0.011047
2458739.512439 23.442832 0.011104
2458740.016032 23.445539 0.011114
2458740.509100 23.452294 0.011166
2458741.002167 23.458205 0.011211
2458741.505760 23.446239 0.011072
2458741.998827 23.464950 0.011250
2458742.491894 23.445889 0.011040
2458742.995488 23.468695 0.011260
2458743.488555 23.469053 0.011251
2458743.981622 23.488437 0.011441
2458744.485216 23.479017 0.011330
2458744.978283 23.466286 0.011187
2458745.471350 23.476225 0.011279
2458745.974944 23.487801 0.011389
2458746.468011 23.462549 0.011117
2458746.961078 23.491626 0.011409
2458747.464671 23.494001 0.011425
2458747.957738 23.491535 0.011390
2458748.450806 23.494733 0.011415
2458748.954399 23.516264 0.011636
2458749.447466 23.490532 0.011355
2458749.940533 23.510029 0.011554
2458750.444127 23.499409 0.011434
2458750.937194 23.492630 0.011356
2458751.430261 23.488528 0.011307
2458751.933855 23.496106 0.011380
2458752.426922 23.528749 0.011721
2458752.919989 23.521222 0.011634
2458753.423582 23.509009 0.011499
2458753.916650 23.518226 0.011591
2458754.409717 23.532342 0.011738
2458754.913310 23.507156 0.011464
2458755.406377 23.514586 0.011538
2458755.899444 23.513282 0.011520
2458756.403038 23.527145 0.011663
2458756.896105 23.526580 0.011653
2458757.389172 23.521222 0.011592
2458757.892766 23.525261 0.011631
2458758.385833 23.512537 0.011492
2458758.878900 23.504198 0.011401
2458759.382494 23.507897 0.011436
2458759.875561 23.505399 0.011407
2458760.368628 23.500145 0.011349
2458760.872221 23.524132 0.011599
2458761.365288 23.523381 0.011589
2458761.858356 23.495556 0.011293
2458762.361949 23.542908 0.011793
2458762.855016 23.508267 0.011421
2458763.348083 23.527617 0.011623
2458763.851677 23.530828 0.011656
2458764.344744 23.535758 0.011706
2458764.837811 23.543004 0.011783
2458765.341405 23.524227 0.011578
2458765.834472 23.527994 0.011617
2458766.327539 23.518881 0.011518
2458766.831132 23.521785 0.011547
2458767.324200 23.537565 0.011714
2458767.817267 23.537565 0.011712
2458768.320860 23.529032 0.011619
2458768.813927 23.519442 0.011515
2458769.306994 23.534334 0.011673
2458769.810588 23.545015 0.011786
2458770.303655 23.528560 0.011608
2458770.796722 23.537089 0.011698
2458771.300316 23.527805 0.011597
2458771.793383 23.534808 0.011671
2458772.286450 23.542334 0.011751
2458772.790044 23.545110 0.011780
2458773.283111 23.533290 0.011651
2458773.776178 23.539089 0.011712
2458774.279771 23.494367 0.011238
2458774.772838 23.554157 0.011874
2458775.265906 23.545590 0.011779
2458775.769499 23.534144 0.011655
2458776.262566 23.546549 0.011788
2458776.755633 23.540138 0.011717
2458777.259227 23.552226 0.011848
2458777.752294 23.537660 0.011689
2458778.245361 23.542334 0.011739
2458778.748955 23.529977 0.011605
2458779.242022 23.538708 0.011698
2458779.735089 23.530072 0.011605
2458780.238682 23.546549 0.011781
2458780.731750 23.520847 0.011505
2458781.224817 23.541856 0.011729
2458781.728410 23.540138 0.011710
2458782.221477 23.525544 0.011553
2458782.714544 23.526862 0.011566
2458783.218138 23.543482 0.011744
2458783.711205 23.514772 0.011437
2459622.427944 23.555705 0.011855
2459622.921011 23.538612 0.011670
2459623.424605 23.547125 0.011762
2459623.917672 23.544727 0.011736
2459624.410739 23.529977 0.011578
2459624.914332 23.538708 0.011671
2459625.407400 23.532721 0.011607
2459625.900467 23.551358 0.011808
2459626.404060 23.552709 0.011823
2459626.897127 23.541952 0.011706
2459627.390194 23.550587 0.011800
2459627.893788 23.560166 0.011904
2459628.386855 23.556383 0.011863
2459628.879922 23.566111 0.011970
2459629.383516 23.544727 0.011736
2459629.876583 23.559389 0.011896
2459630.369650 23.523475 0.011509
2459630.873244 23.568360 0.011994
2459631.366311 23.545686 0.011747
2459631.859378 23.524885 0.011524
2459632.362971 23.531112 0.011590
2459632.856038 23.528843 0.011566
2459633.349106 23.530639 0.011585
2459633.852699 23.544248 0.011731
2459634.345766 23.553095 0.011827
2459634.838833 23.533101 0.011611
2459635.342427 23.541188 0.011698
2459635.835494 23.547701 0.011768
2459636.328561 23.563475 0.011941
2459636.832155 23.563573 0.011942
2459637.325222 23.552902 0.011825
2459637.818289 23.545110 0.011740
2459638.321882 23.523381 0.011508
2459638.814950 23.534523 0.011626
2459639.308017 23.570615 0.012019
2459639.811610 23.578197 0.012104
2459640.304677 23.554641 0.011844
2459640.797744 23.529599 0.011574
2459641.301338 23.529316 0.011571
2459641.794405 23.551551 0.011810
2459642.287472 23.536328 0.011646
2459642.791066 23.548470 0.011777
2459643.284133 23.524885 0.011524
2459643.777200 23.537565 0.011659
2459644.280794 23.533669 0.011617
2459644.773861 23.547990 0.011771
2459645.266928 23.552033 0.011815
2459645.770521 23.540424 0.011690
2459646.263588 23.532248 0.011602
2459646.756656 23.537946 0.011663
2459647.260249 23.549432 0.011787
2459647.753316 23.541092 0.011697
2459648.246383 23.547413 0.011765
2459648.749977 23.572972 0.012045
2459649.243044 23.544631 0.011735
2459649.736111 23.528654 0.011564
2459650.239705 23.531490 0.011594
2459650.732772 23.529788 0.011576
2459651.225839 23.552419 0.011820
2459651.729432 23.567480 0.011985
2459652.222500 23.543195 0.011720
2459652.715567 23.520004 0.011472
2459653.219160 23.560458 0.011907
2459653.712227 23.544823 0.011737
2459654.205294 23.540710 0.011693
2459654.708888 23.563475 0.011941
2459655.201955 23.564646 0.011953
2459655.695022 23.547893 0.011770
2459656.198616 23.544535 0.011734
2459656.691683 23.527994 0.011557
2459657.184750 23.548470 0.011777
2459657.688344 23.528466 0.011562
2459658.181411 23.555318 0.011851
2459658.674478 23.549336 0.011786
2459659.178071 23.540042 0.011686
2459659.671138 23.558904 0.011890
2459660.164206 23.544631 0.011735
2459660.667799 23.549817 0.011791
2459661.160866 23.547125 0.011762
2459661.653933 23.546357 0.011754
2459662.157527 23.557352 0.011873
2459662.650594 23.537470 0.011658
2459663.143661 23.549143 0.011784
2459663.647255 23.554544 0.011843
2459664.140322 23.539566 0.011680
2459664.633389 23.536804 0.011651
2459665.136982 23.553385 0.011830
2459665.630050 23.545302 0.011742
2459666.123117 23.560069 0.011903
2459666.626710 23.552709 0.011823
2459667.119777 23.530355 0.011582
2459667.612844 23.552130 0.011816
2459668.116438 23.529788 0.011576
2459668.609505 23.563865 0.011945
2459669.102572 23.538708 0.011671
2459669.606166 23.521035 0.011483
2459670.099233 23.553191 0.011828
2459670.592300 23.543387 0.011722
2459671.095894 23.531869 0.011598
2459671.588961 23.547893 0.011770
2459672.082028 23.543195 0.011720
2459672.585621 23.529693 0.011575
2459673.078688 23.540901 0.011695
2459673.571756 23.540710 0.011693
2459674.075349 23.576025 0.012079
2459674.568416 23.527334 0.011550
2459675.061483 23.542239 0.011709
2459675.565077 23.539375 0.011678
2459676.058144 23.544631 0.011735
2459676.551211 23.536994 0.011653
2459677.054805 23.560166 0.011904
2459677.547872 23.529032 0.011568
2459678.040939 23.524697 0.011522
2459678.544532 23.560069 0.011903
2459679.037600 23.541570 0.011702
2459679.530667 23.539852 0.011684
2459680.034260 23.552516 0.011821
2459680.527327 23.541379 0.011700
2459681.020394 23.538612 0.011670
2459681.523988 23.526109 0.011537
2459682.017055 23.532437 0.011604
2459682.510122 23.541092 0.011697
2459683.013716 23.551840 0.011813
2459683.506783 23.551551 0.011810
2459683.999850 23.537946 0.011663
2459684.503444 23.540138 0.011687
2459684.996511 23.548086 0.011772
2459685.489578 23.557352 0.011873
2459685.993171 23.536804 0.011651
2459686.486238 23.554351 0.011841
2459686.979306 23.556964 0.011869
2459687.482899 23.563963 0.011946
2459687.975966 23.562891 0.011934
2459688.469033 23.545686 0.011747
2459688.972627 23.538231 0.011666
2459689.465694 23.546933 0.011760
2459689.958761 23.549817 0.011791
2459690.462355 23.535473 0.011637
2459690.955422 23.549336 0.011786
2459691.448489 23.537660 0.011660
2459691.952082 23.558030 0.011881
2459692.445150 23.537089 0.011654
2459692.938217 23.533669 0.011617
2459693.441810 23.524321 0.011518
2459693.934877 23.563865 0.011945
2459807.647256 23.566697 0.011976
2459808.150849 23.541856 0.011705
2459808.643916 23.534239 0.011623
2459809.136983 23.526580 0.011542
2459809.640577 23.536994 0.011653
2459810.133644 23.546741 0.011758
2459810.626711 23.557255 0.011872
2459811.130305 23.534049 0.011621
2459811.623372 23.529032 0.011568
2459812.116439 23.530923 0.011588
2459812.620032 23.547990 0.011771
2459813.113100 23.519348 0.011465
2459813.606167 23.540042 0.011686
2459814.109760 23.554737 0.011845
2459814.602827 23.550106 0.011794
2459815.095894 23.530828 0.011587
2459815.599488 23.518319 0.011454
2459816.092555 23.553288 0.011829
2459816.585622 23.545973 0.011750
2459817.089216 23.533195 0.011612
2459817.582283 23.542813 0.011715
2459818.075350 23.541952 0.011706
2459818.578944 23.565524 0.011963
2459819.072011 23.550780 0.011802
2459819.565078 23.545877 0.011749
2459820.068671 23.538231 0.011666
2459820.561738 23.546933 0.011760
2459821.054806 23.542430 0.011711
2459821.558399 23.540997 0.011696
2459822.051466 23.538898 0.011673
2459822.544533 23.549432 0.011787
2459823.048127 23.549913 0.011792
2459823.541194 23.558904 0.011890
2459824.034261 23.545877 0.011749
2459824.537855 23.547221 0.011763
2459825.030922 23.560652 0.011910
2459825.523989 23.536613 0.011649
2459826.027582 23.557545 0.011876
2459826.520650 23.545590 0.011745
2459827.013717 23.531396 0.011593
2459827.517310 23.528843 0.011566
2459828.010377 23.557061 0.011870
2459828.503444 23.557061 0.011870
2459829.007038 23.556479 0.011864
2459829.500105 23.549817 0.011791
2459829.993172 23.537755 0.011661
2459830.496766 23.537755 0.011661
2459830.989833 23.530166 0.011580
2459831.482900 23.529410 0.011572
2459831.986494 23.555608 0.011854
2459832.479561 23.539661 0.011682
2459832.972628 23.544344 0.011732
2459833.476221 23.548086 0.011772
2459833.969288 23.538422 0.011668
2459834.462356 23.543099 0.011719
2459834.965949 23.546261 0.011753
2459835.459016 23.548470 0.011777
2459835.952083 23.527051 0.011547
2459836.455677 23.536994 0.011653
2459836.948744 23.547797 0.011769
2459837.441811 23.534998 0.011631
2459837.945405 23.528183 0.011559
2459838.438472 23.529032 0.011568
2459838.931539 23.562598 0.011931
2459839.435132 23.528843 0.011566
2459839.928200 23.527239 0.011549
2459840.421267 23.542717 0.011714
2459840.924860 23.544057 0.011729
2459841.417927 23.546357 0.011754
2459841.910994 23.531301 0.011592
2459842.414588 23.542813 0.011715
2459842.907655 23.541474 0.011701
2459843.400722 23.538612 0.011670
2459843.904316 23.538898 0.011673
2459844.397383 23.552516 0.011821
2459844.890450 23.532153 0.011601
2459845.394044 23.558127 0.011882
2459845.887111 23.557933 0.011880
2459846.380178 23.547797 0.011769
2459846.883771 23.544057 0.011729
2459847.376838 23.545302 0.011742
2459847.869906 23.553481 0.011831
2459848.373499 23.549624 0.011789
2459848.866566 23.537755 0.011661
2459849.359633 23.532627 0.011606
2459849.863227 23.557061 0.011870
2459850.356294 23.538136 0.011665
2459850.849361 23.535473 0.011637
2459851.352955 23.542048 0.011707
2459851.846022 23.530639 0.011585
2459852.339089 23.533101 0.011611
2459852.842682 23.538708 0.011671
2459853.335750 23.543482 0.011723
2459853.828817 23.543099 0.011719
2459854.332410 23.552998 0.011826
2459854.825477 23.535758 0.011640
2459855.318544 23.543865 0.011727
2459855.822138 23.531112 0.011590
2459856.315205 23.551455 0.011809
2459856.808272 23.571498 0.012029
2459857.311866 23.555995 0.011859
2459857.804933 23.561236 0.011916
2459858.298000 23.527994 0.011557
2459858.801594 23.548566 0.011778
2459859.294661 23.536423 0.011647
2459859.787728 23.563086 0.011936
2459860.291321 23.532342 0.011603
2459860.784388 23.551455 0.011809
2459861.277456 23.559292 0.011895
2459861.781049 23.546357 0.011754
2459862.274116 23.544152 0.011730
2459862.767183 23.545110 0.011740
2459863.270777 23.526109 0.011537
2459863.763844 23.539756 0.011683
2459864.256911 23.542813 0.011715
2459864.760505 23.538803 0.011672
2459865.253572 23.557352 0.011873
2459865.746639 23.531585 0.011595
2459866.250232 23.537660 0.011660
2459866.743300 23.564158 0.011948
2459867.236367 23.556479 0.011864
2459867.739960 23.546741 0.011758
2459868.233027 23.524039 0.011515
2459868.726094 23.541283 0.011699
2459869.229688 23.524979 0.011525
2459869.722755 23.549817 0.011791
2459870.215822 23.554447 0.011842
2459870.719416 23.552419 0.011820
2459871.212483 23.537850 0.011662
2459871.705550 23.532248 0.011602
2459872.209144 23.554447 0.011842
2459872.702211 23.544727 0.011736
2459873.195278 23.548278 0.011775
2459873.698871 23.546357 0.011754
2459874.191938 23.534808 0.011629
2459874.685006 23.551358 0.011808
2459875.188599 23.540138 0.011687
2459875.681666 23.538517 0.011669
2459876.174733 23.565232 0.011960
2459876.678327 23.553288 0.011829
2459877.171394 23.544919 0.011738
2459877.664461 23.537089 0.011654
2459878.168055 23.548759 0.011780
2459878.661122 23.545590 0.011745
2459879.154189 23.561430 0.011918
2459987.411250 23.543291 0.011721
2459987.904317 23.553288 0.011829
2459988.407910 23.533669 0.011617
2459988.900977 23.525826 0.011534
2459989.394044 23.537755 0.011661
2459989.897638 23.543195 0.011720
2459990.390705 23.553868 0.011835
2459990.883772 23.563865 0.011945
2459991.387366 23.536518 0.011648
2459991.880433 23.558612 0.011887
2459992.373500 23.564548 0.011952
2459992.877094 23.543578 0.011724
2459993.370161 23.540520 0.011691
2459993.863228 23.549432 0.011787
2459994.366821 23.520285 0.011475
2459994.859888 23.561625 0.011920
2459995.352956 23.525920 0.011535
2459995.856549 23.534998 0.011631
2459996.349616 23.564060 0.011947
2459996.842683 23.542334 0.011710
2459997.346277 23.546261 0.011753
2459997.839344 23.530355 0.011582
2459998.332411 23.562014 0.011924
2459998.836005 23.560361 0.011906
2459999.329072 23.541856 0.011705
2459999.822139 23.531206 0.011591
2460000.325732 23.538231 0.011666
2460000.818800 23.544248 0.011731
2460001.311867 23.528560 0.011563
2460001.815460 23.531206 0.011591
2460002.308527 23.556576 0.011865
2460002.801594 23.561722 0.011921
2460003.305188 23.549528 0.011788
2460003.798255 23.555318 0.011851
2460004.291322 23.544057 0.011729
2460004.794916 23.551744 0.011812
2460005.287983 23.541570 0.011702
2460005.781050 23.542526 0.011712
2460006.284644 23.531112 0.011590
2460006.777711 23.536233 0.011645
2460007.270778 23.538422 0.011668
2460007.774371 23.542334 0.011710
2460008.267438 23.536709 0.011650
2460008.760506 23.526768 0.011544
2460009.264099 23.533859 0.011619
2460009.757166 23.543961 0.011728
2460010.250233 23.554834 0.011846
2460010.753827 23.545302 0.011742
2460011.246894 23.541092 0.011697
2460011.739961 23.541856 0.011705
2460012.243555 23.527805 0.011555
2460012.736622 23.557448 0.011874
2460013.229689 23.527617 0.011553
2460013.733282 23.531490 0.011594
2460014.226350 23.553578 0.011832
2460014.719417 23.567675 0.011987
2460015.223010 23.541665 0.011703
2460015.716077 23.536994 0.011653
2460016.209144 23.551551 0.011810
2460016.712738 23.537279 0.011656
2460017.205805 23.526203 0.011538
2460017.698872 23.554254 0.011840
2460018.202466 23.549143 0.011784
2460018.695533 23.552998 0.011826
2460019.188600 23.545686 0.011747
2460019.692194 23.570713 0.012020
2460020.185261 23.527617 0.011553
2460020.678328 23.547990 0.011771
2460021.181921 23.551262 0.011807
2460021.674988 23.539566 0.011680
2460022.168056 23.536804 0.011651
2460022.671649 23.546549 0.011756
2460023.164716 23.565622 0.011964
2460023.657783 23.553771 0.011834
2460024.161377 23.542717 0.011714
2460024.654444 23.554447 0.011842
2460025.147511 23.554834 0.011846
2460025.651105 23.545206 0.011741
2460026.144172 23.550491 0.011799
2460026.637239 23.531680 0.011596
2460027.140832 23.540997 0.011696
2460027.633900 23.549721 0.011790
2460028.126967 23.564646 0.011953
2460028.630560 23.544057 0.011729
2460029.123627 23.550973 0.011804
2460029.616694 23.529221 0.011570
2460030.120288 23.543865 0.011727
2460030.613355 23.539184 0.011676
2460031.106422 23.538898 0.011673
2460031.610016 23.537850 0.011662
2460032.103083 23.536613 0.011649
2460032.596150 23.542908 0.011716
2460033.099744 23.554061 0.011837
2460033.592811 23.535663 0.011639
2460034.085878 23.550106 0.011794
2460034.589471 23.542430 0.011711
2460035.082538 23.556770 0.011867
2460035.575606 23.531017 0.011589
2460036.079199 23.541570 0.011702
2460036.572266 23.538612 0.011670
2460037.065333 23.544631 0.011735
2460037.568927 23.528371 0.011561
2460038.061994 23.573759 0.012054
2460038.555061 23.519442 0.011466
2460039.058655 23.550587 0.011800
2460039.551722 23.555898 0.011858
2460040.044789 23.548566 0.011778
2460040.548382 23.548182 0.011774
2460041.041450 23.547797 0.011769
2460041.534517 23.543961 0.011728
2460042.038110 23.551069 0.011805
2460042.531177 23.527617 0.011553
2460043.024244 23.543674 0.011725
2460043.527838 23.552130 0.011816
2460044.020905 23.533669 0.011617
2460044.513972 23.528843 0.011566
2460045.017566 23.536328 0.011646
2460045.510633 23.532627 0.011606
2460046.003700 23.522911 0.011503
2460046.507294 23.541283 0.011699
2460047.000361 23.548182 0.011774
2460047.493428 23.558612 0.011887
2460047.997021 23.544152 0.011730
2460048.490088 23.545206 0.011741
2460048.983156 23.533575 0.011616
2460049.486749 23.532248 0.011602
2460049.979816 23.534808 0.011629
2460050.472883 23.558904 0.011890
2460050.976477 23.561041 0.011914
2460051.469544 23.552805 0.011824
2460051.962611 23.540710 0.011693
2460052.466205 23.523193 0.011506
2460052.959272 23.546165 0.011752
2460053.452339 23.561820 0.011922
2460053.955932 23.543961 0.011728
2460054.449000 23.539756 0.011683
2460054.942067 23.535853 0.011641
2460055.445660 23.550202 0.011795
2460055.938727 23.550491 0.011799
2460056.431794 23.545206 0.011741
2460056.935388 23.546645 0.011757
2460057.428455 23.540138 0.011687
2460057.921522 23.536138 0.011644
2460058.425116 23.547509 0.011766
2460058.918183 23.530072 0.011579
