2458346.727899 22.703074 0.008751
2458347.220966 22.705315 0.008769
2458347.714033 22.716355 0.008859
2458348.217627 22.709516 0.008803
2458348.710694 22.724318 0.008924
2458349.203761 22.700837 0.008733
2458349.707355 22.729620 0.008968
2458350.200422 22.732341 0.008991
2458350.693489 22.710050 0.008808
2458351.197082 22.729197 0.008965
2458351.690150 22.722757 0.008912
2458352.183217 22.719282 0.008883
2458352.686810 22.716952 0.008864
2458353.179877 22.720299 0.008891
2458353.672944 22.702485 0.008747
2458354.176538 22.730828 0.008978
2458354.669605 22.716116 0.008857
2458355.162672 22.711831 0.008822
2458355.666266 22.718744 0.008879
2458356.159333 22.728654 0.008960
2458356.652400 22.728111 0.008956
2458357.155994 22.729197 0.008965
2458357.649061 22.726544 0.008943
2458358.142128 22.722637 0.008911
2458358.645721 22.725160 0.008931
2458359.138788 22.705197 0.008769
2458359.631856 22.711237 0.008817
2458360.135449 22.727026 0.008947
2458360.628516 22.709753 0.008805
2458361.121583 22.710643 0.008813
2458361.625177 22.709694 0.008805
2458362.118244 22.715759 0.008854
2458362.611311 22.710762 0.008814
2458363.114905 22.723177 0.008915
2458363.607972 22.712128 0.008825
2458364.101039 22.711771 0.008822
2458364.604632 22.719103 0.008882
2458365.097700 22.710346 0.008810
2458365.590767 22.717907 0.008872
2458366.094360 22.720120 0.008890
2458366.587427 22.692634 0.008668
2458367.080494 22.716713 0.008862
2458367.584088 22.703781 0.008757
2458368.077155 22.719342 0.008884
2458368.570222 22.707680 0.008789
2458369.073816 22.714209 0.008842
2458369.566883 22.719342 0.008884
2458370.059950 22.711831 0.008822
2458370.563544 22.730042 0.008971
2458371.056611 22.727749 0.008953
2458371.549678 22.731009 0.008979
2458372.053271 22.724078 0.008922
2458372.546338 22.703899 0.008758
2458373.039406 22.723838 0.008920
2458373.542999 22.718086 0.008873
2458374.036066 22.718266 0.008875
2458374.529133 22.733370 0.008999
2458375.032727 22.702838 0.008749
2458375.525794 22.730345 0.008974
2458376.018861 22.718804 0.008879
2458376.522455 22.718684 0.008878
2458377.015522 22.715282 0.008850
2458377.508589 22.715461 0.008852
2458378.012182 22.719880 0.008888
2458378.505250 22.719162 0.008882
2458378.998317 22.701072 0.008735
2458379.501910 22.716534 0.008861
2458379.994977 22.719402 0.008884
2458380.488044 22.722037 0.008906
2458380.991638 22.721018 0.008897
2458381.484705 22.705670 0.008772
2458381.977772 22.718923 0.008880
2458382.481366 22.721617 0.008902
2458382.974433 22.721438 0.008901
2458383.467500 22.710346 0.008810
2458383.971094 22.719581 0.008885
2458384.464161 22.713793 0.008838
2458384.957228 22.708154 0.008792
2458385.460821 22.691526 0.008708
2458385.953888 22.525084 0.008048
2458386.446956 22.349077 0.007305
2458386.950549 22.353296 0.007333
2458387.443616 22.363765 0.007404
2458387.936683 22.368691 0.007438
2458388.440277 22.361052 0.007386
2458388.933344 22.358947 0.007372
2458389.426411 22.348992 0.007304
2458389.930005 22.368648 0.007438
2458390.423072 22.360278 0.007381
2458390.916139 22.359161 0.007373
2458391.419732 22.353979 0.007338
2458391.912800 22.351035 0.007318
2458392.405867 22.363765 0.007404
2458392.909460 22.353723 0.007336
2458393.402527 22.367392 0.007429
2458393.895594 22.354406 0.007341
2458394.399188 22.360407 0.007381
2458394.892255 22.343053 0.007264
2458395.385322 22.353680 0.007336
2458395.888916 22.367825 0.007432
2458396.381983 22.356974 0.007358
2458396.875050 22.365016 0.007413
2458397.378644 22.385143 0.007471
2458397.871711 22.410950 0.007573
2458398.364778 22.425182 0.007600
2458398.868371 22.433150 0.007587
2458399.361438 22.478863 0.007847
2458399.854506 22.502658 0.007958
2458400.358099 22.511365 0.007961
2458400.851166 22.521987 0.007985
2458401.344233 22.531656 0.008004
2458401.847827 22.562020 0.008181
2458402.340894 22.573884 0.008225
2458402.833961 22.581022 0.008236
2458403.337555 22.598435 0.008327
2458403.830622 22.605253 0.008342
2458404.323689 22.612656 0.008364
2458404.827282 22.632243 0.008482
2458405.320350 22.643676 0.008541
2458405.813417 22.648821 0.008553
2458406.317010 22.645966 0.008503
2458406.810077 22.658054 0.008573
2458407.303144 22.668564 0.008633
2458407.806738 22.665088 0.008584
2458408.299805 22.671766 0.008617
2458408.792872 22.662814 0.008528
2458409.296466 22.689138 0.008719
2458409.789533 22.696611 0.008763
2458410.282600 22.695206 0.008737
2458410.786194 22.715163 0.008885
2458411.279261 22.723237 0.008938
2458411.772328 22.713733 0.008848
2458412.275921 22.717191 0.008866
2458412.768988 22.720180 0.008890
2458413.262056 22.725220 0.008932
2458413.765649 22.714686 0.008846
2458414.258716 22.720299 0.008891
2458414.751783 22.722457 0.008909
2458415.255377 22.733916 0.009004
2458415.748444 22.729378 0.008966
2458416.241511 22.716236 0.008858
2458416.745105 22.709931 0.008807
2458417.238172 22.715639 0.008853
2458417.731239 22.726063 0.008939
2458418.234832 22.703133 0.008752
2458526.481367 22.728292 0.008957
2458526.984960 22.713436 0.008835
2458527.478027 22.720779 0.008895
2458527.971094 22.708924 0.008799
2458528.474688 22.723417 0.008917
2458528.967755 22.718325 0.008875
2458529.460822 22.731554 0.008984
2458529.964416 22.720359 0.008892
2458530.457483 22.722817 0.008912
2458530.950550 22.726665 0.008944
2458531.454144 22.709872 0.008806
2458531.947211 22.723357 0.008916
2458532.440278 22.693627 0.008676
2458532.943871 22.737742 0.009035
2458533.436938 22.717847 0.008871
2458533.930006 22.702131 0.008744
2458534.433599 22.711177 0.008817
2458534.926666 22.713555 0.008836
2458535.419733 22.709872 0.008806
2458535.923327 22.726183 0.008940
2458536.416394 22.718565 0.008877
2458536.909461 22.696962 0.008702
2458537.413055 22.713912 0.008839
2458537.906122 22.728111 0.008956
2458538.399189 22.715818 0.008855
2458538.902782 22.725822 0.008937
2458539.395850 22.715759 0.008854
2458539.888917 22.712009 0.008824
2458540.392510 22.720539 0.008893
2458540.885577 22.718445 0.008876
2458541.378644 22.711831 0.008822
2458541.882238 22.709990 0.008807
2458542.375305 22.699132 0.008720
2458542.868372 22.722217 0.008907
2458543.371966 22.725401 0.008933
2458543.865033 22.713198 0.008833
2458544.358100 22.725822 0.008937
2458544.861694 22.711712 0.008821
2458545.354761 22.731372 0.008982
2458545.847828 22.726604 0.008943
2458546.351421 22.700484 0.008731
2458546.844488 22.726785 0.008945
2458547.337556 22.725701 0.008936
2458547.841149 22.710821 0.008814
2458548.334216 22.731009 0.008979
2458548.827283 22.724378 0.008925
2458549.330877 22.718266 0.008875
2458549.823944 22.722517 0.008910
2458550.317011 22.716295 0.008859
2458550.820605 22.725701 0.008936
2458551.313672 22.706615 0.008780
2458551.806739 22.708154 0.008792
2458552.310332 22.720359 0.008892
2458552.803400 22.718027 0.008873
2458553.296467 22.720419 0.008892
2458553.800060 22.706615 0.008780
2458554.293127 22.712128 0.008825
2458554.786194 22.728714 0.008961
2458555.289788 22.721737 0.008903
2458555.782855 22.713971 0.008840
2458556.275922 22.732704 0.008994
2458556.779516 22.700778 0.008733
2458557.272583 22.713138 0.008833
2458557.765650 22.723898 0.008921
2458558.269244 22.717907 0.008872
2458558.762311 22.718325 0.008875
2458559.255378 22.718744 0.008879
2458559.758971 22.715222 0.008850
2458560.252038 22.732704 0.008994
2458560.745106 22.712068 0.008824
2458561.248699 22.729680 0.008969
2458561.741766 22.715461 0.008852
2458562.234833 22.722337 0.008908
2458562.738427 22.721318 0.008900
2458563.231494 22.708627 0.008796
2458563.724561 22.713912 0.008839
2458564.228155 22.720419 0.008892
2458564.721222 22.727809 0.008953
2458565.214289 22.725220 0.008932
2458565.717882 22.705906 0.008774
2458566.210950 22.713555 0.008836
2458566.704017 22.710524 0.008812
2458567.207610 22.726484 0.008942
2458567.700677 22.719342 0.008884
2458568.193744 22.718923 0.008880
2458568.697338 22.722937 0.008913
2458569.190405 22.712009 0.008824
2458569.683472 22.720240 0.008891
2458570.187066 22.714805 0.008846
2458570.680133 22.706024 0.008775
2458571.173200 22.715639 0.008853
2458571.676794 22.720299 0.008891
2458572.169861 22.729318 0.008966
2458572.662928 22.717191 0.008866
2458573.166521 22.711296 0.008818
2458573.659588 22.724499 0.008926
2458574.152656 22.698663 0.008716
2458574.656249 22.711949 0.008823
2458575.149316 22.713971 0.008840
2458575.642383 22.714746 0.008846
2458576.145977 22.714865 0.008847
2458576.639044 22.726123 0.008939
2458577.132111 22.724258 0.008924
2458577.635705 22.727689 0.008952
2458578.128772 22.708627 0.008796
2458578.621839 22.732946 0.008996
2458579.125432 22.710940 0.008815
2458579.618500 22.703192 0.008752
2458580.111567 22.721797 0.008904
2458580.615160 22.722577 0.008910
2458581.108227 22.723597 0.008918
2458581.601294 22.726063 0.008939
2458582.104888 22.700131 0.008728
2458582.597955 22.730526 0.008975
2458583.091022 22.713793 0.008838
2458583.594616 22.711534 0.008820
2458584.087683 22.713317 0.008834
2458584.580750 22.714150 0.008841
2458585.084344 22.709279 0.008802
2458585.577411 22.713733 0.008838
2458586.070478 22.720359 0.008892
2458586.574071 22.709042 0.008800
2458587.067138 22.714388 0.008843
2458587.560206 22.731675 0.008985
2458588.063799 22.716057 0.008857
2458588.556866 22.709042 0.008800
2458589.049933 22.708450 0.008795
2458589.553527 22.723297 0.008916
2458590.046594 22.721378 0.008900
2458590.539661 22.714865 0.008847
2458591.043255 22.714805 0.008846
2458591.536322 22.706674 0.008780
2458592.029389 22.710524 0.008812
2458592.532982 22.710346 0.008810
2458593.026050 22.711534 0.008820
2458593.519117 22.707621 0.008788
2458594.022710 22.704961 0.008767
2458594.515777 22.711890 0.008823
2458595.008844 22.724679 0.008927
2458595.512438 22.717609 0.008869
2458596.005505 22.720599 0.008894
2458596.498572 22.721917 0.008905
2458597.002166 22.709161 0.008801
2458597.495233 22.726303 0.008941
2458597.988300 22.709813 0.008806
2458712.204272 22.715103 0.008849
2458712.697339 22.735918 0.009020
2458713.200932 22.724559 0.008926
2458713.694000 22.704194 0.008760
2458714.187067 22.715699 0.008854
2458714.690660 22.714209 0.008842
2458715.183727 22.706852 0.008782
2458715.676794 22.704017 0.008759
2458716.180388 22.711593 0.008820
2458716.673455 22.714448 0.008844
2458717.166522 22.710109 0.008808
2458717.670116 22.689371 0.008642
2458718.163183 22.726665 0.008944
2458718.656250 22.724739 0.008928
2458719.159844 22.713436 0.008835
2458719.652911 22.730647 0.008976
2458720.145978 22.706320 0.008778
2458720.649571 22.717250 0.008866
2458721.142638 22.713198 0.008833
2458721.635706 22.713793 0.008838
2458722.139299 22.706261 0.008777
2458722.632366 22.706379 0.008778
2458723.125433 22.719641 0.008886
2458723.629027 22.716892 0.008863
2458724.122094 22.719162 0.008882
2458724.615161 22.704371 0.008762
2458725.118755 22.721617 0.008902
2458725.611822 22.715699 0.008854
2458726.104889 22.716534 0.008861
2458726.608482 22.716534 0.008861
2458727.101550 22.708213 0.008793
2458727.594617 22.733976 0.009004
2458728.098210 22.694679 0.008684
2458728.591277 22.715699 0.008854
2458729.084344 22.715043 0.008848
2458729.587938 22.705197 0.008769
2458730.081005 22.705315 0.008769
2458730.574072 22.715222 0.008850
2458731.077666 22.708983 0.008799
2458731.570733 22.706674 0.008780
2458732.063800 22.720240 0.008891
2458732.567394 22.735068 0.009013
2458733.060461 22.710524 0.008812
2458733.553528 22.701955 0.008742
2458734.057121 22.705256 0.008769
2458734.550188 22.708924 0.008799
2458735.043256 22.709338 0.008802
2458735.546849 22.723297 0.008916
2458736.039916 22.726604 0.008943
2458736.532983 22.724378 0.008925
2458737.036577 22.721677 0.008903
2458737.529644 22.716952 0.008864
2458738.022711 22.712365 0.008827
2458738.526305 22.713257 0.008834
2458739.019372 22.713971 0.008840
2458739.512439 22.730405 0.008974
2458740.016032 22.727749 0.008953
2458740.509100 22.725701 0.008936
2458741.002167 22.721677 0.008903
2458741.505760 22.727327 0.008949
2458741.998827 22.722277 0.008908
2458742.491894 22.714507 0.008844
2458742.995488 22.721617 0.008902
2458743.488555 22.721078 0.008898
2458743.981622 22.718505 0.008877
2458744.485216 22.710524 0.008812
2458744.978283 22.707621 0.008788
2458745.471350 22.726243 0.008940
2458745.974944 22.728413 0.008958
2458746.468011 22.703663 0.008756
2458746.961078 22.715341 0.008851
2458747.464671 22.722037 0.008906
2458747.957738 22.715580 0.008853
2458748.450806 22.713138 0.008833
2458748.954399 22.721977 0.008905
2458749.447466 22.711237 0.008817
2458749.940533 22.721797 0.008904
2458750.444127 22.717191 0.008866
2458750.937194 22.724198 0.008923
2458751.430261 22.721498 0.008901
2458751.933855 22.722097 0.008906
2458752.426922 22.709694 0.008805
2458752.919989 22.718565 0.008877
2458753.423582 22.715043 0.008848
2458753.916650 22.727749 0.008953
2458754.409717 22.718744 0.008879
2458754.913310 22.717907 0.008872
2458755.406377 22.734340 0.009007
2458755.899444 22.715341 0.008851
2458756.403038 22.722097 0.008906
2458756.896105 22.715997 0.008856
2458757.389172 22.719282 0.008883
2458757.892766 22.715103 0.008849
2458758.385833 22.723898 0.008921
2458758.878900 22.712306 0.008826
2458759.382494 22.731796 0.008986
2458759.875561 22.715639 0.008853
2458760.368628 22.711949 0.008823
2458760.872221 22.702543 0.008747
2458761.365288 22.716594 0.008861
2458761.858356 22.725040 0.008930
2458762.361949 22.727388 0.008950
2458762.855016 22.715997 0.008856
2458763.348083 22.705965 0.008775
2458763.851677 22.721977 0.008905
2458764.344744 22.717250 0.008866
2458764.837811 22.697959 0.008710
2458765.341405 22.711831 0.008822
2458765.834472 22.709872 0.008806
2458766.327539 22.706852 0.008782
2458766.831132 22.729257 0.008965
2458767.324200 22.717549 0.008869
2458767.817267 22.738351 0.009040
2458768.320860 22.722817 0.008912
2458768.813927 22.726063 0.008939
2458769.306994 22.716355 0.008859
2458769.810588 22.727990 0.008955
2458770.303655 22.719641 0.008886
2458770.796722 22.726906 0.008946
2458771.300316 22.713674 0.008837
2458771.793383 22.741521 0.009067
2458772.286450 22.705197 0.008769
2458772.790044 22.709694 0.008805
2458773.283111 22.721498 0.008901
2458773.776178 22.724258 0.008924
2458774.279771 22.710287 0.008810
2458774.772838 22.717847 0.008871
2458775.265906 22.706083 0.008776
2458775.769499 22.729922 0.008971
2458776.262566 22.703074 0.008751
2458776.755633 22.720180 0.008890
2458777.259227 22.732038 0.008988
2458777.752294 22.712544 0.008828
2458778.245361 22.701896 0.008742
2458778.748955 22.728352 0.008958
2458779.242022 22.722457 0.008909
2458779.735089 22.728835 0.008962
2458780.238682 22.706497 0.008779
2458780.731750 22.719462 0.008884
2458781.224817 22.725100 0.008931
2458781.728410 22.728533 0.008959
2458782.221477 22.721258 0.008899
2458782.714544 22.724378 0.008925
2458783.218138 22.716415 0.008860
2458783.711205 22.718624 0.008878
2459622.427944 22.720719 0.008895
2459622.921011 22.707443 0.008787
2459623.424605 22.701248 0.008737
2459623.917672 22.725100 0.008931
2459624.410739 22.722157 0.008907
2459624.914332 22.714507 0.008844
2459625.407400 22.713079 0.008832
2459625.900467 22.719342 0.008884
2459626.404060 22.720838 0.008896
2459626.897127 22.718146 0.008874
2459627.390194 22.708154 0.008792
2459627.893788 22.710821 0.008814
2459628.386855 22.718565 0.008877
2459628.879922 22.722697 0.008911
2459629.383516 22.730707 0.008977
2459629.876583 22.721078 0.008898
2459630.369650 22.722157 0.008907
2459630.873244 22.725401 0.008933
2459631.366311 22.727327 0.008949
2459631.859378 22.720898 0.008896
2459632.362971 22.725701 0.008936
2459632.856038 22.719402 0.008884
2459633.349106 22.720419 0.008892
2459633.852699 22.719701 0.008886
2459634.345766 22.714567 0.008845
2459634.838833 22.737742 0.009035
2459635.342427 22.710643 0.008813
2459635.835494 22.707502 0.008787
2459636.328561 22.710050 0.008808
2459636.832155 22.717370 0.008867
2459637.325222 22.721558 0.008902
2459637.818289 22.707858 0.008790
2459638.321882 22.715043 0.008848
2459638.814950 22.719761 0.008887
2459639.308017 22.720779 0.008895
2459639.811610 22.716057 0.008857
2459640.304677 22.736708 0.009027
2459640.797744 22.714626 0.008845
2459641.301338 22.691234 0.008656
2459641.794405 22.725100 0.008931
2459642.287472 22.711593 0.008820
2459642.791066 22.728171 0.008956
2459643.284133 22.727327 0.008949
2459643.777200 22.724679 0.008927
2459644.280794 22.732098 0.008989
2459644.773861 22.729016 0.008963
2459645.266928 22.719701 0.008886
2459645.770521 22.713495 0.008836
2459646.263588 22.713971 0.008840
2459646.756656 22.717967 0.008872
2459647.260249 22.722217 0.008907
2459647.753316 22.719462 0.008884
2459648.246383 22.716832 0.008863
2459648.749977 22.721917 0.008905
2459649.243044 22.708390 0.008794
2459649.736111 22.719342 0.008884
2459650.239705 22.721318 0.008900
2459650.732772 22.705434 0.008770
2459651.225839 22.713436 0.008835
2459651.729432 22.727448 0.008950
2459652.222500 22.709161 0.008801
2459652.715567 22.726063 0.008939
2459653.219160 22.719043 0.008881
2459653.712227 22.703545 0.008755
2459654.205294 22.725882 0.008937
2459654.708888 22.729861 0.008970
2459655.201955 22.723718 0.008919
2459655.695022 22.708213 0.008793
2459656.198616 22.716116 0.008857
2459656.691683 22.702602 0.008748
2459657.184750 22.714209 0.008842
2459657.688344 22.718863 0.008880
2459658.181411 22.727629 0.008952
2459658.674478 22.700190 0.008728
2459659.178071 22.718744 0.008879
2459659.671138 22.727026 0.008947
2459660.164206 22.701366 0.008738
2459660.667799 22.701719 0.008740
2459661.160866 22.719880 0.008888
2459661.653933 22.729982 0.008971
2459662.157527 22.710821 0.008814
2459662.650594 22.724859 0.008929
2459663.143661 22.721797 0.008904
2459663.647255 22.736951 0.009029
2459664.140322 22.738046 0.009038
2459664.633389 22.706497 0.008779
2459665.136982 22.714865 0.008847
2459665.630050 22.714746 0.008846
2459666.123117 22.703015 0.008751
2459666.626710 22.710821 0.008814
2459667.119777 22.727568 0.008951
2459667.612844 22.721138 0.008898
2459668.116438 22.731009 0.008979
2459668.609505 22.717549 0.008869
2459669.102572 22.719462 0.008884
2459669.606166 22.708331 0.008794
2459670.099233 22.725100 0.008931
2459670.592300 22.707917 0.008791
2459671.095894 22.707621 0.008788
2459671.588961 22.718863 0.008880
2459672.082028 22.723658 0.008919
2459672.585621 22.717728 0.008870
2459673.078688 22.719761 0.008887
2459673.571756 22.721018 0.008897
2459674.075349 22.708746 0.008797
2459674.568416 22.718325 0.008875
2459675.061483 22.708450 0.008795
2459675.565077 22.724318 0.008924
2459676.058144 22.725040 0.008930
2459676.551211 22.713317 0.008834
2459677.054805 22.710702 0.008813
2459677.547872 22.705965 0.008775
2459678.040939 22.701778 0.008741
2459678.544532 22.719342 0.008884
2459679.037600 22.722337 0.008908
2459679.530667 22.705197 0.008769
2459680.034260 22.706497 0.008779
2459680.527327 22.727870 0.008954
2459681.020394 22.724378 0.008925
2459681.523988 22.713614 0.008837
2459682.017055 22.715699 0.008854
2459682.510122 22.725942 0.008938
2459683.013716 22.719761 0.008887
2459683.506783 22.714507 0.008844
2459683.999850 22.729861 0.008970
2459684.503444 22.725100 0.008931
2459684.996511 22.726002 0.008938
2459685.489578 22.736526 0.009025
2459685.993171 22.725340 0.008933
2459686.486238 22.734583 0.009009
2459686.979306 22.714329 0.008843
2459687.482899 22.737986 0.009037
2459687.975966 22.715401 0.008851
2459688.469033 22.724078 0.008922
2459688.972627 22.726725 0.008944
2459689.465694 22.703133 0.008752
2459689.958761 22.717609 0.008869
2459690.462355 22.722577 0.008910
2459690.955422 22.710109 0.008808
2459691.448489 22.726002 0.008938
2459691.952082 22.715818 0.008855
2459692.445150 22.714031 0.008840
2459692.938217 22.709279 0.008802
2459693.441810 22.731070 0.008980
2459693.934877 22.721258 0.008899
2459807.647256 22.710524 0.008812
2459808.150849 22.725581 0.008935
2459808.643916 22.720060 0.008889
2459809.136983 22.720838 0.008896
2459809.640577 22.702602 0.008748
2459810.133644 22.712068 0.008824
2459810.626711 22.706970 0.008783
2459811.130305 22.718804 0.008879
2459811.623372 22.717250 0.008866
2459812.116439 22.724078 0.008922
2459812.620032 22.714746 0.008846
2459813.113100 22.708568 0.008796
2459813.606167 22.741399 0.009066
2459814.109760 22.717071 0.008865
2459814.602827 22.704194 0.008760
2459815.095894 22.720898 0.008896
2459815.599488 22.716653 0.008862
2459816.092555 22.720659 0.008894
2459816.585622 22.717011 0.008864
2459817.089216 22.693919 0.008678
2459817.582283 22.714746 0.008846
2459818.075350 22.714090 0.008841
2459818.578944 22.705079 0.008768
2459819.072011 22.704784 0.008765
2459819.565078 22.716474 0.008860
2459820.068671 22.713019 0.008832
2459820.561738 22.709931 0.008807
2459821.054806 22.716773 0.008863
2459821.558399 22.716653 0.008862
2459822.051466 22.723477 0.008917
2459822.544533 22.714209 0.008842
2459823.048127 22.719940 0.008888
2459823.541194 22.722937 0.008913
2459824.034261 22.706320 0.008778
2459824.537855 22.714746 0.008846
2459825.030922 22.719701 0.008886
2459825.523989 22.733249 0.008998
2459826.027582 22.713376 0.008835
2459826.520650 22.706615 0.008780
2459827.013717 22.717370 0.008867
2459827.517310 22.709931 0.008807
2459828.010377 22.709635 0.008804
2459828.503444 22.724198 0.008923
2459829.007038 22.701543 0.008739
2459829.500105 22.710881 0.008815
2459829.993172 22.704253 0.008761
2459830.496766 22.706615 0.008780
2459830.989833 22.711949 0.008823
2459831.482900 22.727448 0.008950
2459831.986494 22.720359 0.008892
2459832.479561 22.718804 0.008879
2459832.972628 22.721198 0.008899
2459833.476221 22.728473 0.008959
2459833.969288 22.722397 0.008909
2459834.462356 22.718565 0.008877
2459834.965949 22.729076 0.008964
2459835.459016 22.719222 0.008883
2459835.952083 22.717191 0.008866
2459836.455677 22.712365 0.008827
2459836.948744 22.722817 0.008912
2459837.441811 22.720539 0.008893
2459837.945405 22.703015 0.008751
2459838.438472 22.720599 0.008894
2459838.931539 22.723778 0.008920
2459839.435132 22.719940 0.008888
2459839.928200 22.730889 0.008978
2459840.421267 22.709872 0.008806
2459840.924860 22.710643 0.008813
2459841.417927 22.715282 0.008850
2459841.910994 22.730465 0.008975
2459842.414588 22.728533 0.008959
2459842.907655 22.715699 0.008854
2459843.400722 22.718624 0.008878
2459843.904316 22.710168 0.008809
2459844.397383 22.720120 0.008890
2459844.890450 22.736101 0.009022
2459845.394044 22.712603 0.008829
2459845.887111 22.727026 0.008947
2459846.380178 22.726665 0.008944
2459846.883771 22.726845 0.008945
2459847.376838 22.721078 0.008898
2459847.869906 22.719581 0.008885
2459848.373499 22.727508 0.008951
2459848.866566 22.719761 0.008887
2459849.359633 22.705552 0.008771
2459849.863227 22.725701 0.008936
2459850.356294 22.727086 0.008947
2459850.849361 22.721318 0.008900
2459851.352955 22.714209 0.008842
2459851.846022 22.717907 0.008872
2459852.339089 22.722817 0.008912
2459852.842682 22.714448 0.008884
2459853.335750 22.526636 0.008024
2459853.828817 22.352997 0.007331
2459854.332410 22.363463 0.007402
2459854.825477 22.365404 0.007415
2459855.318544 22.361956 0.007392
2459855.822138 22.349800 0.007310
2459856.315205 22.352954 0.007331
2459856.808272 22.349587 0.007308
2459857.311866 22.351930 0.007324
2459857.804933 22.354150 0.007339
2459858.298000 22.368734 0.007438
2459858.801594 22.357403 0.007361
2459859.294661 22.355561 0.007349
2459859.787728 22.352314 0.007327
2459860.291321 22.347207 0.007292
2459860.784388 22.359548 0.007376
2459861.277456 22.361138 0.007386
2459861.781049 22.352442 0.007327
2459862.274116 22.355904 0.007351
2459862.767183 22.355048 0.007345
2459863.270777 22.350268 0.007313
2459863.763844 22.356589 0.007356
2459864.256911 22.355304 0.007347
2459864.760505 22.380842 0.007444
2459865.253572 22.410500 0.007573
2459865.746639 22.433104 0.007658
2459866.250232 22.455719 0.007748
2459866.743300 22.463206 0.007736
2459867.236367 22.492660 0.007887
2459867.739960 22.509194 0.007947
2459868.233027 22.532915 0.008067
2459868.726094 22.543039 0.008090
2459869.229688 22.557888 0.008151
2459869.722755 22.583078 0.008296
2459870.215822 22.577920 0.008214
2459870.719416 22.600846 0.008347
2459871.212483 22.605253 0.008343
2459871.705550 22.618147 0.008407
2459872.209144 22.629376 0.008461
2459872.702211 22.637057 0.008490
2459873.195278 22.648653 0.008552
2459873.698871 22.640501 0.008461
2459874.191938 22.661225 0.008599
2459874.685006 22.681370 0.008736
2459875.188599 22.667024 0.008600
2459875.681666 22.688847 0.008754
2459876.174733 22.694445 0.008780
2459876.678327 22.688324 0.008713
2459877.171394 22.687743 0.008693
2459877.664461 22.704135 0.008810
2459878.168055 22.713793 0.008874
2459878.661122 22.697548 0.008730
2459879.154189 22.704194 0.008771
2459987.411250 22.712425 0.008827
2459987.904317 22.705197 0.008769
2459988.407910 22.708272 0.008793
2459988.900977 22.722457 0.008909
2459989.394044 22.714150 0.008841
2459989.897638 22.700249 0.008729
2459990.390705 22.715818 0.008855
2459990.883772 22.719103 0.008882
2459991.387366 22.703840 0.008758
2459991.880433 22.711831 0.008822
2459992.373500 22.725401 0.008933
2459992.877094 22.705020 0.008767
2459993.370161 22.720599 0.008894
2459993.863228 22.714924 0.008847
2459994.366821 22.727086 0.008947
2459994.859888 22.721198 0.008899
2459995.352956 22.723597 0.008918
2459995.856549 22.705847 0.008774
2459996.349616 22.701601 0.008740
2459996.842683 22.723658 0.008919
2459997.346277 22.718804 0.008879
2459997.839344 22.732462 0.008992
2459998.332411 22.735493 0.009017
2459998.836005 22.731554 0.008984
2459999.329072 22.719701 0.008886
2459999.822139 22.699426 0.008722
2460000.325732 22.709042 0.008800
2460000.818800 22.720060 0.008889
2460001.311867 22.719880 0.008888
2460001.815460 22.731735 0.008985
2460002.308527 22.709990 0.008807
2460002.801594 22.712782 0.008830
2460003.305188 22.720779 0.008895
2460003.798255 22.722337 0.008908
2460004.291322 22.724559 0.008926
2460004.794916 22.725822 0.008937
2460005.287983 22.721857 0.008904
2460005.781050 22.701778 0.008741
2460006.284644 22.721977 0.008905
2460006.777711 22.703781 0.008757
2460007.270778 22.704902 0.008766
2460007.774371 22.710702 0.008813
2460008.267438 22.701072 0.008735
2460008.760506 22.711177 0.008817
2460009.264099 22.711474 0.008819
2460009.757166 22.702072 0.008743
2460010.250233 22.720359 0.008892
2460010.753827 22.709931 0.008807
2460011.246894 22.712900 0.008831
2460011.739961 22.722097 0.008906
2460012.243555 22.719103 0.008882
2460012.736622 22.726544 0.008943
2460013.229689 22.727689 0.008952
2460013.733282 22.730949 0.008979
2460014.226350 22.725340 0.008933
2460014.719417 22.709042 0.008800
2460015.223010 22.706379 0.008778
2460015.716077 22.721617 0.008902
2460016.209144 22.713971 0.008840
2460016.712738 22.715759 0.008854
2460017.205805 22.723958 0.008921
2460017.698872 22.712009 0.008824
2460018.202466 22.727689 0.008952
2460018.695533 22.730586 0.008976
2460019.188600 22.706083 0.008776
2460019.692194 22.720060 0.008889
2460020.185261 22.715759 0.008854
2460020.678328 22.724799 0.008928
2460021.181921 22.719103 0.008882
2460021.674988 22.707443 0.008787
2460022.168056 22.739325 0.009049
2460022.671649 22.714031 0.008840
2460023.164716 22.728714 0.008961
2460023.657783 22.717250 0.008866
2460024.161377 22.708213 0.008793
2460024.654444 22.727689 0.008952
2460025.147511 22.720838 0.008896
2460025.651105 22.702779 0.008749
2460026.144172 22.720299 0.008891
2460026.637239 22.724018 0.008922
2460027.140832 22.717131 0.008865
2460027.633900 22.708390 0.008794
2460028.126967 22.709338 0.008802
2460028.630560 22.716236 0.008858
2460029.123627 22.711652 0.008821
2460029.616694 22.709694 0.008805
2460030.120288 22.726785 0.008945
2460030.613355 22.719581 0.008885
2460031.106422 22.705670 0.008772
2460031.610016 22.717310 0.008867
2460032.103083 22.723177 0.008915
2460032.596150 22.729801 0.008970
2460033.099744 22.705847 0.008774
2460033.592811 22.710406 0.008811
2460034.085878 22.722697 0.008911
2460034.589471 22.727930 0.008954
2460035.082538 22.703663 0.008756
2460035.575606 22.718146 0.008874
2460036.079199 22.710050 0.008808
2460036.572266 22.718624 0.008878
2460037.065333 22.702249 0.008745
2460037.568927 22.709635 0.008804
2460038.061994 22.699661 0.008724
2460038.555061 22.723898 0.008921
2460039.058655 22.720779 0.008895
2460039.551722 22.717131 0.008865
2460040.044789 22.724018 0.008922
2460040.548382 22.734886 0.009012
2460041.041450 22.695323 0.008689
2460041.534517 22.730768 0.008977
2460042.038110 22.721857 0.008904
2460042.531177 22.721617 0.008902
2460043.024244 22.710940 0.008815
2460043.527838 22.713257 0.008834
2460044.020905 22.717191 0.008866
2460044.513972 22.697666 0.008708
2460045.017566 22.703722 0.008757
2460045.510633 22.715818 0.008855
2460046.003700 22.729137 0.008964
2460046.507294 22.703074 0.008751
2460047.000361 22.710228 0.008809
2460047.493428 22.724559 0.008926
2460047.997021 22.728111 0.008956
2460048.490088 22.730889 0.008978
2460048.983156 22.721198 0.008899
2460049.486749 22.724258 0.008924
2460049.979816 22.713436 0.008835
2460050.472883 22.718624 0.008878
2460050.976477 22.702543 0.008747
2460051.469544 22.719821 0.008887
2460051.962611 22.711831 0.008822
2460052.466205 22.728171 0.008956
2460052.959272 22.714090 0.008841
2460053.452339 22.712009 0.008824
2460053.955932 22.716236 0.008858
2460054.449000 22.686581 0.008619
2460054.942067 22.719222 0.008883
2460055.445660 22.712782 0.008830
2460055.938727 22.708272 0.008793
2460056.431794 22.731130 0.008980
2460056.935388 22.720060 0.008889
2460057.428455 22.728051 0.008955
2460057.921522 22.720419 0.008892
2460058.425116 22.729740 0.008969
2460058.918183 22.718505 0.008877
