2458346.727899 23.525108 0.011698
2458347.220966 23.530490 0.011756
2458347.714033 23.529719 0.011747
2458348.217627 23.542892 0.011891
2458348.710694 23.555042 0.012025
2458349.203761 23.527219 0.011720
2458349.707355 23.539098 0.011849
2458350.200422 23.533384 0.011787
2458350.693489 23.523863 0.011684
2458351.197082 23.518514 0.011627
2458351.690150 23.524725 0.011693
2458352.183217 23.551795 0.011989
2458352.686810 23.517466 0.011615
2458353.179877 23.527795 0.011727
2458353.672944 23.529719 0.011747
2458354.176538 23.520039 0.011643
2458354.669605 23.526451 0.011712
2458355.162672 23.537254 0.011829
2458355.666266 23.547188 0.011938
2458356.159333 23.543086 0.011893
2458356.652400 23.527027 0.011718
2458357.155994 23.539001 0.011848
2458357.649061 23.526835 0.011716
2458358.142128 23.536673 0.011823
2458358.645721 23.506668 0.011501
2458359.138788 23.541236 0.011873
2458359.631856 23.510161 0.011538
2458360.135449 23.533770 0.011791
2458360.628516 23.528276 0.011732
2458361.121583 23.543281 0.011895
2458361.625177 23.539098 0.011849
2458362.118244 23.524821 0.011694
2458362.611311 23.520325 0.011646
2458363.114905 23.539486 0.011853
2458363.607972 23.531357 0.011765
2458364.101039 23.519848 0.011641
2458364.604632 23.512338 0.011561
2458365.097700 23.549734 0.011966
2458365.590767 23.539098 0.011849
2458366.094360 23.539001 0.011848
2458366.587427 23.522905 0.011674
2458367.080494 23.515659 0.011596
2458367.584088 23.526355 0.011711
2458368.077155 23.539195 0.011850
2458368.570222 23.535414 0.011809
2458369.073816 23.542892 0.011891
2458369.566883 23.518704 0.011629
2458370.059950 23.538224 0.011840
2458370.563544 23.535704 0.011812
2458371.056611 23.523480 0.011680
2458371.549678 23.519181 0.011634
2458372.053271 23.536576 0.011822
2458372.546338 23.558794 0.012066
2458373.039406 23.541139 0.011872
2458373.542999 23.546503 0.011930
2458374.036066 23.561962 0.012101
2458374.529133 23.549832 0.011967
2458375.032727 23.542015 0.011881
2458375.525794 23.539486 0.011853
2458376.018861 23.539486 0.011853
2458376.522455 23.539098 0.011849
2458377.015522 23.548852 0.011956
2458377.508589 23.507894 0.011514
2458378.012182 23.548460 0.011952
2458378.505250 23.547285 0.011939
2458378.998317 23.530971 0.011761
2458379.501910 23.545428 0.011919
2458379.994977 23.530971 0.011761
2458380.488044 23.555240 0.012027
2458380.991638 23.558003 0.012057
2458381.484705 23.537254 0.011829
2458381.977772 23.539292 0.011851
2458382.481366 23.547285 0.011939
2458382.974433 23.514614 0.011585
2458383.467500 23.526931 0.011717
2458383.971094 23.548558 0.011953
2458384.464161 23.523288 0.011678
2458384.957228 23.536189 0.011818
2458385.460821 23.528949 0.011739
2458385.953888 23.508272 0.011518
2458386.446956 23.525300 0.011700
2458386.950549 23.527123 0.011719
2458387.443616 23.523863 0.011684
2458387.936683 23.535704 0.011812
2458388.440277 23.538127 0.011839
2458388.933344 23.541334 0.011874
2458389.426411 23.534640 0.011801
2458389.930005 23.519944 0.011642
2458390.423072 23.525587 0.011703
2458390.916139 23.526547 0.011713
2458391.419732 23.543964 0.011902
2458391.912800 23.537739 0.011834
2458392.405867 23.533673 0.011790
2458392.909460 23.539292 0.011851
2458393.402527 23.535124 0.011806
2458393.895594 23.549146 0.011959
2458394.399188 23.545037 0.011914
2458394.892255 23.551697 0.011988
2458395.385322 23.519181 0.011634
2458395.888916 23.543671 0.011899
2458396.381983 23.560872 0.012089
2458396.875050 23.522810 0.011673
2458397.378644 23.530971 0.011761
2458397.871711 23.531646 0.011768
2458398.364778 23.529334 0.011743
2458398.868371 23.534930 0.011804
2458399.361438 23.534253 0.011796
2458399.854506 23.539681 0.011856
2458400.358099 23.519085 0.011633
2458400.851166 23.535898 0.011814
2458401.344233 23.536382 0.011820
2458401.847827 23.540750 0.011867
2458402.340894 23.550225 0.011971
2458402.833961 23.532418 0.011777
2458403.337555 23.529527 0.011745
2458403.830622 23.551108 0.011981
2458404.323689 23.539292 0.011851
2458404.827282 23.545721 0.011922
2458405.320350 23.529142 0.011741
2458405.813417 23.525492 0.011702
2458406.317010 23.558497 0.012063
2458406.810077 23.543574 0.011898
2458407.303144 23.524341 0.011689
2458407.806738 23.531164 0.011763
2458408.299805 23.518323 0.011625
2458408.792872 23.530008 0.011750
2458409.296466 23.530779 0.011759
2458409.789533 23.526259 0.011710
2458410.282600 23.514804 0.011587
2458410.786194 23.531453 0.011766
2458411.279261 23.545330 0.011917
2458411.772328 23.542210 0.011883
2458412.275921 23.540361 0.011863
2458412.768988 23.540069 0.011860
2458413.262056 23.522905 0.011674
2458413.765649 23.557904 0.012056
2458414.258716 23.554747 0.012021
2458414.751783 23.558398 0.012062
2458415.255377 23.531936 0.011771
2458415.748444 23.536576 0.011822
2458416.241511 23.528276 0.011732
2458416.745105 23.528372 0.011733
2458417.238172 23.514614 0.011585
2458417.731239 23.548656 0.011954
2458418.234832 23.537642 0.011833
2458526.481367 23.513191 0.011570
2458526.984960 23.542697 0.011889
2458527.478027 23.549342 0.011962
2458527.971094 23.537157 0.011828
2458528.474688 23.550028 0.011969
2458528.967755 23.538127 0.011839
2458529.460822 23.537836 0.011835
2458529.964416 23.544159 0.011905
2458530.457483 23.518132 0.011623
2458530.950550 23.536673 0.011823
2458531.454144 23.552582 0.011997
2458531.947211 23.538515 0.011843
2458532.440278 23.537545 0.011832
2458532.943871 23.518323 0.011625
2458533.436938 23.513855 0.011577
2458533.930006 23.525779 0.011705
2458534.433599 23.514424 0.011583
2458534.926666 23.539292 0.011851
2458535.419733 23.522905 0.011674
2458535.923327 23.560179 0.012082
2458536.416394 23.534253 0.011796
2458536.909461 23.539292 0.011851
2458537.413055 23.553565 0.012008
2458537.906122 23.514424 0.011583
2458538.399189 23.537157 0.011828
2458538.902782 23.525587 0.011703
2458539.395850 23.531550 0.011767
2458539.888917 23.533867 0.011792
2458540.392510 23.543184 0.011894
2458540.885577 23.528949 0.011739
2458541.378644 23.539972 0.011859
2458541.882238 23.517371 0.011614
2458542.375305 23.537157 0.011828
2458542.868372 23.546307 0.011928
2458543.371966 23.524821 0.011694
2458543.865033 23.533963 0.011793
2458544.358100 23.539875 0.011858
2458544.861694 23.548754 0.011955
2458545.354761 23.512812 0.011566
2458545.847828 23.534930 0.011804
2458546.351421 23.551501 0.011985
2458546.844488 23.495604 0.011384
2458547.337556 23.534253 0.011796
2458547.841149 23.545037 0.011914
2458548.334216 23.528468 0.011734
2458548.827283 23.518609 0.011628
2458549.330877 23.552877 0.012001
2458549.823944 23.514424 0.011583
2458550.317011 23.541625 0.011877
2458550.820605 23.521376 0.011657
2458551.313672 23.527892 0.011728
2458551.806739 23.562756 0.012110
2458552.310332 23.526835 0.011716
2458552.803400 23.543086 0.011893
2458553.296467 23.533287 0.011786
2458553.800060 23.540944 0.011869
2458554.293127 23.510066 0.011537
2458554.786194 23.542599 0.011888
2458555.289788 23.538709 0.011845
2458555.782855 23.540653 0.011866
2458556.275922 23.533480 0.011788
2458556.779516 23.545037 0.011914
2458557.272583 23.504691 0.011480
2458557.765650 23.539681 0.011856
2458558.269244 23.544257 0.011906
2458558.762311 23.531936 0.011771
2458559.255378 23.522905 0.011674
2458559.758971 23.533287 0.011786
2458560.252038 23.529238 0.011742
2458560.745106 23.541625 0.011877
2458561.248699 23.538321 0.011841
2458561.741766 23.528180 0.011731
2458562.234833 23.545233 0.011916
2458562.738427 23.534157 0.011795
2458563.231494 23.545135 0.011915
2458563.724561 23.538224 0.011840
2458564.228155 23.534640 0.011801
2458564.721222 23.507517 0.011510
2458565.214289 23.544062 0.011904
2458565.717882 23.525779 0.011705
2458566.210950 23.540944 0.011869
2458566.704017 23.532997 0.011783
2458567.207610 23.532901 0.011782
2458567.700677 23.523097 0.011676
2458568.193744 23.530586 0.011757
2458568.697338 23.545721 0.011922
2458569.190405 23.526547 0.011713
2458569.683472 23.546601 0.011931
2458570.187066 23.522618 0.011671
2458570.680133 23.540458 0.011864
2458571.173200 23.518418 0.011626
2458571.676794 23.537448 0.011831
2458572.169861 23.540653 0.011866
2458572.662928 23.527123 0.011719
2458573.166521 23.534253 0.011796
2458573.659588 23.540750 0.011867
2458574.152656 23.554353 0.012017
2458574.656249 23.539583 0.011855
2458575.149316 23.512906 0.011567
2458575.642383 23.522140 0.011666
2458576.145977 23.567032 0.012158
2458576.639044 23.536092 0.011816
2458577.132111 23.524821 0.011694
2458577.635705 23.535124 0.011806
2458578.128772 23.535511 0.011810
2458578.621839 23.527892 0.011728
2458579.125432 23.537448 0.011831
2458579.618500 23.531164 0.011763
2458580.111567 23.543476 0.011897
2458580.615160 23.517466 0.011615
2458581.108227 23.554156 0.012015
2458581.601294 23.530008 0.011750
2458582.104888 23.535317 0.011808
2458582.597955 23.509877 0.011535
2458583.091022 23.536382 0.011820
2458583.594616 23.538515 0.011843
2458584.087683 23.528276 0.011732
2458584.580750 23.551697 0.011988
2458585.084344 23.546699 0.011932
2458585.577411 23.545917 0.011924
2458586.070478 23.566733 0.012155
2458586.574071 23.532997 0.011783
2458587.067138 23.561863 0.012100
2458587.560206 23.562062 0.012103
2458588.063799 23.537836 0.011835
2458588.556866 23.524533 0.011691
2458589.049933 23.538612 0.011844
2458589.553527 23.532225 0.011774
2458590.046594 23.540847 0.011868
2458590.539661 23.543671 0.011899
2458591.043255 23.529334 0.011743
2458591.536322 23.535317 0.011808
2458592.029389 23.531839 0.011770
2458592.532982 23.528949 0.011739
2458593.026050 23.515659 0.011596
2458593.519117 23.528565 0.011735
2458594.022710 23.529719 0.011747
2458594.515777 23.525587 0.011703
2458595.008844 23.531839 0.011770
2458595.512438 23.534253 0.011796
2458596.005505 23.528661 0.011736
2458596.498572 23.522810 0.011673
2458597.002166 23.540264 0.011862
2458597.495233 23.531550 0.011767
2458597.988300 23.541625 0.011877
2458712.204272 23.528565 0.011735
2458712.697339 23.536770 0.011824
2458713.200932 23.532515 0.011778
2458713.694000 23.539292 0.011851
2458714.187067 23.536770 0.011824
2458714.690660 23.522618 0.011671
2458715.183727 23.544452 0.011908
2458715.676794 23.517942 0.011621
2458716.180388 23.541625 0.011877
2458716.673455 23.532708 0.011780
2458717.166522 23.513381 0.011572
2458717.670116 23.546503 0.011930
2458718.163183 23.542015 0.011881
2458718.656250 23.530297 0.011754
2458719.159844 23.541528 0.011876
2458719.652911 23.551206 0.011982
2458720.145978 23.531550 0.011767
2458720.649571 23.517085 0.011612
2458721.142638 23.518609 0.011628
2458721.635706 23.521185 0.011655
2458722.139299 23.523097 0.011676
2458722.632366 23.542015 0.011881
2458723.125433 23.521662 0.011661
2458723.629027 23.537642 0.011833
2458724.122094 23.557114 0.012048
2458724.615161 23.523863 0.011684
2458725.118755 23.524533 0.011691
2458725.611822 23.539972 0.011859
2458726.104889 23.519467 0.011637
2458726.608482 23.521949 0.011664
2458727.101550 23.511012 0.011547
2458727.594617 23.543379 0.011896
2458728.098210 23.537642 0.011833
2458728.591277 23.537739 0.011835
2458729.084344 23.537739 0.011835
2458729.587938 23.516895 0.011609
2458730.081005 23.519562 0.011638
2458730.574072 23.545917 0.011924
2458731.077666 23.538321 0.011841
2458731.570733 23.539389 0.011853
2458732.063800 23.541723 0.011878
2458732.567394 23.540166 0.011861
2458733.060461 23.531646 0.011768
2458733.553528 23.540750 0.011867
2458734.057121 23.528565 0.011735
2458734.550188 23.525012 0.011697
2458735.043256 23.541236 0.011873
2458735.546849 23.530971 0.011761
2458736.039916 23.525300 0.011700
2458736.532983 23.540555 0.011865
2458737.036577 23.516039 0.011600
2458737.529644 23.541334 0.011874
2458738.022711 23.532708 0.011780
2458738.526305 23.540653 0.011866
2458739.019372 23.524725 0.011694
2458739.512439 23.519085 0.011633
2458740.016032 23.550323 0.011972
2458740.509100 23.525875 0.011706
2458741.002167 23.531357 0.011765
2458741.505760 23.537545 0.011832
2458741.998827 23.528468 0.011734
2458742.491894 23.545428 0.011919
2458742.995488 23.554254 0.012016
2458743.488555 23.526643 0.011714
2458743.981622 23.526163 0.011709
2458744.485216 23.531453 0.011766
2458744.978283 23.549048 0.011958
2458745.471350 23.547090 0.011937
2458745.974944 23.520803 0.011651
2458746.468011 23.514045 0.011579
2458746.961078 23.531550 0.011767
2458747.464671 23.521662 0.011661
2458747.957738 23.524341 0.011689
2458748.450806 23.547579 0.011942
2458748.954399 23.527699 0.011726
2458749.447466 23.552287 0.011994
2458749.940533 23.542404 0.011885
2458750.444127 23.514329 0.011582
2458750.937194 23.532901 0.011782
2458751.430261 23.557015 0.012047
2458751.933855 23.525587 0.011703
2458752.426922 23.522427 0.011669
2458752.919989 23.529912 0.011750
2458753.423582 23.565439 0.012140
2458753.916650 23.541528 0.011876
2458754.409717 23.537448 0.011831
2458754.913310 23.521089 0.011654
2458755.406377 23.532418 0.011777
2458755.899444 23.515754 0.011597
2458756.403038 23.530875 0.011760
2458756.896105 23.520612 0.011649
2458757.389172 23.548852 0.011956
2458757.892766 23.531068 0.011762
2458758.385833 23.542599 0.011888
2458758.878900 23.541625 0.011877
2458759.382494 23.558596 0.012064
2458759.875561 23.521185 0.011655
2458760.368628 23.546894 0.011935
2458760.872221 23.544647 0.011910
2458761.365288 23.548264 0.011950
2458761.858356 23.524246 0.011688
2458762.361949 23.531261 0.011764
2458762.855016 23.528949 0.011739
2458763.348083 23.545917 0.011924
2458763.851677 23.563550 0.012119
2458764.344744 23.543769 0.011900
2458764.837811 23.545037 0.011914
2458765.341405 23.547775 0.011944
2458765.834472 23.540653 0.011866
2458766.327539 23.535898 0.011814
2458766.831132 23.532129 0.011774
2458767.324200 23.548950 0.011957
2458767.817267 23.542210 0.011883
2458768.320860 23.540166 0.011861
2458768.813927 23.525396 0.011701
2458769.306994 23.519371 0.011636
2458769.810588 23.528853 0.011738
2458770.303655 23.540555 0.011865
2458770.796722 23.558794 0.012066
2458771.300316 23.540166 0.011861
2458771.793383 23.530393 0.011755
2458772.286450 23.534447 0.011799
2458772.790044 23.528949 0.011739
2458773.283111 23.553565 0.012008
2458773.776178 23.529527 0.011745
2458774.279771 23.534834 0.011803
2458774.772838 23.526739 0.011715
2458775.265906 23.534060 0.011794
2458775.769499 23.534930 0.011804
2458776.262566 23.544159 0.011905
2458776.755633 23.538127 0.011839
2458777.259227 23.526835 0.011716
2458777.752294 23.517752 0.011619
2458778.245361 23.545330 0.011918
2458778.748955 23.538418 0.011842
2458779.242022 23.532708 0.011780
2458779.735089 23.539195 0.011850
2458780.238682 23.534350 0.011798
2458780.731750 23.534060 0.011794
2458781.224817 23.532129 0.011774
2458781.728410 23.551501 0.011985
2458782.221477 23.536479 0.011821
2458782.714544 23.536479 0.011821
2458783.218138 23.532804 0.011781
2458783.711205 23.520516 0.011648
2459622.427944 23.542404 0.011893
2459622.921011 23.518990 0.011639
2459623.424605 23.543866 0.011909
2459623.917672 23.535608 0.011819
2459624.410739 23.534157 0.011803
2459624.914332 23.531646 0.011776
2459625.407400 23.524916 0.011703
2459625.900467 23.530297 0.011761
2459626.404060 23.538418 0.011850
2459626.897127 23.542502 0.011895
2459627.390194 23.548558 0.011961
2459627.893788 23.537739 0.011843
2459628.386855 23.528180 0.011739
2459628.879922 23.525587 0.011711
2459629.383516 23.523575 0.011689
2459629.876583 23.538904 0.011856
2459630.369650 23.532708 0.011788
2459630.873244 23.540555 0.011874
2459631.366311 23.534350 0.011806
2459631.859378 23.542697 0.011897
2459632.362971 23.524437 0.011699
2459632.856038 23.527603 0.011733
2459633.349106 23.538418 0.011851
2459633.852699 23.534350 0.011806
2459634.345766 23.523001 0.011684
2459634.838833 23.544647 0.011919
2459635.342427 23.524916 0.011705
2459635.835494 23.535027 0.011814
2459636.328561 23.517085 0.011621
2459636.832155 23.543476 0.011906
2459637.325222 23.521376 0.011667
2459637.818289 23.523192 0.011686
2459638.321882 23.530682 0.011767
2459638.814950 23.539292 0.011861
2459639.308017 23.529815 0.011758
2459639.811610 23.541334 0.011883
2459640.304677 23.551010 0.011990
2459640.797744 23.512622 0.011573
2459641.301338 23.523575 0.011691
2459641.794405 23.537642 0.011843
2459642.287472 23.538418 0.011852
2459642.791066 23.535124 0.011816
2459643.284133 23.539486 0.011864
2459643.777200 23.530490 0.011766
2459644.280794 23.531357 0.011775
2459644.773861 23.536092 0.011827
2459645.266928 23.538612 0.011854
2459645.770521 23.524437 0.011701
2459646.263588 23.519085 0.011643
2459646.756656 23.538224 0.011850
2459647.260249 23.531550 0.011778
2459647.753316 23.516800 0.011619
2459648.246383 23.556916 0.012057
2459648.749977 23.537642 0.011844
2459649.243044 23.540264 0.011873
2459649.736111 23.535414 0.011820
2459650.239705 23.541820 0.011890
2459650.732772 23.552877 0.012012
2459651.225839 23.550028 0.011981
2459651.729432 23.544062 0.011915
2459652.222500 23.521949 0.011675
2459652.715567 23.532032 0.011784
2459653.219160 23.535898 0.011826
2459653.712227 23.533287 0.011798
2459654.205294 23.547090 0.011949
2459654.708888 23.551010 0.011992
2459655.201955 23.534640 0.011813
2459655.695022 23.530008 0.011763
2459656.198616 23.535801 0.011826
2459656.691683 23.563848 0.012135
2459657.184750 23.522523 0.011682
2459657.688344 23.543281 0.011908
2459658.181411 23.505067 0.011496
2459658.674478 23.539875 0.011871
2459659.178071 23.523097 0.011689
2459659.671138 23.523192 0.011690
2459660.164206 23.528468 0.011747
2459660.667799 23.533673 0.011803
2459661.160866 23.522332 0.011681
2459661.653933 23.554944 0.012037
2459662.157527 23.526259 0.011723
2459662.650594 23.530201 0.011766
2459663.143661 23.558003 0.012071
2459663.647255 23.528084 0.011743
2459664.140322 23.534543 0.011814
2459664.633389 23.542794 0.011904
2459665.136982 23.557114 0.012062
2459665.630050 23.523480 0.011694
2459666.123117 23.527219 0.011735
2459666.626710 23.524246 0.011703
2459667.119777 23.524629 0.011707
2459667.612844 23.530971 0.011775
2459668.116438 23.524725 0.011708
2459668.609505 23.517371 0.011629
2459669.102572 23.545037 0.011929
2459669.606166 23.544062 0.011919
2459670.099233 23.521089 0.011669
2459670.592300 23.526259 0.011725
2459671.095894 23.519562 0.011653
2459671.588961 23.522140 0.011681
2459672.082028 23.532418 0.011792
2459672.585621 23.526067 0.011724
2459673.078688 23.531936 0.011787
2459673.571756 23.518132 0.011639
2459674.075349 23.544452 0.011924
2459674.568416 23.532032 0.011789
2459675.061483 23.541236 0.011889
2459675.565077 23.556028 0.012053
2459676.058144 23.536576 0.011839
2459676.551211 23.527507 0.011740
2459677.054805 23.531164 0.011780
2459677.547872 23.529045 0.011757
2459678.040939 23.530008 0.011768
2459678.544532 23.514519 0.011601
2459679.037600 23.535414 0.011827
2459679.530667 23.545233 0.011934
2459680.034260 23.535898 0.011832
2459680.527327 23.527988 0.011747
2459681.020394 23.539098 0.011868
2459681.523988 23.527795 0.011745
2459682.017055 23.537060 0.011846
2459682.510122 23.533673 0.011809
2459683.013716 23.516419 0.011623
2459683.506783 23.523097 0.011695
2459683.999850 23.515089 0.011609
2459684.503444 23.540264 0.011881
2459684.996511 23.541918 0.011900
2459685.489578 23.550028 0.011989
2459685.993171 23.523192 0.011697
2459686.486238 23.532032 0.011792
2459686.979306 23.531164 0.011783
2459687.482899 23.535608 0.011832
2459687.975966 23.520898 0.011673
2459688.469033 23.545917 0.011945
2459688.972627 23.524725 0.011714
2459689.465694 23.541820 0.011900
2459689.958761 23.541236 0.011894
2459690.462355 23.522332 0.011689
2459690.955422 23.539778 0.011878
2459691.448489 23.532225 0.011796
2459691.952082 23.530297 0.011775
2459692.445150 23.553861 0.012034
2459692.938217 23.537060 0.011849
2459693.441810 23.532804 0.011803
2459693.934877 23.518895 0.011653
2459807.647256 23.455132 0.011208
2459808.150849 23.460809 0.011270
2459808.643916 23.477562 0.011449
2459809.136983 23.471523 0.011388
2459809.640577 23.476828 0.011447
2459810.133644 23.489835 0.011589
2459810.626711 23.458733 0.011265
2459811.130305 23.487332 0.011569
2459811.623372 23.448323 0.011164
2459812.116439 23.475088 0.011446
2459812.620032 23.471432 0.011411
2459813.113100 23.467607 0.011374
2459813.606167 23.465245 0.011353
2459814.109760 23.466335 0.011368
2459814.602827 23.452977 0.011233
2459815.095894 23.462165 0.011332
2459815.599488 23.480318 0.011527
2459816.092555 23.452618 0.011240
2459816.585622 23.457652 0.011296
2459817.089216 23.453875 0.011261
2459817.582283 23.467879 0.011411
2459818.075350 23.459545 0.011328
2459818.578944 23.460358 0.011340
2459819.072011 23.471067 0.011457
2459819.565078 23.461804 0.011364
2459820.068671 23.457021 0.011318
2459820.561738 23.460990 0.011364
2459821.054806 23.457201 0.011328
2459821.558399 23.433861 0.011092
2459822.051466 23.465790 0.011427
2459822.544533 23.448412 0.011250
2459823.048127 23.414556 0.010909
2459823.541194 23.463070 0.011412
2459824.034261 23.438985 0.011166
2459824.537855 23.439605 0.011177
2459825.030922 23.447251 0.011261
2459825.523989 23.440846 0.011199
2459826.027582 23.441733 0.011213
2459826.520650 23.424296 0.011040
2459827.013717 23.422289 0.011024
2459827.517310 23.428410 0.011091
2459828.010377 23.426570 0.011077
2459828.503444 23.431660 0.011135
2459829.007038 23.424209 0.011063
2459829.500105 23.438719 0.011218
2459829.993172 23.419676 0.011028
2459830.496766 23.421766 0.011054
2459830.989833 23.420111 0.011043
2459831.482900 23.412048 0.010966
2459831.986494 23.416636 0.011018
2459832.479561 23.420982 0.011068
2459832.972628 23.429814 0.011164
2459833.476221 23.410408 0.010972
2459833.969288 23.424733 0.011123
2459834.462356 23.410666 0.010985
2459834.965949 23.420807 0.011094
2459835.459016 23.427446 0.011168
2459835.952083 23.402930 0.010925
2459836.455677 23.428410 0.011190
2459836.948744 23.411875 0.011027
2459837.441811 23.398058 0.010894
2459837.945405 23.411529 0.011036
2459838.438472 23.423248 0.011162
2459838.931539 23.427884 0.011216
2459839.435132 23.404472 0.010983
2459839.928200 23.408340 0.011028
2459840.421267 23.407995 0.011031
2459840.924860 23.382816 0.010785
2459841.417927 23.388971 0.010853
2459841.910994 23.396354 0.010933
2459842.414588 23.389648 0.010872
2459842.907655 23.390918 0.010892
2459843.400722 23.410408 0.011096
2459843.904316 23.382647 0.010823
2459844.397383 23.388718 0.010890
2459844.890450 23.404387 0.011055
2459845.394044 23.372022 0.010737
2459845.887111 23.394992 0.010974
2459846.380178 23.377447 0.010805
2459846.883771 23.386859 0.010906
2459847.376838 23.379877 0.010844
2459847.869906 23.367536 0.010728
2459848.373499 23.377866 0.010838
2459848.866566 23.370857 0.010776
2459849.359633 23.376778 0.010842
2459849.863227 23.387873 0.010961
2459850.356294 23.371772 0.010807
2459850.849361 23.376360 0.010861
2459851.352955 23.350834 0.010616
2459851.846022 23.350344 0.010619
2459852.339089 23.377364 0.010894
2459852.842682 23.322150 0.010362
2459853.335750 23.350834 0.010648
2459853.828817 23.341808 0.010568
2459854.332410 23.351160 0.010668
2459854.825477 23.351895 0.010683
2459855.318544 23.347817 0.010652
2459855.822138 23.355908 0.010741
2459856.315205 23.328850 0.010485
2459856.808272 23.341323 0.010616
2459857.311866 23.347410 0.010685
2459857.804933 23.332697 0.010551
2459858.298000 23.343754 0.010670
2459858.801594 23.323343 0.010481
2459859.294661 23.323263 0.010491
2459859.787728 23.319449 0.010465
2459860.291321 23.321752 0.010498
2459860.784388 23.319370 0.010485
2459861.277456 23.315728 0.010460
2459861.781049 23.310602 0.010421
2459862.274116 23.286405 0.010200
2459862.767183 23.311231 0.010443
2459863.270777 23.296376 0.010308
2459863.763844 23.291263 0.010265
2459864.256911 23.312255 0.010469
2459864.760505 23.306126 0.010413
2459865.253572 23.309972 0.010451
2459865.746639 23.306048 0.010414
2459866.250232 23.296764 0.010326
2459866.743300 23.315254 0.010504
2459867.236367 23.295833 0.010319
2459867.739960 23.307852 0.010435
2459868.233027 23.301669 0.010377
2459868.726094 23.302138 0.010384
2459869.229688 23.290491 0.010276
2459869.722755 23.311704 0.010482
2459870.215822 23.291340 0.010291
2459870.719416 23.281722 0.010205
2459871.212483 23.296842 0.010353
2459871.705550 23.300967 0.010397
2459872.209144 23.317152 0.010559
2459872.702211 23.277211 0.010182
2459873.195278 23.291418 0.010322
2459873.698871 23.262134 0.010052
2459874.191938 23.289333 0.010312
2459874.685006 23.302060 0.010439
2459875.188599 23.275077 0.010188
2459875.681666 23.275838 0.010200
2459876.174733 23.260855 0.010065
2459876.678327 23.283715 0.010283
2459877.171394 23.276143 0.010216
2459877.664461 23.276296 0.010222
2459878.168055 23.275686 0.010221
2459878.661122 23.262510 0.010101
2459879.154189 23.268927 0.010165
2459987.411250 23.495790 0.011540
2459987.904317 23.493739 0.011517
2459988.407910 23.492715 0.011504
2459988.900977 23.501309 0.011594
2459989.394044 23.506762 0.011650
2459989.897638 23.503281 0.011611
2459990.390705 23.514614 0.011731
2459990.883772 23.502811 0.011603
2459991.387366 23.497377 0.011543
2459991.880433 23.498499 0.011554
2459992.373500 23.521471 0.011799
2459992.877094 23.513855 0.011715
2459993.370161 23.491135 0.011471
2459993.863228 23.496630 0.011527
2459994.366821 23.495324 0.011512
2459994.859888 23.475271 0.011300
2459995.352956 23.501685 0.011576
2459995.856549 23.503656 0.011596
2459996.349616 23.499435 0.011550
2459996.842683 23.477287 0.011315
2459997.346277 23.497377 0.011525
2459997.839344 23.494764 0.011496
2459998.332411 23.509688 0.011653
2459998.836005 23.515659 0.011716
2459999.329072 23.516229 0.011721
2459999.822139 23.524916 0.011814
2460000.325732 23.507705 0.011627
2460000.818800 23.514519 0.011698
2460001.311867 23.513381 0.011685
2460001.815460 23.506668 0.011612
2460002.308527 23.505820 0.011601
2460002.801594 23.505726 0.011599
2460003.305188 23.493367 0.011466
2460003.798255 23.519848 0.011748
2460004.291322 23.523767 0.011790
2460004.794916 23.513001 0.011672
2460005.287983 23.527699 0.011830
2460005.781050 23.511580 0.011654
2460006.284644 23.508083 0.011616
2460006.777711 23.509688 0.011632
2460007.270778 23.498125 0.011508
2460007.774371 23.509783 0.011631
2460008.267438 23.513191 0.011666
2460008.760506 23.520707 0.011746
2460009.264099 23.517466 0.011710
2460009.757166 23.505161 0.011577
2460010.250233 23.512433 0.011654
2460010.753827 23.504315 0.011566
2460011.246894 23.494951 0.011466
2460011.739961 23.523192 0.011767
2460012.243555 23.520612 0.011738
2460012.736622 23.496350 0.011478
2460013.229689 23.520898 0.011739
2460013.733282 23.519848 0.011727
2460014.226350 23.528853 0.011823
2460014.719417 23.506480 0.011581
2460015.223010 23.502905 0.011542
2460015.716077 23.509216 0.011609
2460016.209144 23.527699 0.011807
2460016.712738 23.517752 0.011699
2460017.205805 23.514329 0.011661
2460017.698872 23.517371 0.011693
2460018.202466 23.514614 0.011662
2460018.695533 23.527123 0.011797
2460019.188600 23.517942 0.011696
2460019.692194 23.517847 0.011695
2460020.185261 23.519848 0.011715
2460020.678328 23.535221 0.011882
2460021.181921 23.494857 0.011447
2460021.674988 23.520039 0.011715
2460022.168056 23.512054 0.011628
2460022.671649 23.541431 0.011947
2460023.164716 23.530779 0.011829
2460023.657783 23.499810 0.011496
2460024.161377 23.506951 0.011571
2460024.654444 23.520039 0.011711
2460025.147511 23.520230 0.011712
2460025.651105 23.518228 0.011690
2460026.144172 23.506574 0.011564
2460026.637239 23.530490 0.011821
2460027.140832 23.535414 0.011874
2460027.633900 23.507989 0.011577
2460028.126967 23.542307 0.011948
2460028.630560 23.522427 0.011731
2460029.123627 23.517847 0.011681
2460029.616694 23.523480 0.011741
2460030.120288 23.517276 0.011673
2460030.613355 23.524725 0.011753
2460031.106422 23.533190 0.011844
2460031.610016 23.524054 0.011745
2460032.103083 23.515564 0.011653
2460032.596150 23.499342 0.011479
2460033.099744 23.529815 0.011805
2460033.592811 23.538127 0.011895
2460034.085878 23.518609 0.011683
2460034.589471 23.520135 0.011699
2460035.082538 23.503939 0.011525
2460035.575606 23.527892 0.011782
2460036.079199 23.517085 0.011664
2460036.572266 23.481423 0.011287
2460037.065333 23.519371 0.011688
2460037.568927 23.524916 0.011747
2460038.061994 23.548460 0.012004
2460038.555061 23.501778 0.011498
2460039.058655 23.519085 0.011683
2460039.551722 23.500934 0.011489
2460040.044789 23.517656 0.011666
2460040.548382 23.539195 0.011900
2460041.041450 23.508366 0.011566
2460041.534517 23.505914 0.011539
2460042.038110 23.527603 0.011772
2460042.531177 23.541528 0.011923
2460043.024244 23.541236 0.011920
2460043.527838 23.514519 0.011629
2460044.020905 23.523671 0.011727
2460044.513972 23.524533 0.011736
2460045.017566 23.515944 0.011643
2460045.510633 23.519658 0.011683
2460046.003700 23.513760 0.011619
2460046.507294 23.516515 0.011648
2460047.000361 23.531453 0.011809
2460047.493428 23.527507 0.011766
2460047.997021 23.492157 0.011388
2460048.490088 23.532418 0.011818
2460048.983156 23.517942 0.011661
2460049.486749 23.537060 0.011868
2460049.979816 23.523671 0.011722
2460050.472883 23.515279 0.011632
2460050.976477 23.516324 0.011642
2460051.469544 23.512717 0.011603
2460051.962611 23.525012 0.011735
2460052.466205 23.531646 0.011807
2460052.959272 23.531261 0.011802
2460053.452339 23.531936 0.011809
2460053.955932 23.523001 0.011712
2460054.449000 23.526931 0.011754
2460054.942067 23.532515 0.011814
2460055.445660 23.519944 0.011678
2460055.938727 23.532901 0.011818
2460056.431794 23.530586 0.011792
2460056.935388 23.519467 0.011672
2460057.428455 23.534447 0.011834
2460057.921522 23.526643 0.011749
2460058.425116 23.538418 0.011876
2460058.918183 23.539001 0.011883
