2458346.727899 22.453451 0.009002
2458347.220966 22.451069 0.008982
2458347.714033 22.454430 0.009010
2458348.217627 22.453329 0.009001
2458348.710694 22.458600 0.009045
2458349.203761 22.452779 0.008996
2458349.707355 22.443045 0.008916
2458350.200422 22.442682 0.008913
2458350.693489 22.451191 0.008983
2458351.197082 22.456820 0.009030
2458351.690150 22.450459 0.008977
2458352.183217 22.450764 0.008980
2458352.686810 22.468475 0.009127
2458353.179877 22.467731 0.009121
2458353.672944 22.454063 0.009007
2458354.176538 22.446017 0.008941
2458354.669605 22.443833 0.008923
2458355.162672 22.453023 0.008998
2458355.666266 22.442742 0.008914
2458356.159333 22.457310 0.009034
2458356.652400 22.437307 0.008869
2458357.155994 22.463032 0.009082
2458357.649061 22.438814 0.008881
2458358.142128 22.440746 0.008897
2458358.645721 22.441895 0.008907
2458359.138788 22.437367 0.008870
2458359.631856 22.446685 0.008946
2458360.135449 22.461615 0.009070
2458360.628516 22.453879 0.009006
2458361.121583 22.444378 0.008927
2458361.625177 22.460321 0.009059
2458362.118244 22.433878 0.008841
2458362.611311 22.451985 0.008990
2458363.114905 22.441169 0.008901
2458363.607972 22.453635 0.009004
2458364.101039 22.459768 0.009055
2458364.604632 22.448449 0.008961
2458365.097700 22.453207 0.009000
2458365.590767 22.446624 0.008946
2458366.094360 22.424847 0.008768
2458366.587427 22.449850 0.008972
2458367.080494 22.441472 0.008903
2458367.584088 22.459891 0.009056
2458368.077155 22.441109 0.008900
2458368.570222 22.448023 0.008957
2458369.073816 22.447171 0.008950
2458369.566883 22.458846 0.009047
2458370.059950 22.452412 0.008993
2458370.563544 22.459522 0.009053
2458371.056611 22.435621 0.008855
2458371.549678 22.466554 0.009111
2458372.053271 22.451252 0.008984
2458372.546338 22.457249 0.009034
2458373.039406 22.463403 0.009085
2458373.542999 22.431059 0.008818
2458374.036066 22.462601 0.009078
2458374.529133 22.427949 0.008793
2458375.032727 22.458538 0.009044
2458375.525794 22.446078 0.008941
2458376.018861 22.451557 0.008986
2458376.522455 22.438331 0.008878
2458377.015522 22.448023 0.008957
2458377.508589 22.444742 0.008930
2458378.012182 22.447293 0.008951
2458378.505250 22.446746 0.008947
2458378.998317 22.444803 0.008931
2458379.501910 22.457126 0.009033
2458379.994977 22.438814 0.008881
2458380.488044 22.446564 0.008945
2458380.991638 22.440142 0.008892
2458381.484705 22.448692 0.008963
2458381.977772 22.456023 0.009023
2458382.481366 22.442561 0.008912
2458382.974433 22.432678 0.008831
2458383.467500 22.449545 0.008970
2458383.971094 22.453635 0.009004
2458384.464161 22.454614 0.009012
2458384.957228 22.458600 0.009045
2458385.460821 22.436464 0.008862
2458385.953888 22.445774 0.008939
2458386.446956 22.460321 0.009059
2458386.950549 22.458477 0.009044
2458387.443616 22.440625 0.008896
2458387.936683 22.443106 0.008917
2458388.440277 22.461861 0.009072
2458388.933344 22.444318 0.008927
2458389.426411 22.465194 0.009100
2458389.930005 22.449606 0.008970
2458390.423072 22.458354 0.009043
2458390.916139 22.450703 0.008979
2458391.419732 22.440927 0.008899
2458391.912800 22.447475 0.008953
2458392.405867 22.441411 0.008903
2458392.909460 22.452657 0.008995
2458393.402527 22.458907 0.009047
2458393.895594 22.439961 0.008891
2458394.399188 22.448084 0.008958
2458394.892255 22.442863 0.008915
2458395.385322 22.456084 0.009024
2458395.888916 22.444681 0.008930
2458396.381983 22.456574 0.009028
2458396.875050 22.446503 0.008945
2458397.378644 22.429922 0.008809
2458397.871711 22.444621 0.008929
2458398.364778 22.441895 0.008907
2458398.868371 22.465750 0.009105
2458399.361438 22.449910 0.008973
2458399.854506 22.451985 0.008990
2458400.358099 22.449362 0.008968
2458400.851166 22.444803 0.008931
2458401.344233 22.435741 0.008856
2458401.847827 22.456145 0.009024
2458402.340894 22.454369 0.009010
2458402.833961 22.435080 0.008851
2458403.337555 22.444681 0.008930
2458403.830622 22.437849 0.008874
2458404.323689 22.441351 0.008902
2458404.827282 22.448753 0.008963
2458405.320350 22.445228 0.008934
2458405.813417 22.461307 0.009067
2458406.317010 22.447293 0.008951
2458406.810077 22.457679 0.009037
2458407.303144 22.458969 0.009048
2458407.806738 22.443651 0.008921
2458408.299805 22.456758 0.009030
2458408.792872 22.445774 0.008939
2458409.296466 22.447293 0.008951
2458409.789533 22.438211 0.008877
2458410.282600 22.445956 0.008940
2458410.786194 22.433638 0.008839
2458411.279261 22.455961 0.009023
2458411.772328 22.445410 0.008936
2458412.275921 22.453512 0.009003
2458412.768988 22.435260 0.008852
2458413.262056 22.450581 0.008978
2458413.765649 22.436283 0.008861
2458414.258716 22.446746 0.008947
2458414.751783 22.452534 0.008994
2458415.255377 22.440384 0.008894
2458415.748444 22.434719 0.008848
2458416.241511 22.457310 0.009034
2458416.745105 22.446199 0.008942
2458417.238172 22.436163 0.008860
2458417.731239 22.443954 0.008924
2458418.234832 22.428128 0.008795
2458526.481367 22.442198 0.008909
2458526.984960 22.432078 0.008827
2458527.478027 22.442258 0.008910
2458527.971094 22.444439 0.008928
2458528.474688 22.452962 0.008998
2458528.967755 22.451863 0.008989
2458529.460822 22.438211 0.008877
2458529.964416 22.455348 0.009018
2458530.457483 22.452657 0.008996
2458530.950550 22.433218 0.008836
2458531.454144 22.441048 0.008900
2458531.947211 22.434659 0.008848
2458532.440278 22.448205 0.008959
2458532.943871 22.441653 0.008905
2458533.436938 22.462971 0.009081
2458533.930006 22.437307 0.008869
2458534.433599 22.449728 0.008971
2458534.926666 22.443408 0.008919
2458535.419733 22.438331 0.008878
2458535.923327 22.454063 0.009007
2458536.416394 22.448692 0.008963
2458536.909461 22.432378 0.008829
2458537.413055 22.443772 0.008922
2458537.906122 22.471517 0.009153
2458538.399189 22.448144 0.008958
2458538.902782 22.429922 0.008809
2458539.395850 22.441169 0.008901
2458539.888917 22.463588 0.009087
2458540.392510 22.452107 0.008991
2458540.885577 22.458538 0.009044
2458541.378644 22.454002 0.009007
2458541.882238 22.447536 0.008953
2458542.375305 22.459460 0.009052
2458542.868372 22.443893 0.008923
2458543.371966 22.455655 0.009020
2458543.865033 22.442319 0.008910
2458544.358100 22.452107 0.008991
2458544.861694 22.447597 0.008954
2458545.354761 22.434779 0.008849
2458545.847828 22.447658 0.008954
2458546.351421 22.459276 0.009051
2458546.844488 22.444378 0.008927
2458547.337556 22.452351 0.008993
2458547.841149 22.455594 0.009020
2458548.334216 22.451740 0.008988
2458548.827283 22.438090 0.008876
2458549.330877 22.449850 0.008972
2458549.823944 22.451374 0.008985
2458550.317011 22.440625 0.008896
2458550.820605 22.465441 0.009102
2458551.313672 22.443893 0.008923
2458551.806739 22.459030 0.009049
2458552.310332 22.444500 0.008928
2458552.803400 22.450764 0.008980
2458553.296467 22.445956 0.008940
2458553.800060 22.466059 0.009107
2458554.293127 22.448084 0.008958
2458554.786194 22.447779 0.008955
2458555.289788 22.458969 0.009048
2458555.782855 22.450154 0.008975
2458556.275922 22.455226 0.009017
2458556.779516 22.450764 0.008980
2458557.272583 22.448570 0.008962
2458557.765650 22.449240 0.008967
2458558.269244 22.441351 0.008902
2458558.762311 22.457310 0.009034
2458559.255378 22.456268 0.009026
2458559.758971 22.457004 0.009032
2458560.252038 22.451008 0.008982
2458560.745106 22.447475 0.008953
2458561.248699 22.466678 0.009113
2458561.741766 22.457924 0.009039
2458562.234833 22.449850 0.008972
2458562.738427 22.453207 0.009000
2458563.231494 22.455961 0.009023
2458563.724561 22.443893 0.008923
2458564.228155 22.449789 0.008972
2458564.721222 22.445713 0.008938
2458565.214289 22.437307 0.008869
2458565.717882 22.448266 0.008959
2458566.210950 22.442016 0.008908
2458566.704017 22.452840 0.008997
2458567.207610 22.435621 0.008856
2458567.700677 22.450642 0.008979
2458568.193744 22.463032 0.009082
2458568.697338 22.449789 0.008972
2458569.190405 22.448510 0.008961
2458569.683472 22.446017 0.008941
2458570.187066 22.446442 0.008944
2458570.680133 22.450886 0.008981
2458571.173200 22.449240 0.008967
2458571.676794 22.452596 0.008995
2458572.169861 22.443833 0.008923
2458572.662928 22.455961 0.009023
2458573.166521 22.452046 0.008991
2458573.659588 22.456390 0.009027
2458574.152656 22.437126 0.008868
2458574.656249 22.447962 0.008957
2458575.149316 22.462231 0.009075
2458575.642383 22.456329 0.009026
2458576.145977 22.447050 0.008949
2458576.639044 22.477315 0.009202
2458577.132111 22.454063 0.009007
2458577.635705 22.438934 0.008883
2458578.128772 22.448023 0.008957
2458578.621839 22.456145 0.009025
2458579.125432 22.457065 0.009032
2458579.618500 22.429204 0.008803
2458580.111567 22.444924 0.008932
2458580.615160 22.423062 0.008754
2458581.108227 22.448205 0.008959
2458581.601294 22.459522 0.009053
2458582.104888 22.446624 0.008946
2458582.597955 22.456329 0.009026
2458583.091022 22.456513 0.009028
2458583.594616 22.446199 0.008942
2458584.087683 22.443651 0.008921
2458584.580750 22.450398 0.008977
2458585.084344 22.429323 0.008804
2458585.577411 22.448023 0.008957
2458586.070478 22.440081 0.008892
2458586.574071 22.439417 0.008887
2458587.067138 22.439357 0.008886
2458587.560206 22.455655 0.009021
2458588.063799 22.443833 0.008923
2458588.556866 22.455104 0.009016
2458589.049933 22.451252 0.008984
2458589.553527 22.460814 0.009064
2458590.046594 22.445774 0.008939
2458590.539661 22.428128 0.008795
2458591.043255 22.443287 0.008918
2458591.536322 22.440988 0.008900
2458592.029389 22.450337 0.008977
2458592.532982 22.454797 0.009014
2458593.026050 22.436524 0.008863
2458593.519117 22.440504 0.008896
2458594.022710 22.453941 0.009006
2458594.515777 22.444318 0.008927
2458595.008844 22.454185 0.009009
2458595.512438 22.459706 0.009054
2458596.005505 22.460260 0.009059
2458596.498572 22.445288 0.008935
2458597.002166 22.455226 0.009017
2458597.495233 22.459337 0.009051
2458597.988300 22.442440 0.008912
2458712.204272 22.432918 0.008924
2458712.697339 22.422824 0.008842
2458713.200932 22.427949 0.008885
2458713.694000 22.422052 0.008838
2458714.187067 22.416009 0.008790
2458714.690660 22.427352 0.008883
2458715.183727 22.416246 0.008794
2458715.676794 22.416187 0.008794
2458716.180388 22.430820 0.008914
2458716.673455 22.441472 0.009003
2458717.166522 22.416305 0.008798
2458717.670116 22.404726 0.008705
2458718.163183 22.425622 0.008875
2458718.656250 22.417606 0.008810
2458719.159844 22.412530 0.008770
2458719.652911 22.391477 0.008602
2458720.145978 22.426636 0.008885
2458720.649571 22.422349 0.008851
2458721.142638 22.424252 0.008867
2458721.635706 22.422824 0.008856
2458722.139299 22.425384 0.008878
2458722.632366 22.422646 0.008856
2458723.125433 22.419915 0.008834
2458723.629027 22.414947 0.008794
2458724.122094 22.430700 0.008924
2458724.615161 22.420034 0.008837
2458725.118755 22.397326 0.008655
2458725.611822 22.424252 0.008873
2458726.104889 22.419204 0.008833
2458726.608482 22.403440 0.008707
2458727.101550 22.408122 0.008746
2458727.594617 22.412353 0.008781
2458728.098210 22.423360 0.008873
2458728.591277 22.399768 0.008684
2458729.084344 22.404784 0.008726
2458729.587938 22.396456 0.008662
2458730.081005 22.417014 0.008831
2458730.574072 22.422468 0.008880
2458731.077666 22.418789 0.008855
2458731.570733 22.402448 0.008729
2458732.063800 22.400641 0.008723
2458732.567394 22.400641 0.008734
2458733.060461 22.393501 0.008691
2458733.553528 22.395644 0.008727
2458734.057121 22.387615 0.008686
2458734.550188 22.371676 0.008579
2458735.043256 22.369693 0.008562
2458735.546849 22.396630 0.008749
2458736.039916 22.375254 0.008546
2458736.532983 22.421992 0.008894
2458737.036577 22.405428 0.008739
2458737.529644 22.412765 0.008783
2458738.022711 22.440384 0.008997
2458738.526305 22.414180 0.008773
2458739.019372 22.425860 0.008860
2458739.512439 22.413708 0.008756
2458740.016032 22.429264 0.008877
2458740.509100 22.437970 0.008944
2458741.002167 22.429264 0.008868
2458741.505760 22.418197 0.008775
2458741.998827 22.425324 0.008830
2458742.491894 22.436163 0.008916
2458742.995488 22.436223 0.008914
2458743.488555 22.423181 0.008805
2458743.981622 22.427770 0.008840
2458744.485216 22.448631 0.009010
2458744.978283 22.429563 0.008851
2458745.471350 22.426159 0.008821
2458745.974944 22.441714 0.008947
2458746.468011 22.442803 0.008954
2458746.961078 22.419738 0.008765
2458747.464671 22.433698 0.008877
2458747.957738 22.441955 0.008943
2458748.450806 22.443287 0.008953
2458748.954399 22.450337 0.009010
2458749.447466 22.442379 0.008943
2458749.940533 22.439236 0.008915
2458750.444127 22.444560 0.008958
2458750.937194 22.438452 0.008907
2458751.430261 22.452351 0.009020
2458751.933855 22.447779 0.008981
2458752.426922 22.446867 0.008973
2458752.919989 22.447354 0.008976
2458753.423582 22.432018 0.008849
2458753.916650 22.447719 0.008977
2458754.409717 22.423895 0.008782
2458754.913310 22.440867 0.008919
2458755.406377 22.447536 0.008973
2458755.899444 22.439961 0.008910
2458756.403038 22.449910 0.008992
2458756.896105 22.452473 0.009012
2458757.389172 22.446867 0.008965
2458757.892766 22.438211 0.008893
2458758.385833 22.457617 0.009053
2458758.878900 22.440988 0.008915
2458759.382494 22.447962 0.008972
2458759.875561 22.432258 0.008842
2458760.368628 22.442803 0.008928
2458760.872221 22.472014 0.009171
2458761.365288 22.454614 0.009025
2458761.858356 22.456697 0.009042
2458762.361949 22.441109 0.008913
2458762.855016 22.436945 0.008878
2458763.348083 22.452901 0.009009
2458763.851677 22.451374 0.008996
2458764.344744 22.453879 0.009016
2458764.837811 22.448570 0.008972
2458765.341405 22.439116 0.008894
2458765.834472 22.441532 0.008913
2458766.327539 22.443651 0.008931
2458766.831132 22.451740 0.008997
2458767.324200 22.447232 0.008960
2458767.817267 22.456758 0.009038
2458768.320860 22.453268 0.009009
2458768.813927 22.443045 0.008924
2458769.306994 22.454736 0.009021
2458769.810588 22.463650 0.009095
2458770.303655 22.429982 0.008817
2458770.796722 22.452962 0.009005
2458771.300316 22.439357 0.008893
2458771.793383 22.454981 0.009022
2458772.286450 22.437126 0.008874
2458772.790044 22.453268 0.009007
2458773.283111 22.433338 0.008843
2458773.776178 22.446320 0.008949
2458774.279771 22.425562 0.008779
2458774.772838 22.448510 0.008967
2458775.265906 22.455410 0.009024
2458775.769499 22.437548 0.008876
2458776.262566 22.458477 0.009049
2458776.755633 22.457740 0.009043
2458777.259227 22.449971 0.008978
2458777.752294 22.440867 0.008903
2458778.245361 22.461430 0.009073
2458778.748955 22.451069 0.008987
2458779.242022 22.454981 0.009019
2458779.735089 22.457679 0.009042
2458780.238682 22.464823 0.009101
2458780.731750 22.460752 0.009067
2458781.224817 22.451374 0.008989
2458781.728410 22.443408 0.008923
2458782.221477 22.446320 0.008947
2458782.714544 22.436102 0.008863
2458783.218138 22.456268 0.009029
2458783.711205 22.450520 0.008981
2459622.427944 22.467112 0.009116
2459622.921011 22.462169 0.009075
2459623.424605 22.459153 0.009049
2459623.917672 22.441411 0.008903
2459624.410739 22.434299 0.008845
2459624.914332 22.479880 0.009224
2459625.407400 22.453268 0.009001
2459625.900467 22.435020 0.008851
2459626.404060 22.445895 0.008940
2459626.897127 22.458477 0.009044
2459627.390194 22.466431 0.009110
2459627.893788 22.456268 0.009025
2459628.386855 22.449850 0.008972
2459628.879922 22.458231 0.009042
2459629.383516 22.444439 0.008928
2459629.876583 22.445470 0.008936
2459630.369650 22.439116 0.008884
2459630.873244 22.449545 0.008970
2459631.366311 22.442621 0.008913
2459631.859378 22.442500 0.008912
2459632.362971 22.457617 0.009037
2459632.856038 22.447840 0.008956
2459633.349106 22.454430 0.009010
2459633.852699 22.437608 0.008872
2459634.345766 22.457004 0.009032
2459634.838833 22.439538 0.008887
2459635.342427 22.459891 0.009056
2459635.835494 22.447779 0.008955
2459636.328561 22.453451 0.009002
2459636.832155 22.449058 0.008966
2459637.325222 22.444196 0.008926
2459637.818289 22.467359 0.009118
2459638.321882 22.439236 0.008885
2459638.814950 22.442379 0.008911
2459639.308017 22.469157 0.009133
2459639.811610 22.451069 0.008982
2459640.304677 22.441774 0.008906
2459640.797744 22.458784 0.009046
2459641.301338 22.450520 0.008978
2459641.794405 22.449971 0.008973
2459642.287472 22.462292 0.009076
2459642.791066 22.440021 0.008891
2459643.284133 22.455348 0.009018
2459643.777200 22.439116 0.008884
2459644.280794 22.455165 0.009016
2459644.773861 22.454797 0.009013
2459645.266928 22.443651 0.008921
2459645.770521 22.440202 0.008893
2459646.263588 22.455961 0.009023
2459646.756656 22.449362 0.008968
2459647.260249 22.432198 0.008828
2459647.753316 22.443651 0.008921
2459648.246383 22.439478 0.008887
2459648.749977 22.441169 0.008901
2459649.243044 22.455042 0.009015
2459649.736111 22.448144 0.008958
2459650.239705 22.453574 0.009003
2459650.732772 22.444136 0.008925
2459651.225839 22.444196 0.008926
2459651.729432 22.445895 0.008940
2459652.222500 22.449545 0.008970
2459652.715567 22.458538 0.009044
2459653.219160 22.440142 0.008892
2459653.712227 22.442440 0.008911
2459654.205294 22.450703 0.008979
2459654.708888 22.443166 0.008917
2459655.201955 22.444075 0.008925
2459655.695022 22.452901 0.008997
2459656.198616 22.443833 0.008923
2459656.691683 22.445835 0.008939
2459657.184750 22.451618 0.008987
2459657.688344 22.451191 0.008983
2459658.181411 22.450032 0.008974
2459658.674478 22.447171 0.008950
2459659.178071 22.438211 0.008877
2459659.671138 22.442440 0.008911
2459660.164206 22.452290 0.008992
2459660.667799 22.441411 0.008903
2459661.160866 22.453574 0.009003
2459661.653933 22.446381 0.008944
2459662.157527 22.456329 0.009026
2459662.650594 22.453207 0.009000
2459663.143661 22.464514 0.009094
2459663.647255 22.445895 0.008940
2459664.140322 22.443227 0.008918
2459664.633389 22.429922 0.008809
2459665.136982 22.444924 0.008932
2459665.630050 22.435741 0.008856
2459666.123117 22.442198 0.008909
2459666.626710 22.450703 0.008979
2459667.119777 22.455900 0.009022
2459667.612844 22.430939 0.008817
2459668.116438 22.450032 0.008974
2459668.609505 22.442924 0.008915
2459669.102572 22.443711 0.008922
2459669.606166 22.457863 0.009039
2459670.099233 22.426457 0.008781
2459670.592300 22.444742 0.008930
2459671.095894 22.439961 0.008891
2459671.588961 22.448266 0.008959
2459672.082028 22.447840 0.008956
2459672.585621 22.445713 0.008938
2459673.078688 22.446746 0.008947
2459673.571756 22.449850 0.008972
2459674.075349 22.452840 0.008997
2459674.568416 22.450398 0.008977
2459675.061483 22.433698 0.008840
2459675.565077 22.451313 0.008984
2459676.058144 22.434118 0.008843
2459676.551211 22.475191 0.009184
2459677.054805 22.453023 0.008998
2459677.547872 22.437307 0.008869
2459678.040939 22.458293 0.009042
2459678.544532 22.444924 0.008932
2459679.037600 22.431479 0.008822
2459679.530667 22.439357 0.008886
2459680.034260 22.456023 0.009023
2459680.527327 22.454614 0.009012
2459681.020394 22.451802 0.008988
2459681.523988 22.425622 0.008774
2459682.017055 22.455226 0.009017
2459682.510122 22.450520 0.008978
2459683.013716 22.452046 0.008990
2459683.506783 22.445349 0.008935
2459683.999850 22.447597 0.008954
2459684.503444 22.455716 0.009021
2459684.996511 22.449362 0.008968
2459685.489578 22.456513 0.009027
2459685.993171 22.428666 0.008799
2459686.486238 22.449484 0.008969
2459686.979306 22.451802 0.008988
2459687.482899 22.456206 0.009025
2459687.975966 22.462354 0.009076
2459688.469033 22.461738 0.009071
2459688.972627 22.439961 0.008891
2459689.465694 22.437608 0.008872
2459689.958761 22.441169 0.008901
2459690.462355 22.451130 0.008983
2459690.955422 22.456881 0.009031
2459691.448489 22.453696 0.009004
2459691.952082 22.447962 0.008957
2459692.445150 22.439297 0.008885
2459692.938217 22.455900 0.009022
2459693.441810 22.441048 0.008900
2459693.934877 22.461553 0.009069
2459807.647256 22.443408 0.008919
2459808.150849 22.451679 0.008987
2459808.643916 22.470523 0.009145
2459809.136983 22.429264 0.008804
2459809.640577 22.452351 0.008993
2459810.133644 22.440263 0.008893
2459810.626711 22.451557 0.008986
2459811.130305 22.451252 0.008984
2459811.623372 22.441472 0.008903
2459812.116439 22.452718 0.008996
2459812.620032 22.457924 0.009039
2459813.113100 22.460014 0.009057
2459813.606167 22.452657 0.008995
2459814.109760 22.438331 0.008878
2459814.602827 22.452229 0.008992
2459815.095894 22.461430 0.009068
2459815.599488 22.449179 0.008967
2459816.092555 22.449484 0.008969
2459816.585622 22.457372 0.009035
2459817.089216 22.446746 0.008947
2459817.582283 22.472637 0.009163
2459818.075350 22.448084 0.008958
2459818.578944 22.464576 0.009095
2459819.072011 22.454063 0.009007
2459819.565078 22.445410 0.008936
2459820.068671 22.456942 0.009031
2459820.561738 22.441290 0.008902
2459821.054806 22.444136 0.008925
2459821.558399 22.450032 0.008974
2459822.051466 22.433038 0.008834
2459822.544533 22.460137 0.009058
2459823.048127 22.453390 0.009002
2459823.541194 22.453635 0.009004
2459824.034261 22.437849 0.008874
2459824.537855 22.451557 0.008986
2459825.030922 22.449971 0.008973
2459825.523989 22.441774 0.008906
2459826.027582 22.462354 0.009076
2459826.520650 22.439659 0.008888
2459827.013717 22.452962 0.008998
2459827.517310 22.455410 0.009018
2459828.010377 22.453512 0.009003
2459828.503444 22.453084 0.008999
2459829.007038 22.454491 0.009011
2459829.500105 22.463279 0.009084
2459829.993172 22.465998 0.009107
2459830.496766 22.454920 0.009014
2459830.989833 22.446199 0.008942
2459831.482900 22.446078 0.008941
2459831.986494 22.457126 0.009033
2459832.479561 22.451435 0.008985
2459832.972628 22.448266 0.008959
2459833.476221 22.452657 0.008995
2459833.969288 22.447719 0.008955
2459834.462356 22.452168 0.008991
2459834.965949 22.449423 0.008969
2459835.459016 22.455410 0.009018
2459835.952083 22.446685 0.008946
2459836.455677 22.435080 0.008851
2459836.948744 22.450886 0.008981
2459837.441811 22.441895 0.008907
2459837.945405 22.450398 0.008977
2459838.438472 22.441834 0.008906
2459838.931539 22.454920 0.009014
2459839.435132 22.443227 0.008918
2459839.928200 22.448510 0.008961
2459840.421267 22.440867 0.008898
2459840.924860 22.449301 0.008968
2459841.417927 22.441472 0.008903
2459841.910994 22.455348 0.009018
2459842.414588 22.450886 0.008981
2459842.907655 22.445956 0.008940
2459843.400722 22.439116 0.008884
2459843.904316 22.463218 0.009083
2459844.397383 22.454552 0.009011
2459844.890450 22.455900 0.009022
2459845.394044 22.432618 0.008831
2459845.887111 22.451985 0.008990
2459846.380178 22.458846 0.009047
2459846.883771 22.445228 0.008934
2459847.376838 22.457433 0.009035
2459847.869906 22.451313 0.008984
2459848.373499 22.460629 0.009062
2459848.866566 22.432378 0.008829
2459849.359633 22.459214 0.009050
2459849.863227 22.438331 0.008878
2459850.356294 22.434299 0.008845
2459850.849361 22.450276 0.008976
2459851.352955 22.448997 0.008965
2459851.846022 22.440625 0.008896
2459852.339089 22.453696 0.009004
2459852.842682 22.457188 0.009033
2459853.335750 22.459891 0.009056
2459853.828817 22.447232 0.008951
2459854.332410 22.452534 0.008994
2459854.825477 22.440807 0.008898
2459855.318544 22.435441 0.008854
2459855.822138 22.449484 0.008969
2459856.315205 22.433878 0.008841
2459856.808272 22.448023 0.008957
2459857.311866 22.444500 0.008928
2459857.804933 22.450398 0.008977
2459858.298000 22.447536 0.008953
2459858.801594 22.458723 0.009046
2459859.294661 22.448692 0.008963
2459859.787728 22.444196 0.008926
2459860.291321 22.437246 0.008869
2459860.784388 22.456145 0.009024
2459861.277456 22.442137 0.008909
2459861.781049 22.456023 0.009023
2459862.274116 22.446260 0.008943
2459862.767183 22.454063 0.009007
2459863.270777 22.466493 0.009111
2459863.763844 22.439538 0.008887
2459864.256911 22.465132 0.009099
2459864.760505 22.437487 0.008871
2459865.253572 22.457433 0.009035
2459865.746639 22.454797 0.009013
2459866.250232 22.438512 0.008879
2459866.743300 22.433698 0.008840
2459867.236367 22.457249 0.009034
2459867.739960 22.450703 0.008979
2459868.233027 22.454552 0.009011
2459868.726094 22.448205 0.008959
2459869.229688 22.446624 0.008946
2459869.722755 22.452840 0.008997
2459870.215822 22.447475 0.008953
2459870.719416 22.433398 0.008837
2459871.212483 22.446685 0.008946
2459871.705550 22.448631 0.008962
2459872.209144 22.458231 0.009042
2459872.702211 22.464020 0.009090
2459873.195278 22.443651 0.008921
2459873.698871 22.449667 0.008971
2459874.191938 22.455594 0.009020
2459874.685006 22.455961 0.009023
2459875.188599 22.455961 0.009023
2459875.681666 22.458907 0.009047
2459876.174733 22.467545 0.009120
2459876.678327 22.442742 0.008914
2459877.171394 22.449789 0.008972
2459877.664461 22.454859 0.009014
2459878.168055 22.460568 0.009061
2459878.661122 22.458661 0.009045
2459879.154189 22.456574 0.009028
2459987.411250 22.460752 0.009063
2459987.904317 22.453574 0.009003
2459988.407910 22.477065 0.009200
2459988.900977 22.442924 0.008915
2459989.394044 22.454369 0.009010
2459989.897638 22.443772 0.008922
2459990.390705 22.449789 0.008972
2459990.883772 22.446199 0.008942
2459991.387366 22.448388 0.008960
2459991.880433 22.450093 0.008974
2459992.373500 22.451985 0.008990
2459992.877094 22.464143 0.009091
2459993.370161 22.464329 0.009093
2459993.863228 22.447050 0.008949
2459994.366821 22.455165 0.009016
2459994.859888 22.456084 0.009024
2459995.352956 22.430700 0.008815
2459995.856549 22.445106 0.008933
2459996.349616 22.459091 0.009049
2459996.842683 22.449118 0.008966
2459997.346277 22.461183 0.009066
2459997.839344 22.446138 0.008942
2459998.332411 22.456513 0.009027
2459998.836005 22.451618 0.008987
2459999.329072 22.440142 0.008892
2459999.822139 22.444681 0.008930
2460000.325732 22.445046 0.008933
2460000.818800 22.463032 0.009082
2460001.311867 22.442924 0.008915
2460001.815460 22.451679 0.008987
2460002.308527 22.456942 0.009031
2460002.801594 22.450032 0.008974
2460003.305188 22.452412 0.008993
2460003.798255 22.459645 0.009054
2460004.291322 22.429264 0.008804
2460004.794916 22.440867 0.008898
2460005.287983 22.447293 0.008951
2460005.781050 22.465256 0.009100
2460006.284644 22.440021 0.008891
2460006.777711 22.447354 0.008952
2460007.270778 22.439478 0.008887
2460007.774371 22.450520 0.008978
2460008.267438 22.449240 0.008967
2460008.760506 22.438572 0.008880
2460009.264099 22.446442 0.008944
2460009.757166 22.445410 0.008936
2460010.250233 22.460383 0.009060
2460010.753827 22.443227 0.008918
2460011.246894 22.453879 0.009006
2460011.739961 22.451924 0.008989
2460012.243555 22.473197 0.009167
2460012.736622 22.440565 0.008896
2460013.229689 22.443530 0.008920
2460013.733282 22.459829 0.009055
2460014.226350 22.441351 0.008902
2460014.719417 22.445713 0.008938
2460015.223010 22.448814 0.008964
2460015.716077 22.457617 0.009037
2460016.209144 22.449301 0.008968
2460016.712738 22.444318 0.008927
2460017.205805 22.444621 0.008929
2460017.698872 22.435561 0.008855
2460018.202466 22.435200 0.008852
2460018.695533 22.438814 0.008881
2460019.188600 22.461738 0.009071
2460019.692194 22.441895 0.008907
2460020.185261 22.439236 0.008885
2460020.678328 22.422646 0.008750
2460021.181921 22.455777 0.009021
2460021.674988 22.455594 0.009020
2460022.168056 22.434118 0.008843
2460022.671649 22.452596 0.008995
2460023.164716 22.457495 0.009036
2460023.657783 22.433818 0.008841
2460024.161377 22.452901 0.008997
2460024.654444 22.443227 0.008918
2460025.147511 22.462847 0.009080
2460025.651105 22.432678 0.008831
2460026.144172 22.446867 0.008948
2460026.637239 22.444075 0.008925
2460027.140832 22.453390 0.009002
2460027.633900 22.449484 0.008969
2460028.126967 22.436403 0.008862
2460028.630560 22.453879 0.009006
2460029.123627 22.450215 0.008975
2460029.616694 22.447840 0.008956
2460030.120288 22.456268 0.009025
2460030.613355 22.440081 0.008892
2460031.106422 22.449118 0.008966
2460031.610016 22.455410 0.009018
2460032.103083 22.443833 0.008923
2460032.596150 22.462354 0.009076
2460033.099744 22.463835 0.009089
2460033.592811 22.451679 0.008987
2460034.085878 22.448388 0.008960
2460034.589471 22.460014 0.009057
2460035.082538 22.444742 0.008930
2460035.575606 22.451435 0.008985
2460036.079199 22.434359 0.008845
2460036.572266 22.438693 0.008881
2460037.065333 22.449728 0.008971
2460037.568927 22.446442 0.008944
2460038.061994 22.437487 0.008871
2460038.555061 22.447901 0.008956
2460039.058655 22.451802 0.008988
2460039.551722 22.464205 0.009092
2460040.044789 22.453635 0.009004
2460040.548382 22.446807 0.008947
2460041.041450 22.453512 0.009003
2460041.534517 22.445713 0.008938
2460042.038110 22.450215 0.008975
2460042.531177 22.451435 0.008985
2460043.024244 22.438452 0.008879
2460043.527838 22.443651 0.008921
2460044.020905 22.436283 0.008861
2460044.513972 22.464823 0.009097
2460045.017566 22.439297 0.008885
2460045.510633 22.438874 0.008882
2460046.003700 22.442742 0.008914
2460046.507294 22.459214 0.009050
2460047.000361 22.457863 0.009039
2460047.493428 22.456697 0.009029
2460047.997021 22.452412 0.008993
2460048.490088 22.447475 0.008953
2460048.983156 22.460752 0.009063
2460049.486749 22.444742 0.008930
2460049.979816 22.448205 0.008959
2460050.472883 22.435561 0.008855
2460050.976477 22.447779 0.008955
2460051.469544 22.450886 0.008981
2460051.962611 22.446624 0.008946
2460052.466205 22.453696 0.009004
2460052.959272 22.469343 0.009135
2460053.452339 22.449118 0.008966
2460053.955932 22.450642 0.008979
2460054.449000 22.466245 0.009109
2460054.942067 22.447171 0.008950
2460055.445660 22.442803 0.008914
2460055.938727 22.456881 0.009031
2460056.431794 22.442682 0.008913
2460056.935388 22.458047 0.009040
2460057.428455 22.457310 0.009034
2460057.921522 22.453390 0.009002
2460058.425116 22.449362 0.008968
2460058.918183 22.457740 0.009038
