2458346.727899 21.255980 0.005746
2458347.220966 21.260216 0.005768
2458347.714033 21.276829 0.005857
2458348.217627 21.271098 0.005826
2458348.710694 21.264577 0.005791
2458349.203761 21.263431 0.005785
2458349.707355 21.266382 0.005801
2458350.200422 21.264495 0.005791
2458350.693489 21.260787 0.005771
2458351.197082 21.261985 0.005777
2458351.690150 21.259916 0.005766
2458352.183217 21.259835 0.005766
2458352.686810 21.270741 0.005824
2458353.179877 21.267668 0.005808
2458353.672944 21.259563 0.005765
2458354.176538 21.268491 0.005812
2458354.669605 21.259916 0.005766
2458355.162672 21.264605 0.005791
2458355.666266 21.260597 0.005770
2458356.159333 21.268984 0.005815
2458356.652400 21.272225 0.005832
2458357.155994 21.263376 0.005785
2458357.649061 21.262940 0.005782
2458358.142128 21.268162 0.005810
2458358.645721 21.261441 0.005774
2458359.138788 21.261359 0.005774
2458359.631856 21.255871 0.005745
2458360.135449 21.250007 0.005714
2458360.628516 21.268353 0.005811
2458361.121583 21.264195 0.005789
2458361.625177 21.266464 0.005801
2458362.118244 21.256793 0.005750
2458362.611311 21.264632 0.005791
2458363.114905 21.262885 0.005782
2458363.607972 21.263676 0.005786
2458364.101039 21.260651 0.005770
2458364.604632 21.267340 0.005806
2458365.097700 21.265889 0.005798
2458365.590767 21.262912 0.005782
2458366.094360 21.267668 0.005808
2458366.587427 21.257634 0.005754
2458367.080494 21.268326 0.005811
2458367.584088 21.272555 0.005834
2458368.077155 21.267751 0.005808
2458368.570222 21.258503 0.005759
2458369.073816 21.268052 0.005810
2458369.566883 21.268134 0.005810
2458370.059950 21.257743 0.005755
2458370.563544 21.254301 0.005737
2458371.056611 21.265671 0.005797
2458371.549678 21.270494 0.005823
2458372.053271 21.261332 0.005774
2458372.546338 21.261059 0.005772
2458373.039406 21.260488 0.005769
2458373.542999 21.266902 0.005804
2458374.036066 21.262912 0.005782
2458374.529133 21.259182 0.005762
2458375.032727 21.258123 0.005757
2458375.525794 21.261059 0.005772
2458376.018861 21.262858 0.005782
2458376.522455 21.259644 0.005765
2458377.015522 21.265506 0.005796
2458377.508589 21.266382 0.005801
2458378.012182 21.268463 0.005812
2458378.505250 21.257553 0.005754
2458378.998317 21.260842 0.005771
2458379.501910 21.260733 0.005771
2458379.994977 21.271978 0.005831
2458380.488044 21.264987 0.005793
2458380.991638 21.264659 0.005792
2458381.484705 21.260814 0.005771
2458381.977772 21.264851 0.005793
2458382.481366 21.272555 0.005834
2458382.974433 21.259672 0.005765
2458383.467500 21.258666 0.005760
2458383.971094 21.249118 0.005709
2458384.464161 21.263240 0.005784
2458384.957228 21.250843 0.005718
2458385.460821 21.258096 0.005757
2458385.953888 21.254869 0.005740
2458386.446956 21.269588 0.005818
2458386.950549 21.264086 0.005789
2458387.443616 21.261005 0.005772
2458387.936683 21.264058 0.005788
2458388.440277 21.267367 0.005806
2458388.933344 21.254139 0.005736
2458389.426411 21.259264 0.005763
2458389.930005 21.264851 0.005793
2458390.423072 21.271510 0.005828
2458390.916139 21.263076 0.005783
2458391.419732 21.260624 0.005770
2458391.912800 21.258911 0.005761
2458392.405867 21.253652 0.005733
2458392.909460 21.256170 0.005747
2458393.402527 21.262503 0.005780
2458393.895594 21.264031 0.005788
2458394.399188 21.270192 0.005821
2458394.892255 21.260433 0.005769
2458395.385322 21.268847 0.005814
2458395.888916 21.268491 0.005812
2458396.381983 21.257281 0.005752
2458396.875050 21.264031 0.005788
2458397.378644 21.268655 0.005813
2458397.871711 21.265315 0.005795
2458398.364778 21.258259 0.005758
2458398.868371 21.256197 0.005747
2458399.361438 21.262912 0.005782
2458399.854506 21.257851 0.005755
2458400.358099 21.260978 0.005772
2458400.851166 21.252517 0.005727
2458401.344233 21.263622 0.005786
2458401.847827 21.253003 0.005730
2458402.340894 21.262204 0.005779
2458402.833961 21.263131 0.005783
2458403.337555 21.251221 0.005720
2458403.830622 21.253327 0.005732
2458404.323689 21.267066 0.005804
2458404.827282 21.257146 0.005752
2458405.320350 21.264195 0.005789
2458405.813417 21.267258 0.005806
2458406.317010 21.261713 0.005776
2458406.810077 21.271318 0.005827
2458407.303144 21.261849 0.005777
2458407.806738 21.268052 0.005810
2458408.299805 21.261604 0.005775
2458408.792872 21.253733 0.005734
2458409.296466 21.267668 0.005808
2458409.789533 21.256414 0.005748
2458410.282600 21.255438 0.005743
2458410.786194 21.255275 0.005742
2458411.279261 21.255953 0.005745
2458411.772328 21.257526 0.005754
2458412.275921 21.265042 0.005794
2458412.768988 21.259074 0.005762
2458413.262056 21.261522 0.005775
2458413.765649 21.257200 0.005752
2458414.258716 21.262667 0.005781
2458414.751783 21.248284 0.005705
2458415.255377 21.265671 0.005797
2458415.748444 21.261767 0.005776
2458416.241511 21.268902 0.005814
2458416.745105 21.271071 0.005826
2458417.238172 21.255790 0.005745
2458417.731239 21.263485 0.005785
2458418.234832 21.271978 0.005831
2458526.481367 21.259427 0.005764
2458526.984960 21.260297 0.005768
2458527.478027 21.261359 0.005774
2458527.971094 21.260624 0.005770
2458528.474688 21.266847 0.005803
2458528.967755 21.258422 0.005758
2458529.460822 21.269752 0.005819
2458529.964416 21.261114 0.005773
2458530.457483 21.262122 0.005778
2458530.950550 21.252300 0.005726
2458531.454144 21.256197 0.005747
2458531.947211 21.240401 0.005664
2458532.440278 21.261795 0.005776
2458532.943871 21.259074 0.005762
2458533.436938 21.259101 0.005762
2458533.930006 21.265370 0.005795
2458534.433599 21.259074 0.005762
2458534.926666 21.260379 0.005769
2458535.419733 21.269368 0.005817
2458535.923327 21.259536 0.005764
2458536.416394 21.261359 0.005774
2458536.909461 21.254436 0.005737
2458537.413055 21.258177 0.005757
2458537.906122 21.253922 0.005735
2458538.399189 21.267093 0.005805
2458538.902782 21.264168 0.005789
2458539.395850 21.261441 0.005774
2458539.888917 21.264168 0.005789
2458540.392510 21.261577 0.005775
2458540.885577 21.262885 0.005782
2458541.378644 21.265315 0.005795
2458541.882238 21.269533 0.005818
2458542.375305 21.257146 0.005752
2458542.868372 21.255357 0.005742
2458543.371966 21.276663 0.005856
2458543.865033 21.257851 0.005755
2458544.358100 21.272143 0.005832
2458544.861694 21.257607 0.005754
2458545.354761 21.265917 0.005798
2458545.847828 21.273739 0.005840
2458546.351421 21.266491 0.005801
2458546.844488 21.264605 0.005791
2458547.337556 21.261877 0.005777
2458547.841149 21.259210 0.005763
2458548.334216 21.266628 0.005802
2458548.827283 21.251005 0.005719
2458549.330877 21.259944 0.005767
2458549.823944 21.265452 0.005796
2458550.317011 21.268436 0.005812
2458550.820605 21.264687 0.005792
2458551.313672 21.271483 0.005828
2458551.806739 21.259345 0.005763
2458552.310332 21.266327 0.005801
2458552.803400 21.258829 0.005761
2458553.296467 21.254057 0.005735
2458553.800060 21.259454 0.005764
2458554.293127 21.266874 0.005803
2458554.786194 21.252436 0.005727
2458555.289788 21.260107 0.005767
2458555.782855 21.261223 0.005773
2458556.275922 21.257037 0.005751
2458556.779516 21.261087 0.005773
2458557.272583 21.261468 0.005775
2458557.765650 21.263021 0.005783
2458558.269244 21.267011 0.005804
2458558.762311 21.267559 0.005807
2458559.255378 21.264113 0.005789
2458559.758971 21.270219 0.005821
2458560.252038 21.263867 0.005787
2458560.745106 21.257281 0.005752
2458561.248699 21.260188 0.005768
2458561.741766 21.267395 0.005806
2458562.234833 21.270439 0.005823
2458562.738427 21.264140 0.005789
2458563.231494 21.259536 0.005764
2458563.724561 21.267039 0.005804
2458564.228155 21.262422 0.005780
2458564.721222 21.260597 0.005770
2458565.214289 21.252436 0.005727
2458565.717882 21.261659 0.005776
2458566.210950 21.265260 0.005795
2458566.704017 21.270219 0.005821
2458567.207610 21.269725 0.005819
2458567.700677 21.259644 0.005765
2458568.193744 21.264304 0.005790
2458568.697338 21.278709 0.005867
2458569.190405 21.270796 0.005824
2458569.683472 21.259672 0.005765
2458570.187066 21.253625 0.005733
2458570.680133 21.267696 0.005808
2458571.173200 21.259644 0.005765
2458571.676794 21.264878 0.005793
2458572.169861 21.271620 0.005829
2458572.662928 21.270384 0.005822
2458573.166521 21.262912 0.005782
2458573.659588 21.248768 0.005707
2458574.152656 21.248445 0.005706
2458574.656249 21.264386 0.005790
2458575.149316 21.261522 0.005775
2458575.642383 21.255275 0.005742
2458576.145977 21.263403 0.005785
2458576.639044 21.260080 0.005767
2458577.132111 21.265288 0.005795
2458577.635705 21.264386 0.005790
2458578.128772 21.259563 0.005765
2458578.621839 21.272115 0.005832
2458579.125432 21.264359 0.005790
2458579.618500 21.270027 0.005820
2458580.111567 21.253706 0.005733
2458580.615160 21.259889 0.005766
2458581.108227 21.262503 0.005780
2458581.601294 21.260052 0.005767
2458582.104888 21.256657 0.005749
2458582.597955 21.259210 0.005763
2458583.091022 21.249226 0.005710
2458583.594616 21.267751 0.005808
2458584.087683 21.261277 0.005774
2458584.580750 21.268655 0.005813
2458585.084344 21.267970 0.005809
2458585.577411 21.261223 0.005773
2458586.070478 21.268737 0.005813
2458586.574071 21.267833 0.005809
2458587.067138 21.249091 0.005709
2458587.560206 21.256224 0.005747
2458588.063799 21.262503 0.005780
2458588.556866 21.254653 0.005739
2458589.049933 21.270494 0.005823
2458589.553527 21.255980 0.005746
2458590.046594 21.257173 0.005752
2458590.539661 21.268929 0.005814
2458591.043255 21.264495 0.005791
2458591.536322 21.266218 0.005800
2458592.029389 21.263785 0.005787
2458592.532982 21.263267 0.005784
2458593.026050 21.259074 0.005762
2458593.519117 21.268792 0.005814
2458594.022710 21.265999 0.005799
2458594.515777 21.260896 0.005772
2458595.008844 21.257553 0.005754
2458595.512438 21.259808 0.005766
2458596.005505 21.262149 0.005778
2458596.498572 21.261985 0.005777
2458597.002166 21.264960 0.005793
2458597.495233 21.262476 0.005780
2458597.988300 21.263813 0.005787
2458712.204272 21.263049 0.005783
2458712.697339 21.264332 0.005790
2458713.200932 21.262858 0.005782
2458713.694000 21.253057 0.005730
2458714.187067 21.258313 0.005758
2458714.690660 21.254626 0.005738
2458715.183727 21.265971 0.005799
2458715.676794 21.262967 0.005783
2458716.180388 21.254653 0.005739
2458716.673455 21.257797 0.005755
2458717.166522 21.256766 0.005750
2458717.670116 21.261087 0.005773
2458718.163183 21.258367 0.005758
2458718.656250 21.257770 0.005755
2458719.159844 21.268134 0.005810
2458719.652911 21.258231 0.005757
2458720.145978 21.258476 0.005759
2458720.649571 21.256603 0.005749
2458721.142638 21.255167 0.005741
2458721.635706 21.272143 0.005832
2458722.139299 21.263076 0.005783
2458722.632366 21.267641 0.005808
2458723.125433 21.261686 0.005776
2458723.629027 21.259210 0.005763
2458724.122094 21.258911 0.005761
2458724.615161 21.253733 0.005734
2458725.118755 21.261114 0.005773
2458725.611822 21.268025 0.005810
2458726.104889 21.261441 0.005774
2458726.608482 21.255736 0.005744
2458727.101550 21.254788 0.005739
2458727.594617 21.257960 0.005756
2458728.098210 21.269258 0.005816
2458728.591277 21.257716 0.005755
2458729.084344 21.255221 0.005742
2458729.587938 21.261386 0.005774
2458730.081005 21.259916 0.005766
2458730.574072 21.264468 0.005791
2458731.077666 21.257770 0.005755
2458731.570733 21.254680 0.005739
2458732.063800 21.253111 0.005730
2458732.567394 21.258204 0.005757
2458733.060461 21.264495 0.005791
2458733.553528 21.261196 0.005773
2458734.057121 21.248687 0.005707
2458734.550188 21.248822 0.005708
2458735.043256 21.266053 0.005799
2458735.546849 21.258231 0.005757
2458736.039916 21.256847 0.005750
2458736.532983 21.270603 0.005823
2458737.036577 21.253976 0.005735
2458737.529644 21.273767 0.005840
2458738.022711 21.264222 0.005789
2458738.526305 21.261223 0.005773
2458739.019372 21.261713 0.005776
2458739.512439 21.260542 0.005770
2458740.016032 21.256142 0.005746
2458740.509100 21.261604 0.005775
2458741.002167 21.270219 0.005821
2458741.505760 21.266026 0.005799
2458741.998827 21.273023 0.005836
2458742.491894 21.267395 0.005806
2458742.995488 21.258965 0.005761
2458743.488555 21.269752 0.005819
2458743.981622 21.254896 0.005740
2458744.485216 21.266546 0.005802
2458744.978283 21.260651 0.005770
2458745.471350 21.265725 0.005797
2458745.974944 21.260025 0.005767
2458746.468011 21.255059 0.005741
2458746.961078 21.257010 0.005751
2458747.464671 21.257634 0.005754
2458747.957738 21.253408 0.005732
2458748.450806 21.259074 0.005762
2458748.954399 21.266272 0.005800
2458749.447466 21.263594 0.005786
2458749.940533 21.263021 0.005783
2458750.444127 21.254734 0.005739
2458750.937194 21.255032 0.005741
2458751.430261 21.264960 0.005793
2458751.933855 21.260787 0.005771
2458752.426922 21.254274 0.005736
2458752.919989 21.274015 0.005842
2458753.423582 21.256115 0.005746
2458753.916650 21.259291 0.005763
2458754.409717 21.263622 0.005786
2458754.913310 21.265725 0.005797
2458755.406377 21.263240 0.005784
2458755.899444 21.264659 0.005792
2458756.403038 21.253003 0.005730
2458756.896105 21.260950 0.005772
2458757.389172 21.272335 0.005833
2458757.892766 21.265780 0.005798
2458758.385833 21.266956 0.005804
2458758.878900 21.258666 0.005760
2458759.382494 21.254193 0.005736
2458759.875561 21.253679 0.005733
2458760.368628 21.262367 0.005779
2458760.872221 21.271071 0.005826
2458761.365288 21.259780 0.005766
2458761.858356 21.266929 0.005804
2458762.361949 21.257688 0.005755
2458762.855016 21.264687 0.005792
2458763.348083 21.256549 0.005749
2458763.851677 21.254842 0.005740
2458764.344744 21.263540 0.005786
2458764.837811 21.262313 0.005779
2458765.341405 21.259291 0.005763
2458765.834472 21.258775 0.005760
2458766.327539 21.260542 0.005770
2458766.831132 21.256115 0.005746
2458767.324200 21.257254 0.005752
2458767.817267 21.261495 0.005775
2458768.320860 21.265917 0.005798
2458768.813927 21.261386 0.005774
2458769.306994 21.263076 0.005783
2458769.810588 21.254301 0.005737
2458770.303655 21.264222 0.005789
2458770.796722 21.268545 0.005812
2458771.300316 21.262776 0.005782
2458771.793383 21.272390 0.005833
2458772.286450 21.257797 0.005755
2458772.790044 21.268491 0.005812
2458773.283111 21.252571 0.005728
2458773.776178 21.256929 0.005751
2458774.279771 21.266573 0.005802
2458774.772838 21.267668 0.005808
2458775.265906 21.256522 0.005748
2458775.769499 21.262885 0.005782
2458776.262566 21.256657 0.005749
2458776.755633 21.266491 0.005801
2458777.259227 21.259400 0.005764
2458777.752294 21.252679 0.005728
2458778.245361 21.257037 0.005751
2458778.748955 21.260814 0.005771
2458779.242022 21.272170 0.005832
2458779.735089 21.263731 0.005787
2458780.238682 21.262503 0.005780
2458780.731750 21.261005 0.005772
2458781.224817 21.252706 0.005728
2458781.728410 21.259536 0.005764
2458782.221477 21.264304 0.005790
2458782.714544 21.254057 0.005735
2458783.218138 21.257308 0.005753
2458783.711205 21.258639 0.005760
2459622.427944 21.259019 0.005762
2459622.921011 21.257743 0.005755
2459623.424605 21.259889 0.005766
2459623.917672 21.259862 0.005766
2459624.410739 21.255302 0.005742
2459624.914332 21.265151 0.005794
2459625.407400 21.258883 0.005761
2459625.900467 21.268655 0.005813
2459626.404060 21.266573 0.005802
2459626.897127 21.269066 0.005815
2459627.390194 21.257634 0.005754
2459627.893788 21.254463 0.005738
2459628.386855 21.271180 0.005827
2459628.879922 21.257281 0.005752
2459629.383516 21.260433 0.005769
2459629.876583 21.269341 0.005817
2459630.369650 21.263731 0.005787
2459630.873244 21.256576 0.005749
2459631.366311 21.263049 0.005783
2459631.859378 21.261713 0.005776
2459632.362971 21.252787 0.005729
2459632.856038 21.270576 0.005823
2459633.349106 21.260869 0.005771
2459633.852699 21.265014 0.005794
2459634.345766 21.265835 0.005798
2459634.838833 21.273960 0.005841
2459635.342427 21.260814 0.005771
2459635.835494 21.267175 0.005805
2459636.328561 21.268957 0.005815
2459636.832155 21.265397 0.005796
2459637.325222 21.257526 0.005754
2459637.818289 21.261849 0.005777
2459638.321882 21.260352 0.005769
2459638.814950 21.259019 0.005762
2459639.308017 21.264550 0.005791
2459639.811610 21.256305 0.005747
2459640.304677 21.269396 0.005817
2459640.797744 21.265479 0.005796
2459641.301338 21.256061 0.005746
2459641.794405 21.265069 0.005794
2459642.287472 21.253679 0.005733
2459642.791066 21.256441 0.005748
2459643.284133 21.265999 0.005799
2459643.777200 21.258992 0.005761
2459644.280794 21.264195 0.005789
2459644.773861 21.269012 0.005815
2459645.266928 21.260107 0.005767
2459645.770521 21.266327 0.005801
2459646.263588 21.266163 0.005800
2459646.756656 21.270192 0.005821
2459647.260249 21.261931 0.005777
2459647.753316 21.259427 0.005764
2459648.246383 21.264851 0.005793
2459648.749977 21.265069 0.005794
2459649.243044 21.263758 0.005787
2459649.736111 21.263294 0.005784
2459650.239705 21.259835 0.005766
2459650.732772 21.260787 0.005771
2459651.225839 21.264769 0.005792
2459651.729432 21.260569 0.005770
2459652.222500 21.261441 0.005774
2459652.715567 21.257444 0.005753
2459653.219160 21.268545 0.005812
2459653.712227 21.263813 0.005787
2459654.205294 21.260052 0.005767
2459654.708888 21.255411 0.005743
2459655.201955 21.259509 0.005764
2459655.695022 21.276829 0.005857
2459656.198616 21.259481 0.005764
2459656.691683 21.261550 0.005775
2459657.184750 21.267805 0.005808
2459657.688344 21.254761 0.005739
2459658.181411 21.265534 0.005796
2459658.674478 21.260352 0.005769
2459659.178071 21.262640 0.005781
2459659.671138 21.258530 0.005759
2459660.164206 21.274263 0.005843
2459660.667799 21.259509 0.005764
2459661.160866 21.266190 0.005800
2459661.653933 21.269780 0.005819
2459662.157527 21.259019 0.005762
2459662.650594 21.274594 0.005845
2459663.143661 21.262558 0.005780
2459663.647255 21.255465 0.005743
2459664.140322 21.255546 0.005743
2459664.633389 21.274759 0.005846
2459665.136982 21.272253 0.005832
2459665.630050 21.249926 0.005714
2459666.123117 21.270054 0.005820
2459666.626710 21.264687 0.005792
2459667.119777 21.264195 0.005789
2459667.612844 21.258883 0.005761
2459668.116438 21.255167 0.005741
2459668.609505 21.255573 0.005743
2459669.102572 21.257824 0.005755
2459669.606166 21.261032 0.005772
2459670.099233 21.264113 0.005789
2459670.592300 21.265862 0.005798
2459671.095894 21.262204 0.005779
2459671.588961 21.270192 0.005821
2459672.082028 21.259291 0.005763
2459672.585621 21.254220 0.005736
2459673.078688 21.271345 0.005827
2459673.571756 21.253706 0.005733
2459674.075349 21.272638 0.005834
2459674.568416 21.265534 0.005796
2459675.061483 21.262503 0.005780
2459675.565077 21.263376 0.005785
2459676.058144 21.255275 0.005742
2459676.551211 21.267203 0.005805
2459677.054805 21.256332 0.005747
2459677.547872 21.262149 0.005778
2459678.040939 21.267230 0.005805
2459678.544532 21.268271 0.005811
2459679.037600 21.257254 0.005752
2459679.530667 21.266300 0.005800
2459680.034260 21.268902 0.005814
2459680.527327 21.263649 0.005786
2459681.020394 21.266737 0.005803
2459681.523988 21.255519 0.005743
2459682.017055 21.269149 0.005816
2459682.510122 21.259699 0.005765
2459683.013716 21.265014 0.005794
2459683.506783 21.268436 0.005812
2459683.999850 21.267093 0.005805
2459684.503444 21.256034 0.005746
2459684.996511 21.257200 0.005752
2459685.489578 21.258123 0.005757
2459685.993171 21.255384 0.005742
2459686.486238 21.262940 0.005782
2459686.979306 21.259726 0.005765
2459687.482899 21.263813 0.005787
2459687.975966 21.266546 0.005802
2459688.469033 21.255248 0.005742
2459688.972627 21.263158 0.005784
2459689.465694 21.260978 0.005772
2459689.958761 21.270384 0.005822
2459690.462355 21.264441 0.005790
2459690.955422 21.268600 0.005813
2459691.448489 21.265807 0.005798
2459691.952082 21.260597 0.005770
2459692.445150 21.262067 0.005778
2459692.938217 21.257851 0.005755
2459693.441810 21.260270 0.005768
2459693.934877 21.255519 0.005743
2459807.647256 21.257933 0.005756
2459808.150849 21.268628 0.005813
2459808.643916 21.262258 0.005779
2459809.136983 21.264195 0.005789
2459809.640577 21.266874 0.005803
2459810.133644 21.251032 0.005719
2459810.626711 21.265643 0.005797
2459811.130305 21.246214 0.005694
2459811.623372 21.265999 0.005799
2459812.116439 21.261032 0.005772
2459812.620032 21.264823 0.005793
2459813.113100 21.258585 0.005759
2459813.606167 21.270439 0.005823
2459814.109760 21.265588 0.005797
2459814.602827 21.254896 0.005740
2459815.095894 21.258775 0.005760
2459815.599488 21.262885 0.005782
2459816.092555 21.264577 0.005791
2459816.585622 21.257906 0.005756
2459817.089216 21.266765 0.005803
2459817.582283 21.267175 0.005805
2459818.075350 21.251625 0.005723
2459818.578944 21.255086 0.005741
2459819.072011 21.254193 0.005736
2459819.565078 21.259128 0.005762
2459820.068671 21.260651 0.005770
2459820.561738 21.269780 0.005819
2459821.054806 21.257906 0.005756
2459821.558399 21.254978 0.005740
2459822.051466 21.256278 0.005747
2459822.544533 21.272253 0.005832
2459823.048127 21.269012 0.005815
2459823.541194 21.254030 0.005735
2459824.034261 21.254653 0.005739
2459824.537855 21.267477 0.005807
2459825.030922 21.262476 0.005780
2459825.523989 21.250816 0.005718
2459826.027582 21.264140 0.005789
2459826.520650 21.260651 0.005770
2459827.013717 21.264250 0.005789
2459827.517310 21.260243 0.005768
2459828.010377 21.268957 0.005815
2459828.503444 21.256847 0.005750
2459829.007038 21.251140 0.005720
2459829.500105 21.267230 0.005805
2459829.993172 21.262176 0.005778
2459830.496766 21.258911 0.005761
2459830.989833 21.252436 0.005727
2459831.482900 21.265370 0.005795
2459831.986494 21.263049 0.005783
2459832.479561 21.255655 0.005744
2459832.972628 21.263458 0.005785
2459833.476221 21.256685 0.005749
2459833.969288 21.264905 0.005793
2459834.462356 21.263076 0.005783
2459834.965949 21.265397 0.005796
2459835.459016 21.266300 0.005800
2459835.952083 21.262694 0.005781
2459836.455677 21.267504 0.005807
2459836.948744 21.268408 0.005812
2459837.441811 21.269396 0.005817
2459837.945405 21.249307 0.005710
2459838.438472 21.261114 0.005773
2459838.931539 21.259155 0.005762
2459839.435132 21.275586 0.005850
2459839.928200 21.257933 0.005756
2459840.421267 21.272335 0.005833
2459840.924860 21.247369 0.005700
2459841.417927 21.266053 0.005799
2459841.910994 21.250007 0.005714
2459842.414588 21.262422 0.005780
2459842.907655 21.257824 0.005755
2459843.400722 21.258150 0.005757
2459843.904316 21.265178 0.005794
2459844.397383 21.255573 0.005743
2459844.890450 21.273794 0.005841
2459845.394044 21.260678 0.005770
2459845.887111 21.258041 0.005756
2459846.380178 21.250250 0.005715
2459846.883771 21.258204 0.005757
2459847.376838 21.266765 0.005803
2459847.869906 21.255357 0.005742
2459848.373499 21.256359 0.005748
2459848.866566 21.260705 0.005771
2459849.359633 21.260352 0.005769
2459849.863227 21.257770 0.005755
2459850.356294 21.255953 0.005745
2459850.849361 21.259780 0.005766
2459851.352955 21.269286 0.005816
2459851.846022 21.266655 0.005802
2459852.339089 21.263731 0.005787
2459852.842682 21.259699 0.005765
2459853.335750 21.270494 0.005823
2459853.828817 21.267367 0.005806
2459854.332410 21.259998 0.005767
2459854.825477 21.259400 0.005764
2459855.318544 21.264769 0.005792
2459855.822138 21.262204 0.005779
2459856.315205 21.260515 0.005770
2459856.808272 21.261304 0.005774
2459857.311866 21.252625 0.005728
2459857.804933 21.266081 0.005799
2459858.298000 21.259998 0.005767
2459858.801594 21.262885 0.005782
2459859.294661 21.250465 0.005716
2459859.787728 21.278405 0.005865
2459860.291321 21.264741 0.005792
2459860.784388 21.258856 0.005761
2459861.277456 21.257281 0.005752
2459861.781049 21.269313 0.005817
2459862.274116 21.261413 0.005774
2459862.767183 21.272721 0.005835
2459863.270777 21.249684 0.005712
2459863.763844 21.261141 0.005773
2459864.256911 21.261631 0.005776
2459864.760505 21.267449 0.005807
2459865.253572 21.265260 0.005795
2459865.746639 21.257526 0.005754
2459866.250232 21.257661 0.005754
2459866.743300 21.258802 0.005760
2459867.236367 21.270576 0.005823
2459867.739960 21.260787 0.005771
2459868.233027 21.264277 0.005790
2459868.726094 21.265342 0.005795
2459869.229688 21.265671 0.005797
2459869.722755 21.263240 0.005784
2459870.215822 21.268737 0.005813
2459870.719416 21.275062 0.005847
2459871.212483 21.268244 0.005811
2459871.705550 21.259481 0.005764
2459872.209144 21.259672 0.005765
2459872.702211 21.259672 0.005765
2459873.195278 21.263649 0.005786
2459873.698871 21.259345 0.005763
2459874.191938 21.257308 0.005753
2459874.685006 21.255953 0.005745
2459875.188599 21.271703 0.005829
2459875.681666 21.249792 0.005713
2459876.174733 21.257553 0.005754
2459876.678327 21.258911 0.005761
2459877.171394 21.260324 0.005769
2459877.664461 21.260705 0.005771
2459878.168055 21.272198 0.005832
2459878.661122 21.265042 0.005794
2459879.154189 21.262067 0.005778
2459987.411250 21.262885 0.005782
2459987.904317 21.256929 0.005751
2459988.407910 21.255492 0.005743
2459988.900977 21.259345 0.005763
2459989.394044 21.265260 0.005795
2459989.897638 21.258476 0.005759
2459990.390705 21.246670 0.005696
2459990.883772 21.261141 0.005773
2459991.387366 21.259264 0.005763
2459991.880433 21.266655 0.005802
2459992.373500 21.266491 0.005801
2459992.877094 21.266902 0.005804
2459993.370161 21.263403 0.005785
2459993.863228 21.264495 0.005791
2459994.366821 21.252300 0.005726
2459994.859888 21.257743 0.005755
2459995.352956 21.270603 0.005823
2459995.856549 21.266053 0.005799
2459996.349616 21.252273 0.005726
2459996.842683 21.264140 0.005789
2459997.346277 21.259264 0.005763
2459997.839344 21.249711 0.005712
2459998.332411 21.263103 0.005783
2459998.836005 21.260569 0.005770
2459999.329072 21.269752 0.005819
2459999.822139 21.273629 0.005840
2460000.325732 21.259590 0.005765
2460000.818800 21.262258 0.005779
2460001.311867 21.268326 0.005811
2460001.815460 21.261931 0.005777
2460002.308527 21.265616 0.005797
2460002.801594 21.261849 0.005777
2460003.305188 21.258530 0.005759
2460003.798255 21.256386 0.005748
2460004.291322 21.257851 0.005755
2460004.794916 21.258693 0.005760
2460005.287983 21.261059 0.005772
2460005.781050 21.253192 0.005731
2460006.284644 21.257498 0.005754
2460006.777711 21.265178 0.005794
2460007.270778 21.257526 0.005754
2460007.774371 21.258612 0.005759
2460008.267438 21.255221 0.005742
2460008.760506 21.273574 0.005839
2460009.264099 21.269012 0.005815
2460009.757166 21.257716 0.005755
2460010.250233 21.251410 0.005721
2460010.753827 21.259808 0.005766
2460011.246894 21.258367 0.005758
2460011.739961 21.267723 0.005808
2460012.243555 21.257010 0.005751
2460012.736622 21.253084 0.005730
2460013.229689 21.269478 0.005817
2460013.733282 21.259753 0.005766
2460014.226350 21.258747 0.005760
2460014.719417 21.264687 0.005792
2460015.223010 21.270164 0.005821
2460015.716077 21.261577 0.005775
2460016.209144 21.261141 0.005773
2460016.712738 21.262531 0.005780
2460017.205805 21.260597 0.005770
2460017.698872 21.261577 0.005775
2460018.202466 21.254247 0.005736
2460018.695533 21.255384 0.005742
2460019.188600 21.253354 0.005732
2460019.692194 21.267121 0.005805
2460020.185261 21.265315 0.005795
2460020.678328 21.262912 0.005782
2460021.181921 21.268929 0.005814
2460021.674988 21.256739 0.005750
2460022.168056 21.261223 0.005773
2460022.671649 21.267970 0.005809
2460023.164716 21.253462 0.005732
2460023.657783 21.261958 0.005777
2460024.161377 21.268957 0.005815
2460024.654444 21.261087 0.005773
2460025.147511 21.264823 0.005793
2460025.651105 21.260379 0.005769
2460026.144172 21.259971 0.005767
2460026.637239 21.254734 0.005739
2460027.140832 21.269505 0.005818
2460027.633900 21.270301 0.005822
2460028.126967 21.264632 0.005791
2460028.630560 21.258177 0.005757
2460029.123627 21.261659 0.005776
2460029.616694 21.260542 0.005770
2460030.120288 21.262204 0.005779
2460030.613355 21.254490 0.005738
2460031.106422 21.260270 0.005768
2460031.610016 21.267586 0.005807
2460032.103083 21.273546 0.005839
2460032.596150 21.277133 0.005859
2460033.099744 21.254680 0.005739
2460033.592811 21.269258 0.005816
2460034.085878 21.266902 0.005804
2460034.589471 21.260542 0.005770
2460035.082538 21.264195 0.005789
2460035.575606 21.267751 0.005808
2460036.079199 21.261332 0.005774
2460036.572266 21.269533 0.005818
2460037.065333 21.267696 0.005808
2460037.568927 21.264605 0.005791
2460038.061994 21.259046 0.005762
2460038.555061 21.275393 0.005849
2460039.058655 21.248257 0.005705
2460039.551722 21.259318 0.005763
2460040.044789 21.265643 0.005797
2460040.548382 21.260134 0.005768
2460041.041450 21.260705 0.005771
2460041.534517 21.259182 0.005762
2460042.038110 21.262558 0.005780
2460042.531177 21.263049 0.005783
2460043.024244 21.263458 0.005785
2460043.527838 21.260052 0.005767
2460044.020905 21.263431 0.005785
2460044.513972 21.268299 0.005811
2460045.017566 21.267477 0.005807
2460045.510633 21.263594 0.005786
2460046.003700 21.259644 0.005765
2460046.507294 21.264714 0.005792
2460047.000361 21.257960 0.005756
2460047.493428 21.253949 0.005735
2460047.997021 21.252165 0.005725
2460048.490088 21.269643 0.005818
2460048.983156 21.270658 0.005824
2460049.486749 21.265588 0.005797
2460049.979816 21.262912 0.005782
2460050.472883 21.258829 0.005761
2460050.976477 21.259889 0.005766
2460051.469544 21.265561 0.005796
2460051.962611 21.262585 0.005781
2460052.466205 21.268244 0.005811
2460052.959272 21.254978 0.005740
2460053.452339 21.257797 0.005755
2460053.955932 21.260787 0.005771
2460054.449000 21.267312 0.005806
2460054.942067 21.266546 0.005802
2460055.445660 21.258476 0.005759
2460055.938727 21.262476 0.005780
2460056.431794 21.260950 0.005772
2460056.935388 21.265342 0.005795
2460057.428455 21.257824 0.005755
2460057.921522 21.271565 0.005829
2460058.425116 21.262013 0.005778
2460058.918183 21.257933 0.005756
