2458346.727899 25.825449 0.017035
2458347.220966 25.831403 0.017129
2458347.714033 25.780910 0.016350
2458348.217627 25.808615 0.016773
2458348.710694 25.797150 0.016597
2458349.203761 25.824770 0.017024
2458349.707355 25.788426 0.016464
2458350.200422 25.785315 0.016417
2458350.693489 25.815822 0.016884
2458351.197082 25.794344 0.016554
2458351.690150 25.818684 0.016929
2458352.183217 25.809451 0.016786
2458352.686810 25.806779 0.016744
2458353.179877 25.812129 0.016827
2458353.672944 25.820878 0.016963
2458354.176538 25.803782 0.016698
2458354.669605 25.804115 0.016703
2458355.162672 25.807447 0.016755
2458355.666266 25.810287 0.016799
2458356.159333 25.781072 0.016353
2458356.652400 25.821892 0.016979
2458357.155994 25.806613 0.016742
2458357.649061 25.819696 0.016945
2458358.142128 25.812464 0.016832
2458358.645721 25.801622 0.016665
2458359.138788 25.832085 0.017139
2458359.631856 25.796655 0.016589
2458360.135449 25.810621 0.016804
2458360.628516 25.816158 0.016890
2458361.121583 25.794179 0.016551
2458361.625177 25.830550 0.017115
2458362.118244 25.786624 0.016436
2458362.611311 25.811626 0.016819
2458363.114905 25.795004 0.016564
2458363.607972 25.817168 0.016905
2458364.101039 25.803948 0.016701
2458364.604632 25.818178 0.016921
2458365.097700 25.806113 0.016734
2458365.590767 25.779608 0.016331
2458366.094360 25.814981 0.016871
2458366.587427 25.826467 0.017051
2458367.080494 25.832427 0.017145
2458367.584088 25.785478 0.016419
2458368.077155 25.790066 0.016489
2458368.570222 25.775550 0.016270
2458369.073816 25.793850 0.016546
2458369.566883 25.789410 0.016479
2458370.059950 25.812967 0.016840
2458370.563544 25.824092 0.017014
2458371.056611 25.803117 0.016688
2458371.549678 25.803117 0.016688
2458372.053271 25.789738 0.016484
2458372.546338 25.798805 0.016622
2458373.039406 25.795664 0.016574
2458373.542999 25.850504 0.017433
2458374.036066 25.785805 0.016424
2458374.529133 25.796324 0.016584
2458375.032727 25.814645 0.016866
2458375.525794 25.793850 0.016546
2458376.018861 25.787279 0.016446
2458376.522455 25.808615 0.016773
2458377.015522 25.771345 0.016207
2458377.508589 25.790231 0.016491
2458378.012182 25.780096 0.016338
2458378.505250 25.812129 0.016827
2458378.998317 25.810120 0.016796
2458379.501910 25.816831 0.016900
2458379.994977 25.789738 0.016484
2458380.488044 25.774740 0.016258
2458380.991638 25.797316 0.016599
2458381.484705 25.789902 0.016486
2458381.977772 25.824431 0.017019
2458382.481366 25.792368 0.016524
2458382.974433 25.780747 0.016348
2458383.467500 25.821723 0.016977
2458383.971094 25.820878 0.016963
2458384.464161 25.820540 0.016958
2458384.957228 25.837561 0.017226
2458385.460821 25.819696 0.016945
2458385.953888 25.787279 0.016446
2458386.446956 25.832597 0.017147
2458386.950549 25.815822 0.016884
2458387.443616 25.818178 0.016921
2458387.936683 25.829187 0.017094
2458388.440277 25.804115 0.016703
2458388.933344 25.809451 0.016786
2458389.426411 25.805113 0.016719
2458389.930005 25.784988 0.016412
2458390.423072 25.800959 0.016655
2458390.916139 25.816999 0.016903
2458391.419732 25.789738 0.016484
2458391.912800 25.800959 0.016655
2458392.405867 25.822399 0.016987
2458392.909460 25.830550 0.017115
2458393.402527 25.778632 0.016316
2458393.895594 25.773769 0.016243
2458394.399188 25.796159 0.016581
2458394.892255 25.804947 0.016716
2458395.385322 25.793191 0.016536
2458395.888916 25.790723 0.016499
2458396.381983 25.806946 0.016747
2458396.875050 25.825958 0.017043
2458397.378644 25.813470 0.016848
2458397.871711 25.815990 0.016887
2458398.364778 25.816158 0.016890
2458398.868371 25.806446 0.016739
2458399.361438 25.798308 0.016614
2458399.854506 25.818010 0.016919
2458400.358099 25.829358 0.017096
2458400.851166 25.831914 0.017137
2458401.344233 25.797150 0.016597
2458401.847827 25.828847 0.017088
2458402.340894 25.807280 0.016752
2458402.833961 25.848249 0.017396
2458403.337555 25.786787 0.016439
2458403.830622 25.796820 0.016592
2458404.323689 25.812631 0.016835
2458404.827282 25.820202 0.016953
2458405.320350 25.807447 0.016755
2458405.813417 25.826297 0.017048
2458406.317010 25.801954 0.016670
2458406.810077 25.825279 0.017032
2458407.303144 25.793026 0.016534
2458407.806738 25.795004 0.016564
2458408.299805 25.817336 0.016908
2458408.792872 25.805446 0.016724
2458409.296466 25.849636 0.017419
2458409.789533 25.794839 0.016561
2458410.282600 25.829187 0.017094
2458410.786194 25.803449 0.016693
2458411.279261 25.792532 0.016526
2458411.772328 25.801622 0.016665
2458412.275921 25.857645 0.017548
2458412.768988 25.838076 0.017234
2458413.262056 25.821216 0.016969
2458413.765649 25.823923 0.017011
2458414.258716 25.771829 0.016214
2458414.751783 25.807780 0.016760
2458415.255377 25.790888 0.016501
2458415.748444 25.811794 0.016822
2458416.241511 25.796490 0.016587
2458416.745105 25.800793 0.016652
2458417.238172 25.810621 0.016804
2458417.731239 25.826637 0.017054
2458418.234832 25.803283 0.016691
2458526.481367 25.806779 0.016745
2458526.984960 25.808448 0.016770
2458527.478027 25.786951 0.016442
2458527.971094 25.829017 0.017091
2458528.474688 25.800793 0.016652
2458528.967755 25.828507 0.017083
2458529.460822 25.816999 0.016903
2458529.964416 25.800959 0.016655
2458530.457483 25.796820 0.016592
2458530.950550 25.816663 0.016898
2458531.454144 25.812129 0.016827
2458531.947211 25.823584 0.017006
2458532.440278 25.827316 0.017064
2458532.943871 25.810287 0.016799
2458533.436938 25.810789 0.016807
2458533.930006 25.812464 0.016832
2458534.433599 25.772637 0.016226
2458534.926666 25.797316 0.016599
2458535.419733 25.816831 0.016900
2458535.923327 25.792039 0.016519
2458536.416394 25.794179 0.016551
2458536.909461 25.799467 0.016632
2458537.413055 25.793685 0.016544
2458537.906122 25.796324 0.016584
2458538.399189 25.806446 0.016739
2458538.902782 25.828336 0.017080
2458539.395850 25.834477 0.017177
2458539.888917 25.785969 0.016427
2458540.392510 25.827826 0.017072
2458540.885577 25.778470 0.016314
2458541.378644 25.817504 0.016911
2458541.882238 25.813302 0.016845
2458542.375305 25.776684 0.016287
2458542.868372 25.844617 0.017338
2458543.371966 25.798970 0.016625
2458543.865033 25.769893 0.016185
2458544.358100 25.823923 0.017011
2458544.861694 25.830039 0.017107
2458545.354761 25.842375 0.017303
2458545.847828 25.802618 0.016681
2458546.351421 25.811459 0.016817
2458546.844488 25.804115 0.016704
2458547.337556 25.816831 0.016900
2458547.841149 25.795994 0.016579
2458548.334216 25.845654 0.017355
2458548.827283 25.799301 0.016630
2458549.330877 25.795169 0.016566
2458549.823944 25.795499 0.016571
2458550.317011 25.788754 0.016469
2458550.820605 25.807113 0.016750
2458551.313672 25.786624 0.016437
2458551.806739 25.824940 0.017027
2458552.310332 25.789902 0.016486
2458552.803400 25.814645 0.016866
2458553.296467 25.824601 0.017022
2458553.800060 25.784825 0.016409
2458554.293127 25.799964 0.016640
2458554.786194 25.815485 0.016879
2458555.289788 25.802951 0.016686
2458555.782855 25.803616 0.016696
2458556.275922 25.834306 0.017175
2458556.779516 25.763786 0.016095
2458557.272583 25.817336 0.016908
2458557.765650 25.838591 0.017243
2458558.269244 25.799301 0.016630
2458558.762311 25.799301 0.016630
2458559.255378 25.816831 0.016900
2458559.758971 25.798143 0.016612
2458560.252038 25.770700 0.016197
2458560.745106 25.810454 0.016801
2458561.248699 25.805613 0.016727
2458561.741766 25.802951 0.016686
2458562.234833 25.812967 0.016840
2458562.738427 25.789574 0.016481
2458563.231494 25.796490 0.016587
2458563.724561 25.799467 0.016632
2458564.228155 25.785805 0.016424
2458564.721222 25.810956 0.016809
2458565.214289 25.802452 0.016678
2458565.717882 25.821047 0.016966
2458566.210950 25.819358 0.016940
2458566.704017 25.794015 0.016549
2458567.207610 25.770055 0.016188
2458567.700677 25.802951 0.016686
2458568.193744 25.825788 0.017040
2458568.697338 25.786787 0.016439
2458569.190405 25.770216 0.016190
2458569.683472 25.795664 0.016574
2458570.187066 25.778957 0.016321
2458570.680133 25.812464 0.016833
2458571.173200 25.805613 0.016727
2458571.676794 25.787279 0.016447
2458572.169861 25.783028 0.016382
2458572.662928 25.833964 0.017169
2458573.166521 25.819527 0.016943
2458573.659588 25.839793 0.017262
2458574.152656 25.774416 0.016253
2458574.656249 25.819358 0.016940
2458575.149316 25.804614 0.016711
2458575.642383 25.793685 0.016544
2458576.145977 25.792368 0.016524
2458576.639044 25.821385 0.016972
2458577.132111 25.809451 0.016786
2458577.635705 25.806279 0.016737
2458578.128772 25.782376 0.016373
2458578.621839 25.813638 0.016851
2458579.125432 25.810287 0.016799
2458579.618500 25.792697 0.016529
2458580.111567 25.806946 0.016747
2458580.615160 25.783355 0.016387
2458581.108227 25.820878 0.016964
2458581.601294 25.824092 0.017014
2458582.104888 25.797316 0.016599
2458582.597955 25.831403 0.017129
2458583.091022 25.819527 0.016943
2458583.594616 25.810454 0.016802
2458584.087683 25.805946 0.016732
2458584.580750 25.830720 0.017118
2458585.084344 25.792862 0.016531
2458585.577411 25.775226 0.016265
2458586.070478 25.814981 0.016872
2458586.574071 25.803948 0.016701
2458587.067138 25.836361 0.017207
2458587.560206 25.810621 0.016804
2458588.063799 25.806946 0.016747
2458588.556866 25.824431 0.017019
2458589.049933 25.821723 0.016977
2458589.553527 25.811124 0.016812
2458590.046594 25.794344 0.016554
2458590.539661 25.794839 0.016562
2458591.043255 25.840825 0.017278
2458591.536322 25.798639 0.016620
2458592.029389 25.822738 0.016993
2458592.532982 25.819021 0.016935
2458593.026050 25.839621 0.017259
2458593.519117 25.773122 0.016234
2458594.022710 25.826637 0.017054
2458594.515777 25.820878 0.016964
2458595.008844 25.806779 0.016745
2458595.512438 25.803117 0.016688
2458596.005505 25.804614 0.016712
2458596.498572 25.774902 0.016260
2458597.002166 25.829528 0.017099
2458597.495233 25.818347 0.016924
2458597.988300 25.792203 0.016522
2458712.204272 25.833281 0.017171
2458712.697339 25.825618 0.017051
2458713.200932 25.803782 0.016711
2458713.694000 25.806779 0.016758
2458714.187067 25.801622 0.016679
2458714.690660 25.824601 0.017036
2458715.183727 25.808114 0.016779
2458715.676794 25.827996 0.017090
2458716.180388 25.811961 0.016839
2458716.673455 25.819021 0.016950
2458717.166522 25.804447 0.016724
2458717.670116 25.826977 0.017075
2458718.163183 25.840653 0.017292
2458718.656250 25.831744 0.017151
2458719.159844 25.779445 0.016345
2458719.652911 25.800627 0.016667
2458720.145978 25.770700 0.016214
2458720.649571 25.770538 0.016212
2458721.142638 25.818515 0.016945
2458721.635706 25.788426 0.016482
2458722.139299 25.812631 0.016854
2458722.632366 25.795664 0.016593
2458723.125433 25.825449 0.017055
2458723.629027 25.794344 0.016574
2458724.122094 25.816831 0.016921
2458724.615161 25.793850 0.016567
2458725.118755 25.791874 0.016538
2458725.611822 25.809116 0.016803
2458726.104889 25.798474 0.016639
2458726.608482 25.815653 0.016905
2458727.101550 25.815317 0.016901
2458727.594617 25.812129 0.016852
2458728.098210 25.790231 0.016516
2458728.591277 25.805280 0.016747
2458729.084344 25.815990 0.016913
2458729.587938 25.808782 0.016802
2458730.081005 25.779445 0.016355
2458730.574072 25.796820 0.016619
2458731.077666 25.808782 0.016804
2458731.570733 25.810454 0.016831
2458732.063800 25.795334 0.016599
2458732.567394 25.786133 0.016459
2458733.060461 25.804447 0.016740
2458733.553528 25.777983 0.016338
2458734.057121 25.795499 0.016604
2458734.550188 25.811291 0.016848
2458735.043256 25.832939 0.017188
2458735.546849 25.808281 0.016803
2458736.039916 25.801622 0.016702
2458736.532983 25.806279 0.016774
2458737.036577 25.810621 0.016842
2458737.529644 25.810956 0.016849
2458738.022711 25.786787 0.016479
2458738.526305 25.829528 0.017142
2458739.019372 25.813302 0.016888
2458739.512439 25.828166 0.017122
2458740.016032 25.814645 0.016912
2458740.509100 25.804447 0.016755
2458741.002167 25.791874 0.016563
2458741.505760 25.794179 0.016600
2458741.998827 25.819190 0.016988
2458742.491894 25.777171 0.016344
2458742.995488 25.797316 0.016652
2458743.488555 25.795004 0.016618
2458743.981622 25.790395 0.016549
2458744.485216 25.778470 0.016370
2458744.978283 25.800461 0.016707
2458745.471350 25.806946 0.016809
2458745.974944 25.822061 0.017046
2458746.468011 25.777496 0.016363
2458746.961078 25.801456 0.016730
2458747.464671 25.801788 0.016737
2458747.957738 25.812799 0.016910
2458748.450806 25.809451 0.016861
2458748.954399 25.797150 0.016673
2458749.447466 25.834820 0.017265
2458749.940533 25.806613 0.016825
2458750.444127 25.806113 0.016820
2458750.937194 25.762504 0.016160
2458751.430261 25.795334 0.016660
2458751.933855 25.787934 0.016550
2458752.426922 25.780096 0.016434
2458752.919989 25.792532 0.016627
2458753.423582 25.804614 0.016818
2458753.916650 25.766032 0.016234
2458754.409717 25.782702 0.016490
2458754.913310 25.770700 0.016313
2458755.406377 25.790559 0.016619
2458755.899444 25.784825 0.016537
2458756.403038 25.782376 0.016505
2458756.896105 25.802618 0.016822
2458757.389172 25.782050 0.016512
2458757.892766 25.765229 0.016265
2458758.385833 25.756915 0.016148
2458758.878900 25.803117 0.016857
2458759.382494 25.771991 0.016388
2458759.875561 25.760904 0.016230
2458760.368628 25.773122 0.016422
2458760.872221 25.806613 0.016945
2458761.365288 25.731727 0.015825
2458761.858356 25.738126 0.015927
2458762.361949 25.770700 0.016421
2458762.855016 25.763946 0.016328
2458763.348083 25.734220 0.015895
2458763.851677 25.746927 0.016089
2458764.344744 25.748191 0.016113
2458764.837811 25.729706 0.015845
2458765.341405 25.776684 0.016547
2458765.834472 25.721658 0.015729
2458766.327539 25.738752 0.015975
2458766.831132 25.775712 0.016522
2458767.324200 25.746296 0.016073
2458767.817267 25.780910 0.016584
2458768.320860 25.766835 0.016359
2458768.813927 25.769732 0.016391
2458769.306994 25.768444 0.016360
2458769.810588 25.771991 0.016402
2458770.303655 25.811961 0.017006
2458770.796722 25.803948 0.016870
2458771.300316 25.762664 0.016230
2458771.793383 25.738282 0.015861
2458772.286450 25.770055 0.016324
2458772.790044 25.562605 0.014577
2458773.283111 25.598757 0.014674
2458773.776178 25.646031 0.015158
2458774.279771 25.664157 0.015311
2458774.772838 25.671199 0.015341
2458775.265906 25.698322 0.015676
2458775.769499 25.681105 0.015387
2458776.262566 25.731571 0.016084
2458776.755633 25.714283 0.015801
2458777.259227 25.728929 0.015990
2458777.752294 25.731882 0.016012
2458778.245361 25.734064 0.016026
2458778.748955 25.720118 0.015804
2458779.242022 25.763946 0.016440
2458779.735089 25.720734 0.015786
2458780.238682 25.751197 0.016223
2458780.731750 25.773445 0.016548
2458781.224817 25.772960 0.016531
2458781.728410 25.750405 0.016183
2458782.221477 25.762504 0.016356
2458782.714544 25.770377 0.016468
2458783.218138 25.739379 0.015999
2458783.711205 25.763145 0.016347
2459622.427944 25.822061 0.016982
2459622.921011 25.812967 0.016840
2459623.424605 25.791874 0.016516
2459623.917672 25.855027 0.017505
2459624.410739 25.808782 0.016775
2459624.914332 25.799632 0.016634
2459625.407400 25.810621 0.016804
2459625.900467 25.790888 0.016501
2459626.404060 25.814477 0.016863
2459626.897127 25.799964 0.016640
2459627.390194 25.809618 0.016788
2459627.893788 25.809952 0.016793
2459628.386855 25.807113 0.016749
2459628.879922 25.813302 0.016845
2459629.383516 25.798970 0.016624
2459629.876583 25.815149 0.016874
2459630.369650 25.836532 0.017210
2459630.873244 25.786787 0.016439
2459631.366311 25.814309 0.016861
2459631.859378 25.807447 0.016755
2459632.362971 25.805779 0.016729
2459632.856038 25.833110 0.017155
2459633.349106 25.799301 0.016629
2459633.852699 25.811626 0.016819
2459634.345766 25.813638 0.016850
2459634.838833 25.812129 0.016827
2459635.342427 25.815485 0.016879
2459635.835494 25.823245 0.017000
2459636.328561 25.787442 0.016449
2459636.832155 25.788754 0.016469
2459637.325222 25.811794 0.016822
2459637.818289 25.806779 0.016744
2459638.321882 25.850678 0.017435
2459638.814950 25.809618 0.016788
2459639.308017 25.838591 0.017242
2459639.811610 25.820371 0.016955
2459640.304677 25.773607 0.016240
2459640.797744 25.811961 0.016824
2459641.301338 25.823923 0.017011
2459641.794405 25.795829 0.016576
2459642.287472 25.813638 0.016850
2459642.791066 25.796985 0.016594
2459643.284133 25.823584 0.017006
2459643.777200 25.821047 0.016966
2459644.280794 25.816494 0.016895
2459644.773861 25.808615 0.016773
2459645.266928 25.789410 0.016479
2459645.770521 25.817336 0.016908
2459646.263588 25.791545 0.016511
2459646.756656 25.790888 0.016501
2459647.260249 25.815317 0.016877
2459647.753316 25.792532 0.016526
2459648.246383 25.790559 0.016496
2459648.749977 25.827656 0.017069
2459649.243044 25.801788 0.016668
2459649.736111 25.818010 0.016918
2459650.239705 25.792532 0.016526
2459650.732772 25.800959 0.016655
2459651.225839 25.832768 0.017150
2459651.729432 25.783518 0.016389
2459652.222500 25.782702 0.016377
2459652.715567 25.802286 0.016675
2459653.219160 25.811459 0.016817
2459653.712227 25.800295 0.016645
2459654.205294 25.844963 0.017344
2459654.708888 25.806113 0.016734
2459655.201955 25.821892 0.016979
2459655.695022 25.794179 0.016551
2459656.198616 25.815485 0.016879
2459656.691683 25.798639 0.016619
2459657.184750 25.810287 0.016799
2459657.688344 25.802286 0.016675
2459658.181411 25.815485 0.016879
2459658.674478 25.802120 0.016673
2459659.178071 25.812967 0.016840
2459659.671138 25.795994 0.016579
2459660.164206 25.799632 0.016634
2459660.667799 25.793026 0.016534
2459661.160866 25.806779 0.016744
2459661.653933 25.819527 0.016942
2459662.157527 25.814645 0.016866
2459662.650594 25.821385 0.016971
2459663.143661 25.817336 0.016908
2459663.647255 25.829528 0.017099
2459664.140322 25.809618 0.016788
2459664.633389 25.813806 0.016853
2459665.136982 25.783028 0.016382
2459665.630050 25.821047 0.016966
2459666.123117 25.815822 0.016884
2459666.626710 25.779770 0.016333
2459667.119777 25.823923 0.017011
2459667.612844 25.808782 0.016775
2459668.116438 25.833793 0.017166
2459668.609505 25.845999 0.017360
2459669.102572 25.794344 0.016554
2459669.606166 25.802120 0.016673
2459670.099233 25.832085 0.017139
2459670.592300 25.834477 0.017177
2459671.095894 25.803283 0.016691
2459671.588961 25.789082 0.016474
2459672.082028 25.826977 0.017059
2459672.585621 25.828677 0.017085
2459673.078688 25.801788 0.016668
2459673.571756 25.807447 0.016755
2459674.075349 25.768122 0.016159
2459674.568416 25.763946 0.016097
2459675.061483 25.790723 0.016499
2459675.565077 25.821723 0.016976
2459676.058144 25.831061 0.017123
2459676.551211 25.794839 0.016561
2459677.054805 25.803283 0.016691
2459677.547872 25.796490 0.016586
2459678.040939 25.803449 0.016693
2459678.544532 25.806113 0.016734
2459679.037600 25.825618 0.017037
2459679.530667 25.806279 0.016737
2459680.034260 25.821047 0.016966
2459680.527327 25.786460 0.016434
2459681.020394 25.821892 0.016979
2459681.523988 25.800130 0.016642
2459682.017055 25.801788 0.016668
2459682.510122 25.812799 0.016837
2459683.013716 25.821723 0.016976
2459683.506783 25.784988 0.016412
2459683.999850 25.829528 0.017099
2459684.503444 25.804614 0.016711
2459684.996511 25.791052 0.016504
2459685.489578 25.833110 0.017155
2459685.993171 25.773607 0.016240
2459686.486238 25.832768 0.017150
2459686.979306 25.805446 0.016724
2459687.482899 25.802785 0.016683
2459687.975966 25.800793 0.016652
2459688.469033 25.820202 0.016953
2459688.972627 25.812464 0.016832
2459689.465694 25.793026 0.016534
2459689.958761 25.790395 0.016494
2459690.462355 25.810789 0.016806
2459690.955422 25.844099 0.017330
2459691.448489 25.814981 0.016871
2459691.952082 25.789082 0.016474
2459692.445150 25.830039 0.017107
2459692.938217 25.810454 0.016801
2459693.441810 25.814981 0.016871
2459693.934877 25.796655 0.016589
2459807.647256 25.788262 0.016461
2459808.150849 25.807447 0.016755
2459808.643916 25.806946 0.016747
2459809.136983 25.795169 0.016566
2459809.640577 25.816831 0.016900
2459810.133644 25.786787 0.016439
2459810.626711 25.833110 0.017155
2459811.130305 25.789082 0.016474
2459811.623372 25.788918 0.016471
2459812.116439 25.785478 0.016419
2459812.620032 25.785642 0.016422
2459813.113100 25.819190 0.016937
2459813.606167 25.810454 0.016801
2459814.109760 25.800627 0.016650
2459814.602827 25.804780 0.016714
2459815.095894 25.798143 0.016612
2459815.599488 25.793685 0.016544
2459816.092555 25.800130 0.016642
2459816.585622 25.789574 0.016481
2459817.089216 25.810956 0.016809
2459817.582283 25.798805 0.016622
2459818.075350 25.804115 0.016703
2459818.578944 25.770216 0.016190
2459819.072011 25.802618 0.016680
2459819.565078 25.814309 0.016861
2459820.068671 25.790559 0.016496
2459820.561738 25.794179 0.016551
2459821.054806 25.805446 0.016724
2459821.558399 25.795004 0.016564
2459822.051466 25.806113 0.016734
2459822.544533 25.776360 0.016282
2459823.048127 25.832427 0.017145
2459823.541194 25.794179 0.016551
2459824.034261 25.814645 0.016866
2459824.537855 25.795664 0.016574
2459825.030922 25.810454 0.016801
2459825.523989 25.849463 0.017416
2459826.027582 25.818515 0.016926
2459826.520650 25.823754 0.017008
2459827.013717 25.770861 0.016199
2459827.517310 25.790888 0.016501
2459828.010377 25.780096 0.016338
2459828.503444 25.818853 0.016932
2459829.007038 25.837904 0.017231
2459829.500105 25.840997 0.017280
2459829.993172 25.792203 0.016521
2459830.496766 25.807613 0.016757
2459830.989833 25.824770 0.017024
2459831.482900 25.822399 0.016987
2459831.986494 25.792203 0.016521
2459832.479561 25.798143 0.016612
2459832.972628 25.762985 0.016082
2459833.476221 25.800295 0.016645
2459833.969288 25.799798 0.016637
2459834.462356 25.805946 0.016731
2459834.965949 25.819021 0.016934
2459835.459016 25.812296 0.016830
2459835.952083 25.825618 0.017037
2459836.455677 25.811961 0.016824
2459836.948744 25.803283 0.016691
2459837.441811 25.809116 0.016780
2459837.945405 25.798805 0.016622
2459838.438472 25.790231 0.016491
2459838.931539 25.814813 0.016869
2459839.435132 25.796490 0.016586
2459839.928200 25.788262 0.016461
2459840.421267 25.788426 0.016464
2459840.924860 25.808949 0.016778
2459841.417927 25.791874 0.016516
2459841.910994 25.795004 0.016564
2459842.414588 25.776198 0.016279
2459842.907655 25.827656 0.017069
2459843.400722 25.828677 0.017085
2459843.904316 25.818515 0.016926
2459844.397383 25.827316 0.017064
2459844.890450 25.821723 0.016976
2459845.394044 25.820709 0.016961
2459845.887111 25.821554 0.016974
2459846.380178 25.822907 0.016995
2459846.883771 25.809785 0.016791
2459847.376838 25.779770 0.016333
2459847.869906 25.816326 0.016892
2459848.373499 25.810454 0.016801
2459848.866566 25.814981 0.016871
2459849.359633 25.804281 0.016706
2459849.863227 25.801290 0.016660
2459850.356294 25.785805 0.016424
2459850.849361 25.790888 0.016501
2459851.352955 25.815990 0.016887
2459851.846022 25.797977 0.016609
2459852.339089 25.813974 0.016856
2459852.842682 25.792039 0.016519
2459853.335750 25.789902 0.016486
2459853.828817 25.811626 0.016819
2459854.332410 25.838591 0.017242
2459854.825477 25.787934 0.016456
2459855.318544 25.769249 0.016175
2459855.822138 25.805779 0.016729
2459856.315205 25.834991 0.017185
2459856.808272 25.775874 0.016274
2459857.311866 25.812631 0.016835
2459857.804933 25.799964 0.016640
2459858.298000 25.800461 0.016647
2459858.801594 25.796820 0.016591
2459859.294661 25.798474 0.016617
2459859.787728 25.825449 0.017035
2459860.291321 25.819190 0.016937
2459860.784388 25.828336 0.017080
2459861.277456 25.816494 0.016895
2459861.781049 25.804780 0.016714
2459862.274116 25.798805 0.016622
2459862.767183 25.791874 0.016516
2459863.270777 25.811291 0.016814
2459863.763844 25.796820 0.016591
2459864.256911 25.808448 0.016770
2459864.760505 25.804947 0.016716
2459865.253572 25.795499 0.016571
2459865.746639 25.804947 0.016716
2459866.250232 25.773607 0.016240
2459866.743300 25.806446 0.016739
2459867.236367 25.838076 0.017234
2459867.739960 25.801622 0.016665
2459868.233027 25.817504 0.016911
2459868.726094 25.795334 0.016569
2459869.229688 25.828507 0.017083
2459869.722755 25.816158 0.016890
2459870.215822 25.828166 0.017077
2459870.719416 25.768766 0.016168
2459871.212483 25.778632 0.016316
2459871.705550 25.826637 0.017053
2459872.209144 25.797481 0.016602
2459872.702211 25.796820 0.016591
2459873.195278 25.782865 0.016380
2459873.698871 25.791874 0.016516
2459874.191938 25.810621 0.016804
2459874.685006 25.777658 0.016301
2459875.188599 25.848423 0.017399
2459875.681666 25.780747 0.016348
2459876.174733 25.802618 0.016680
2459876.678327 25.787770 0.016454
2459877.171394 25.834820 0.017182
2459877.664461 25.788262 0.016461
2459878.168055 25.813302 0.016845
2459878.661122 25.794674 0.016559
2459879.154189 25.810120 0.016796
2459987.411250 25.813470 0.016848
2459987.904317 25.818853 0.016932
2459988.407910 25.822907 0.016995
2459988.900977 25.791874 0.016516
2459989.394044 25.802618 0.016680
2459989.897638 25.796655 0.016589
2459990.390705 25.820033 0.016950
2459990.883772 25.803117 0.016688
2459991.387366 25.794839 0.016561
2459991.880433 25.788754 0.016469
2459992.373500 25.835847 0.017199
2459992.877094 25.837218 0.017220
2459993.370161 25.823415 0.017003
2459993.863228 25.802951 0.016685
2459994.366821 25.836875 0.017215
2459994.859888 25.805946 0.016731
2459995.352956 25.826807 0.017056
2459995.856549 25.814981 0.016871
2459996.349616 25.793191 0.016536
2459996.842683 25.805113 0.016719
2459997.346277 25.807113 0.016749
2459997.839344 25.795994 0.016579
2459998.332411 25.790888 0.016501
2459998.836005 25.809618 0.016788
2459999.329072 25.809451 0.016786
2459999.822139 25.844790 0.017341
2460000.325732 25.807780 0.016760
2460000.818800 25.796655 0.016589
2460001.311867 25.815653 0.016882
2460001.815460 25.777658 0.016301
2460002.308527 25.789738 0.016484
2460002.801594 25.819358 0.016939
2460003.305188 25.795334 0.016569
2460003.798255 25.816158 0.016890
2460004.291322 25.813470 0.016848
2460004.794916 25.808448 0.016770
2460005.287983 25.820202 0.016953
2460005.781050 25.789902 0.016486
2460006.284644 25.814477 0.016863
2460006.777711 25.808782 0.016775
2460007.270778 25.792697 0.016529
2460007.774371 25.817336 0.016908
2460008.267438 25.791217 0.016506
2460008.760506 25.827996 0.017075
2460009.264099 25.822061 0.016982
2460009.757166 25.801124 0.016657
2460010.250233 25.823415 0.017003
2460010.753827 25.831914 0.017136
2460011.246894 25.823076 0.016998
2460011.739961 25.813638 0.016850
2460012.243555 25.838591 0.017242
2460012.736622 25.826127 0.017045
2460013.229689 25.811291 0.016814
2460013.733282 25.775226 0.016265
2460014.226350 25.816326 0.016892
2460014.719417 25.840137 0.017267
2460015.223010 25.813974 0.016856
2460015.716077 25.821892 0.016979
2460016.209144 25.802286 0.016675
2460016.712738 25.834648 0.017180
2460017.205805 25.794179 0.016551
2460017.698872 25.807613 0.016757
2460018.202466 25.814477 0.016863
2460018.695533 25.815653 0.016882
2460019.188600 25.788426 0.016464
2460019.692194 25.783028 0.016382
2460020.185261 25.810621 0.016804
2460020.678328 25.811961 0.016824
2460021.181921 25.791217 0.016506
2460021.674988 25.786951 0.016441
2460022.168056 25.792368 0.016524
2460022.671649 25.784334 0.016402
2460023.164716 25.812464 0.016832
2460023.657783 25.771506 0.016209
2460024.161377 25.812799 0.016837
2460024.654444 25.804947 0.016716
2460025.147511 25.801124 0.016657
2460025.651105 25.792368 0.016524
2460026.144172 25.829358 0.017096
2460026.637239 25.837904 0.017231
2460027.140832 25.835675 0.017196
2460027.633900 25.784661 0.016407
2460028.126967 25.802618 0.016680
2460028.630560 25.783355 0.016387
2460029.123627 25.775064 0.016262
2460029.616694 25.784008 0.016397
2460030.120288 25.808281 0.016768
2460030.613355 25.835162 0.017188
2460031.106422 25.803782 0.016698
2460031.610016 25.797646 0.016604
2460032.103083 25.810621 0.016804
2460032.596150 25.784498 0.016404
2460033.099744 25.804281 0.016706
2460033.592811 25.823584 0.017006
2460034.085878 25.816158 0.016890
2460034.589471 25.847383 0.017382
2460035.082538 25.812967 0.016840
2460035.575606 25.792203 0.016521
2460036.079199 25.815822 0.016884
2460036.572266 25.824940 0.017027
2460037.065333 25.805946 0.016731
2460037.568927 25.823754 0.017008
2460038.061994 25.802951 0.016685
2460038.555061 25.824601 0.017021
2460039.058655 25.851720 0.017452
2460039.551722 25.796655 0.016589
2460040.044789 25.802452 0.016678
2460040.548382 25.797646 0.016604
2460041.041450 25.792862 0.016531
2460041.534517 25.770861 0.016199
2460042.038110 25.802785 0.016683
2460042.531177 25.783028 0.016382
2460043.024244 25.776847 0.016289
2460043.527838 25.828847 0.017088
2460044.020905 25.820878 0.016963
2460044.513972 25.805779 0.016729
2460045.017566 25.800295 0.016645
2460045.510633 25.821047 0.016966
2460046.003700 25.801788 0.016668
2460046.507294 25.816999 0.016903
2460047.000361 25.814309 0.016861
2460047.493428 25.796985 0.016594
2460047.997021 25.791381 0.016509
2460048.490088 25.830720 0.017118
2460048.983156 25.812799 0.016837
2460049.486749 25.804281 0.016706
2460049.979816 25.831232 0.017126
2460050.472883 25.774740 0.016257
2460050.976477 25.829698 0.017102
2460051.469544 25.803449 0.016693
2460051.962611 25.806946 0.016747
2460052.466205 25.799136 0.016627
2460052.959272 25.810956 0.016809
2460053.452339 25.796655 0.016589
2460053.955932 25.815485 0.016879
2460054.449000 25.800461 0.016647
2460054.942067 25.790395 0.016494
2460055.445660 25.811794 0.016822
2460055.938727 25.804780 0.016714
2460056.431794 25.811626 0.016819
2460056.935388 25.811961 0.016824
2460057.428455 25.782865 0.016380
2460057.921522 25.782702 0.016377
2460058.425116 25.789574 0.016481
2460058.918183 25.783192 0.016384
