2458346.727899 22.150592 0.006482
2458347.220966 22.141969 0.006431
2458347.714033 22.154504 0.006506
2458348.217627 22.160243 0.006540
2458348.710694 22.163330 0.006559
2458349.203761 22.156789 0.006519
2458349.707355 22.151306 0.006487
2458350.200422 22.141027 0.006425
2458350.693489 22.153380 0.006499
2458351.197082 22.145985 0.006455
2458351.690150 22.152563 0.006494
2458352.183217 22.150524 0.006482
2458352.686810 22.153107 0.006497
2458353.179877 22.152223 0.006492
2458353.672944 22.153073 0.006497
2458354.176538 22.163158 0.006558
2458354.669605 22.149472 0.006476
2458355.162672 22.156379 0.006517
2458355.666266 22.161888 0.006550
2458356.159333 22.155185 0.006510
2458356.652400 22.159764 0.006537
2458357.155994 22.145681 0.006453
2458357.649061 22.149032 0.006473
2458358.142128 22.148523 0.006470
2458358.645721 22.155424 0.006511
2458359.138788 22.140656 0.006423
2458359.631856 22.138573 0.006411
2458360.135449 22.154606 0.006506
2458360.628516 22.154674 0.006507
2458361.121583 22.148117 0.006468
2458361.625177 22.153005 0.006497
2458362.118244 22.153856 0.006502
2458362.611311 22.147710 0.006465
2458363.114905 22.150796 0.006483
2458363.607972 22.157335 0.006523
2458364.101039 22.160414 0.006541
2458364.604632 22.146661 0.006459
2458365.097700 22.161717 0.006549
2458365.590767 22.149506 0.006476
2458366.094360 22.154674 0.006507
2458366.587427 22.150898 0.006484
2458367.080494 22.154947 0.006508
2458367.584088 22.143182 0.006438
2458368.077155 22.141329 0.006427
2458368.570222 22.159866 0.006538
2458369.073816 22.140993 0.006425
2458369.566883 22.161545 0.006548
2458370.059950 22.159627 0.006536
2458370.563544 22.149913 0.006478
2458371.056611 22.153584 0.006500
2458371.549678 22.148625 0.006471
2458372.053271 22.161923 0.006550
2458372.546338 22.154878 0.006508
2458373.039406 22.162884 0.006556
2458373.542999 22.147033 0.006461
2458374.036066 22.145207 0.006450
2458374.529133 22.151985 0.006491
2458375.032727 22.155731 0.006513
2458375.525794 22.152495 0.006494
2458376.018861 22.163193 0.006558
2458376.522455 22.152597 0.006494
2458377.015522 22.153925 0.006502
2458377.508589 22.155902 0.006514
2458378.012182 22.150626 0.006482
2458378.505250 22.139917 0.006419
2458378.998317 22.148218 0.006468
2458379.501910 22.151170 0.006486
2458379.994977 22.148218 0.006468
2458380.488044 22.151068 0.006485
2458380.991638 22.156277 0.006516
2458381.484705 22.161408 0.006547
2458381.977772 22.159319 0.006535
2458382.481366 22.153482 0.006500
2458382.974433 22.149642 0.006477
2458383.467500 22.159935 0.006538
2458383.971094 22.150321 0.006481
2458384.464161 22.147203 0.006462
2458384.957228 22.136962 0.006401
2458385.460821 22.150626 0.006482
2458385.953888 22.151034 0.006485
2458386.446956 22.159866 0.006538
2458386.950549 22.149947 0.006478
2458387.443616 22.150287 0.006480
2458387.936683 22.135421 0.006392
2458388.440277 22.145174 0.006450
2458388.933344 22.150253 0.006480
2458389.426411 22.154367 0.006505
2458389.930005 22.166564 0.006578
2458390.423072 22.157028 0.006521
2458390.916139 22.166564 0.006578
2458391.419732 22.161168 0.006546
2458391.912800 22.152767 0.006495
2458392.405867 22.159764 0.006537
2458392.909460 22.149099 0.006473
2458393.402527 22.138069 0.006408
2458393.895594 22.162060 0.006551
2458394.399188 22.162952 0.006556
2458394.892255 22.163914 0.006562
2458395.385322 22.159866 0.006538
2458395.888916 22.159319 0.006535
2458396.381983 22.157575 0.006524
2458396.875050 22.152087 0.006491
2458397.378644 22.144195 0.006444
2458397.871711 22.157985 0.006527
2458398.364778 22.147270 0.006462
2458398.868371 22.148930 0.006472
2458399.361438 22.159147 0.006534
2458399.854506 22.148794 0.006472
2458400.358099 22.159353 0.006535
2458400.851166 22.142677 0.006435
2458401.344233 22.153550 0.006500
2458401.847827 22.154163 0.006504
2458402.340894 22.156823 0.006520
2458402.833961 22.149608 0.006476
2458403.337555 22.153107 0.006497
2458403.830622 22.155936 0.006514
2458404.323689 22.153107 0.006497
2458404.827282 22.154265 0.006504
2458405.320350 22.171018 0.006605
2458405.813417 22.163193 0.006558
2458406.317010 22.159969 0.006538
2458406.810077 22.167805 0.006586
2458407.303144 22.135488 0.006393
2458407.806738 22.147304 0.006463
2458408.299805 22.148456 0.006470
2458408.792872 22.167391 0.006583
2458409.296466 22.146526 0.006458
2458409.789533 22.164086 0.006563
2458410.282600 22.154538 0.006506
2458410.786194 22.152597 0.006494
2458411.279261 22.148388 0.006469
2458411.772328 22.150015 0.006479
2458412.275921 22.153584 0.006500
2458412.768988 22.153720 0.006501
2458413.262056 22.156277 0.006516
2458413.765649 22.155492 0.006512
2458414.258716 22.155356 0.006511
2458414.751783 22.145072 0.006449
2458415.255377 22.161648 0.006549
2458415.748444 22.159592 0.006536
2458416.241511 22.158258 0.006528
2458416.745105 22.136560 0.006399
2458417.238172 22.163743 0.006561
2458417.731239 22.144937 0.006449
2458418.234832 22.158224 0.006528
2458526.481367 22.158327 0.006529
2458526.984960 22.142643 0.006435
2458527.478027 22.161443 0.006547
2458527.971094 22.142306 0.006433
2458528.474688 22.155288 0.006510
2458528.967755 22.162163 0.006552
2458529.460822 22.137130 0.006402
2458529.964416 22.160551 0.006542
2458530.457483 22.140152 0.006420
2458530.950550 22.160825 0.006544
2458531.454144 22.154810 0.006508
2458531.947211 22.161203 0.006546
2458532.440278 22.143958 0.006443
2458532.943871 22.150796 0.006483
2458533.436938 22.157130 0.006521
2458533.930006 22.149235 0.006474
2458534.433599 22.149032 0.006473
2458534.926666 22.155526 0.006512
2458535.419733 22.151136 0.006486
2458535.923327 22.138170 0.006409
2458536.416394 22.146019 0.006455
2458536.909461 22.161580 0.006548
2458537.413055 22.153720 0.006501
2458537.906122 22.144296 0.006445
2458538.399189 22.141397 0.006428
2458538.902782 22.164224 0.006564
2458539.395850 22.156413 0.006517
2458539.888917 22.153754 0.006501
2458540.392510 22.155219 0.006510
2458540.885577 22.154572 0.006506
2458541.378644 22.151985 0.006491
2458541.882238 22.155015 0.006509
2458542.375305 22.155799 0.006513
2458542.868372 22.149337 0.006475
2458543.371966 22.143891 0.006442
2458543.865033 22.159558 0.006536
2458544.358100 22.152971 0.006496
2458544.861694 22.158019 0.006527
2458545.354761 22.161065 0.006545
2458545.847828 22.149540 0.006476
2458546.351421 22.157096 0.006521
2458546.844488 22.150389 0.006481
2458547.337556 22.152597 0.006494
2458547.841149 22.161580 0.006548
2458548.334216 22.157062 0.006521
2458548.827283 22.146188 0.006456
2458549.330877 22.153448 0.006499
2458549.823944 22.154742 0.006507
2458550.317011 22.155560 0.006512
2458550.820605 22.156209 0.006516
2458551.313672 22.167529 0.006584
2458551.806739 22.164258 0.006564
2458552.310332 22.149744 0.006477
2458552.803400 22.146560 0.006458
2458553.296467 22.142508 0.006434
2458553.800060 22.142239 0.006433
2458554.293127 22.151849 0.006490
2458554.786194 22.164086 0.006563
2458555.289788 22.152631 0.006494
2458555.782855 22.152597 0.006494
2458556.275922 22.148184 0.006468
2458556.779516 22.145512 0.006452
2458557.272583 22.158532 0.006530
2458557.765650 22.158942 0.006532
2458558.269244 22.151747 0.006489
2458558.762311 22.163055 0.006557
2458559.255378 22.158327 0.006529
2458559.758971 22.154163 0.006504
2458560.252038 22.151679 0.006489
2458560.745106 22.156686 0.006519
2458561.248699 22.142711 0.006435
2458561.741766 22.154163 0.006504
2458562.234833 22.157916 0.006526
2458562.738427 22.143621 0.006441
2458563.231494 22.152393 0.006493
2458563.724561 22.152529 0.006494
2458564.228155 22.150796 0.006483
2458564.721222 22.150287 0.006480
2458565.214289 22.169980 0.006599
2458565.717882 22.138170 0.006409
2458566.210950 22.161820 0.006550
2458566.704017 22.151373 0.006487
2458567.207610 22.148794 0.006472
2458567.700677 22.158600 0.006530
2458568.193744 22.164155 0.006564
2458568.697338 22.165428 0.006571
2458569.190405 22.169704 0.006597
2458569.683472 22.164155 0.006564
2458570.187066 22.159250 0.006534
2458570.680133 22.158976 0.006533
2458571.173200 22.172160 0.006612
2458571.676794 22.153856 0.006502
2458572.169861 22.158976 0.006533
2458572.662928 22.152087 0.006491
2458573.166521 22.152597 0.006494
2458573.659588 22.154640 0.006506
2458574.152656 22.164980 0.006569
2458574.656249 22.149778 0.006477
2458575.149316 22.150287 0.006480
2458575.642383 22.156448 0.006517
2458576.145977 22.170395 0.006602
2458576.639044 22.150253 0.006480
2458577.132111 22.159592 0.006536
2458577.635705 22.150558 0.006482
2458578.128772 22.159490 0.006536
2458578.621839 22.152699 0.006495
2458579.125432 22.136225 0.006397
2458579.618500 22.149167 0.006474
2458580.111567 22.145850 0.006454
2458580.615160 22.162437 0.006553
2458581.108227 22.151373 0.006487
2458581.601294 22.158805 0.006531
2458582.104888 22.150117 0.006479
2458582.597955 22.158634 0.006530
2458583.091022 22.153618 0.006500
2458583.594616 22.148320 0.006469
2458584.087683 22.151543 0.006488
2458584.580750 22.146052 0.006455
2458585.084344 22.152291 0.006492
2458585.577411 22.147541 0.006464
2458586.070478 22.160140 0.006540
2458586.574071 22.160003 0.006539
2458587.067138 22.153482 0.006500
2458587.560206 22.155936 0.006514
2458588.063799 22.147406 0.006463
2458588.556866 22.145545 0.006452
2458589.049933 22.158258 0.006528
2458589.553527 22.152767 0.006495
2458590.046594 22.170361 0.006601
2458590.539661 22.148286 0.006469
2458591.043255 22.147406 0.006463
2458591.536322 22.145613 0.006453
2458592.029389 22.171225 0.006607
2458592.532982 22.142138 0.006432
2458593.026050 22.155219 0.006510
2458593.519117 22.154606 0.006506
2458594.022710 22.162094 0.006551
2458594.515777 22.155015 0.006509
2458595.008844 22.151373 0.006487
2458595.512438 22.154981 0.006509
2458596.005505 22.149913 0.006478
2458596.498572 22.142003 0.006431
2458597.002166 22.165841 0.006574
2458597.495233 22.145816 0.006454
2458597.988300 22.158327 0.006529
2458712.204272 22.162918 0.006556
2458712.697339 22.147609 0.006464
2458713.200932 22.154844 0.006508
2458713.694000 22.156516 0.006518
2458714.187067 22.150796 0.006483
2458714.690660 22.155322 0.006511
2458715.183727 22.150049 0.006479
2458715.676794 22.159216 0.006534
2458716.180388 22.146323 0.006457
2458716.673455 22.149201 0.006474
2458717.166522 22.154878 0.006508
2458717.670116 22.158908 0.006532
2458718.163183 22.138002 0.006408
2458718.656250 22.155356 0.006511
2458719.159844 22.149506 0.006476
2458719.652911 22.156413 0.006517
2458720.145978 22.153482 0.006500
2458720.649571 22.156209 0.006516
2458721.142638 22.151645 0.006489
2458721.635706 22.153516 0.006500
2458722.139299 22.164361 0.006565
2458722.632366 22.154470 0.006505
2458723.125433 22.148862 0.006472
2458723.629027 22.139715 0.006418
2458724.122094 22.146864 0.006460
2458724.615161 22.148591 0.006470
2458725.118755 22.164017 0.006563
2458725.611822 22.161580 0.006548
2458726.104889 22.157506 0.006524
2458726.608482 22.147710 0.006465
2458727.101550 22.159524 0.006536
2458727.594617 22.145850 0.006454
2458728.098210 22.141161 0.006426
2458728.591277 22.161065 0.006545
2458729.084344 22.157335 0.006523
2458729.587938 22.153925 0.006502
2458730.081005 22.155595 0.006512
2458730.574072 22.154367 0.006505
2458731.077666 22.149846 0.006478
2458731.570733 22.157062 0.006521
2458732.063800 22.152019 0.006491
2458732.567394 22.152733 0.006495
2458733.060461 22.152699 0.006495
2458733.553528 22.151306 0.006487
2458734.057121 22.150626 0.006482
2458734.550188 22.155936 0.006514
2458735.043256 22.150660 0.006483
2458735.546849 22.165600 0.006572
2458736.039916 22.156072 0.006515
2458736.532983 22.151000 0.006485
2458737.036577 22.153414 0.006499
2458737.529644 22.147643 0.006465
2458738.022711 22.147643 0.006465
2458738.526305 22.160586 0.006542
2458739.019372 22.157950 0.006526
2458739.512439 22.143048 0.006437
2458740.016032 22.151883 0.006490
2458740.509100 22.141565 0.006429
2458741.002167 22.157233 0.006522
2458741.505760 22.150117 0.006479
2458741.998827 22.154708 0.006507
2458742.491894 22.147812 0.006466
2458742.995488 22.167322 0.006583
2458743.488555 22.155015 0.006509
2458743.981622 22.154640 0.006506
2458744.485216 22.146086 0.006455
2458744.978283 22.158224 0.006528
2458745.471350 22.155083 0.006509
2458745.974944 22.151951 0.006490
2458746.468011 22.147169 0.006462
2458746.961078 22.143351 0.006439
2458747.464671 22.155526 0.006512
2458747.957738 22.147947 0.006466
2458748.450806 22.154572 0.006506
2458748.954399 22.147676 0.006465
2458749.447466 22.148625 0.006471
2458749.940533 22.163639 0.006561
2458750.444127 22.143790 0.006442
2458750.937194 22.148591 0.006470
2458751.430261 22.155560 0.006512
2458751.933855 22.157130 0.006521
2458752.426922 22.146289 0.006457
2458752.919989 22.155595 0.006512
2458753.423582 22.157575 0.006524
2458753.916650 22.163914 0.006562
2458754.409717 22.168564 0.006590
2458754.913310 22.169255 0.006595
2458755.406377 22.153040 0.006497
2458755.899444 22.143891 0.006442
2458756.403038 22.165359 0.006571
2458756.896105 22.150287 0.006480
2458757.389172 22.156721 0.006519
2458757.892766 22.153754 0.006501
2458758.385833 22.154913 0.006508
2458758.878900 22.157301 0.006522
2458759.382494 22.153312 0.006499
2458759.875561 22.148727 0.006471
2458760.368628 22.150117 0.006479
2458760.872221 22.155356 0.006511
2458761.365288 22.152053 0.006491
2458761.858356 22.151373 0.006487
2458762.361949 22.162197 0.006552
2458762.855016 22.144870 0.006448
2458763.348083 22.151306 0.006487
2458763.851677 22.149032 0.006473
2458764.344744 22.150694 0.006483
2458764.837811 22.152257 0.006492
2458765.341405 22.158703 0.006531
2458765.834472 22.158087 0.006527
2458766.327539 22.155322 0.006511
2458766.831132 22.155015 0.006509
2458767.324200 22.151543 0.006488
2458767.817267 22.164912 0.006568
2458768.320860 22.143351 0.006439
2458768.813927 22.154333 0.006505
2458769.306994 22.148761 0.006471
2458769.810588 22.151170 0.006486
2458770.303655 22.148422 0.006469
2458770.796722 22.152495 0.006494
2458771.300316 22.148930 0.006472
2458771.793383 22.161614 0.006548
2458772.286450 22.150558 0.006482
2458772.790044 22.157506 0.006524
2458773.283111 22.160757 0.006543
2458773.776178 22.157438 0.006523
2458774.279771 22.154129 0.006503
2458774.772838 22.151747 0.006489
2458775.265906 22.157335 0.006523
2458775.769499 22.148930 0.006472
2458776.262566 22.141397 0.006428
2458776.755633 22.139816 0.006418
2458777.259227 22.145647 0.006453
2458777.752294 22.154742 0.006507
2458778.245361 22.152019 0.006491
2458778.748955 22.158087 0.006527
2458779.242022 22.144296 0.006445
2458779.735089 22.161271 0.006546
2458780.238682 22.151102 0.006485
2458780.731750 22.150287 0.006480
2458781.224817 22.143756 0.006442
2458781.728410 22.160654 0.006543
2458782.221477 22.150626 0.006482
2458782.714544 22.148727 0.006471
2458783.218138 22.160654 0.006543
2458783.711205 22.160791 0.006543
2459622.427944 22.147643 0.006465
2459622.921011 22.144262 0.006445
2459623.424605 22.158669 0.006531
2459623.917672 22.159798 0.006537
2459624.410739 22.154470 0.006505
2459624.914332 22.142879 0.006436
2459625.407400 22.165772 0.006574
2459625.900467 22.155151 0.006510
2459626.404060 22.157950 0.006526
2459626.897127 22.154640 0.006506
2459627.390194 22.150728 0.006483
2459627.893788 22.163639 0.006561
2459628.386855 22.160620 0.006542
2459628.879922 22.150219 0.006480
2459629.383516 22.170326 0.006601
2459629.876583 22.160072 0.006539
2459630.369650 22.139984 0.006419
2459630.873244 22.153414 0.006499
2459631.366311 22.141128 0.006426
2459631.859378 22.151985 0.006491
2459632.362971 22.149744 0.006477
2459632.856038 22.158840 0.006532
2459633.349106 22.155185 0.006510
2459633.852699 22.157916 0.006526
2459634.345766 22.160688 0.006543
2459634.838833 22.148083 0.006467
2459635.342427 22.153686 0.006501
2459635.835494 22.155322 0.006511
2459636.328561 22.159147 0.006534
2459636.832155 22.155833 0.006514
2459637.325222 22.146729 0.006459
2459637.818289 22.154538 0.006506
2459638.321882 22.154776 0.006507
2459638.814950 22.153380 0.006499
2459639.308017 22.159319 0.006535
2459639.811610 22.147575 0.006464
2459640.304677 22.163365 0.006559
2459640.797744 22.161888 0.006550
2459641.301338 22.162678 0.006555
2459641.794405 22.148083 0.006467
2459642.287472 22.144026 0.006443
2459642.791066 22.146019 0.006455
2459643.284133 22.159798 0.006537
2459643.777200 22.160723 0.006543
2459644.280794 22.161031 0.006545
2459644.773861 22.153993 0.006503
2459645.266928 22.151713 0.006489
2459645.770521 22.149947 0.006478
2459646.263588 22.157643 0.006525
2459646.756656 22.143115 0.006438
2459647.260249 22.158224 0.006528
2459647.753316 22.154981 0.006509
2459648.246383 22.149812 0.006478
2459648.749977 22.151509 0.006488
2459649.243044 22.151238 0.006486
2459649.736111 22.167426 0.006584
2459650.239705 22.148964 0.006473
2459650.732772 22.155731 0.006513
2459651.225839 22.156926 0.006520
2459651.729432 22.143722 0.006441
2459652.222500 22.142070 0.006432
2459652.715567 22.141868 0.006430
2459653.219160 22.149778 0.006477
2459653.712227 22.162197 0.006552
2459654.205294 22.159113 0.006533
2459654.708888 22.152359 0.006493
2459655.201955 22.165015 0.006569
2459655.695022 22.151034 0.006485
2459656.198616 22.150524 0.006482
2459656.691683 22.163674 0.006561
2459657.184750 22.139043 0.006414
2459657.688344 22.141902 0.006431
2459658.181411 22.157267 0.006522
2459658.674478 22.142542 0.006434
2459659.178071 22.153788 0.006501
2459659.671138 22.152733 0.006495
2459660.164206 22.156277 0.006516
2459660.667799 22.155765 0.006513
2459661.160866 22.157165 0.006522
2459661.653933 22.151000 0.006485
2459662.157527 22.155049 0.006509
2459662.650594 22.145376 0.006451
2459663.143661 22.153448 0.006499
2459663.647255 22.143790 0.006442
2459664.140322 22.157404 0.006523
2459664.633389 22.147135 0.006462
2459665.136982 22.143418 0.006440
2459665.630050 22.152801 0.006495
2459666.123117 22.162369 0.006553
2459666.626710 22.164224 0.006564
2459667.119777 22.145174 0.006450
2459667.612844 22.145816 0.006454
2459668.116438 22.147338 0.006463
2459668.609505 22.157677 0.006525
2459669.102572 22.152087 0.006491
2459669.606166 22.158976 0.006533
2459670.099233 22.148862 0.006472
2459670.592300 22.153040 0.006497
2459671.095894 22.152529 0.006494
2459671.588961 22.151271 0.006486
2459672.082028 22.155322 0.006511
2459672.585621 22.150592 0.006482
2459673.078688 22.147101 0.006461
2459673.571756 22.160449 0.006541
2459674.075349 22.155492 0.006512
2459674.568416 22.161168 0.006546
2459675.061483 22.160551 0.006542
2459675.565077 22.157575 0.006524
2459676.058144 22.155390 0.006511
2459676.551211 22.139782 0.006418
2459677.054805 22.140724 0.006424
2459677.547872 22.153107 0.006497
2459678.040939 22.151577 0.006488
2459678.544532 22.149846 0.006478
2459679.037600 22.151645 0.006489
2459679.530667 22.158771 0.006531
2459680.034260 22.150694 0.006483
2459680.527327 22.152767 0.006495
2459681.020394 22.160175 0.006540
2459681.523988 22.143992 0.006443
2459682.017055 22.149608 0.006476
2459682.510122 22.157233 0.006522
2459683.013716 22.157575 0.006524
2459683.506783 22.165256 0.006570
2459683.999850 22.144532 0.006446
2459684.503444 22.152767 0.006495
2459684.996511 22.139009 0.006413
2459685.489578 22.150694 0.006483
2459685.993171 22.148862 0.006472
2459686.486238 22.144633 0.006447
2459686.979306 22.165118 0.006570
2459687.482899 22.158634 0.006530
2459687.975966 22.158395 0.006529
2459688.469033 22.148049 0.006467
2459688.972627 22.147710 0.006465
2459689.465694 22.154708 0.006507
2459689.958761 22.156174 0.006516
2459690.462355 22.147270 0.006462
2459690.955422 22.154504 0.006506
2459691.448489 22.147270 0.006462
2459691.952082 22.145275 0.006451
2459692.445150 22.158019 0.006527
2459692.938217 22.154606 0.006506
2459693.441810 22.150966 0.006484
2459693.934877 22.143385 0.006439
2459807.647256 22.148896 0.006472
2459808.150849 22.152971 0.006496
2459808.643916 22.152019 0.006491
2459809.136983 22.143722 0.006441
2459809.640577 22.150253 0.006480
2459810.133644 22.157404 0.006523
2459810.626711 22.150117 0.006479
2459811.130305 22.155867 0.006514
2459811.623372 22.160312 0.006541
2459812.116439 22.154913 0.006508
2459812.620032 22.161477 0.006548
2459813.113100 22.147033 0.006461
2459813.606167 22.143992 0.006443
2459814.109760 22.151068 0.006485
2459814.602827 22.157745 0.006525
2459815.095894 22.159182 0.006534
2459815.599488 22.154640 0.006506
2459816.092555 22.142812 0.006436
2459816.585622 22.157950 0.006526
2459817.089216 22.159524 0.006536
2459817.582283 22.151136 0.006486
2459818.075350 22.159627 0.006536
2459818.578944 22.147101 0.006461
2459819.072011 22.158737 0.006531
2459819.565078 22.150524 0.006482
2459820.068671 22.160997 0.006545
2459820.561738 22.158053 0.006527
2459821.054806 22.158874 0.006532
2459821.558399 22.160346 0.006541
2459822.051466 22.153142 0.006498
2459822.544533 22.144296 0.006445
2459823.048127 22.155117 0.006509
2459823.541194 22.151815 0.006490
2459824.034261 22.145140 0.006450
2459824.537855 22.161340 0.006547
2459825.030922 22.149846 0.006478
2459825.523989 22.157062 0.006521
2459826.027582 22.147913 0.006466
2459826.520650 22.157301 0.006522
2459827.013717 22.151475 0.006488
2459827.517310 22.151204 0.006486
2459828.010377 22.154504 0.006506
2459828.503444 22.157985 0.006527
2459829.007038 22.160003 0.006539
2459829.500105 22.153890 0.006502
2459829.993172 22.161888 0.006550
2459830.496766 22.147981 0.006467
2459830.989833 22.158361 0.006529
2459831.482900 22.150796 0.006483
2459831.986494 22.158566 0.006530
2459832.479561 22.154572 0.006506
2459832.972628 22.150049 0.006479
2459833.476221 22.149405 0.006475
2459833.969288 22.157028 0.006521
2459834.462356 22.162918 0.006556
2459834.965949 22.161854 0.006550
2459835.459016 22.158771 0.006531
2459835.952083 22.151136 0.006486
2459836.455677 22.151509 0.006488
2459836.948744 22.161203 0.006546
2459837.441811 22.153142 0.006498
2459837.945405 22.166909 0.006580
2459838.438472 22.152427 0.006493
2459838.931539 22.159764 0.006537
2459839.435132 22.164017 0.006563
2459839.928200 22.159661 0.006537
2459840.421267 22.149506 0.006476
2459840.924860 22.152699 0.006495
2459841.417927 22.152393 0.006493
2459841.910994 22.153346 0.006499
2459842.414588 22.149574 0.006476
2459842.907655 22.149540 0.006476
2459843.400722 22.154061 0.006503
2459843.904316 22.145309 0.006451
2459844.397383 22.148998 0.006473
2459844.890450 22.154606 0.006506
2459845.394044 22.152563 0.006494
2459845.887111 22.147880 0.006466
2459846.380178 22.143857 0.006442
2459846.883771 22.150389 0.006481
2459847.376838 22.142845 0.006436
2459847.869906 22.151306 0.006487
2459848.373499 22.141262 0.006427
2459848.866566 22.160517 0.006542
2459849.359633 22.155049 0.006509
2459849.863227 22.158292 0.006528
2459850.356294 22.153107 0.006497
2459850.849361 22.140589 0.006423
2459851.352955 22.151917 0.006490
2459851.846022 22.164808 0.006568
2459852.339089 22.151068 0.006485
2459852.842682 22.153686 0.006501
2459853.335750 22.150660 0.006483
2459853.828817 22.155902 0.006514
2459854.332410 22.145106 0.006450
2459854.825477 22.160517 0.006542
2459855.318544 22.147135 0.006462
2459855.822138 22.153856 0.006502
2459856.315205 22.156072 0.006515
2459856.808272 22.150626 0.006482
2459857.311866 22.151068 0.006485
2459857.804933 22.154163 0.006504
2459858.298000 22.151679 0.006489
2459858.801594 22.153550 0.006500
2459859.294661 22.154708 0.006507
2459859.787728 22.145275 0.006451
2459860.291321 22.156038 0.006515
2459860.784388 22.154674 0.006507
2459861.277456 22.160346 0.006541
2459861.781049 22.167047 0.006581
2459862.274116 22.145140 0.006450
2459862.767183 22.146526 0.006458
2459863.270777 22.151102 0.006485
2459863.763844 22.148625 0.006471
2459864.256911 22.149032 0.006473
2459864.760505 22.152699 0.006495
2459865.253572 22.163399 0.006559
2459865.746639 22.165324 0.006571
2459866.250232 22.149472 0.006476
2459866.743300 22.152597 0.006494
2459867.236367 22.158429 0.006529
2459867.739960 22.156277 0.006516
2459868.233027 22.160346 0.006541
2459868.726094 22.151339 0.006487
2459869.229688 22.145309 0.006451
2459869.722755 22.150796 0.006483
2459870.215822 22.153686 0.006501
2459870.719416 22.160003 0.006539
2459871.212483 22.153005 0.006497
2459871.705550 22.156994 0.006521
2459872.209144 22.163227 0.006558
2459872.702211 22.148761 0.006471
2459873.195278 22.169358 0.006595
2459873.698871 22.152189 0.006492
2459874.191938 22.147203 0.006462
2459874.685006 22.147101 0.006461
2459875.188599 22.149066 0.006473
2459875.681666 22.147880 0.006466
2459876.174733 22.148591 0.006470
2459876.678327 22.164189 0.006564
2459877.171394 22.161477 0.006548
2459877.664461 22.164396 0.006565
2459878.168055 22.149676 0.006477
2459878.661122 22.150253 0.006480
2459879.154189 22.157267 0.006522
2459987.411250 22.157370 0.006526
2459987.904317 22.141734 0.006433
2459988.407910 22.168392 0.006594
2459988.900977 22.156482 0.006522
2459989.394044 22.163605 0.006565
2459989.897638 22.151917 0.006495
2459990.390705 22.150864 0.006490
2459990.883772 22.144903 0.006455
2459991.387366 22.149608 0.006483
2459991.880433 22.150660 0.006490
2459992.373500 22.150558 0.006490
2459992.877094 22.142643 0.006444
2459993.370161 22.152427 0.006503
2459993.863228 22.153210 0.006509
2459994.366821 22.154197 0.006516
2459994.859888 22.150966 0.006498
2459995.352956 22.143284 0.006453
2459995.856549 22.137834 0.006422
2459996.349616 22.147880 0.006484
2459996.842683 22.153720 0.006521
2459997.346277 22.163124 0.006580
2459997.839344 22.142744 0.006460
2459998.332411 22.153856 0.006529
2459998.836005 22.137532 0.006435
2459999.329072 22.140656 0.006457
2459999.822139 22.145816 0.006492
2460000.325732 22.142171 0.006475
2460000.818800 22.140421 0.006471
2460001.311867 22.129278 0.006411
2460001.815460 22.129079 0.006418
2460002.308527 22.122740 0.006389
2460002.801594 22.127216 0.006427
2460003.305188 22.133882 0.006480
2460003.798255 22.114006 0.006379
2460004.291322 22.103162 0.006335
2460004.794916 22.101246 0.006349
2460005.287983 22.075630 0.006228
2460005.781050 22.079534 0.006278
2460006.284644 22.069185 0.006237
2460006.777711 22.060651 0.006197
2460007.270778 22.067140 0.006238
2460007.774371 22.068587 0.006254
2460008.267438 22.056970 0.006208
2460008.760506 22.027323 0.006079
2460009.264099 22.041723 0.006168
2460009.757166 22.062497 0.006227
2460010.250233 22.087545 0.006315
2460010.753827 22.088411 0.006280
2460011.246894 22.108015 0.006367
2460011.739961 22.115879 0.006392
2460012.243555 22.110139 0.006342
2460012.736622 22.114893 0.006357
2460013.229689 22.124296 0.006401
2460013.733282 22.124197 0.006391
2460014.226350 22.130144 0.006419
2460014.719417 22.139412 0.006467
2460015.223010 22.140253 0.006467
2460015.716077 22.141868 0.006472
2460016.209144 22.132479 0.006412
2460016.712738 22.136661 0.006433
2460017.205805 22.148422 0.006500
2460017.698872 22.142475 0.006461
2460018.202466 22.130811 0.006390
2460018.695533 22.145275 0.006473
2460019.188600 22.144532 0.006467
2460019.692194 22.145816 0.006473
2460020.185261 22.142711 0.006453
2460020.678328 22.145478 0.006468
2460021.181921 22.139043 0.006428
2460021.674988 22.155663 0.006526
2460022.168056 22.150049 0.006491
2460022.671649 22.155049 0.006520
2460023.164716 22.145883 0.006465
2460023.657783 22.145072 0.006459
2460024.161377 22.159045 0.006542
2460024.654444 22.148083 0.006476
2460025.147511 22.155731 0.006521
2460025.651105 22.153176 0.006505
2460026.144172 22.144498 0.006453
2460026.637239 22.157096 0.006528
2460027.140832 22.156960 0.006526
2460027.633900 22.149066 0.006479
2460028.126967 22.165772 0.006579
2460028.630560 22.148286 0.006473
2460029.123627 22.153005 0.006501
2460029.616694 22.151747 0.006494
2460030.120288 22.143857 0.006446
2460030.613355 22.151000 0.006489
2460031.106422 22.140724 0.006427
2460031.610016 22.165290 0.006574
2460032.103083 22.154504 0.006509
2460032.596150 22.160654 0.006546
2460033.099744 22.149032 0.006476
2460033.592811 22.142609 0.006438
2460034.085878 22.158634 0.006533
2460034.589471 22.153005 0.006499
2460035.082538 22.144228 0.006447
2460035.575606 22.155015 0.006511
2460036.079199 22.155526 0.006514
2460036.572266 22.146999 0.006463
2460037.065333 22.145985 0.006457
2460037.568927 22.147473 0.006466
2460038.061994 22.142037 0.006433
2460038.555061 22.152087 0.006493
2460039.058655 22.162403 0.006555
2460039.551722 22.150694 0.006484
2460040.044789 22.155697 0.006514
2460040.548382 22.139950 0.006420
2460041.041450 22.162712 0.006556
2460041.534517 22.144768 0.006449
2460042.038110 22.146289 0.006458
2460042.531177 22.160586 0.006543
2460043.024244 22.174136 0.006625
2460043.527838 22.153754 0.006502
2460044.020905 22.139580 0.006418
2460044.513972 22.154640 0.006507
2460045.017566 22.154129 0.006504
2460045.510633 22.160551 0.006543
2460046.003700 22.159661 0.006537
2460046.507294 22.152563 0.006495
2460047.000361 22.153005 0.006497
2460047.493428 22.142845 0.006437
2460047.997021 22.152971 0.006497
2460048.490088 22.150219 0.006481
2460048.983156 22.152155 0.006492
2460049.486749 22.142037 0.006432
2460049.979816 22.159592 0.006537
2460050.472883 22.141329 0.006428
2460050.976477 22.160449 0.006542
2460051.469544 22.161237 0.006546
2460051.962611 22.160449 0.006542
2460052.466205 22.157540 0.006524
2460052.959272 22.146526 0.006458
2460053.452339 22.153959 0.006503
2460053.955932 22.165875 0.006574
2460054.449000 22.145140 0.006450
2460054.942067 22.151645 0.006489
2460055.445660 22.160243 0.006540
2460055.938727 22.155697 0.006513
2460056.431794 22.161408 0.006547
2460056.935388 22.152937 0.006496
2460057.428455 22.143081 0.006438
2460057.921522 22.151068 0.006485
2460058.425116 22.162540 0.006554
2460058.918183 22.153414 0.006499
