2458346.727899 24.221374 0.019361
2458347.220966 24.246041 0.019806
2458347.714033 24.219309 0.019325
2458348.217627 24.226553 0.019454
2458348.710694 24.229881 0.019514
2458349.203761 24.250278 0.019884
2458349.707355 24.260944 0.020080
2458350.200422 24.246676 0.019818
2458350.693489 24.205167 0.019074
2458351.197082 24.203946 0.019053
2458351.690150 24.259444 0.020052
2458352.183217 24.242242 0.019737
2458352.686810 24.245196 0.019791
2458353.179877 24.214985 0.019248
2458353.672944 24.262660 0.020112
2458354.176538 24.261372 0.020088
2458354.669605 24.204963 0.019071
2458355.162672 24.214369 0.019237
2458355.666266 24.213958 0.019230
2458356.159333 24.239296 0.019684
2458356.652400 24.219103 0.019321
2458357.155994 24.208634 0.019135
2458357.649061 24.237616 0.019653
2458358.142128 24.205167 0.019074
2458358.645721 24.245196 0.019791
2458359.138788 24.211293 0.019182
2458359.631856 24.224271 0.019413
2458360.135449 24.232175 0.019555
2458360.628516 24.196446 0.018922
2458361.121583 24.215807 0.019262
2458361.625177 24.191006 0.018827
2458362.118244 24.234892 0.019604
2458362.611311 24.253467 0.019942
2458363.114905 24.231966 0.019551
2458363.607972 24.276271 0.020365
2458364.101039 24.228840 0.019495
2458364.604632 24.234265 0.019593
2458365.097700 24.234265 0.019593
2458365.590767 24.238456 0.019668
2458366.094360 24.214574 0.019240
2458366.587427 24.234683 0.019600
2458367.080494 24.245830 0.019802
2458367.584088 24.196446 0.018922
2458368.077155 24.270200 0.020252
2458368.570222 24.244984 0.019787
2458369.073816 24.208838 0.019139
2458369.566883 24.250703 0.019891
2458370.059950 24.213548 0.019222
2458370.563544 24.273015 0.020304
2458371.056611 24.236777 0.019638
2458371.549678 24.243929 0.019768
2458372.053271 24.230298 0.019521
2458372.546338 24.208226 0.019128
2458373.039406 24.199480 0.018975
2458373.542999 24.190805 0.018824
2458374.036066 24.204353 0.019060
2458374.529133 24.210065 0.019161
2458375.032727 24.230506 0.019525
2458375.525794 24.209452 0.019150
2458376.018861 24.239716 0.019691
2458376.522455 24.234683 0.019600
2458377.015522 24.228216 0.019484
2458377.508589 24.222822 0.019387
2458378.012182 24.257306 0.020013
2458378.505250 24.249429 0.019868
2458378.998317 24.237407 0.019649
2458379.501910 24.203539 0.019046
2458379.994977 24.237616 0.019653
2458380.488044 24.193219 0.018866
2458380.991638 24.253041 0.019934
2458381.484705 24.246464 0.019814
2458381.977772 24.252190 0.019919
2458382.481366 24.219103 0.019321
2458382.974433 24.244984 0.019787
2458383.467500 24.199683 0.018978
2458383.971094 24.248158 0.019845
2458384.464161 24.180007 0.018638
2458384.957228 24.241610 0.019726
2458385.460821 24.253893 0.019950
2458385.953888 24.242874 0.019749
2458386.446956 24.218896 0.019317
2458386.950549 24.209043 0.019143
2458387.443616 24.253254 0.019938
2458387.936683 24.233637 0.019581
2458388.440277 24.258160 0.020029
2458388.933344 24.212522 0.019204
2458389.426411 24.251128 0.019899
2458389.930005 24.229881 0.019514
2458390.423072 24.238036 0.019661
2458390.916139 24.228008 0.019480
2458391.419732 24.230090 0.019517
2458391.912800 24.224271 0.019413
2458392.405867 24.219515 0.019328
2458392.909460 24.218690 0.019314
2458393.402527 24.227176 0.019465
2458393.895594 24.222201 0.019376
2458394.399188 24.222201 0.019376
2458394.892255 24.204353 0.019060
2458395.385322 24.248581 0.019853
2458395.888916 24.211498 0.019186
2458396.381983 24.219722 0.019332
2458396.875050 24.215191 0.019251
2458397.378644 24.246253 0.019810
2458397.871711 24.204556 0.019064
2458398.364778 24.219515 0.019328
2458398.868371 24.256238 0.019993
2458399.361438 24.235520 0.019615
2458399.854506 24.268904 0.020228
2458400.358099 24.225308 0.019432
2458400.851166 24.205778 0.019085
2458401.344233 24.266100 0.020176
2458401.847827 24.215396 0.019255
2458402.340894 24.195033 0.018897
2458402.833961 24.229465 0.019506
2458403.337555 24.237616 0.019653
2458403.830622 24.229465 0.019506
2458404.323689 24.213753 0.019226
2458404.827282 24.216630 0.019277
2458405.320350 24.232384 0.019559
2458405.813417 24.257092 0.020009
2458406.317010 24.263519 0.020128
2458406.810077 24.219722 0.019332
2458407.303144 24.218690 0.019314
2458407.806738 24.249217 0.019864
2458408.299805 24.229256 0.019502
2458408.792872 24.237616 0.019653
2458409.296466 24.216013 0.019266
2458409.789533 24.232175 0.019555
2458410.282600 24.251340 0.019903
2458410.786194 24.220547 0.019347
2458411.279261 24.236358 0.019630
2458411.772328 24.243929 0.019768
2458412.275921 24.231132 0.019536
2458412.768988 24.243929 0.019768
2458413.262056 24.226969 0.019461
2458413.765649 24.220547 0.019347
2458414.258716 24.221374 0.019361
2458414.751783 24.227176 0.019465
2458415.255377 24.247734 0.019837
2458415.748444 24.260301 0.020068
2458416.241511 24.226969 0.019461
2458416.745105 24.225101 0.019428
2458417.238172 24.260087 0.020064
2458417.731239 24.219928 0.019336
2458418.234832 24.244984 0.019787
2458526.481367 24.228632 0.019491
2458526.984960 24.206797 0.019103
2458527.478027 24.207001 0.019107
2458527.971094 24.210474 0.019168
2458528.474688 24.222201 0.019376
2458528.967755 24.241189 0.019718
2458529.460822 24.230090 0.019517
2458529.964416 24.236568 0.019634
2458530.457483 24.238246 0.019665
2458530.950550 24.223650 0.019402
2458531.454144 24.241610 0.019726
2458531.947211 24.221994 0.019372
2458532.440278 24.209247 0.019146
2458532.943871 24.202726 0.019032
2458533.436938 24.181202 0.018658
2458533.930006 24.205982 0.019089
2458534.433599 24.255811 0.019985
2458534.926666 24.226346 0.019450
2458535.419733 24.227592 0.019473
2458535.923327 24.221994 0.019372
2458536.416394 24.223443 0.019398
2458536.909461 24.251552 0.019907
2458537.413055 24.211088 0.019179
2458537.906122 24.254958 0.019970
2458538.399189 24.208021 0.019125
2458538.902782 24.219928 0.019336
2458539.395850 24.211088 0.019179
2458539.888917 24.212932 0.019211
2458540.392510 24.215396 0.019255
2458540.885577 24.229048 0.019499
2458541.378644 24.246676 0.019818
2458541.882238 24.218484 0.019310
2458542.375305 24.208838 0.019139
2458542.868372 24.250490 0.019888
2458543.371966 24.238036 0.019661
2458543.865033 24.229256 0.019502
2458544.358100 24.212317 0.019200
2458544.861694 24.249005 0.019860
2458545.354761 24.181003 0.018655
2458545.847828 24.257947 0.020025
2458546.351421 24.249217 0.019864
2458546.844488 24.207817 0.019121
2458547.337556 24.208430 0.019132
2458547.841149 24.214985 0.019248
2458548.334216 24.241610 0.019726
2458548.827283 24.241189 0.019718
2458549.330877 24.228632 0.019491
2458549.823944 24.237407 0.019649
2458550.317011 24.207409 0.019114
2458550.820605 24.220547 0.019347
2458551.313672 24.209247 0.019146
2458551.806739 24.248369 0.019849
2458552.310332 24.209043 0.019143
2458552.803400 24.225723 0.019439
2458553.296467 24.266531 0.020184
2458553.800060 24.248581 0.019853
2458554.293127 24.242874 0.019749
2458554.786194 24.213138 0.019215
2458555.289788 24.225308 0.019432
2458555.782855 24.228216 0.019484
2458556.275922 24.226761 0.019458
2458556.779516 24.216219 0.019270
2458557.272583 24.219722 0.019332
2458557.765650 24.220754 0.019350
2458558.269244 24.220134 0.019339
2458558.762311 24.203742 0.019049
2458559.255378 24.225723 0.019439
2458559.758971 24.209452 0.019150
2458560.252038 24.220134 0.019339
2458560.745106 24.217042 0.019284
2458561.248699 24.246464 0.019814
2458561.741766 24.231132 0.019536
2458562.234833 24.229256 0.019502
2458562.738427 24.233846 0.019585
2458563.231494 24.203133 0.019039
2458563.724561 24.231549 0.019544
2458564.228155 24.228216 0.019484
2458564.721222 24.241399 0.019790
2458565.214289 24.105060 0.018020
2458565.717882 24.086830 0.017783
2458566.210950 24.069980 0.017509
2458566.704017 24.083002 0.017720
2458567.207610 24.091221 0.017855
2458567.700677 24.071959 0.017541
2458568.193744 24.087013 0.017786
2458568.697338 24.088292 0.017807
2458569.190405 24.108780 0.018146
2458569.683472 24.094526 0.017909
2458570.187066 24.119641 0.018328
2458570.680133 24.121148 0.018354
2458571.173200 24.088109 0.017804
2458571.676794 24.111578 0.018193
2458572.169861 24.092505 0.017876
2458572.662928 24.106174 0.018102
2458573.166521 24.076652 0.017617
2458573.659588 24.114197 0.018237
2458574.152656 24.092873 0.017882
2458574.656249 24.113635 0.018227
2458575.149316 24.108966 0.018149
2458575.642383 24.059068 0.017334
2458576.145977 24.106732 0.018112
2458576.639044 24.107476 0.018124
2458577.132111 24.092689 0.017862
2458577.635705 24.110271 0.018123
2458578.128772 24.108966 0.018072
2458578.621839 24.094894 0.017811
2458579.125432 24.123034 0.018251
2458579.618500 24.123978 0.018239
2458580.111567 24.124167 0.018216
2458580.615160 24.161464 0.018825
2458581.108227 24.137669 0.018392
2458581.601294 24.168332 0.018893
2458582.104888 24.125113 0.018131
2458582.597955 24.149598 0.018521
2458583.091022 24.153863 0.018571
2458583.594616 24.145928 0.018412
2458584.087683 24.159315 0.018619
2458584.580750 24.211498 0.019513
2458585.084344 24.167938 0.018723
2458585.577411 24.182597 0.018957
2458586.070478 24.156780 0.018492
2458586.574071 24.159901 0.018525
2458587.067138 24.175243 0.018769
2458587.560206 24.214369 0.019438
2458588.063799 24.201914 0.019197
2458588.556866 24.213138 0.019378
2458589.049933 24.158144 0.018404
2458589.553527 24.223236 0.019523
2458590.046594 24.209247 0.019256
2458590.539661 24.238876 0.019772
2458591.043255 24.219515 0.019406
2458591.536322 24.215191 0.019313
2458592.029389 24.214164 0.019279
2458592.532982 24.211293 0.019213
2458593.026050 24.206593 0.019116
2458593.519117 24.239716 0.019693
2458594.022710 24.267825 0.020208
2458594.515777 24.246041 0.019806
2458595.008844 24.209452 0.019150
2458595.512438 24.234056 0.019589
2458596.005505 24.248581 0.019853
2458596.498572 24.223029 0.019391
2458597.002166 24.186193 0.018744
2458597.495233 24.245196 0.019791
2458597.988300 24.202929 0.019035
2458712.204272 24.213753 0.019226
2458712.697339 24.248581 0.019853
2458713.200932 24.239716 0.019691
2458713.694000 24.236777 0.019638
2458714.187067 24.216013 0.019266
2458714.690660 24.254745 0.019966
2458715.183727 24.224686 0.019420
2458715.676794 24.218278 0.019306
2458716.180388 24.245407 0.019795
2458716.673455 24.216013 0.019266
2458717.166522 24.215602 0.019259
2458717.670116 24.254958 0.019970
2458718.163183 24.215807 0.019262
2458718.656250 24.196648 0.018925
2458719.159844 24.256451 0.019997
2458719.652911 24.199480 0.018975
2458720.145978 24.242453 0.019741
2458720.649571 24.193018 0.018862
2458721.142638 24.210270 0.019164
2458721.635706 24.216425 0.019273
2458722.139299 24.233846 0.019585
2458722.632366 24.241610 0.019726
2458723.125433 24.221580 0.019365
2458723.629027 24.219928 0.019336
2458724.122094 24.214369 0.019237
2458724.615161 24.240137 0.019699
2458725.118755 24.212317 0.019200
2458725.611822 24.225308 0.019432
2458726.104889 24.240137 0.019699
2458726.608482 24.239296 0.019684
2458727.101550 24.252190 0.019919
2458727.594617 24.244140 0.019772
2458728.098210 24.232593 0.019562
2458728.591277 24.279537 0.020427
2458729.084344 24.244773 0.019783
2458729.587938 24.252616 0.019927
2458730.081005 24.254319 0.019958
2458730.574072 24.219103 0.019321
2458731.077666 24.255171 0.019973
2458731.570733 24.251340 0.019903
2458732.063800 24.223029 0.019391
2458732.567394 24.205982 0.019089
2458733.060461 24.208838 0.019139
2458733.553528 24.265670 0.020168
2458734.057121 24.257733 0.020021
2458734.550188 24.202929 0.019035
2458735.043256 24.246041 0.019806
2458735.546849 24.244562 0.019779
2458736.039916 24.272365 0.020292
2458736.532983 24.238036 0.019661
2458737.036577 24.266531 0.020184
2458737.529644 24.205982 0.019089
2458738.022711 24.262875 0.020116
2458738.526305 24.251128 0.019899
2458739.019372 24.226138 0.019446
2458739.512439 24.258802 0.020040
2458740.016032 24.234056 0.019589
2458740.509100 24.235939 0.019623
2458741.002167 24.245196 0.019791
2458741.505760 24.218072 0.019303
2458741.998827 24.240137 0.019699
2458742.491894 24.247734 0.019837
2458742.995488 24.234056 0.019589
2458743.488555 24.205574 0.019082
2458743.981622 24.206593 0.019100
2458744.485216 24.240137 0.019699
2458744.978283 24.234683 0.019600
2458745.471350 24.243085 0.019752
2458745.974944 24.273448 0.020313
2458746.468011 24.218484 0.019310
2458746.961078 24.226969 0.019461
2458747.464671 24.230090 0.019517
2458747.957738 24.195235 0.018901
2458748.450806 24.199278 0.018971
2458748.954399 24.203539 0.019046
2458749.447466 24.237826 0.019657
2458749.940533 24.249429 0.019868
2458750.444127 24.231549 0.019544
2458750.937194 24.239927 0.019695
2458751.430261 24.214574 0.019240
2458751.933855 24.242242 0.019737
2458752.426922 24.169316 0.018455
2458752.919989 24.245830 0.019802
2458753.423582 24.241821 0.019729
2458753.916650 24.210883 0.019175
2458754.409717 24.192011 0.018845
2458754.913310 24.257733 0.020021
2458755.406377 24.260301 0.020068
2458755.899444 24.224686 0.019420
2458756.403038 24.216836 0.019281
2458756.896105 24.229465 0.019506
2458757.389172 24.236149 0.019627
2458757.892766 24.208430 0.019132
2458758.385833 24.250278 0.019884
2458758.878900 24.219928 0.019336
2458759.382494 24.222408 0.019380
2458759.875561 24.249005 0.019860
2458760.368628 24.199480 0.018975
2458760.872221 24.180206 0.018641
2458761.365288 24.227176 0.019465
2458761.858356 24.261801 0.020096
2458762.361949 24.255598 0.019981
2458762.855016 24.226346 0.019450
2458763.348083 24.231549 0.019544
2458763.851677 24.204353 0.019060
2458764.344744 24.212727 0.019208
2458764.837811 24.239716 0.019691
2458765.341405 24.214574 0.019240
2458765.834472 24.256878 0.020005
2458766.327539 24.253893 0.019950
2458766.831132 24.224478 0.019417
2458767.324200 24.212727 0.019208
2458767.817267 24.266316 0.020180
2458768.320860 24.228424 0.019487
2458768.813927 24.229256 0.019502
2458769.306994 24.241189 0.019718
2458769.810588 24.225930 0.019443
2458770.303655 24.211907 0.019193
2458770.796722 24.237616 0.019653
2458771.300316 24.242663 0.019745
2458771.793383 24.204149 0.019057
2458772.286450 24.234892 0.019604
2458772.790044 24.206593 0.019100
2458773.283111 24.240137 0.019699
2458773.776178 24.218278 0.019306
2458774.279771 24.239716 0.019691
2458774.772838 24.227176 0.019465
2458775.265906 24.206593 0.019100
2458775.769499 24.215191 0.019251
2458776.262566 24.255384 0.019977
2458776.755633 24.276923 0.020378
2458777.259227 24.243507 0.019760
2458777.752294 24.220547 0.019347
2458778.245361 24.264594 0.020148
2458778.748955 24.235939 0.019623
2458779.242022 24.212112 0.019197
2458779.735089 24.245618 0.019799
2458780.238682 24.229881 0.019514
2458780.731750 24.210065 0.019161
2458781.224817 24.230923 0.019532
2458781.728410 24.231549 0.019544
2458782.221477 24.210270 0.019164
2458782.714544 24.222201 0.019376
2458783.218138 24.264379 0.020144
2458783.711205 24.239927 0.019695
2459622.427944 24.202726 0.019032
2459622.921011 24.231966 0.019551
2459623.424605 24.235102 0.019608
2459623.917672 24.243929 0.019768
2459624.410739 24.245407 0.019795
2459624.914332 24.219103 0.019321
2459625.407400 24.246464 0.019814
2459625.900467 24.232175 0.019555
2459626.404060 24.256024 0.019989
2459626.897127 24.235939 0.019623
2459627.390194 24.244140 0.019772
2459627.893788 24.260729 0.020076
2459628.386855 24.242453 0.019741
2459628.879922 24.185993 0.018741
2459629.383516 24.235311 0.019611
2459629.876583 24.246887 0.019822
2459630.369650 24.217248 0.019288
2459630.873244 24.202929 0.019035
2459631.366311 24.229256 0.019502
2459631.859378 24.253893 0.019950
2459632.362971 24.215602 0.019259
2459632.856038 24.227384 0.019469
2459633.349106 24.215807 0.019262
2459633.852699 24.245407 0.019795
2459634.345766 24.221167 0.019358
2459634.838833 24.209043 0.019143
2459635.342427 24.234265 0.019593
2459635.835494 24.234683 0.019600
2459636.328561 24.219928 0.019336
2459636.832155 24.301565 0.020845
2459637.325222 24.260729 0.020076
2459637.818289 24.224064 0.019409
2459638.321882 24.262231 0.020104
2459638.814950 24.243085 0.019752
2459639.308017 24.240347 0.019703
2459639.811610 24.194025 0.018880
2459640.304677 24.217454 0.019292
2459640.797744 24.229256 0.019502
2459641.301338 24.218690 0.019314
2459641.794405 24.244140 0.019772
2459642.287472 24.240768 0.019710
2459642.791066 24.243085 0.019752
2459643.284133 24.252403 0.019923
2459643.777200 24.225930 0.019443
2459644.280794 24.244351 0.019775
2459644.773861 24.229881 0.019514
2459645.266928 24.244351 0.019775
2459645.770521 24.224893 0.019424
2459646.263588 24.237197 0.019646
2459646.756656 24.256238 0.019993
2459647.260249 24.235311 0.019611
2459647.753316 24.253041 0.019934
2459648.246383 24.244984 0.019787
2459648.749977 24.220754 0.019350
2459649.243044 24.208838 0.019139
2459649.736111 24.224686 0.019420
2459650.239705 24.213138 0.019215
2459650.732772 24.224064 0.019409
2459651.225839 24.236777 0.019638
2459651.729432 24.223857 0.019406
2459652.222500 24.262660 0.020112
2459652.715567 24.189801 0.018806
2459653.219160 24.245618 0.019799
2459653.712227 24.245196 0.019791
2459654.205294 24.221994 0.019372
2459654.708888 24.229881 0.019514
2459655.201955 24.212932 0.019211
2459655.695022 24.238036 0.019661
2459656.198616 24.195840 0.018911
2459656.691683 24.238876 0.019676
2459657.184750 24.224064 0.019409
2459657.688344 24.210883 0.019175
2459658.181411 24.230923 0.019532
2459658.674478 24.257733 0.020021
2459659.178071 24.228424 0.019487
2459659.671138 24.226553 0.019454
2459660.164206 24.228008 0.019480
2459660.667799 24.230923 0.019532
2459661.160866 24.234683 0.019600
2459661.653933 24.220547 0.019347
2459662.157527 24.230923 0.019532
2459662.650594 24.220134 0.019339
2459663.143661 24.221580 0.019365
2459663.647255 24.272798 0.020300
2459664.140322 24.259230 0.020048
2459664.633389 24.251128 0.019899
2459665.136982 24.220960 0.019354
2459665.630050 24.247310 0.019829
2459666.123117 24.239716 0.019691
2459666.626710 24.208021 0.019125
2459667.119777 24.242453 0.019741
2459667.612844 24.216425 0.019273
2459668.116438 24.252616 0.019927
2459668.609505 24.242663 0.019745
2459669.102572 24.238036 0.019661
2459669.606166 24.225101 0.019428
2459670.099233 24.238666 0.019672
2459670.592300 24.188396 0.018782
2459671.095894 24.236568 0.019634
2459671.588961 24.221580 0.019365
2459672.082028 24.249217 0.019864
2459672.585621 24.218484 0.019310
2459673.078688 24.212317 0.019200
2459673.571756 24.242874 0.019749
2459674.075349 24.273448 0.020313
2459674.568416 24.211088 0.019179
2459675.061483 24.254958 0.019970
2459675.565077 24.231966 0.019551
2459676.058144 24.242031 0.019733
2459676.551211 24.229048 0.019499
2459677.054805 24.220134 0.019339
2459677.547872 24.240768 0.019710
2459678.040939 24.185793 0.018737
2459678.544532 24.254745 0.019966
2459679.037600 24.232175 0.019555
2459679.530667 24.230715 0.019529
2459680.034260 24.247522 0.019833
2459680.527327 24.234892 0.019604
2459681.020394 24.189801 0.018806
2459681.523988 24.211703 0.019190
2459682.017055 24.256878 0.020005
2459682.510122 24.217248 0.019288
2459683.013716 24.214985 0.019248
2459683.506783 24.228008 0.019480
2459683.999850 24.240978 0.019714
2459684.503444 24.201711 0.019014
2459684.996511 24.241399 0.019722
2459685.489578 24.216836 0.019281
2459685.993171 24.204963 0.019071
2459686.486238 24.219928 0.019336
2459686.979306 24.180206 0.018951
2459687.482899 24.082820 0.017717
2459687.975966 24.077195 0.017626
2459688.469033 24.097473 0.017958
2459688.972627 24.105060 0.018084
2459689.465694 24.082275 0.017708
2459689.958761 24.109525 0.018158
2459690.462355 24.080458 0.017679
2459690.955422 24.093056 0.017885
2459691.448489 24.076652 0.017617
2459691.952082 24.089206 0.017822
2459692.445150 24.121336 0.018357
2459692.938217 24.089572 0.017828
2459693.441810 24.119076 0.018319
2459693.934877 24.095078 0.017918
2459807.647256 24.269120 0.020232
2459808.150849 24.201102 0.019003
2459808.643916 24.197457 0.018939
2459809.136983 24.250915 0.019895
2459809.640577 24.220960 0.019354
2459810.133644 24.235520 0.019615
2459810.626711 24.191207 0.018831
2459811.130305 24.270417 0.020256
2459811.623372 24.199075 0.018968
2459812.116439 24.220341 0.019343
2459812.620032 24.178020 0.018603
2459813.113100 24.226346 0.019450
2459813.606167 24.247522 0.019833
2459814.109760 24.237407 0.019649
2459814.602827 24.223857 0.019406
2459815.095894 24.246253 0.019810
2459815.599488 24.212727 0.019208
2459816.092555 24.256024 0.019989
2459816.585622 24.247734 0.019837
2459817.089216 24.220754 0.019350
2459817.582283 24.201102 0.019003
2459818.075350 24.219928 0.019336
2459818.578944 24.221580 0.019365
2459819.072011 24.239927 0.019695
2459819.565078 24.180804 0.018651
2459820.068671 24.207205 0.019110
2459820.561738 24.215807 0.019262
2459821.054806 24.233637 0.019581
2459821.558399 24.239296 0.019684
2459822.051466 24.222201 0.019376
2459822.544533 24.187194 0.018761
2459823.048127 24.231758 0.019547
2459823.541194 24.191408 0.018834
2459824.034261 24.226346 0.019450
2459824.537855 24.226553 0.019454
2459825.030922 24.259444 0.020052
2459825.523989 24.262231 0.020104
2459826.027582 24.248369 0.019849
2459826.520650 24.221374 0.019361
2459827.013717 24.231549 0.019544
2459827.517310 24.264809 0.020152
2459828.010377 24.219103 0.019321
2459828.503444 24.217042 0.019284
2459829.007038 24.241399 0.019722
2459829.500105 24.241189 0.019718
2459829.993172 24.220960 0.019354
2459830.496766 24.237616 0.019653
2459830.989833 24.228424 0.019487
2459831.482900 24.228216 0.019484
2459831.986494 24.199075 0.018968
2459832.479561 24.229673 0.019510
2459832.972628 24.267825 0.020208
2459833.476221 24.196446 0.018922
2459833.969288 24.223029 0.019391
2459834.462356 24.240137 0.019699
2459834.965949 24.259872 0.020060
2459835.459016 24.225308 0.019432
2459835.952083 24.228216 0.019484
2459836.455677 24.220754 0.019350
2459836.948744 24.253893 0.019950
2459837.441811 24.248793 0.019856
2459837.945405 24.235730 0.019619
2459838.438472 24.249005 0.019860
2459838.931539 24.240768 0.019710
2459839.435132 24.223857 0.019406
2459839.928200 24.251765 0.019911
2459840.421267 24.238036 0.019661
2459840.924860 24.226346 0.019450
2459841.417927 24.226553 0.019454
2459841.910994 24.213958 0.019230
2459842.414588 24.249217 0.019864
2459842.907655 24.234683 0.019600
2459843.400722 24.223443 0.019398
2459843.904316 24.209247 0.019146
2459844.397383 24.243929 0.019768
2459844.890450 24.243507 0.019760
2459845.394044 24.233010 0.019570
2459845.887111 24.238456 0.019668
2459846.380178 24.214369 0.019237
2459846.883771 24.247734 0.019837
2459847.376838 24.236987 0.019642
2459847.869906 24.203742 0.019049
2459848.373499 24.225515 0.019435
2459848.866566 24.252828 0.019930
2459849.359633 24.239716 0.019691
2459849.863227 24.233637 0.019581
2459850.356294 24.259872 0.020060
2459850.849361 24.250490 0.019888
2459851.352955 24.222201 0.019376
2459851.846022 24.217454 0.019292
2459852.339089 24.213753 0.019226
2459852.842682 24.217042 0.019284
2459853.335750 24.243929 0.019768
2459853.828817 24.230923 0.019532
2459854.332410 24.254745 0.019966
2459854.825477 24.234683 0.019600
2459855.318544 24.221580 0.019365
2459855.822138 24.241189 0.019718
2459856.315205 24.251128 0.019899
2459856.808272 24.249854 0.019876
2459857.311866 24.246676 0.019818
2459857.804933 24.246041 0.019806
2459858.298000 24.238036 0.019661
2459858.801594 24.238246 0.019665
2459859.294661 24.215396 0.019255
2459859.787728 24.216836 0.019281
2459860.291321 24.223443 0.019398
2459860.784388 24.265239 0.020160
2459861.277456 24.234892 0.019604
2459861.781049 24.242242 0.019737
2459862.274116 24.214164 0.019233
2459862.767183 24.272148 0.020288
2459863.270777 24.238876 0.019676
2459863.763844 24.255384 0.019977
2459864.256911 24.202523 0.019028
2459864.760505 24.217248 0.019288
2459865.253572 24.205574 0.019082
2459865.746639 24.223236 0.019395
2459866.250232 24.242453 0.019741
2459866.743300 24.231132 0.019536
2459867.236367 24.197254 0.018936
2459867.739960 24.248581 0.019853
2459868.233027 24.240347 0.019703
2459868.726094 24.241821 0.019729
2459869.229688 24.218278 0.019306
2459869.722755 24.243929 0.019768
2459870.215822 24.223029 0.019391
2459870.719416 24.201508 0.019010
2459871.212483 24.241189 0.019718
2459871.705550 24.211498 0.019186
2459872.209144 24.274750 0.020337
2459872.702211 24.214780 0.019244
2459873.195278 24.222615 0.019383
2459873.698871 24.245618 0.019799
2459874.191938 24.225101 0.019428
2459874.685006 24.250915 0.019895
2459875.188599 24.269120 0.020232
2459875.681666 24.228840 0.019495
2459876.174733 24.243929 0.019768
2459876.678327 24.202320 0.019024
2459877.171394 24.257092 0.020009
2459877.664461 24.246041 0.019806
2459878.168055 24.217248 0.019288
2459878.661122 24.219722 0.019332
2459879.154189 24.196042 0.018915
2459987.411250 24.265024 0.020156
2459987.904317 24.256665 0.020001
2459988.407910 24.235311 0.019611
2459988.900977 24.204963 0.019071
2459989.394044 24.198468 0.018957
2459989.897638 24.260729 0.020076
2459990.390705 24.221167 0.019358
2459990.883772 24.203133 0.019039
2459991.387366 24.212932 0.019211
2459991.880433 24.207001 0.019107
2459992.373500 24.224064 0.019409
2459992.877094 24.241610 0.019726
2459993.370161 24.215807 0.019262
2459993.863228 24.213138 0.019215
2459994.366821 24.192011 0.018845
2459994.859888 24.245830 0.019802
2459995.352956 24.193018 0.018862
2459995.856549 24.220960 0.019354
2459996.349616 24.221787 0.019369
2459996.842683 24.198468 0.018957
2459997.346277 24.248369 0.019849
2459997.839344 24.226138 0.019446
2459998.332411 24.230298 0.019521
2459998.836005 24.250278 0.019884
2459999.329072 24.230506 0.019525
2459999.822139 24.246253 0.019810
2460000.325732 24.240558 0.019706
2460000.818800 24.207409 0.019114
2460001.311867 24.246464 0.019814
2460001.815460 24.202320 0.019024
2460002.308527 24.219722 0.019332
2460002.801594 24.236568 0.019634
2460003.305188 24.250703 0.019891
2460003.798255 24.190805 0.018824
2460004.291322 24.223857 0.019406
2460004.794916 24.251552 0.019907
2460005.287983 24.256451 0.019997
2460005.781050 24.206389 0.019096
2460006.284644 24.206186 0.019092
2460006.777711 24.266100 0.020176
2460007.270778 24.236568 0.019634
2460007.774371 24.238456 0.019668
2460008.267438 24.207409 0.019114
2460008.760506 24.261587 0.020092
2460009.264099 24.230298 0.019521
2460009.757166 24.233010 0.019570
2460010.250233 24.246676 0.019818
2460010.753827 24.250066 0.019880
2460011.246894 24.224478 0.019417
2460011.739961 24.199075 0.018968
2460012.243555 24.268688 0.020224
2460012.736622 24.231966 0.019551
2460013.229689 24.227384 0.019469
2460013.733282 24.250066 0.019880
2460014.226350 24.223236 0.019395
2460014.719417 24.227384 0.019469
2460015.223010 24.265024 0.020156
2460015.716077 24.234892 0.019604
2460016.209144 24.237616 0.019653
2460016.712738 24.214780 0.019244
2460017.205805 24.249854 0.019876
2460017.698872 24.202726 0.019032
2460018.202466 24.228008 0.019480
2460018.695533 24.225308 0.019432
2460019.188600 24.220547 0.019347
2460019.692194 24.217248 0.019288
2460020.185261 24.245196 0.019791
2460020.678328 24.201508 0.019010
2460021.181921 24.234056 0.019589
2460021.674988 24.232175 0.019555
2460022.168056 24.208838 0.019139
2460022.671649 24.218896 0.019317
2460023.164716 24.224893 0.019424
2460023.657783 24.224478 0.019417
2460024.161377 24.241610 0.019726
2460024.654444 24.209860 0.019157
2460025.147511 24.231340 0.019540
2460025.651105 24.257733 0.020021
2460026.144172 24.232593 0.019562
2460026.637239 24.250278 0.019884
2460027.140832 24.236568 0.019634
2460027.633900 24.217454 0.019292
2460028.126967 24.231340 0.019540
2460028.630560 24.258588 0.020036
2460029.123627 24.218690 0.019314
2460029.616694 24.212932 0.019211
2460030.120288 24.224271 0.019413
2460030.613355 24.254532 0.019962
2460031.106422 24.226761 0.019458
2460031.610016 24.279973 0.020435
2460032.103083 24.221994 0.019372
2460032.596150 24.215396 0.019255
2460033.099744 24.235730 0.019619
2460033.592811 24.248793 0.019856
2460034.085878 24.228216 0.019484
2460034.589471 24.208838 0.019139
2460035.082538 24.214369 0.019237
2460035.575606 24.234056 0.019589
2460036.079199 24.227800 0.019476
2460036.572266 24.271498 0.020276
2460037.065333 24.217454 0.019292
2460037.568927 24.231549 0.019544
2460038.061994 24.249854 0.019876
2460038.555061 24.229881 0.019514
2460039.058655 24.206186 0.019092
2460039.551722 24.221374 0.019361
2460040.044789 24.237197 0.019646
2460040.548382 24.289614 0.020617
2460041.041450 24.226138 0.019446
2460041.534517 24.218690 0.019314
2460042.038110 24.179013 0.018620
2460042.531177 24.216425 0.019273
2460043.024244 24.240347 0.019703
2460043.527838 24.203946 0.019053
2460044.020905 24.266316 0.020180
2460044.513972 24.214780 0.019244
2460045.017566 24.215602 0.019259
2460045.510633 24.233010 0.019570
2460046.003700 24.246041 0.019806
2460046.507294 24.228424 0.019487
2460047.000361 24.240978 0.019714
2460047.493428 24.229256 0.019502
2460047.997021 24.255384 0.019977
2460048.490088 24.211907 0.019193
2460048.983156 24.226969 0.019461
2460049.486749 24.220960 0.019354
2460049.979816 24.242031 0.019733
2460050.472883 24.228216 0.019484
2460050.976477 24.250066 0.019880
2460051.469544 24.213958 0.019230
2460051.962611 24.258160 0.020029
2460052.466205 24.235311 0.019611
2460052.959272 24.235939 0.019623
2460053.452339 24.255384 0.019977
2460053.955932 24.216630 0.019277
2460054.449000 24.219722 0.019332
2460054.942067 24.226969 0.019461
2460055.445660 24.257092 0.020009
2460055.938727 24.195437 0.018904
2460056.431794 24.239296 0.019684
2460056.935388 24.269768 0.020244
2460057.428455 24.224271 0.019413
2460057.921522 24.228216 0.019484
2460058.425116 24.222408 0.019380
2460058.918183 24.222615 0.019383
