2458346.727899 22.719291 0.010427
2458347.220966 22.705126 0.010292
2458347.714033 22.724001 0.010473
2458348.217627 22.697729 0.010222
2458348.710694 22.721879 0.010452
2458349.203761 22.707913 0.010319
2458349.707355 22.700805 0.010251
2458350.200422 22.715927 0.010395
2458350.693489 22.709853 0.010337
2458351.197082 22.697959 0.010224
2458351.690150 22.689619 0.010146
2458352.183217 22.716240 0.010398
2458352.686810 22.708068 0.010320
2458353.179877 22.695657 0.010203
2458353.672944 22.697115 0.010216
2458354.176538 22.715225 0.010388
2458354.669605 22.704817 0.010289
2458355.162672 22.706441 0.010305
2458355.666266 22.722193 0.010455
2458356.159333 22.709698 0.010336
2458356.652400 22.699650 0.010240
2458357.155994 22.699189 0.010236
2458357.649061 22.725497 0.010487
2458358.142128 22.722193 0.010455
2458358.645721 22.692748 0.010175
2458359.138788 22.726995 0.010502
2458359.631856 22.715147 0.010388
2458360.135449 22.714367 0.010380
2458360.628516 22.707681 0.010316
2458361.121583 22.720937 0.010443
2458361.625177 22.712341 0.010361
2458362.118244 22.718507 0.010420
2458362.611311 22.698651 0.010231
2458363.114905 22.708379 0.010323
2458363.607972 22.707603 0.010316
2458364.101039 22.706132 0.010302
2458364.604632 22.709232 0.010331
2458365.097700 22.699112 0.010235
2458365.590767 22.703658 0.010278
2458366.094360 22.712886 0.010366
2458366.587427 22.704431 0.010286
2458367.080494 22.700882 0.010252
2458367.584088 22.712574 0.010363
2458368.077155 22.706132 0.010302
2458368.570222 22.720231 0.010436
2458369.073816 22.705822 0.010299
2458369.566883 22.684220 0.010096
2458370.059950 22.717647 0.010412
2458370.563544 22.712419 0.010361
2458371.056611 22.706364 0.010304
2458371.549678 22.721329 0.010447
2458372.053271 22.725733 0.010489
2458372.546338 22.708301 0.010322
2458373.039406 22.692672 0.010175
2458373.542999 22.705590 0.010297
2458374.036066 22.715147 0.010388
2458374.529133 22.714211 0.010379
2458375.032727 22.727310 0.010505
2458375.525794 22.719839 0.010433
2458376.018861 22.705822 0.010299
2458376.522455 22.711096 0.010349
2458377.015522 22.720545 0.010439
2458377.508589 22.702423 0.010267
2458378.012182 22.724316 0.010476
2458378.505250 22.717881 0.010414
2458378.998317 22.706519 0.010305
2458379.501910 22.709077 0.010330
2458379.994977 22.705822 0.010299
2458380.488044 22.717490 0.010410
2458380.991638 22.700651 0.010250
2458381.484705 22.715069 0.010387
2458381.977772 22.721565 0.010449
2458382.481366 22.708999 0.010329
2458382.974433 22.705822 0.010299
2458383.467500 22.719134 0.010426
2458383.971094 22.720545 0.010439
2458384.464161 22.710552 0.010344
2458384.957228 22.702500 0.010267
2458385.460821 22.722036 0.010454
2458385.953888 22.702423 0.010267
2458386.446956 22.710008 0.010339
2458386.950549 22.723765 0.010470
2458387.443616 22.698497 0.010229
2458387.936683 22.692061 0.010169
2458388.440277 22.721329 0.010447
2458388.933344 22.689847 0.010148
2458389.426411 22.694891 0.010196
2458389.930005 22.697806 0.010223
2458390.423072 22.702346 0.010266
2458390.916139 22.700266 0.010246
2458391.419732 22.700497 0.010248
2458391.912800 22.708844 0.010327
2458392.405867 22.719056 0.010425
2458392.909460 22.704122 0.010283
2458393.402527 22.700882 0.010252
2458393.895594 22.719996 0.010434
2458394.399188 22.735390 0.010583
2458394.892255 22.705281 0.010294
2458395.385322 22.723372 0.010467
2458395.888916 22.717881 0.010414
2458396.381983 22.727705 0.010508
2458396.875050 22.705668 0.010297
2458397.378644 22.726285 0.010495
2458397.871711 22.710708 0.010345
2458398.364778 22.694661 0.010193
2458398.868371 22.703890 0.010280
2458399.361438 22.697882 0.010224
2458399.854506 22.700035 0.010244
2458400.358099 22.691679 0.010165
2458400.851166 22.699881 0.010243
2458401.344233 22.711563 0.010353
2458401.847827 22.724788 0.010480
2458402.340894 22.723214 0.010465
2458402.833961 22.705900 0.010299
2458403.337555 22.717569 0.010411
2458403.830622 22.696040 0.010206
2458404.323689 22.709542 0.010334
2458404.827282 22.714991 0.010386
2458405.320350 22.704276 0.010284
2458405.813417 22.706055 0.010301
2458406.317010 22.697191 0.010217
2458406.810077 22.706132 0.010302
2458407.303144 22.709931 0.010338
2458407.806738 22.710086 0.010339
2458408.299805 22.695657 0.010203
2458408.792872 22.693666 0.010184
2458409.296466 22.706519 0.010305
2458409.789533 22.715459 0.010391
2458410.282600 22.702423 0.010267
2458410.786194 22.709154 0.010330
2458411.279261 22.732849 0.010558
2458411.772328 22.703272 0.010275
2458412.275921 22.705281 0.010294
2458412.768988 22.732690 0.010557
2458413.262056 22.728574 0.010517
2458413.765649 22.719761 0.010432
2458414.258716 22.698881 0.010233
2458414.751783 22.705358 0.010294
2458415.255377 22.693284 0.010180
2458415.748444 22.698266 0.010227
2458416.241511 22.709232 0.010331
2458416.745105 22.708844 0.010327
2458417.238172 22.710319 0.010341
2458417.731239 22.714211 0.010379
2458418.234832 22.703195 0.010274
2458526.481367 22.701498 0.010258
2458526.984960 22.695657 0.010203
2458527.478027 22.701575 0.010259
2458527.971094 22.705745 0.010298
2458528.474688 22.697345 0.010219
2458528.967755 22.701421 0.010257
2458529.460822 22.710397 0.010342
2458529.964416 22.708922 0.010328
2458530.457483 22.728811 0.010519
2458530.950550 22.700805 0.010251
2458531.454144 22.710630 0.010344
2458531.947211 22.693743 0.010185
2458532.440278 22.707836 0.010318
2458532.943871 22.702346 0.010266
2458533.436938 22.706906 0.010309
2458533.930006 22.710785 0.010346
2458534.433599 22.726285 0.010495
2458534.926666 22.700728 0.010251
2458535.419733 22.705126 0.010292
2458535.923327 22.700497 0.010248
2458536.416394 22.713899 0.010376
2458536.909461 22.711330 0.010351
2458537.413055 22.731026 0.010541
2458537.906122 22.703041 0.010272
2458538.399189 22.707061 0.010310
2458538.902782 22.709698 0.010336
2458539.395850 22.692137 0.010170
2458539.888917 22.710785 0.010346
2458540.392510 22.709620 0.010335
2458540.885577 22.710086 0.010339
2458541.378644 22.713899 0.010376
2458541.882238 22.712263 0.010360
2458542.375305 22.695657 0.010203
2458542.868372 22.692748 0.010175
2458543.371966 22.691908 0.010168
2458543.865033 22.689847 0.010148
2458544.358100 22.705822 0.010299
2458544.861694 22.706906 0.010309
2458545.354761 22.697038 0.010216
2458545.847828 22.712730 0.010364
2458546.351421 22.717490 0.010410
2458546.844488 22.704199 0.010283
2458547.337556 22.707603 0.010316
2458547.841149 22.705436 0.010295
2458548.334216 22.703427 0.010276
2458548.827283 22.725970 0.010492
2458549.330877 22.715069 0.010387
2458549.823944 22.712185 0.010359
2458550.317011 22.714211 0.010379
2458550.820605 22.713120 0.010368
2458551.313672 22.690610 0.010155
2458551.806739 22.694968 0.010196
2458552.310332 22.710630 0.010344
2458552.803400 22.717334 0.010409
2458553.296467 22.711874 0.010356
2458553.800060 22.711407 0.010352
2458554.293127 22.682629 0.010081
2458554.786194 22.711718 0.010355
2458555.289788 22.713431 0.010371
2458555.782855 22.698497 0.010229
2458556.275922 22.695581 0.010202
2458556.779516 22.696424 0.010210
2458557.272583 22.710241 0.010341
2458557.765650 22.722743 0.010460
2458558.269244 22.717412 0.010409
2458558.762311 22.703967 0.010281
2458559.255378 22.723136 0.010464
2458559.758971 22.727074 0.010502
2458560.252038 22.696731 0.010213
2458560.745106 22.688552 0.010136
2458561.248699 22.711952 0.010357
2458561.741766 22.717021 0.010406
2458562.234833 22.721094 0.010445
2458562.738427 22.706132 0.010302
2458563.231494 22.715147 0.010388
2458563.724561 22.689619 0.010146
2458564.228155 22.724867 0.010481
2458564.721222 22.722979 0.010463
2458565.214289 22.702115 0.010264
2458565.717882 22.705745 0.010298
2458566.210950 22.721643 0.010450
2458566.704017 22.696501 0.010211
2458567.207610 22.715849 0.010394
2458567.700677 22.720545 0.010439
2458568.193744 22.740410 0.010632
2458568.697338 22.715537 0.010391
2458569.190405 22.678622 0.010044
2458569.683472 22.697729 0.010222
2458570.187066 22.699804 0.010242
2458570.680133 22.712730 0.010364
2458571.173200 22.703427 0.010276
2458571.676794 22.703504 0.010277
2458572.169861 22.693360 0.010181
2458572.662928 22.700959 0.010253
2458573.166521 22.729285 0.010524
2458573.659588 22.712808 0.010365
2458574.152656 22.694355 0.010191
2458574.656249 22.699035 0.010235
2458575.149316 22.719917 0.010433
2458575.642383 22.728969 0.010521
2458576.145977 22.714757 0.010384
2458576.639044 22.679906 0.010056
2458577.132111 22.699035 0.010235
2458577.635705 22.689542 0.010145
2458578.128772 22.708068 0.010320
2458578.621839 22.724709 0.010479
2458579.125432 22.715147 0.010388
2458579.618500 22.711796 0.010356
2458580.111567 22.712574 0.010363
2458580.615160 22.709775 0.010336
2458581.108227 22.718038 0.010415
2458581.601294 22.710552 0.010344
2458582.104888 22.699881 0.010243
2458582.597955 22.728100 0.010512
2458583.091022 22.713743 0.010374
2458583.594616 22.697345 0.010219
2458584.087683 22.713665 0.010373
2458584.580750 22.710863 0.010347
2458585.084344 22.709775 0.010336
2458585.577411 22.695887 0.010205
2458586.070478 22.694431 0.010191
2458586.574071 22.714913 0.010385
2458587.067138 22.729127 0.010522
2458587.560206 22.700728 0.010251
2458588.063799 22.719447 0.010429
2458588.556866 22.724631 0.010479
2458589.049933 22.701190 0.010255
2458589.553527 22.703272 0.010275
2458590.046594 22.703195 0.010274
2458590.539661 22.713353 0.010370
2458591.043255 22.717569 0.010411
2458591.536322 22.715693 0.010393
2458592.029389 22.705977 0.010300
2458592.532982 22.717725 0.010412
2458593.026050 22.715303 0.010389
2458593.519117 22.699343 0.010237
2458594.022710 22.706906 0.010309
2458594.515777 22.737459 0.010603
2458595.008844 22.725103 0.010483
2458595.512438 22.716709 0.010403
2458596.005505 22.719212 0.010427
2458596.498572 22.690534 0.010155
2458597.002166 22.736026 0.010589
2458597.495233 22.696501 0.010211
2458597.988300 22.726443 0.010496
2458712.204272 22.711485 0.010353
2458712.697339 22.697115 0.010216
2458713.200932 22.689847 0.010148
2458713.694000 22.716318 0.010399
2458714.187067 22.689238 0.010143
2458714.690660 22.709542 0.010334
2458715.183727 22.724316 0.010476
2458715.676794 22.708922 0.010328
2458716.180388 22.723529 0.010468
2458716.673455 22.716474 0.010400
2458717.166522 22.707216 0.010312
2458717.670116 22.692825 0.010176
2458718.163183 22.724788 0.010480
2458718.656250 22.702655 0.010269
2458719.159844 22.695657 0.010203
2458719.652911 22.703581 0.010277
2458720.145978 22.689390 0.010144
2458720.649571 22.714679 0.010383
2458721.142638 22.713821 0.010375
2458721.635706 22.696040 0.010206
2458722.139299 22.696731 0.010213
2458722.632366 22.708611 0.010325
2458723.125433 22.717021 0.010406
2458723.629027 22.704122 0.010283
2458724.122094 22.688781 0.010138
2458724.615161 22.698190 0.010227
2458725.118755 22.713509 0.010372
2458725.611822 22.711019 0.010348
2458726.104889 22.713743 0.010374
2458726.608482 22.711718 0.010355
2458727.101550 22.700420 0.010248
2458727.594617 22.709154 0.010330
2458728.098210 22.711641 0.010354
2458728.591277 22.720309 0.010437
2458729.084344 22.718899 0.010424
2458729.587938 22.708922 0.010328
2458730.081005 22.706596 0.010306
2458730.574072 22.702346 0.010266
2458731.077666 22.719526 0.010430
2458731.570733 22.707371 0.010313
2458732.063800 22.712574 0.010363
2458732.567394 22.692061 0.010169
2458733.060461 22.712185 0.010359
2458733.553528 22.709154 0.010330
2458734.057121 22.709931 0.010338
2458734.550188 22.700959 0.010253
2458735.043256 22.698728 0.010232
2458735.546849 22.711485 0.010353
2458736.039916 22.714601 0.010382
2458736.532983 22.713821 0.010375
2458737.036577 22.720309 0.010437
2458737.529644 22.707061 0.010310
2458738.022711 22.689238 0.010143
2458738.526305 22.701421 0.010257
2458739.019372 22.703349 0.010275
2458739.512439 22.709931 0.010338
2458740.016032 22.716474 0.010400
2458740.509100 22.695887 0.010205
2458741.002167 22.720153 0.010436
2458741.505760 22.700266 0.010246
2458741.998827 22.703272 0.010275
2458742.491894 22.715615 0.010392
2458742.995488 22.722114 0.010454
2458743.488555 22.716865 0.010404
2458743.981622 22.724945 0.010482
2458744.485216 22.708922 0.010328
2458744.978283 22.720702 0.010441
2458745.471350 22.710008 0.010339
2458745.974944 22.711096 0.010349
2458746.468011 22.725812 0.010490
2458746.961078 22.687334 0.010125
2458747.464671 22.718351 0.010418
2458747.957738 22.719761 0.010432
2458748.450806 22.717490 0.010410
2458748.954399 22.703658 0.010278
2458749.447466 22.712497 0.010362
2458749.940533 22.704894 0.010290
2458750.444127 22.711174 0.010350
2458750.937194 22.712730 0.010364
2458751.430261 22.697498 0.010220
2458751.933855 22.711252 0.010350
2458752.426922 22.729918 0.010530
2458752.919989 22.709542 0.010334
2458753.423582 22.709077 0.010330
2458753.916650 22.710863 0.010347
2458754.409717 22.696808 0.010214
2458754.913310 22.702115 0.010264
2458755.406377 22.719604 0.010430
2458755.899444 22.711407 0.010352
2458756.403038 22.698574 0.010230
2458756.896105 22.697806 0.010223
2458757.389172 22.710863 0.010347
2458757.892766 22.703890 0.010280
2458758.385833 22.715069 0.010387
2458758.878900 22.721329 0.010447
2458759.382494 22.706055 0.010301
2458759.875561 22.699035 0.010235
2458760.368628 22.686498 0.010117
2458760.872221 22.707061 0.010310
2458761.365288 22.716005 0.010396
2458761.858356 22.697345 0.010219
2458762.361949 22.717490 0.010410
2458762.855016 22.688019 0.010131
2458763.348083 22.701652 0.010259
2458763.851677 22.713587 0.010373
2458764.344744 22.713587 0.010373
2458764.837811 22.718664 0.010421
2458765.341405 22.705049 0.010291
2458765.834472 22.680888 0.010065
2458766.327539 22.716787 0.010403
2458766.831132 22.695351 0.010200
2458767.324200 22.718507 0.010420
2458767.817267 22.721408 0.010448
2458768.320860 22.709620 0.010335
2458768.813927 22.722900 0.010462
2458769.306994 22.694278 0.010190
2458769.810588 22.698881 0.010233
2458770.303655 22.711485 0.010353
2458770.796722 22.726127 0.010493
2458771.300316 22.714601 0.010382
2458771.793383 22.722507 0.010458
2458772.286450 22.699496 0.010239
2458772.790044 22.709931 0.010338
2458773.283111 22.713042 0.010367
2458773.776178 22.703890 0.010280
2458774.279771 22.694814 0.010195
2458774.772838 22.718977 0.010424
2458775.265906 22.711563 0.010353
2458775.769499 22.683917 0.010093
2458776.262566 22.700112 0.010245
2458776.755633 22.701652 0.010259
2458777.259227 22.715069 0.010387
2458777.752294 22.712107 0.010359
2458778.245361 22.707371 0.010313
2458778.748955 22.710630 0.010344
2458779.242022 22.708146 0.010321
2458779.735089 22.714211 0.010379
2458780.238682 22.706364 0.010304
2458780.731750 22.726127 0.010493
2458781.224817 22.719839 0.010433
2458781.728410 22.704894 0.010290
2458782.221477 22.710708 0.010345
2458782.714544 22.714211 0.010379
2458783.218138 22.722821 0.010461
2458783.711205 22.702809 0.010270
2459622.427944 22.706287 0.010303
2459622.921011 22.709853 0.010337
2459623.424605 22.717725 0.010412
2459623.917672 22.702269 0.010265
2459624.410739 22.716630 0.010402
2459624.914332 22.716943 0.010405
2459625.407400 22.701036 0.010253
2459625.900467 22.705204 0.010293
2459626.404060 22.705358 0.010294
2459626.897127 22.705590 0.010297
2459627.390194 22.712964 0.010367
2459627.893788 22.696117 0.010207
2459628.386855 22.707681 0.010316
2459628.879922 22.718038 0.010415
2459629.383516 22.715615 0.010392
2459629.876583 22.704740 0.010288
2459630.369650 22.713431 0.010371
2459630.873244 22.704894 0.010290
2459631.366311 22.714445 0.010381
2459631.859378 22.705204 0.010293
2459632.362971 22.713120 0.010368
2459632.856038 22.726048 0.010492
2459633.349106 22.715771 0.010394
2459633.852699 22.714367 0.010380
2459634.345766 22.724788 0.010480
2459634.838833 22.710941 0.010347
2459635.342427 22.719604 0.010430
2459635.835494 22.708534 0.010324
2459636.328561 22.695427 0.010201
2459636.832155 22.695734 0.010203
2459637.325222 22.714445 0.010381
2459637.818289 22.726600 0.010498
2459638.321882 22.695121 0.010198
2459638.814950 22.689085 0.010141
2459639.308017 22.723686 0.010470
2459639.811610 22.715927 0.010395
2459640.304677 22.703967 0.010281
2459640.797744 22.697652 0.010222
2459641.301338 22.711174 0.010350
2459641.794405 22.713509 0.010372
2459642.287472 22.731660 0.010547
2459642.791066 22.697882 0.010224
2459643.284133 22.720153 0.010436
2459643.777200 22.714835 0.010385
2459644.280794 22.695887 0.010205
2459644.773861 22.700112 0.010245
2459645.266928 22.718899 0.010424
2459645.770521 22.711252 0.010350
2459646.263588 22.705900 0.010299
2459646.756656 22.705204 0.010293
2459647.260249 22.699650 0.010240
2459647.753316 22.705049 0.010291
2459648.246383 22.708844 0.010327
2459648.749977 22.697575 0.010221
2459649.243044 22.699573 0.010240
2459649.736111 22.700959 0.010253
2459650.239705 22.700420 0.010248
2459650.732772 22.705822 0.010299
2459651.225839 22.714055 0.010377
2459651.729432 22.691373 0.010163
2459652.222500 22.718116 0.010416
2459652.715567 22.700959 0.010253
2459653.219160 22.718664 0.010421
2459653.712227 22.690305 0.010153
2459654.205294 22.701575 0.010259
2459654.708888 22.703813 0.010280
2459655.201955 22.715069 0.010387
2459655.695022 22.711485 0.010353
2459656.198616 22.714913 0.010385
2459656.691683 22.690076 0.010150
2459657.184750 22.698420 0.010229
2459657.688344 22.718038 0.010415
2459658.181411 22.707216 0.010312
2459658.674478 22.720623 0.010440
2459659.178071 22.708146 0.010321
2459659.671138 22.705745 0.010298
2459660.164206 22.707836 0.010318
2459660.667799 22.721879 0.010452
2459661.160866 22.705977 0.010300
2459661.653933 22.701113 0.010254
2459662.157527 22.703118 0.010273
2459662.650594 22.705590 0.010297
2459663.143661 22.715225 0.010388
2459663.647255 22.717412 0.010409
2459664.140322 22.713042 0.010367
2459664.633389 22.707138 0.010311
2459665.136982 22.700035 0.010244
2459665.630050 22.712341 0.010361
2459666.123117 22.701961 0.010262
2459666.626710 22.706132 0.010302
2459667.119777 22.707758 0.010317
2459667.612844 22.721486 0.010448
2459668.116438 22.699343 0.010237
2459668.609505 22.706441 0.010305
2459669.102572 22.708223 0.010322
2459669.606166 22.701807 0.010261
2459670.099233 22.710863 0.010347
2459670.592300 22.698266 0.010227
2459671.095894 22.698651 0.010231
2459671.588961 22.696117 0.010207
2459672.082028 22.706519 0.010305
2459672.585621 22.708844 0.010327
2459673.078688 22.682250 0.010078
2459673.571756 22.716630 0.010402
2459674.075349 22.716005 0.010396
2459674.568416 22.717881 0.010414
2459675.061483 22.715537 0.010391
2459675.565077 22.712497 0.010362
2459676.058144 22.716630 0.010402
2459676.551211 22.707138 0.010311
2459677.054805 22.698728 0.010232
2459677.547872 22.698266 0.010227
2459678.040939 22.711874 0.010356
2459678.544532 22.706596 0.010306
2459679.037600 22.692748 0.010175
2459679.530667 22.712341 0.010361
2459680.034260 22.690915 0.010158
2459680.527327 22.707061 0.010310
2459681.020394 22.692366 0.010172
2459681.523988 22.707216 0.010312
2459682.017055 22.707138 0.010311
2459682.510122 22.699420 0.010238
2459683.013716 22.705513 0.010296
2459683.506783 22.691984 0.010168
2459683.999850 22.707836 0.010318
2459684.503444 22.697422 0.010219
2459684.996511 22.702809 0.010270
2459685.489578 22.707681 0.010316
2459685.993171 22.699420 0.010238
2459686.486238 22.697115 0.010216
2459686.979306 22.699266 0.010237
2459687.482899 22.717021 0.010406
2459687.975966 22.704585 0.010287
2459688.469033 22.717334 0.010409
2459688.972627 22.710630 0.010344
2459689.465694 22.723450 0.010467
2459689.958761 22.728969 0.010521
2459690.462355 22.721486 0.010448
2459690.955422 22.722350 0.010457
2459691.448489 22.719134 0.010426
2459691.952082 22.700112 0.010245
2459692.445150 22.712419 0.010361
2459692.938217 22.703349 0.010275
2459693.441810 22.701113 0.010254
2459693.934877 22.698728 0.010232
2459807.647256 22.715771 0.010394
2459808.150849 22.711174 0.010350
2459808.643916 22.713042 0.010368
2459809.136983 22.725339 0.010486
2459809.640577 22.702732 0.010270
2459810.133644 22.708922 0.010328
2459810.626711 22.705126 0.010292
2459811.130305 22.705977 0.010300
2459811.623372 22.705204 0.010293
2459812.116439 22.727389 0.010506
2459812.620032 22.704740 0.010289
2459813.113100 22.706132 0.010302
2459813.606167 22.705668 0.010297
2459814.109760 22.697729 0.010222
2459814.602827 22.692672 0.010175
2459815.095894 22.714757 0.010384
2459815.599488 22.709465 0.010334
2459816.092555 22.716630 0.010402
2459816.585622 22.698266 0.010228
2459817.089216 22.695504 0.010202
2459817.582283 22.710785 0.010346
2459818.075350 22.695351 0.010200
2459818.578944 22.721722 0.010451
2459819.072011 22.722664 0.010460
2459819.565078 22.715459 0.010391
2459820.068671 22.718742 0.010422
2459820.561738 22.709542 0.010335
2459821.054806 22.705049 0.010292
2459821.558399 22.728179 0.010514
2459822.051466 22.725339 0.010486
2459822.544533 22.716396 0.010400
2459823.048127 22.709853 0.010338
2459823.541194 22.706364 0.010305
2459824.034261 22.714289 0.010380
2459824.537855 22.701652 0.010260
2459825.030922 22.703041 0.010273
2459825.523989 22.699496 0.010240
2459826.027582 22.714367 0.010381
2459826.520650 22.707526 0.010316
2459827.013717 22.692901 0.010178
2459827.517310 22.731739 0.010549
2459828.010377 22.696271 0.010210
2459828.503444 22.723057 0.010465
2459829.007038 22.707216 0.010314
2459829.500105 22.708689 0.010328
2459829.993172 22.703041 0.010274
2459830.496766 22.708379 0.010325
2459830.989833 22.716709 0.010405
2459831.482900 22.716787 0.010406
2459831.986494 22.700035 0.010247
2459832.479561 22.710863 0.010350
2459832.972628 22.720466 0.010442
2459833.476221 22.702115 0.010268
2459833.969288 22.728021 0.010516
2459834.462356 22.709310 0.010337
2459834.965949 22.698728 0.010238
2459835.459016 22.717647 0.010418
2459835.952083 22.702886 0.010279
2459836.455677 22.716005 0.010405
2459836.948744 22.687715 0.010138
2459837.441811 22.714211 0.010390
2459837.945405 22.702809 0.010284
2459838.438472 22.691450 0.010179
2459838.931539 22.697652 0.010240
2459839.435132 22.690992 0.010181
2459839.928200 22.705204 0.010319
2459840.421267 22.690534 0.010185
2459840.924860 22.705281 0.010330
2459841.417927 22.690229 0.010196
2459841.910994 22.694968 0.010250
2459842.414588 22.674254 0.010068
2459842.907655 22.699035 0.010315
2459843.400722 22.686726 0.010218
2459843.904316 22.686118 0.010238
2459844.397383 22.655996 0.009990
2459844.890450 22.656514 0.010036
2459845.394044 22.638549 0.009927
2459845.887111 22.622739 0.009854
2459846.380178 22.594233 0.009690
2459846.883771 22.575477 0.009645
2459847.376838 22.555353 0.009618
2459847.869906 22.476452 0.009114
2459848.373499 22.425610 0.008878
2459848.866566 22.380937 0.008663
2459849.359633 22.362904 0.008575
2459849.863227 22.385363 0.008688
2459850.356294 22.436664 0.008952
2459850.849361 22.493051 0.009240
2459851.352955 22.515153 0.009253
2459851.846022 22.573078 0.009611
2459852.339089 22.586234 0.009611
2459852.842682 22.627839 0.009892
2459853.335750 22.641316 0.009946
2459853.828817 22.641097 0.009891
2459854.332410 22.674931 0.010161
2459854.825477 22.675157 0.010132
2459855.318544 22.690763 0.010254
2459855.822138 22.700805 0.010330
2459856.315205 22.686346 0.010179
2459856.808272 22.677189 0.010082
2459857.311866 22.686194 0.010157
2459857.804933 22.698728 0.010267
2459858.298000 22.717803 0.010443
2459858.801594 22.699573 0.010265
2459859.294661 22.713275 0.010391
2459859.787728 22.733087 0.010579
2459860.291321 22.705745 0.010313
2459860.784388 22.721094 0.010458
2459861.277456 22.694049 0.010199
2459861.781049 22.723136 0.010474
2459862.274116 22.710941 0.010356
2459862.767183 22.702732 0.010277
2459863.270777 22.715927 0.010402
2459863.763844 22.707371 0.010319
2459864.256911 22.717569 0.010416
2459864.760505 22.697882 0.010228
2459865.253572 22.721565 0.010453
2459865.746639 22.712652 0.010367
2459866.250232 22.712419 0.010365
2459866.743300 22.704199 0.010286
2459867.236367 22.715303 0.010392
2459867.739960 22.724709 0.010482
2459868.233027 22.702655 0.010271
2459868.726094 22.710241 0.010343
2459869.229688 22.691679 0.010167
2459869.722755 22.695044 0.010199
2459870.215822 22.693054 0.010180
2459870.719416 22.720153 0.010437
2459871.212483 22.700651 0.010251
2459871.705550 22.711407 0.010353
2459872.209144 22.694661 0.010194
2459872.702211 22.716240 0.010399
2459873.195278 22.718429 0.010420
2459873.698871 22.709310 0.010333
2459874.191938 22.730234 0.010534
2459874.685006 22.713197 0.010370
2459875.188599 22.687410 0.010126
2459875.681666 22.704122 0.010283
2459876.174733 22.711874 0.010357
2459876.678327 22.717178 0.010408
2459877.171394 22.700574 0.010250
2459877.664461 22.709387 0.010333
2459878.168055 22.713353 0.010371
2459878.661122 22.708456 0.010324
2459879.154189 22.713353 0.010371
2459987.411250 22.716318 0.010399
2459987.904317 22.706519 0.010305
2459988.407910 22.709232 0.010331
2459988.900977 22.717569 0.010411
2459989.394044 22.719839 0.010433
2459989.897638 22.721800 0.010451
2459990.390705 22.705590 0.010297
2459990.883772 22.704662 0.010288
2459991.387366 22.735469 0.010584
2459991.880433 22.702732 0.010269
2459992.373500 22.708766 0.010327
2459992.877094 22.711796 0.010356
2459993.370161 22.707293 0.010313
2459993.863228 22.714757 0.010384
2459994.366821 22.698958 0.010234
2459994.859888 22.713899 0.010376
2459995.352956 22.739532 0.010624
2459995.856549 22.705590 0.010297
2459996.349616 22.712497 0.010362
2459996.842683 22.707138 0.010311
2459997.346277 22.696040 0.010206
2459997.839344 22.724394 0.010476
2459998.332411 22.705822 0.010299
2459998.836005 22.711407 0.010352
2459999.329072 22.712107 0.010359
2459999.822139 22.707603 0.010316
2460000.325732 22.713587 0.010373
2460000.818800 22.737937 0.010608
2460001.311867 22.728179 0.010513
2460001.815460 22.698574 0.010230
2460002.308527 22.713821 0.010375
2460002.801594 22.692825 0.010176
2460003.305188 22.718977 0.010424
2460003.798255 22.697806 0.010223
2460004.291322 22.705513 0.010296
2460004.794916 22.711330 0.010351
2460005.287983 22.695197 0.010198
2460005.781050 22.697729 0.010222
2460006.284644 22.710397 0.010342
2460006.777711 22.714055 0.010377
2460007.270778 22.711407 0.010352
2460007.774371 22.702269 0.010265
2460008.267438 22.686650 0.010118
2460008.760506 22.724788 0.010480
2460009.264099 22.717099 0.010406
2460009.757166 22.702655 0.010269
2460010.250233 22.721800 0.010451
2460010.753827 22.721251 0.010446
2460011.246894 22.708301 0.010322
2460011.739961 22.720388 0.010438
2460012.243555 22.693972 0.010187
2460012.736622 22.704122 0.010283
2460013.229689 22.716552 0.010401
2460013.733282 22.724316 0.010476
2460014.226350 22.714991 0.010386
2460014.719417 22.701884 0.010261
2460015.223010 22.717021 0.010406
2460015.716077 22.698574 0.010230
2460016.209144 22.696347 0.010209
2460016.712738 22.716396 0.010400
2460017.205805 22.728890 0.010520
2460017.698872 22.697806 0.010223
2460018.202466 22.721172 0.010445
2460018.695533 22.714523 0.010382
2460019.188600 22.712964 0.010367
2460019.692194 22.732135 0.010551
2460020.185261 22.713042 0.010367
2460020.678328 22.705822 0.010299
2460021.181921 22.715693 0.010393
2460021.674988 22.689238 0.010143
2460022.168056 22.711718 0.010355
2460022.671649 22.709465 0.010333
2460023.164716 22.698958 0.010234
2460023.657783 22.708301 0.010322
2460024.161377 22.713509 0.010372
2460024.654444 22.697498 0.010220
2460025.147511 22.718194 0.010417
2460025.651105 22.710164 0.010340
2460026.144172 22.705204 0.010293
2460026.637239 22.706055 0.010301
2460027.140832 22.711952 0.010357
2460027.633900 22.689009 0.010140
2460028.126967 22.706209 0.010302
2460028.630560 22.700882 0.010252
2460029.123627 22.713042 0.010367
2460029.616694 22.698881 0.010233
2460030.120288 22.706906 0.010309
2460030.613355 22.711874 0.010356
2460031.106422 22.701729 0.010260
2460031.610016 22.693207 0.010180
2460032.103083 22.713821 0.010375
2460032.596150 22.696117 0.010207
2460033.099744 22.699496 0.010239
2460033.592811 22.694585 0.010193
2460034.085878 22.712107 0.010359
2460034.589471 22.710086 0.010339
2460035.082538 22.707681 0.010316
2460035.575606 22.707913 0.010319
2460036.079199 22.705668 0.010297
2460036.572266 22.694891 0.010196
2460037.065333 22.717960 0.010415
2460037.568927 22.712497 0.010362
2460038.061994 22.706287 0.010303
2460038.555061 22.703967 0.010281
2460039.058655 22.711796 0.010356
2460039.551722 22.713743 0.010374
2460040.044789 22.720231 0.010436
2460040.548382 22.694891 0.010196
2460041.041450 22.705204 0.010293
2460041.534517 22.719212 0.010427
2460042.038110 22.711485 0.010353
2460042.531177 22.721722 0.010451
2460043.024244 22.723372 0.010467
2460043.527838 22.717569 0.010411
2460044.020905 22.691526 0.010164
2460044.513972 22.728337 0.010515
2460045.017566 22.686726 0.010119
2460045.510633 22.718899 0.010424
2460046.003700 22.718116 0.010416
2460046.507294 22.719134 0.010426
2460047.000361 22.704122 0.010283
2460047.493428 22.704662 0.010288
2460047.997021 22.709775 0.010336
2460048.490088 22.699496 0.010239
2460048.983156 22.692519 0.010173
2460049.486749 22.722743 0.010460
2460049.979816 22.713120 0.010368
2460050.472883 22.704972 0.010291
2460050.976477 22.721408 0.010448
2460051.469544 22.696808 0.010214
2460051.962611 22.705204 0.010293
2460052.466205 22.705281 0.010294
2460052.959272 22.704122 0.010283
2460053.452339 22.712030 0.010358
2460053.955932 22.717256 0.010408
2460054.449000 22.709465 0.010333
2460054.942067 22.713587 0.010373
2460055.445660 22.699420 0.010238
2460055.938727 22.696884 0.010214
2460056.431794 22.705668 0.010297
2460056.935388 22.713120 0.010368
2460057.428455 22.701498 0.010258
2460057.921522 22.709931 0.010338
2460058.425116 22.717178 0.010407
2460058.918183 22.707758 0.010317
