2458346.727899 22.730421 0.005270
2458347.220966 22.738158 0.005308
2458347.714033 22.732764 0.005282
2458348.217627 22.740565 0.005320
2458348.710694 22.738598 0.005311
2458349.203761 22.741584 0.005326
2458349.707355 22.750289 0.005369
2458350.200422 22.732764 0.005283
2458350.693489 22.729458 0.005268
2458351.197082 22.736334 0.005301
2458351.690150 22.732121 0.005281
2458352.183217 22.748795 0.005363
2458352.686810 22.737119 0.005306
2458353.179877 22.732557 0.005284
2458353.672944 22.729962 0.005272
2458354.176538 22.731339 0.005279
2458354.669605 22.731133 0.005279
2458355.162672 22.727557 0.005262
2458355.666266 22.728862 0.005268
2458356.159333 22.732075 0.005284
2458356.652400 22.730995 0.005279
2458357.155994 22.740611 0.005327
2458357.649061 22.735689 0.005303
2458358.142128 22.731385 0.005282
2458358.645721 22.731615 0.005284
2458359.138788 22.732258 0.005287
2458359.631856 22.729458 0.005274
2458360.135449 22.733086 0.005292
2458360.628516 22.725888 0.005258
2458361.121583 22.726162 0.005259
2458361.625177 22.734099 0.005298
2458362.118244 22.726139 0.005260
2458362.611311 22.728541 0.005272
2458363.114905 22.730513 0.005282
2458363.607972 22.730375 0.005282
2458364.101039 22.736288 0.005311
2458364.604632 22.736634 0.005313
2458365.097700 22.732810 0.005295
2458365.590767 22.741190 0.005336
2458366.094360 22.729940 0.005282
2458366.587427 22.735066 0.005307
2458367.080494 22.732465 0.005295
2458367.584088 22.729802 0.005282
2458368.077155 22.729137 0.005280
2458368.570222 22.735366 0.005310
2458369.073816 22.729687 0.005283
2458369.566883 22.720395 0.005239
2458370.059950 22.728061 0.005276
2458370.563544 22.723856 0.005256
2458371.056611 22.729504 0.005284
2458371.549678 22.720736 0.005242
2458372.053271 22.737604 0.005325
2458372.546338 22.728312 0.005280
2458373.039406 22.734352 0.005310
2458373.542999 22.731339 0.005295
2458374.036066 22.731592 0.005297
2458374.529133 22.734306 0.005311
2458375.032727 22.724244 0.005262
2458375.525794 22.731110 0.005296
2458376.018861 22.731408 0.005298
2458376.522455 22.724905 0.005267
2458377.015522 22.729114 0.005288
2458377.508589 22.723354 0.005260
2458378.012182 22.720849 0.005249
2458378.505250 22.725956 0.005274
2458378.998317 22.726070 0.005275
2458379.501910 22.721509 0.005254
2458379.994977 22.735181 0.005321
2458380.488044 22.725979 0.005276
2458380.991638 22.730559 0.005299
2458381.484705 22.723696 0.005266
2458381.977772 22.720417 0.005251
2458382.481366 22.736865 0.005332
2458382.974433 22.719463 0.005247
2458383.467500 22.725339 0.005276
2458383.971094 22.723901 0.005270
2458384.464161 22.718396 0.005244
2458384.957228 22.714907 0.005228
2458385.460821 22.723765 0.005271
2458385.953888 22.720645 0.005256
2458386.446956 22.724175 0.005274
2458386.950549 22.714703 0.005229
2458387.443616 22.720304 0.005257
2458387.936683 22.723765 0.005274
2458388.440277 22.724358 0.005277
2458388.933344 22.727214 0.005292
2458389.426411 22.716627 0.005241
2458389.930005 22.718169 0.005249
2458390.423072 22.722648 0.005272
2458390.916139 22.711046 0.005216
2458391.419732 22.720645 0.005263
2458391.912800 22.721327 0.005267
2458392.405867 22.719145 0.005257
2458392.909460 22.709987 0.005213
2458393.402527 22.720395 0.005264
2458393.895594 22.721737 0.005271
2458394.399188 22.725796 0.005292
2458394.892255 22.714952 0.005240
2458395.385322 22.718373 0.005257
2458395.888916 22.712557 0.005230
2458396.381983 22.717194 0.005253
2458396.875050 22.714568 0.005241
2458397.378644 22.718691 0.005261
2458397.871711 22.720872 0.005273
2458398.364778 22.714635 0.005243
2458398.868371 22.705380 0.005199
2458399.361438 22.720645 0.005274
2458399.854506 22.712512 0.005235
2458400.358099 22.717239 0.005259
2458400.851166 22.715495 0.005251
2458401.344233 22.720463 0.005276
2458401.847827 22.714929 0.005250
2458402.340894 22.717738 0.005264
2458402.833961 22.713257 0.005243
2458403.337555 22.712941 0.005242
2458403.830622 22.704999 0.005205
2458404.323689 22.715563 0.005256
2458404.827282 22.721464 0.005286
2458405.320350 22.710415 0.005233
2458405.813417 22.715789 0.005260
2458406.317010 22.705067 0.005209
2458406.810077 22.716287 0.005264
2458407.303144 22.714228 0.005255
2458407.806738 22.708344 0.005227
2458408.299805 22.703319 0.005204
2458408.792872 22.715427 0.005263
2458409.296466 22.696382 0.005172
2458409.789533 22.706772 0.005223
2458410.282600 22.704753 0.005214
2458410.786194 22.708727 0.005234
2458411.279261 22.709604 0.005239
2458411.772328 22.713144 0.005257
2458412.275921 22.709964 0.005242
2458412.768988 22.710820 0.005247
2458413.262056 22.714409 0.005265
2458413.765649 22.718146 0.005284
2458414.258716 22.708974 0.005241
2458414.751783 22.713912 0.005266
2458415.255377 22.702224 0.005210
2458415.748444 22.693384 0.005169
2458416.241511 22.705336 0.005227
2458416.745105 22.701218 0.005208
2458417.238172 22.706727 0.005236
2458417.731239 22.699722 0.005203
2458418.234832 22.711158 0.005259
2458526.481367 22.453826 0.004635
2458526.984960 22.457443 0.004655
2458527.478027 22.450151 0.004629
2458527.971094 22.449141 0.004630
2458528.474688 22.447867 0.004630
2458528.967755 22.448345 0.004637
2458529.460822 22.454075 0.004667
2458529.964416 22.445658 0.004636
2458530.457483 22.436378 0.004602
2458530.950550 22.435800 0.004605
2458531.454144 22.435573 0.004610
2458531.947211 22.436518 0.004619
2458532.440278 22.428426 0.004590
2458532.943871 22.436378 0.004630
2458533.436938 22.421430 0.004572
2458533.930006 22.417828 0.004562
2458534.433599 22.418292 0.004570
2458534.926666 22.419774 0.004582
2458535.419733 22.417897 0.004579
2458535.923327 22.407110 0.004540
2458536.416394 22.407281 0.004546
2458536.909461 22.401791 0.004529
2458537.413055 22.407809 0.004560
2458537.906122 22.402181 0.004542
2458538.399189 22.394004 0.004514
2458538.902782 22.405068 0.004567
2458539.395850 22.394964 0.004530
2458539.888917 22.386773 0.004502
2458540.392510 22.393011 0.004534
2458540.885577 22.380355 0.004488
2458541.378644 22.386188 0.004518
2458541.882238 22.381952 0.004507
2458542.375305 22.377334 0.004494
2458542.868372 22.370082 0.004470
2458543.371966 22.375115 0.004497
2458543.865033 22.368404 0.004476
2458544.358100 22.362256 0.004457
2458544.861694 22.364318 0.004472
2458545.354761 22.360868 0.004464
2458545.847828 22.346321 0.004411
2458546.351421 22.351796 0.004440
2458546.844488 22.348756 0.004434
2458547.337556 22.347030 0.004433
2458547.841149 22.345227 0.004433
2458548.334216 22.341965 0.004426
2458548.827283 22.342558 0.004435
2458549.330877 22.329363 0.004388
2458549.823944 22.330045 0.004398
2458550.317011 22.323070 0.004376
2458550.820605 22.320109 0.004371
2458551.313672 22.315528 0.004360
2458551.806739 22.308084 0.004337
2458552.310332 22.308909 0.004347
2458552.803400 22.301526 0.004325
2458553.296467 22.312775 0.004377
2458553.800060 22.299410 0.004330
2458554.293127 22.299426 0.004337
2458554.786194 22.294224 0.004324
2458555.289788 22.288802 0.004309
2458555.782855 22.285964 0.004305
2458556.275922 22.285812 0.004312
2458556.779516 22.275244 0.004277
2458557.272583 22.279932 0.004303
2458557.765650 22.271569 0.004277
2458558.269244 22.268701 0.004273
2458558.762311 22.265720 0.004269
2458559.255378 22.259323 0.004251
2458559.758971 22.253880 0.004237
2458560.252038 22.253644 0.004244
2458560.745106 22.243925 0.004214
2458561.248699 22.248126 0.004237
2458561.741766 22.237961 0.004205
2458562.234833 22.238238 0.004214
2458562.738427 22.233146 0.004202
2458563.231494 22.239493 0.004234
2458563.724561 22.220678 0.004169
2458564.228155 22.221051 0.004178
2458564.721222 22.217254 0.004171
2458565.214289 22.212174 0.004159
2458565.717882 22.215025 0.004178
2458566.210950 22.208777 0.004162
2458566.704017 22.206169 0.004160
2458567.207610 22.198663 0.004139
2458567.700677 22.190929 0.004117
2458568.193744 22.191264 0.004126
2458568.697338 22.186985 0.004118
2458569.190405 22.183763 0.004113
2458569.683472 22.177306 0.004097
2458570.187066 22.174181 0.004093
2458570.680133 22.173397 0.004098
2458571.173200 22.169777 0.004092
2458571.676794 22.170201 0.004102
2458572.169861 22.154132 0.004049
2458572.662928 22.160059 0.004079
2458573.166521 22.149687 0.004049
2458573.659588 22.155577 0.004078
2458574.152656 22.140506 0.004030
2458574.656249 22.142694 0.004046
2458575.149316 22.131323 0.004012
2458575.642383 22.136077 0.004037
2458576.145977 22.126352 0.004009
2458576.639044 22.119860 0.003993
2458577.132111 22.121221 0.004006
2458577.635705 22.112290 0.003981
2458578.128772 22.112991 0.003991
2458578.621839 22.112627 0.003998
2458579.125432 22.101540 0.003965
2458579.618500 22.101732 0.003973
2458580.111567 22.096191 0.003961
2458580.615160 22.096217 0.003969
2458581.108227 22.086549 0.003941
2458581.601294 22.088720 0.003956
2458582.104888 22.079332 0.003930
2458582.597955 22.074493 0.003920
2458583.091022 22.071325 0.003916
2458583.594616 22.057435 0.003873
2458584.087683 22.065439 0.003909
2458584.580750 22.059053 0.003894
2458585.084344 22.049231 0.003866
2458585.577411 22.049035 0.003872
2458586.070478 22.052581 0.003892
2458586.574071 22.045513 0.003874
2458587.067138 22.041540 0.003866
2458587.560206 22.033552 0.003845
2458588.063799 22.034240 0.003854
2458588.556866 22.027614 0.003837
2458589.049933 22.028732 0.003848
2458589.553527 22.019489 0.003822
2458590.046594 22.021781 0.003836
2458590.539661 22.014731 0.003817
2458591.043255 22.008754 0.003803
2458591.536322 22.003631 0.003791
2458592.029389 22.013154 0.003830
2458592.532982 22.004595 0.003806
2458593.026050 21.996756 0.003784
2458593.519117 21.992050 0.003773
2458594.022710 21.994261 0.003787
2458594.515777 21.986890 0.003766
2458595.008844 21.987584 0.003774
2458595.512438 21.980971 0.003756
2458596.005505 21.977686 0.003749
2458596.498572 21.986855 0.003786
2458597.002166 21.976436 0.003754
2458597.495233 21.973678 0.003749
2458597.988300 21.966752 0.003730
2458712.204272 22.435328 0.004601
2458712.697339 22.440867 0.004621
2458713.200932 22.447195 0.004643
2458713.694000 22.450825 0.004655
2458714.187067 22.450151 0.004647
2458714.690660 22.446153 0.004626
2458715.183727 22.461824 0.004689
2458715.676794 22.452458 0.004645
2458716.180388 22.456230 0.004657
2458716.673455 22.456105 0.004652
2458717.166522 22.461895 0.004673
2458717.670116 22.461985 0.004669
2458718.163183 22.462110 0.004665
2458718.656250 22.463061 0.004665
2458719.159844 22.466114 0.004674
2458719.652911 22.465053 0.004666
2458720.145978 22.468491 0.004677
2458720.649571 22.466852 0.004666
2458721.142638 22.463976 0.004649
2458721.635706 22.472392 0.004682
2458722.139299 22.481111 0.004715
2458722.632366 22.481932 0.004715
2458723.125433 22.478815 0.004698
2458723.629027 22.481932 0.004707
2458724.122094 22.485589 0.004719
2458724.615161 22.491207 0.004740
2458725.118755 22.487366 0.004720
2458725.611822 22.491888 0.004736
2458726.104889 22.492201 0.004733
2458726.608482 22.494913 0.004741
2458727.101550 22.500803 0.004763
2458727.594617 22.496799 0.004742
2458728.098210 22.494932 0.004730
2458728.591277 22.502662 0.004760
2458729.084344 22.503611 0.004761
2458729.587938 22.508014 0.004777
2458730.081005 22.501658 0.004745
2458730.574072 22.504710 0.004755
2458731.077666 22.507323 0.004763
2458731.570733 22.512417 0.004782
2458732.063800 22.509848 0.004767
2458732.567394 22.515274 0.004787
2458733.060461 22.508912 0.004756
2458733.553528 22.514972 0.004779
2458734.057121 22.515932 0.004780
2458734.550188 22.519838 0.004794
2458735.043256 22.522657 0.004803
2458735.546849 22.519516 0.004785
2458736.039916 22.520953 0.004788
2458736.532983 22.535965 0.004852
2458737.036577 22.526911 0.004808
2458737.529644 22.527215 0.004806
2458738.022711 22.529024 0.004811
2458738.526305 22.534336 0.004831
2458739.019372 22.525428 0.004788
2458739.512439 22.531505 0.004812
2458740.016032 22.535735 0.004827
2458740.509100 22.541581 0.004850
2458741.002167 22.546335 0.004868
2458741.505760 22.536771 0.004822
2458741.998827 22.552687 0.004891
2458742.491894 22.541697 0.004838
2458742.995488 22.544149 0.004846
2458743.488555 22.547730 0.004859
2458743.981622 22.540560 0.004824
2458744.485216 22.547110 0.004850
2458744.978283 22.545948 0.004842
2458745.471350 22.549905 0.004856
2458745.974944 22.553310 0.004869
2458746.468011 22.551908 0.004859
2458746.961078 22.550954 0.004852
2458747.464671 22.559056 0.004885
2458747.957738 22.559134 0.004883
2458748.450806 22.563553 0.004900
2458748.954399 22.553876 0.004853
2458749.447466 22.568167 0.004915
2458749.940533 22.568621 0.004914
2458750.444127 22.564655 0.004893
2458750.937194 22.563533 0.004885
2458751.430261 22.566686 0.004897
2458751.933855 22.565877 0.004890
2458752.426922 22.559664 0.004859
2458752.919989 22.572166 0.004913
2458753.423582 22.567673 0.004890
2458753.916650 22.566153 0.004880
2458754.409717 22.579329 0.004937
2458754.913310 22.568918 0.004887
2458755.406377 22.580128 0.004935
2458755.899444 22.573912 0.004904
2458756.403038 22.580628 0.004932
2458756.896105 22.583791 0.004944
2458757.389172 22.578990 0.004919
2458757.892766 22.584693 0.004942
2458758.385833 22.587465 0.004952
2458758.878900 22.586380 0.004945
2458759.382494 22.589056 0.004954
2458759.875561 22.591536 0.004963
2458760.368628 22.588532 0.004947
2458760.872221 22.586119 0.004933
2458761.365288 22.590850 0.004952
2458761.858356 22.592283 0.004956
2458762.361949 22.590104 0.004944
2458762.855016 22.593678 0.004958
2458763.348083 22.588431 0.004931
2458763.851677 22.597590 0.004971
2458764.344744 22.603882 0.004997
2458764.837811 22.591839 0.004940
2458765.341405 22.589338 0.004926
2458765.834472 22.593274 0.004941
2458766.327539 22.597895 0.004960
2458766.831132 22.608138 0.005005
2458767.324200 22.612184 0.005021
2458767.817267 22.609430 0.005006
2458768.320860 22.608938 0.005001
2458768.813927 22.610272 0.005005
2458769.306994 22.611300 0.005007
2458769.810588 22.609471 0.004997
2458770.303655 22.609102 0.004993
2458770.796722 22.613152 0.005009
2458771.300316 22.611896 0.005001
2458771.793383 22.609245 0.004986
2458772.286450 22.609102 0.004984
2458772.790044 22.620488 0.005034
2458773.283111 22.614306 0.005003
2458773.776178 22.626247 0.005056
2458774.279771 22.624165 0.005044
2458774.772838 22.616328 0.005006
2458775.265906 22.623457 0.005037
2458775.769499 22.630425 0.005067
2458776.262566 22.618375 0.005009
2458776.755633 22.619991 0.005014
2458777.259227 22.624165 0.005031
2458777.752294 22.629609 0.005054
2458778.245361 22.613852 0.004980
2458778.748955 22.619970 0.005006
2458779.242022 22.625997 0.005031
2458779.735089 22.625789 0.005028
2458780.238682 22.632582 0.005058
2458780.731750 22.631283 0.005050
2458781.224817 22.627499 0.005030
2458781.728410 22.627624 0.005029
2458782.221477 22.630948 0.005042
2458782.714544 22.627707 0.005025
2458783.218138 22.630843 0.005038
2458783.711205 22.638891 0.005073
2459622.427944 22.778293 0.005419
2459622.921011 22.774989 0.005402
2459623.424605 22.779685 0.005426
2459623.917672 22.766962 0.005362
2459624.410739 22.781439 0.005434
2459624.914332 22.782257 0.005438
2459625.407400 22.779397 0.005424
2459625.900467 22.772482 0.005390
2459626.404060 22.763716 0.005346
2459626.897127 22.779805 0.005426
2459627.390194 22.778029 0.005417
2459627.893788 22.777622 0.005415
2459628.386855 22.765373 0.005355
2459628.879922 22.772816 0.005391
2459629.383516 22.771814 0.005386
2459629.876583 22.769029 0.005373
2459630.369650 22.770432 0.005380
2459630.873244 22.771957 0.005387
2459631.366311 22.782979 0.005442
2459631.859378 22.769742 0.005376
2459632.362971 22.788315 0.005469
2459632.856038 22.773174 0.005393
2459633.349106 22.776544 0.005410
2459633.852699 22.779445 0.005424
2459634.345766 22.775946 0.005407
2459634.838833 22.774009 0.005397
2459635.342427 22.766986 0.005362
2459635.835494 22.779013 0.005422
2459636.328561 22.770837 0.005382
2459636.832155 22.784039 0.005447
2459637.325222 22.777957 0.005417
2459637.818289 22.777526 0.005415
2459638.321882 22.759772 0.005327
2459638.814950 22.768506 0.005370
2459639.308017 22.779637 0.005425
2459639.811610 22.778317 0.005419
2459640.304677 22.779085 0.005423
2459640.797744 22.766037 0.005358
2459641.301338 22.771147 0.005383
2459641.794405 22.778581 0.005420
2459642.287472 22.774583 0.005400
2459642.791066 22.772124 0.005388
2459643.284133 22.768363 0.005369
2459643.777200 22.772267 0.005389
2459644.280794 22.769528 0.005375
2459644.773861 22.770385 0.005379
2459645.266928 22.763030 0.005343
2459645.770521 22.773197 0.005393
2459646.263588 22.762510 0.005340
2459646.756656 22.779469 0.005424
2459647.260249 22.776783 0.005411
2459647.753316 22.771766 0.005386
2459648.246383 22.771933 0.005387
2459648.749977 22.773460 0.005394
2459649.243044 22.775946 0.005407
2459649.736111 22.776233 0.005408
2459650.239705 22.774917 0.005402
2459650.732772 22.778101 0.005418
2459651.225839 22.777742 0.005416
2459651.729432 22.780982 0.005432
2459652.222500 22.771051 0.005383
2459652.715567 22.775443 0.005404
2459653.219160 22.782233 0.005438
2459653.712227 22.775228 0.005403
2459654.205294 22.775922 0.005407
2459654.708888 22.768601 0.005370
2459655.201955 22.772148 0.005388
2459655.695022 22.782666 0.005440
2459656.198616 22.761754 0.005337
2459656.691683 22.769148 0.005373
2459657.184750 22.778557 0.005420
2459657.688344 22.775993 0.005407
2459658.181411 22.777478 0.005414
2459658.674478 22.771790 0.005386
2459659.178071 22.772219 0.005388
2459659.671138 22.774678 0.005400
2459660.164206 22.773603 0.005395
2459660.667799 22.775635 0.005405
2459661.160866 22.774248 0.005398
2459661.653933 22.774081 0.005398
2459662.157527 22.767318 0.005364
2459662.650594 22.774344 0.005399
2459663.143661 22.778413 0.005419
2459663.647255 22.780309 0.005429
2459664.140322 22.766891 0.005362
2459664.633389 22.773245 0.005393
2459665.136982 22.784425 0.005449
2459665.630050 22.770718 0.005381
2459666.123117 22.789308 0.005474
2459666.626710 22.771647 0.005385
2459667.119777 22.765207 0.005354
2459667.612844 22.767627 0.005366
2459668.116438 22.778557 0.005420
2459668.609505 22.772959 0.005392
2459669.102572 22.780886 0.005431
2459669.606166 22.766511 0.005360
2459670.099233 22.772195 0.005388
2459670.592300 22.783991 0.005447
2459671.095894 22.773245 0.005393
2459671.588961 22.780574 0.005430
2459672.082028 22.774129 0.005398
2459672.585621 22.778965 0.005422
2459673.078688 22.771790 0.005386
2459673.571756 22.767603 0.005365
2459674.075349 22.779493 0.005424
2459674.568416 22.770242 0.005378
2459675.061483 22.774559 0.005400
2459675.565077 22.776185 0.005408
2459676.058144 22.769980 0.005377
2459676.551211 22.769599 0.005375
2459677.054805 22.771314 0.005384
2459677.547872 22.773293 0.005394
2459678.040939 22.782763 0.005441
2459678.544532 22.777215 0.005413
2459679.037600 22.773030 0.005392
2459679.530667 22.768529 0.005370
2459680.034260 22.766440 0.005360
2459680.527327 22.776664 0.005410
2459681.020394 22.762628 0.005341
2459681.523988 22.778533 0.005420
2459682.017055 22.774702 0.005401
2459682.510122 22.771862 0.005386
2459683.013716 22.775802 0.005406
2459683.506783 22.774846 0.005401
2459683.999850 22.772792 0.005391
2459684.503444 22.766582 0.005360
2459684.996511 22.782185 0.005438
2459685.489578 22.774511 0.005400
2459685.993171 22.775180 0.005403
2459686.486238 22.766843 0.005362
2459686.979306 22.771290 0.005384
2459687.482899 22.772482 0.005389
2459687.975966 22.773651 0.005395
2459688.469033 22.780862 0.005431
2459688.972627 22.777502 0.005414
2459689.465694 22.765847 0.005357
2459689.958761 22.770885 0.005382
2459690.462355 22.774152 0.005398
2459690.955422 22.774129 0.005398
2459691.448489 22.772959 0.005392
2459691.952082 22.773603 0.005395
2459692.445150 22.775037 0.005402
2459692.938217 22.765444 0.005355
2459693.441810 22.780838 0.005431
2459693.934877 22.772625 0.005390
2459807.647256 22.774846 0.005401
2459808.150849 22.764497 0.005350
2459808.643916 22.773197 0.005393
2459809.136983 22.783750 0.005445
2459809.640577 22.771266 0.005383
2459810.133644 22.773603 0.005395
2459810.626711 22.778557 0.005419
2459811.130305 22.778749 0.005420
2459811.623372 22.773914 0.005396
2459812.116439 22.776472 0.005409
2459812.620032 22.770242 0.005378
2459813.113100 22.772195 0.005388
2459813.606167 22.778965 0.005421
2459814.109760 22.777622 0.005415
2459814.602827 22.777286 0.005413
2459815.095894 22.775563 0.005404
2459815.599488 22.759795 0.005327
2459816.092555 22.777167 0.005412
2459816.585622 22.777718 0.005415
2459817.089216 22.770813 0.005381
2459817.582283 22.781631 0.005435
2459818.075350 22.771599 0.005385
2459818.578944 22.772863 0.005391
2459819.072011 22.768363 0.005369
2459819.565078 22.773126 0.005392
2459820.068671 22.772983 0.005392
2459820.561738 22.774559 0.005399
2459821.054806 22.773245 0.005393
2459821.558399 22.773532 0.005394
2459822.051466 22.775395 0.005404
2459822.544533 22.768720 0.005371
2459823.048127 22.776783 0.005411
2459823.541194 22.773054 0.005392
2459824.034261 22.774152 0.005397
2459824.537855 22.764899 0.005352
2459825.030922 22.764544 0.005350
2459825.523989 22.775228 0.005403
2459826.027582 22.775300 0.005403
2459826.520650 22.762533 0.005340
2459827.013717 22.774176 0.005398
2459827.517310 22.784112 0.005447
2459828.010377 22.770694 0.005380
2459828.503444 22.785970 0.005457
2459829.007038 22.770504 0.005379
2459829.500105 22.768434 0.005369
2459829.993172 22.769647 0.005375
2459830.496766 22.769528 0.005375
2459830.989833 22.775061 0.005402
2459831.482900 22.778053 0.005417
2459831.986494 22.777262 0.005413
2459832.479561 22.779205 0.005423
2459832.972628 22.779373 0.005423
2459833.476221 22.778701 0.005420
2459833.969288 22.777550 0.005414
2459834.462356 22.771004 0.005382
2459834.965949 22.766393 0.005359
2459835.459016 22.761730 0.005336
2459835.952083 22.780021 0.005427
2459836.455677 22.775180 0.005403
2459836.948744 22.774846 0.005401
2459837.441811 22.776951 0.005411
2459837.945405 22.776376 0.005409
2459838.438472 22.767674 0.005365
2459838.931539 22.773746 0.005395
2459839.435132 22.784015 0.005447
2459839.928200 22.776017 0.005407
2459840.421267 22.773054 0.005392
2459840.924860 22.770170 0.005378
2459841.417927 22.776951 0.005411
2459841.910994 22.769052 0.005372
2459842.414588 22.770647 0.005380
2459842.907655 22.773603 0.005395
2459843.400722 22.781199 0.005433
2459843.904316 22.771170 0.005383
2459844.397383 22.779733 0.005425
2459844.890450 22.777886 0.005416
2459845.394044 22.779181 0.005422
2459845.887111 22.771123 0.005382
2459846.380178 22.770908 0.005381
2459846.883771 22.775156 0.005402
2459847.376838 22.769813 0.005376
2459847.869906 22.775348 0.005403
2459848.373499 22.767104 0.005362
2459848.866566 22.765278 0.005353
2459849.359633 22.778461 0.005419
2459849.863227 22.783100 0.005442
2459850.356294 22.783726 0.005445
2459850.849361 22.771981 0.005387
2459851.352955 22.787783 0.005466
2459851.846022 22.782714 0.005440
2459852.339089 22.776903 0.005411
2459852.842682 22.778773 0.005420
2459853.335750 22.777358 0.005413
2459853.828817 22.766820 0.005361
2459854.332410 22.775180 0.005403
2459854.825477 22.759442 0.005325
2459855.318544 22.770408 0.005379
2459855.822138 22.779181 0.005422
2459856.315205 22.779517 0.005424
2459856.808272 22.765468 0.005354
2459857.311866 22.760739 0.005331
2459857.804933 22.774893 0.005401
2459858.298000 22.778053 0.005417
2459858.801594 22.773579 0.005395
2459859.294661 22.770432 0.005379
2459859.787728 22.763290 0.005344
2459860.291321 22.780141 0.005427
2459860.784388 22.770028 0.005377
2459861.277456 22.780670 0.005430
2459861.781049 22.771576 0.005385
2459862.274116 22.784715 0.005450
2459862.767183 22.771647 0.005385
2459863.270777 22.775348 0.005403
2459863.763844 22.773866 0.005396
2459864.256911 22.780790 0.005430
2459864.760505 22.769480 0.005374
2459865.253572 22.767128 0.005363
2459865.746639 22.780477 0.005429
2459866.250232 22.777310 0.005413
2459866.743300 22.764615 0.005350
2459867.236367 22.768838 0.005371
2459867.739960 22.776113 0.005407
2459868.233027 22.769671 0.005375
2459868.726094 22.774057 0.005397
2459869.229688 22.772816 0.005391
2459869.722755 22.775372 0.005403
2459870.215822 22.778845 0.005421
2459870.719416 22.769790 0.005376
2459871.212483 22.779109 0.005422
2459871.705550 22.764852 0.005351
2459872.209144 22.791854 0.005486
2459872.702211 22.774248 0.005398
2459873.195278 22.769243 0.005373
2459873.698871 22.762746 0.005341
2459874.191938 22.774296 0.005398
2459874.685006 22.774965 0.005401
2459875.188599 22.769909 0.005376
2459875.681666 22.768363 0.005369
2459876.174733 22.771147 0.005382
2459876.678327 22.764899 0.005352
2459877.171394 22.767603 0.005365
2459877.664461 22.770575 0.005380
2459878.168055 22.775108 0.005402
2459878.661122 22.786574 0.005459
2459879.154189 22.775061 0.005402
2459987.411250 22.779037 0.005422
2459987.904317 22.776975 0.005411
2459988.407910 22.767793 0.005366
2459988.900977 22.775180 0.005402
2459989.394044 22.781487 0.005434
2459989.897638 22.775252 0.005403
2459990.390705 22.768862 0.005371
2459990.883772 22.772243 0.005388
2459991.387366 22.771290 0.005383
2459991.880433 22.779301 0.005423
2459992.373500 22.764592 0.005350
2459992.877094 22.764923 0.005351
2459993.370161 22.766820 0.005361
2459993.863228 22.777071 0.005412
2459994.366821 22.779733 0.005425
2459994.859888 22.765942 0.005357
2459995.352956 22.776927 0.005411
2459995.856549 22.779973 0.005426
2459996.349616 22.780502 0.005429
2459996.842683 22.766298 0.005358
2459997.346277 22.772076 0.005387
2459997.839344 22.786936 0.005461
2459998.332411 22.770266 0.005378
2459998.836005 22.778581 0.005419
2459999.329072 22.777598 0.005414
2459999.822139 22.774129 0.005397
2460000.325732 22.780261 0.005428
2460000.818800 22.777670 0.005415
2460001.311867 22.778149 0.005417
2460001.815460 22.770694 0.005380
2460002.308527 22.766986 0.005362
2460002.801594 22.765586 0.005355
2460003.305188 22.774248 0.005398
2460003.798255 22.775491 0.005404
2460004.291322 22.781704 0.005435
2460004.794916 22.771981 0.005386
2460005.287983 22.773603 0.005394
2460005.781050 22.768458 0.005369
2460006.284644 22.765444 0.005354
2460006.777711 22.772362 0.005388
2460007.270778 22.781295 0.005433
2460007.774371 22.778413 0.005418
2460008.267438 22.772172 0.005387
2460008.760506 22.777454 0.005414
2460009.264099 22.776185 0.005407
2460009.757166 22.773007 0.005391
2460010.250233 22.766227 0.005358
2460010.753827 22.772100 0.005387
2460011.246894 22.774200 0.005397
2460011.739961 22.766772 0.005361
2460012.243555 22.776951 0.005411
2460012.736622 22.780429 0.005428
2460013.229689 22.768173 0.005368
2460013.733282 22.774129 0.005397
2460014.226350 22.784594 0.005449
2460014.719417 22.776017 0.005406
2460015.223010 22.775276 0.005403
2460015.716077 22.782281 0.005438
2460016.209144 22.774702 0.005400
2460016.712738 22.780381 0.005428
2460017.205805 22.777047 0.005412
2460017.698872 22.773484 0.005394
2460018.202466 22.771361 0.005383
2460018.695533 22.781415 0.005433
2460019.188600 22.779877 0.005426
2460019.692194 22.778797 0.005420
2460020.185261 22.769956 0.005376
2460020.678328 22.761801 0.005336
2460021.181921 22.779181 0.005422
2460021.674988 22.773985 0.005396
2460022.168056 22.769409 0.005374
2460022.671649 22.766416 0.005359
2460023.164716 22.767294 0.005363
2460023.657783 22.766155 0.005358
2460024.161377 22.782811 0.005440
2460024.654444 22.771695 0.005385
2460025.147511 22.776161 0.005407
2460025.651105 22.771170 0.005382
2460026.144172 22.761376 0.005334
2460026.637239 22.768316 0.005368
2460027.140832 22.776520 0.005409
2460027.633900 22.783365 0.005443
2460028.126967 22.778005 0.005416
2460028.630560 22.771552 0.005384
2460029.123627 22.775204 0.005402
2460029.616694 22.776329 0.005408
2460030.120288 22.776161 0.005407
2460030.613355 22.778197 0.005417
2460031.106422 22.776855 0.005411
2460031.610016 22.771647 0.005385
2460032.103083 22.770742 0.005380
2460032.596150 22.765729 0.005355
2460033.099744 22.767294 0.005363
2460033.592811 22.769124 0.005372
2460034.085878 22.765113 0.005352
2460034.589471 22.773174 0.005392
2460035.082538 22.779109 0.005422
2460035.575606 22.775635 0.005404
2460036.079199 22.769005 0.005372
2460036.572266 22.775754 0.005405
2460037.065333 22.769813 0.005376
2460037.568927 22.774391 0.005398
2460038.061994 22.767745 0.005365
2460038.555061 22.774081 0.005397
2460039.058655 22.774941 0.005401
2460039.551722 22.784980 0.005451
2460040.044789 22.780093 0.005427
2460040.548382 22.771742 0.005385
2460041.041450 22.776496 0.005409
2460041.534517 22.776783 0.005410
2460042.038110 22.771647 0.005385
2460042.531177 22.779061 0.005422
2460043.024244 22.774941 0.005401
2460043.527838 22.777406 0.005413
2460044.020905 22.769100 0.005372
2460044.513972 22.782329 0.005438
2460045.017566 22.764544 0.005350
2460045.510633 22.778917 0.005421
2460046.003700 22.773508 0.005394
2460046.507294 22.772386 0.005388
2460047.000361 22.772696 0.005390
2460047.493428 22.765326 0.005353
2460047.997021 22.776688 0.005410
2460048.490088 22.770313 0.005378
2460048.983156 22.780381 0.005428
2460049.486749 22.785897 0.005456
2460049.979816 22.767840 0.005366
2460050.472883 22.772124 0.005387
2460050.976477 22.779877 0.005426
2460051.469544 22.776616 0.005409
2460051.962611 22.778845 0.005420
2460052.466205 22.766155 0.005358
2460052.959272 22.771290 0.005383
2460053.452339 22.772816 0.005390
2460053.955932 22.768149 0.005367
2460054.449000 22.768197 0.005368
2460054.942067 22.774702 0.005400
2460055.445660 22.775276 0.005403
2460055.938727 22.767532 0.005364
2460056.431794 22.773723 0.005395
2460056.935388 22.775874 0.005406
2460057.428455 22.783823 0.005445
2460057.921522 22.777119 0.005412
2460058.425116 22.777957 0.005416
2460058.918183 22.769385 0.005373
