     5  560.34  961.85 13.600  0.657 12.943  82   0 0.006 1046   3 0.008
     6  177.45 1107.67 13.051  0.501 12.551  82   0 0.030 1021   8 0.016
    35  428.15  770.26 15.459  0.813 14.647  82   0 0.005 1047   2 0.005
    80  526.50  747.62 21.252  5.256 15.996  75   1 0.153 1016   1 0.011
    82  167.22  765.16 20.072  4.143 15.929  72   1 0.058  994   4 0.007
    89  326.74  984.88 19.285  3.738 15.547  79   0 0.038 1045   3 0.007
    90  464.77 1008.07 16.843  1.524 15.318  82   0 0.018 1048   1 0.009
    94  302.73 1079.17 17.322  1.553 15.769  81   1 0.013 1031   5 0.010
   198  435.53  737.88 18.733  2.143 16.590  81   0 0.028 1018   2 0.013
   199  406.71  740.65 19.476  2.517 16.959  77   0 0.031 1015   2 0.015
   200  197.43  755.69 22.103  5.758 16.345  67   0 0.384 1017   0 0.013
   202  198.11  774.17 21.775  4.729 17.046  70   0 0.244 1002   4 0.015
   203  483.64  774.86 21.876  5.101 16.775  69   0 0.361 1019   2 0.014
   204  475.01  776.31 21.535  4.541 16.994  74   0 0.237 1013   3 0.016
   205  412.80  777.93 99.999  9.999 16.255   0   0 9.999 1017   0 0.034
   207  188.38  786.83 22.105  5.422 16.683  73   0 0.344  997   1 0.013
   209  525.53  795.63 21.159  4.347 16.812  73   0 0.165 1018   3 0.013
   210  438.99  800.12 22.020  5.584 16.436  71   0 0.399 1019   2 0.013
   212  477.84  820.53 99.999  9.999 16.188   0   0 9.999 1024   0 0.052
   213  345.84  823.43 20.958  4.488 16.470  76   0 0.145 1016   3 0.011
   214  465.14  843.13 99.999  9.999 16.185   0   0 9.999 1022   0 0.025
   222  432.03  974.21 99.999  9.999 17.024   0   0 9.999 1012   6 0.016
   224  439.48  986.28 99.999  9.999 16.805   0   0 9.999 1020   0 0.126
   226  172.45  994.07 99.999  9.999 16.781   0   0 9.999 1002   1 0.057
   227  560.81 1030.08 22.143  5.290 16.853  68   0 0.394 1015   2 0.016
   230  369.33 1073.12 99.999  9.999 16.916   0   0 9.999 1017   4 0.015
   232  496.93 1087.38 99.999  9.999 16.759   0   0 9.999 1019   3 0.015
   235  381.20 1111.23 22.289  5.595 16.693  65   1 0.411 1014   1 0.015
   238  278.05 1121.36 22.443  5.497 16.946  64   0 0.533 1015   1 0.016
   479  194.88  762.98 20.398  2.667 17.731  72   0 0.079  985   8 0.025
   480  538.19  765.10 22.125  4.897 17.228  73   0 0.370 1010   5 0.018
   482  264.63  768.73 21.269  3.423 17.845  77   0 0.183  997   7 0.027
   485  296.84  790.51 20.223  2.431 17.792  76   0 0.075 1007   4 0.025
   486  427.49  793.34 22.000  4.844 17.156  74   0 0.372 1014   3 0.018
   487  610.55  812.93 99.999  9.999 17.834   0   0 9.999 1006   1 0.027
   489  406.34  823.66 22.295  4.568 17.727  71   0 0.459 1010   1 0.028
   490  530.12  826.76 20.858  3.319 17.539  73   0 0.127 1013   2 0.022
   491  259.25  832.67 99.999  9.999 17.311   0   0 9.999 1010   0 0.020
   492  504.81  835.43 22.213  4.446 17.767  69   0 0.378 1013   2 0.028
   494  566.43  835.44 99.999  9.999 17.689   0   0 9.999 1009   2 0.024
   495  498.70  843.40 21.911  4.533 17.379  73   0 0.298 1010   1 0.019
   498  438.36  847.87 99.999  9.999 17.401   0   0 9.999 1011   1 0.022
   501  315.71  852.15 99.999  9.999 17.715   0   0 9.999 1010   1 0.026
   502  407.29  854.81 22.577  4.729 17.848  63   0 0.497 1005   4 0.026
   509  296.13  880.25 99.999  9.999 17.553   0   0 9.999 1009   3 0.020
   510  184.92  887.70 99.999  9.999 17.245   0   0 9.999  997   1 0.021
   512  583.43  901.73 99.999  9.999 17.661   0   0 9.999 1008   4 0.025
   514  403.81  908.41 99.999  9.999 17.798   0   0 9.999 1010   1 0.026
   516  549.45  909.90 99.999  9.999 17.881   0   0 9.999 1008   1 0.029
   520  549.18  941.98 99.999  9.999 17.148   0   0 9.999 1021   0 0.048
   522  567.98  944.77 20.033  2.180 17.853  79   0 0.094 1011   1 0.034
   523  411.76  947.27 99.999  9.999 17.301   0   0 9.999 1011   1 0.019
   524  561.83  956.79 99.999  9.999 17.474   0   0 9.999 1034   3 0.112
   526  330.58  976.98 21.197  3.295 17.902  73   0 0.156 1010   1 0.034
   528  202.74  985.73 20.961  3.206 17.755  71   0 0.131  999   1 0.026
   530  503.86  991.24 99.999  9.999 17.371   0   0 9.999 1011   3 0.021
   532  377.74  999.45 20.145  3.102 17.043  74   0 0.074 1015   3 0.016
   533  217.13 1003.64 20.420  3.138 17.281  77   0 0.096 1007   1 0.019
   536  446.69 1010.16 22.255  4.365 17.890  72   0 0.464 1007   5 0.030
   537  402.19 1012.57 99.999  9.999 17.003   0   0 9.999 1014   0 0.018
   540  244.10 1025.53 99.999  9.999 17.552   0   0 9.999 1012   2 0.020
   547  477.67 1054.65 22.323  4.826 17.497  74   0 0.396 1010   1 0.021
   550  325.36 1057.06 99.999  9.999 17.753   0   0 9.999 1008   0 0.029
   552  564.66 1069.96 22.482  5.029 17.453  67   0 0.470 1007   2 0.021
   553  181.81 1071.76 99.999  9.999 17.784   0   0 9.999  990   1 0.029
   554  483.41 1081.35 99.999  9.999 17.091   0   0 9.999 1013   2 0.016
   556  251.56 1088.46 22.183  4.974 17.209  69   0 0.313 1012   4 0.018
   558  301.62 1099.98 20.850  3.715 17.135  72   0 0.128 1009   4 0.018
   559  178.50 1101.66 99.999  9.999 17.458   0   0 9.999  996   0 0.311
   561  202.87 1106.64 99.999  9.999 17.820   0   0 9.999  999   1 0.034
   563  172.94 1112.15 99.999  9.999 17.772   0   0 9.999  929   0 0.394
   564  517.80 1121.88 21.398  3.462 17.936  75   0 0.197 1008   0 0.032
   584  502.75  833.41 99.999  9.999 18.410   0   0 9.999 1009   2 0.052
   585  185.88  884.21 99.999  9.999 18.230   0   0 9.999  997   2 0.044
   587  162.63  916.42 99.999  9.999 18.499   0   0 9.999  980   1 0.048
   589  445.47 1012.57 22.255  3.555 18.700  72   0 0.464 1009   2 0.067
  1062  439.09  730.40 99.999  9.999 18.137   0   0 9.999 1005   1 0.037
  1063  164.96  730.83 99.999  9.999 18.353   0   0 9.999  981   1 0.042
  1064  224.21  734.62 20.839  2.789 18.050  75   0 0.129 1003   3 0.033
  1065  593.40  733.36 99.999  9.999 18.815   0   0 9.999 1001   3 0.061
  1066  507.23  734.34 99.999  9.999 18.704   0   0 9.999 1001   1 0.060
  1070  234.63  736.13 99.999  9.999 18.552   0   0 9.999 1001   2 0.050
  1071  500.46  738.04 21.548  3.036 18.512  73   1 0.206 1005   2 0.048
  1072  220.68  740.73 99.999  9.999 18.076   0   0 9.999  999   4 0.033
  1076  479.47  746.93 99.999  9.999 18.622   0   0 9.999 1006   2 0.050
  1082  532.38  758.89 99.999  9.999 18.513   0   0 9.999 1004   4 0.048
  1085  573.52  766.21 99.999  9.999 18.402   0   0 9.999 1004   0 0.042
  1089  206.78  770.14 22.493  4.429 18.063  72   0 0.466  996   4 0.032
  1090  491.35  770.12 99.999  9.999 18.614   0   0 9.999 1003   2 0.052
  1091  438.89  771.24 22.071  3.336 18.735  68   0 0.371  998   5 0.067
  1093  580.63  774.15 99.999  9.999 18.128   0   0 9.999 1002   5 0.035
  1096  326.73  777.53 99.999  9.999 18.618   0   0 9.999 1001   2 0.053
  1097  526.36  779.43 20.597  2.640 17.957  77   0 0.111 1006   1 0.029
  1099  563.94  780.15 21.723  3.444 18.279  71   0 0.277  999   6 0.039
  1100  585.04  779.85 99.999  9.999 18.682   0   0 9.999 1002   4 0.058
  1101  233.60  784.54 99.999  9.999 18.700   0   0 9.999 1001   4 0.061
  1102  481.77  781.88 99.999  9.999 18.599   0   0 9.999 1006   1 0.057
  1104  375.19  782.91 21.793  2.946 18.847  73   0 0.282 1000   2 0.065
  1108  400.42  788.01 99.999  9.999 18.537   0   0 9.999 1004   2 0.048
  1109  510.78  787.25 99.999  9.999 18.776   0   0 9.999 1000   4 0.060
  1110  236.58  787.23 99.999  9.999 18.045   0   0 9.999 1005   4 0.033
  1112  228.49  790.09 99.999  9.999 18.732   0   0 9.999  998   2 0.062
  1113  195.42  794.84 99.999  9.999 18.590   0   0 9.999  986   1 0.049
  1114  443.83  794.90 99.999  9.999 18.569   0   0 9.999 1002   2 0.051
  1115  332.20  795.60 99.999  9.999 18.525   0   0 9.999 1002   0 0.049
  1117  245.73  798.21 99.999  9.999 18.462   0   0 9.999 1002   1 0.048
  1122  474.59  804.28 20.371  2.249 18.122  74   0 0.080 1008   0 0.034
  1124  197.21  806.57 22.321  4.286 18.035  69   0 0.405  995   2 0.032
  1125  538.36  805.75 99.999  9.999 18.570   0   0 9.999 1002   3 0.050
  1131  445.63  813.76 99.999  9.999 18.521   0   0 9.999 1004   1 0.050
  1134  163.77  816.73 99.999  9.999 18.433   0   0 9.999  976   1 0.045
  1135  496.01  816.97 22.257  3.686 18.571  67   0 0.373 1001   3 0.046
  1136  580.38  818.25 99.999  9.999 18.258   0   0 9.999 1005   1 0.037
  1139  608.30  820.20 99.999  9.999 18.536   0   0 9.999 1001   2 0.047
  1141  492.17  830.30 99.999  9.999 18.751   0   0 9.999 1001   2 0.060
  1144  169.23  835.62 21.780  3.252 18.528  77   0 0.340  977   0 0.048
  1146  174.15  838.27 99.999  9.999 18.645   0   0 9.999  983   0 0.054
  1147  187.19  838.44 99.999  9.999 18.556   0   0 9.999  983   4 0.050
  1148  323.59  838.99 21.449  3.449 18.000  76   0 0.239 1004   0 0.030
  1153  186.20  844.41 99.999  9.999 18.164   0   0 9.999  984   1 0.036
  1155  424.42  844.11 99.999  9.999 18.820   0   0 9.999 1000   1 0.063
  1156  529.16  844.53 99.999  9.999 18.827   0   0 9.999 1003   2 0.060
  1157  523.70  847.93 99.999  9.999 18.372   0   0 9.999 1003   1 0.040
  1158  536.79  851.32 99.999  9.999 18.815   0   0 9.999  999   2 0.060
  1159  483.75  852.34 99.999  9.999 18.613   0   0 9.999 1001   5 0.051
  1160  567.44  853.24 99.999  9.999 18.499   0   0 9.999 1004   2 0.047
  1162  234.24  852.67 99.999  9.999 18.720   0   0 9.999  994   5 0.054
  1165  422.43  857.99 22.350  4.118 18.232  77   0 0.412 1003   4 0.036
  1166  169.53  860.45 99.999  9.999 18.696   0   0 9.999  977   2 0.055
  1167  445.55  863.03 99.999  9.999 18.923   0   0 9.999 1004   1 0.067
  1168  465.17  863.12 99.999  9.999 18.686   0   0 9.999  998   3 0.054
  1170  349.21  864.28 99.999  9.999 18.650   0   0 9.999  999   2 0.049
  1173  249.97  866.54 99.999  9.999 18.326   0   0 9.999 1007   2 0.042
  1174  263.13  866.88 99.999  9.999 18.674   0   0 9.999 1000   2 0.053
  1175  496.89  867.28 99.999  9.999 18.108   0   0 9.999 1004   1 0.032
  1176  308.45  867.70 22.375  3.537 18.838  72   0 0.398 1003   3 0.066
  1177  568.08  867.81 99.999  9.999 18.752   0   0 9.999 1001   1 0.055
  1180  194.71  875.35 99.999  9.999 18.467   0   0 9.999  986   4 0.044
  1181  456.53  875.53 99.999  9.999 18.107   0   0 9.999 1001   1 0.033
  1186  281.89  884.02 99.999  9.999 18.319   0   0 9.999 1002   3 0.041
  1187  328.62  887.08 99.999  9.999 18.277   0   0 9.999 1001   4 0.039
  1190  301.74  887.42 22.337  3.650 18.687  65   0 0.354 1002   3 0.054
  1191  548.75  889.85 99.999  9.999 18.821   0   0 9.999 1002   5 0.058
  1192  301.40  894.36 99.999  9.999 17.959   0   0 9.999 1001   4 0.029
  1193  212.37  897.58 99.999  9.999 18.231   0   0 9.999  995   4 0.038
  1194  282.60  898.92 99.999  9.999 18.368   0   0 9.999 1005   4 0.041
  1195  243.54  902.90 99.999  9.999 18.745   0   0 9.999 1002   2 0.056
  1199  302.06  912.35 99.999  9.999 18.210   0   0 9.999  998   5 0.034
  1200  589.57  916.00 99.999  9.999 18.631   0   0 9.999 1002   3 0.053
  1204  390.30  930.53 22.321  3.366 18.955  68   0 0.419 1001   4 0.068
  1212  301.19  947.62 99.999  9.999 18.697   0   0 9.999  998   2 0.052
  1213  445.86  949.79 99.999  9.999 18.666   0   0 9.999 1002   1 0.053
  1219  567.08  958.23 99.999  9.999 18.766   0   0 9.999 1013   0 0.266
  1221  162.42  961.85 99.999  9.999 18.114   0   0 9.999  973   4 0.038
  1222  566.42  963.67 99.999  9.999 17.893   0   0 9.999 1016   4 0.176
  1223  555.89  967.14 99.999  9.999 18.366   0   0 9.999 1021   4 0.186
  1224  210.78  968.58 21.681  3.418 18.264  75   0 0.352  997   1 0.043
  1225  561.91  967.76 99.999  9.999 18.647   0   0 9.999 1015   0 0.318
  1226  177.61  970.42 99.999  9.999 18.288   0   0 9.999  982   3 0.039
  1232  239.87  986.03 99.999  9.999 18.316   0   0 9.999  998   3 0.040
  1234  317.58  991.15 99.999  9.999 18.774   0   0 9.999  998   1 0.065
  1236  475.12  994.10 21.634  3.154 18.480  72   0 0.234 1006   1 0.047
  1238  417.63  995.45 99.999  9.999 18.784   0   0 9.999 1001   2 0.058
  1241  466.32  999.31 21.009  2.745 18.264  73   1 0.144 1007   1 0.046
  1249  389.88 1015.99 99.999  9.999 18.381   0   0 9.999 1002   4 0.044
  1250  400.04 1025.32 99.999  9.999 17.970   0   0 9.999 1004   2 0.031
  1253  282.35 1027.79 99.999  9.999 18.580   0   0 9.999 1000   2 0.054
  1255  231.33 1029.11 99.999  9.999 18.720   0   0 9.999  998   2 0.058
  1256  454.45 1030.36 99.999  9.999 18.758   0   0 9.999 1000   2 0.056
  1258  347.06 1035.76 21.595  3.549 18.046  75   0 0.231 1002   3 0.032
  1262  424.17 1043.83 21.360  3.075 18.284  75   0 0.238 1002   5 0.040
  1264  290.80 1048.12 99.999  9.999 18.548   0   0 9.999  996   2 0.049
  1271  268.11 1060.51 99.999  9.999 18.545   0   0 9.999 1001   2 0.051
  1277  346.74 1070.54 99.999  9.999 18.688   0   0 9.999 1000   2 0.055
  1278  249.54 1077.48 99.999  9.999 18.613   0   0 9.999 1002   3 0.055
  1283  209.09 1086.10 21.043  3.000 18.043  70   0 0.168  997   1 0.034
  1284  352.79 1085.50 99.999  9.999 18.509   0   0 9.999 1005   1 0.047
  1286  232.20 1091.04 99.999  9.999 18.225   0   0 9.999 1003   5 0.040
  1290  225.61 1097.68 99.999  9.999 18.774   0   0 9.999  994   6 0.059
  1291  236.56 1099.57 99.999  9.999 18.750   0   0 9.999  999   3 0.060
  1293  183.72 1103.38 99.999  9.999 18.133   0   0 9.999  990   0 0.482
  1294  185.18 1107.97 99.999  9.999 18.167   0   0 9.999  985   0 0.523
  1298  182.25 1116.11 19.729  1.237 18.492  71   0 0.415  992   0 0.531
  1300  292.28 1116.53 99.999  9.999 18.770   0   0 9.999 1001   2 0.057
  1302  490.38 1118.68 99.999  9.999 18.721   0   0 9.999  999   3 0.060
  1303  268.84 1121.59 99.999  9.999 18.337   0   0 9.999 1005   1 0.047
  1304  445.58 1120.43 99.999  9.999 18.682   0   0 9.999 1000   1 0.055
  1356  537.10  760.15 99.999  9.999 19.052   0   0 9.999 1005   4 0.081
  1359  250.29  871.42 99.999  9.999 19.374   0   0 9.999  995   3 0.098
  1360  305.76  870.36 99.999  9.999 19.081   0   0 9.999  999   0 0.077
  1362  278.42  887.08 99.999  9.999 19.171   0   0 9.999 1002   2 0.085
  1363  389.23  933.75 99.999  9.999 19.252   0   0 9.999 1006   3 0.086
  1367  240.67 1098.68 99.999  9.999 19.971   0   0 9.999  998   2 0.176
  2032  338.96  735.01 99.999  9.999 19.030   0   0 9.999  999   2 0.074
  2034  585.24  737.75 99.999  9.999 18.858   0   0 9.999 1002   7 0.063
  2036  168.34  738.54 99.999  9.999 19.208   0   0 9.999  981   3 0.090
  2039  291.89  741.30 99.999  9.999 19.197   0   0 9.999 1000   3 0.086
  2041  555.43  744.56 99.999  9.999 19.037   0   0 9.999 1000   5 0.072
  2046  547.20  752.23 22.135  3.108 19.027  73   0 0.331  995   4 0.071
  2049  205.14  755.19 99.999  9.999 19.736   0   0 9.999 1002   2 0.164
  2055  185.81  762.41 21.923  2.828 19.094  75   0 0.342  987   2 0.085
  2056  513.01  763.32 99.999  9.999 21.233   0   0 9.999  971   0 0.538
  2057  241.92  765.62 99.999  9.999 19.324   0   0 9.999  994   5 0.096
  2060  429.35  765.10 99.999  9.999 19.654   0   0 9.999 1002   1 0.246
  2061  438.27  766.36 99.999  9.999 19.345   0   0 9.999  998   2 0.117
  2063  447.28  766.65 99.999  9.999 19.730   0   0 9.999 1010   2 0.155
  2064  556.42  768.47 99.999  9.999 19.086   0   0 9.999  998   2 0.074
  2066  374.27  770.35 99.999  9.999 19.155   0   0 9.999  997   1 0.082
  2072  258.66  772.20 99.999  9.999 19.708   0   0 9.999  997   3 0.138
  2075  345.23  779.98 99.999  9.999 19.045   0   0 9.999  995   2 0.071
  2076  215.00  775.97 99.999  9.999 19.074   0   0 9.999 1000   2 0.078
  2077  508.27  776.08 99.999  9.999 18.901   0   0 9.999 1000   3 0.066
  2080  243.42  777.07 99.999  9.999 19.050   0   0 9.999  999   4 0.079
  2081  210.03  777.86 99.999  9.999 18.920   0   0 9.999  996   3 0.070
  2083  278.04  779.74 22.137  3.313 18.824  72   0 0.384 1002   0 0.063
  2084  237.09  780.99 99.999  9.999 18.794   0   0 9.999 1002   2 0.062
  2086  579.28  780.68 99.999  9.999 19.326   0   0 9.999 1002   4 0.102
  2089  165.86  783.67 22.405  3.571 18.835  69   0 0.494  975   1 0.064
  2090  306.48  782.86 99.999  9.999 19.337   0   0 9.999  997   4 0.098
  2091  518.79  782.99 99.999  9.999 19.175   0   0 9.999 1002   2 0.084
  2094  490.45  786.75 99.999  9.999 19.598   0   0 9.999 1003   1 0.131
  2095  247.92  787.60 99.999  9.999 19.306   0   0 9.999 1000   3 0.092
  2097  542.59  789.05 99.999  9.999 19.411   0   0 9.999  999   2 0.103
  2098  345.50  792.62 99.999  9.999 19.190   0   0 9.999  996   3 0.133
  2100  257.19  795.68 99.999  9.999 19.571   0   0 9.999  997   2 0.123
  2101  432.21  794.81 99.999  9.999 19.679   0   0 9.999 1009   1 0.148
  2102  521.30  796.28 99.999  9.999 19.323   0   0 9.999 1009   0 0.128
  2104  408.22  801.30 99.999  9.999 18.949   0   0 9.999  997   4 0.066
  2108  392.70  807.31 99.999  9.999 19.157   0   0 9.999 1001   2 0.080
  2109  350.93  808.62 99.999  9.999 19.491   0   0 9.999 1002   3 0.115
  2115  238.87  815.12 22.413  3.269 19.144  68   0 0.356  997   2 0.079
  2116  296.40  815.14 99.999  9.999 19.151   0   0 9.999  995   2 0.080
  2117  460.02  814.86 99.999  9.999 19.246   0   0 9.999 1000   3 0.087
  2118  508.23  816.59 99.999  9.999 19.341   0   0 9.999 1000   3 0.100
  2119  553.58  815.66 99.999  9.999 18.838   0   0 9.999  999   2 0.059
  2122  564.99  821.12 99.999  9.999 19.431   0   0 9.999 1003   3 0.104
  2125  325.15  827.40 99.999  9.999 19.243   0   0 9.999 1000   2 0.084
  2129  394.06  833.73 99.999  9.999 18.840   0   0 9.999 1002   2 0.063
  2130  347.95  833.35 99.999  9.999 19.608   0   0 9.999 1006   4 0.124
  2132  311.26  836.50 99.999  9.999 18.957   0   0 9.999  995   2 0.067
  2135  256.91  838.26 99.999  9.999 19.355   0   0 9.999  997   4 0.105
  2136  585.15  839.01 99.999  9.999 19.207   0   0 9.999 1003   2 0.087
  2139  372.94  840.13 99.999  9.999 19.125   0   0 9.999  998   2 0.078
  2141  548.37  841.98 99.999  9.999 18.894   0   0 9.999 1003   2 0.066
  2144  385.60  843.02 99.999  9.999 19.051   0   0 9.999 1005   3 0.077
  2145  470.80  842.87 99.999  9.999 19.227   0   0 9.999 1007   0 0.150
  2146  211.73  845.06 99.999  9.999 18.908   0   0 9.999  993   3 0.067
  2147  433.91  845.42 99.999  9.999 19.522   0   0 9.999 1003   3 0.135
  2153  530.09  849.69 99.999  9.999 19.682   0   0 9.999 1003   1 0.128
  2156  349.56  852.01 99.999  9.999 19.072   0   0 9.999 1000   3 0.069
  2158  242.72  854.61 99.999  9.999 19.129   0   0 9.999  997   7 0.085
  2160  223.69  855.21 99.999  9.999 18.884   0   0 9.999  997   3 0.066
  2165  297.42  855.60 99.999  9.999 22.149   0   0 9.999  344   0 0.756
  2166  321.51  857.68 99.999  9.999 19.434   0   0 9.999 1001   0 0.106
  2171  391.80  862.19 99.999  9.999 18.783   0   0 9.999 1003   2 0.060
  2173  221.69  864.96 99.999  9.999 19.290   0   0 9.999  997   3 0.094
  2181  486.62  874.98 99.999  9.999 18.981   0   0 9.999 1002   0 0.071
  2183  304.06  876.36 99.999  9.999 18.966   0   0 9.999 1001   2 0.069
  2185  512.41  876.89 99.999  9.999 19.251   0   0 9.999  997   3 0.091
  2188  309.81  879.58 99.999  9.999 19.681   0   0 9.999  999   1 0.135
  2189  594.25  880.71 99.999  9.999 19.184   0   0 9.999  999   1 0.087
  2192  358.36  884.57 99.999  9.999 19.596   0   0 9.999  994   5 0.118
  2194  395.52  885.84 99.999  9.999 19.279   0   0 9.999 1000   3 0.087
  2196  233.46  887.70 99.999  9.999 19.309   0   0 9.999 1000   2 0.098
  2198  219.66  889.61 99.999  9.999 19.212   0   0 9.999 1000   1 0.086
  2199  565.11  888.07 99.999  9.999 19.657   0   0 9.999 1006   0 0.128
  2200  570.70  888.13 99.999  9.999 19.621   0   0 9.999 1006   3 0.123
  2206  407.03  893.99 99.999  9.999 18.906   0   0 9.999 1003   2 0.064
  2208  548.82  897.84 99.999  9.999 18.966   0   0 9.999  999   3 0.067
  2212  590.11  898.48 99.999  9.999 19.221   0   0 9.999  999   3 0.084
  2213  522.00  901.74 21.962  3.078 18.884  70   0 0.348 1004   2 0.065
  2214  526.78  899.35 99.999  9.999 19.679   0   0 9.999 1010   2 0.134
  2217  353.36  903.08 99.999  9.999 19.729   0   0 9.999  994   7 0.130
  2218  414.16  900.68 99.999  9.999 19.761   0   0 9.999  999   2 0.145
  2219  590.12  903.27 99.999  9.999 19.163   0   0 9.999  998   6 0.080
  2220  394.33  903.33 99.999  9.999 21.829   0   0 9.999  721   0 0.671
  2222  442.73  906.28 99.999  9.999 19.227   0   0 9.999 1000   4 0.081
  2223  235.21  908.36 99.999  9.999 18.910   0   0 9.999 1005   1 0.065
  2227  430.48  913.66 99.999  9.999 19.030   0   0 9.999  998   1 0.070
  2229  296.96  916.25 99.999  9.999 19.417   0   0 9.999  999   2 0.106
  2231  451.84  918.01 99.999  9.999 19.221   0   0 9.999 1003   1 0.083
  2240  350.54  922.28 99.999  9.999 19.555   0   0 9.999 1002   5 0.114
  2241  416.61  924.45 99.999  9.999 19.324   0   0 9.999 1000   3 0.095
  2243  222.40  923.79 99.999  9.999 19.761   0   0 9.999  993   2 0.145
  2244  257.09  925.27 99.999  9.999 19.849   0   0 9.999  998   4 0.150
  2245  535.57  926.06 99.999  9.999 19.038   0   0 9.999  995   6 0.074
  2246  543.21  926.73 99.999  9.999 20.059   0   0 9.999  997   1 0.197
  2249  399.75  929.53 99.999  9.999 18.948   0   0 9.999 1006   1 0.071
  2251  275.35  930.21 99.999  9.999 19.181   0   0 9.999 1003   2 0.086
  2256  358.45  931.95 99.999  9.999 19.162   0   0 9.999 1006   1 0.086
  2260  568.70  934.41 99.999  9.999 19.651   0   0 9.999 1002   3 0.126
  2261  443.45  935.82 99.999  9.999 19.302   0   0 9.999  998   2 0.094
  2262  471.19  937.51 99.999  9.999 19.043   0   0 9.999 1003   5 0.072
  2264  602.78  938.24 99.999  9.999 19.716   0   0 9.999  999   2 0.140
  2266  359.98  939.60 99.999  9.999 19.680   0   0 9.999  998   4 0.127
  2268  558.55  941.27 99.999  9.999 21.262   0   0 9.999  873   0 0.685
  2269  336.99  943.34 99.999  9.999 19.220   0   0 9.999  994   2 0.084
  2270  214.42  944.34 99.999  9.999 18.881   0   0 9.999  994   4 0.067
  2271  191.08  945.51 99.999  9.999 19.404   0   0 9.999  985   5 0.101
  2273  494.08  947.11 99.999  9.999 19.055   0   0 9.999 1001   3 0.074
  2275  553.52  948.99 21.271  0.774 20.497  69   0 0.375  963   0 0.450
  2276  250.51  951.61 99.999  9.999 19.096   0   0 9.999 1000   3 0.079
  2280  560.36  953.19 19.490  0.222 19.268  79   2 0.155  996   2 0.290
  2281  601.72  953.27 99.999  9.999 19.267   0   0 9.999  994   5 0.082
  2284  565.63  953.58 20.402  1.014 19.388  77   0 0.219  985   3 0.253
  2286  555.59  954.89 99.999  9.999 19.211   0   0 9.999 1008   2 0.283
  2287  472.98  956.15 99.999  9.999 19.617   0   0 9.999 1002   0 0.122
  2289  390.77  960.17 99.999  9.999 19.247   0   0 9.999 1000   3 0.089
  2290  178.22  961.37 99.999  9.999 19.025   0   0 9.999  980   3 0.070
  2292  516.49  962.48 99.999  9.999 19.234   0   0 9.999  994   4 0.087
  2295  361.52  967.77 99.999  9.999 19.318   0   0 9.999 1001   2 0.095
  2298  441.80  974.37 99.999  9.999 19.360   0   0 9.999  999   5 0.098
  2299  522.59  975.23 99.999  9.999 18.881   0   0 9.999  997   3 0.071
  2300  299.22  976.60 99.999  9.999 18.899   0   0 9.999 1001   0 0.069
  2305  618.78  981.01 99.999  9.999 19.519   0   0 9.999 1001   1 0.111
  2307  557.77  983.08 99.999  9.999 19.065   0   0 9.999 1001   3 0.091
  2308  574.11  981.51 99.999  9.999 19.524   0   0 9.999 1006   2 0.122
  2309  359.33  983.22 99.999  9.999 19.609   0   0 9.999 1002   4 0.124
  2313  306.51  989.97 99.999  9.999 19.057   0   0 9.999 1003   1 0.078
  2316  393.67  995.83 99.999  9.999 19.654   0   0 9.999 1000   2 0.123
  2317  605.66  997.03 99.999  9.999 19.116   0   0 9.999  999   6 0.077
  2319  279.30  998.70 99.999  9.999 19.184   0   0 9.999  999   0 0.081
  2323  475.80 1004.88 21.864  2.796 19.068  71   0 0.268 1002   2 0.083
  2326  409.47 1005.79 99.999  9.999 19.261   0   0 9.999  998   6 0.087
  2327  264.22 1006.43 99.999  9.999 19.631   0   0 9.999  996   5 0.116
  2329  208.96 1007.24 99.999  9.999 19.473   0   0 9.999  996   3 0.111
  2330  249.44 1008.27 99.999  9.999 18.864   0   0 9.999  995   3 0.062
  2331  529.27 1008.94 99.999  9.999 19.461   0   0 9.999  999   4 0.106
  2334  294.10 1013.19 99.999  9.999 18.913   0   0 9.999  998   2 0.067
  2339  404.58 1019.16 99.999  9.999 19.193   0   0 9.999 1008   3 0.090
  2345  326.84 1023.01 99.999  9.999 19.236   0   0 9.999  999   2 0.086
  2350  398.24 1028.78 99.999  9.999 19.637   0   0 9.999 1002   3 0.135
  2354  503.68 1034.60 99.999  9.999 18.826   0   0 9.999 1000   3 0.060
  2357  564.05 1036.18 99.999  9.999 19.719   0   0 9.999 1013   1 0.149
  2359  405.07 1037.04 99.999  9.999 19.522   0   0 9.999  996   3 0.109
  2363  310.63 1042.13 99.999  9.999 19.106   0   0 9.999 1005   3 0.085
  2366  334.99 1045.62 99.999  9.999 19.042   0   0 9.999 1002   1 0.114
  2368  489.76 1048.01 99.999  9.999 19.231   0   0 9.999 1006   0 0.092
  2369  608.32 1047.23 99.999  9.999 19.435   0   0 9.999 1001   5 0.104
  2372  352.40 1049.94 99.999  9.999 19.364   0   0 9.999 1006   1 0.098
  2373  494.57 1050.71 99.999  9.999 19.302   0   0 9.999 1003   1 0.130
  2375  178.35 1055.23 99.999  9.999 18.908   0   0 9.999  977   4 0.066
  2376  384.14 1055.25 99.999  9.999 19.458   0   0 9.999 1006   1 0.108
  2379  171.52 1063.43 99.999  9.999 18.924   0   0 9.999  977   5 0.066
  2380  458.75 1065.32 99.999  9.999 19.101   0   0 9.999 1000   3 0.075
  2381  336.13 1065.57 99.999  9.999 19.351   0   0 9.999 1000   3 0.096
  2387  515.73 1071.40 99.999  9.999 19.431   0   0 9.999  998   3 0.104
  2388  373.15 1073.16 99.999  9.999 19.414   0   0 9.999 1006   0 0.154
  2392  257.24 1077.22 99.999  9.999 19.269   0   0 9.999 1009   0 0.096
  2393  417.23 1077.21 99.999  9.999 19.213   0   0 9.999 1005   3 0.089
  2394  605.96 1077.60 99.999  9.999 19.061   0   0 9.999  999   2 0.074
  2395  229.25 1077.67 99.999  9.999 19.225   0   0 9.999 1001   3 0.090
  2399  384.79 1081.82 99.999  9.999 19.442   0   0 9.999  998   3 0.107
  2400  456.20 1082.97 99.999  9.999 19.700   0   0 9.999 1002   3 0.128
  2405  492.06 1092.35 99.999  9.999 18.958   0   0 9.999  998   1 0.081
  2407  180.39 1094.25 99.999  9.999 18.946   0   0 9.999  969   0 0.331
  2408  513.46 1092.78 99.999  9.999 19.640   0   0 9.999  996   4 0.123
  2409  604.54 1094.22 99.999  9.999 18.929   0   0 9.999 1003   2 0.067
  2410  174.69 1099.16 99.999  9.999 18.782   0   0 9.999  909   1 0.392
  2412  184.59 1099.74 99.999  9.999 19.405   0   0 9.999  878   0 0.631
  2413  282.94 1105.62 99.999  9.999 18.967   0   0 9.999  999   2 0.071
  2414  439.87 1106.08 99.999  9.999 18.830   0   0 9.999 1002   4 0.061
  2415  364.44 1106.23 99.999  9.999 19.468   0   0 9.999  999   3 0.109
  2416  597.75 1107.18 99.999  9.999 19.182   0   0 9.999  997   3 0.084
  2418  375.78 1106.81 99.999  9.999 19.785   0   0 9.999  993   4 0.181
  2419  430.87 1108.37 99.999  9.999 19.412   0   0 9.999 1003   2 0.104
  2421  186.17 1111.74 19.203  0.445 18.758  69   0 0.694  944   0 0.587
  2425  166.76 1118.73 20.819  1.622 19.198  68   0 0.535  929   1 0.355
  2427  171.70 1116.27 99.999  9.999 19.776   0   0 9.999  682   0 0.771
  2428  613.55 1115.20 99.999  9.999 19.615   0   0 9.999 1002   4 0.124
  2429  177.01 1114.90 19.097  0.368 18.729  71   0 0.645  876   0 0.744
  2430  187.63 1117.61 21.279  2.154 19.125  42   0 0.575  952   0 0.457
  2433  258.14 1123.58 99.999  9.999 19.111   0   0 9.999 1000   6 0.078
  2434  378.95 1123.83 99.999  9.999 18.908   0   0 9.999 1001   2 0.069
  2499  389.28  808.97 99.999  9.999 20.120   0   0 9.999  999   1 0.201
  2505  528.50  902.42 99.999  9.999 19.664   0   0 9.999 1005   4 0.126
  2506  355.35  901.13 99.999  9.999 20.146   0   0 9.999  994   2 0.191
  2507  417.91  898.44 99.999  9.999 21.045   0   0 9.999  960   0 0.414
  2509  355.80  984.80 99.999  9.999 21.135   0   0 9.999  961   0 0.454
  2510  401.43 1019.19 99.999  9.999 20.115   0   0 9.999 1005   1 0.215
  2511  315.33 1043.65 99.999  9.999 19.947   0   0 9.999  996   0 0.172
  2513  259.81 1076.80 99.999  9.999 19.659   0   0 9.999 1000   1 0.128
  3952  532.69  730.36 99.999  9.999 19.965   0   0 9.999 1005   1 0.188
  3958  181.64  731.00 99.999  9.999 20.784   0   0 9.999  962   0 0.340
  3959  283.08  731.16 99.999  9.999 21.003   0   0 9.999  969   0 0.387
  3962  448.17  732.72 99.999  9.999 20.363   0   0 9.999  994   0 0.248
  3963  513.12  731.63 99.999  9.999 20.558   0   0 9.999  992   0 0.299
  3966  303.52  734.98 99.999  9.999 20.279   0   0 9.999  996   1 0.219
  3968  616.72  736.10 99.999  9.999 20.130   0   0 9.999 1005   3 0.194
  3974  160.37  739.25 99.999  9.999 20.187   0   0 9.999  964   1 0.208
  3977  539.29  741.52 99.999  9.999 19.928   0   0 9.999  995   4 0.157
  3978  598.58  738.83 99.999  9.999 20.548   0   0 9.999  995   0 0.273
  3979  550.20  741.05 99.999  9.999 19.828   0   0 9.999 1002   2 0.156
  3981  244.31  742.46 99.999  9.999 19.987   0   0 9.999  990   2 0.174
  3985  166.68  745.20 99.999  9.999 19.947   0   0 9.999  978   3 0.171
  3986  415.31  743.20 99.999  9.999 21.027   0   0 9.999  961   0 0.417
  3987  228.43  746.67 99.999  9.999 20.456   0   0 9.999  984   1 0.264
  3988  344.13  746.98 99.999  9.999 20.197   0   0 9.999  993   0 0.213
  3989  443.58  746.56 99.999  9.999 20.135   0   0 9.999  997   0 0.200
  3990  583.87  748.81 99.999  9.999 20.841   0   0 9.999  970   1 0.357
  3992  221.51  750.93 99.999  9.999 20.215   0   0 9.999  996   1 0.211
  3996  488.05  752.32 99.999  9.999 20.344   0   0 9.999  993   0 0.242
  3998  420.71  753.57 99.999  9.999 21.228   0   0 9.999  936   0 0.477
  3999  505.56  752.23 99.999  9.999 20.510   0   0 9.999 1002   0 0.274
  4001  306.86  758.16 99.999  9.999 19.906   0   0 9.999  990   2 0.154
  4002  410.48  757.48 99.999  9.999 20.452   0   0 9.999 1006   0 0.276
  4004  552.97  757.85 99.999  9.999 20.588   0   0 9.999  993   0 0.280
  4006  612.51  760.37 99.999  9.999 20.432   0   0 9.999  991   1 0.255
  4008  201.75  762.27 99.999  9.999 20.577   0   0 9.999  972   2 0.297
  4011  444.21  762.26 99.999  9.999 20.544   0   0 9.999  994   1 0.305
  4012  382.29  762.79 99.999  9.999 20.727   0   0 9.999  988   0 0.329
  4018  328.68  766.01 99.999  9.999 20.483   0   0 9.999  992   1 0.283
  4019  280.29  768.61 99.999  9.999 19.893   0   0 9.999 1007   2 0.166
  4020  334.42  767.58 99.999  9.999 21.082   0   0 9.999  957   0 0.437
  4022  225.92  767.73 99.999  9.999 20.656   0   0 9.999  981   0 0.316
  4023  233.29  768.99 99.999  9.999 20.007   0   0 9.999  995   1 0.180
  4030  415.33  770.96 99.999  9.999 20.323   0   0 9.999  993   0 0.269
  4031  572.34  772.03 99.999  9.999 20.328   0   0 9.999  987   0 0.221
  4033  296.86  772.69 99.999  9.999 20.151   0   0 9.999 1000   0 0.210
  4034  346.57  773.10 99.999  9.999 20.093   0   0 9.999 1004   1 0.204
  4036  202.78  774.77 99.999  9.999 20.320   0   0 9.999  998   1 0.267
  4038  255.71  775.96 99.999  9.999 20.166   0   0 9.999  992   3 0.212
  4040  341.67  776.84 99.999  9.999 20.764   0   0 9.999  970   0 0.342
  4041  577.94  776.68 99.999  9.999 20.070   0   0 9.999 1000   0 0.212
  4043  424.56  778.12 99.999  9.999 20.601   0   0 9.999  969   0 0.368
  4045  192.70  779.51 99.999  9.999 20.553   0   0 9.999  963   0 0.277
  4046  352.90  781.08 99.999  9.999 19.945   0   0 9.999  995   2 0.166
  4047  548.82  781.10 99.999  9.999 19.880   0   0 9.999  999   2 0.154
  4056  329.67  786.05 99.999  9.999 20.907   0   0 9.999  974   0 0.385
  4057  347.71  787.16 99.999  9.999 19.769   0   0 9.999  997   4 0.147
  4058  468.34  787.57 99.999  9.999 20.174   0   0 9.999  998   0 0.202
  4066  337.62  792.90 99.999  9.999 20.590   0   0 9.999  988   0 0.300
  4067  415.08  793.53 99.999  9.999 20.071   0   0 9.999 1003   3 0.200
  4068  293.13  796.51 99.999  9.999 20.244   0   0 9.999  994   0 0.218
  4070  300.32  799.78 99.999  9.999 20.027   0   0 9.999 1003   2 0.182
  4071  369.27  798.96 99.999  9.999 20.265   0   0 9.999  988   1 0.218
  4072  396.62  799.04 99.999  9.999 20.227   0   0 9.999 1001   2 0.208
  4076  587.79  799.72 99.999  9.999 20.648   0   0 9.999  981   2 0.291
  4077  228.66  801.14 99.999  9.999 20.068   0   0 9.999  997   1 0.200
  4078  427.23  800.66 99.999  9.999 20.641   0   0 9.999  973   1 0.300
  4082  220.42  806.82 99.999  9.999 20.019   0   0 9.999  992   2 0.174
  4083  298.88  803.45 99.999  9.999 20.026   0   0 9.999  999   5 0.181
  4084  238.39  805.28 99.999  9.999 19.858   0   0 9.999 1000   2 0.162
  4085  553.45  803.52 99.999  9.999 20.851   0   0 9.999  973   0 0.363
  4088  545.17  807.20 99.999  9.999 20.137   0   0 9.999 1001   3 0.216
  4096  451.54  809.73 99.999  9.999 20.932   0   0 9.999  973   0 0.359
  4097  593.75  810.49 99.999  9.999 20.211   0   0 9.999 1009   1 0.221
  4100  175.98  811.50 99.999  9.999 20.442   0   0 9.999  980   1 0.263
  4105  512.42  815.83 99.999  9.999 19.664   0   0 9.999  997   2 0.134
  4106  212.26  815.34 99.999  9.999 20.233   0   0 9.999  988   1 0.211
  4107  347.60  814.91 99.999  9.999 19.977   0   0 9.999 1006   1 0.188
  4110  585.93  817.35 99.999  9.999 20.773   0   0 9.999  992   0 0.350
  4113  183.97  816.39 99.999  9.999 20.748   0   0 9.999  956   0 0.321
  4116  507.02  818.07 99.999  9.999 20.751   0   0 9.999  983   1 0.336
  4120  226.87  821.41 99.999  9.999 19.888   0   0 9.999  996   2 0.165
  4122  357.94  823.04 99.999  9.999 20.433   0   0 9.999  995   0 0.254
  4129  266.44  828.79 99.999  9.999 21.284   0   0 9.999  912   0 0.478
  4130  614.27  829.44 99.999  9.999 19.815   0   0 9.999  997   1 0.148
  4141  206.28  836.99 99.999  9.999 19.863   0   0 9.999  997   1 0.164
  4142  408.40  835.95 99.999  9.999 20.624   0   0 9.999  980   0 0.304
  4143  509.59  835.39 99.999  9.999 20.428   0   0 9.999 1003   0 0.272
  4151  591.61  837.63 99.999  9.999 20.589   0   0 9.999  989   0 0.302
  4153  436.81  841.42 99.999  9.999 19.927   0   0 9.999 1003   3 0.180
  4161  191.48  843.31 99.999  9.999 20.201   0   0 9.999  985   2 0.215
  4162  392.05  844.47 99.999  9.999 19.950   0   0 9.999  999   2 0.171
  4166  284.02  847.08 99.999  9.999 20.819   0   0 9.999  980   0 0.346
  4167  328.35  848.40 99.999  9.999 20.410   0   0 9.999 1000   1 0.248
  4168  616.31  847.79 99.999  9.999 20.684   0   0 9.999  992   3 0.313
  4170  422.60  848.64 99.999  9.999 20.542   0   0 9.999  983   1 0.279
  4171  545.39  849.43 99.999  9.999 20.757   0   0 9.999  973   0 0.351
  4175  466.16  850.93 99.999  9.999 20.773   0   0 9.999  965   0 0.365
  4176  362.87  852.01 99.999  9.999 20.497   0   0 9.999  982   1 0.251
  4186  417.61  859.81 99.999  9.999 20.451   0   0 9.999 1005   0 0.279
  4188  489.93  860.59 99.999  9.999 20.039   0   0 9.999  996   4 0.175
  4189  197.91  863.24 99.999  9.999 20.148   0   0 9.999  986   1 0.202
  4190  186.80  862.79 99.999  9.999 20.095   0   0 9.999  981   2 0.186
  4191  269.99  864.44 99.999  9.999 20.438   0   0 9.999  986   5 0.254
  4192  541.07  864.19 99.999  9.999 20.684   0   0 9.999  987   0 0.314
  4197  365.04  866.59 99.999  9.999 19.906   0   0 9.999 1004   3 0.163
  4202  465.80  867.91 99.999  9.999 20.488   0   0 9.999  979   1 0.258
  4203  417.37  869.99 99.999  9.999 20.767   0   0 9.999  976   1 0.326
  4207  551.93  873.21 99.999  9.999 20.032   0   0 9.999  995   4 0.168
  4210  383.40  875.26 99.999  9.999 20.174   0   0 9.999  996   0 0.202
  4213  470.90  876.38 99.999  9.999 20.244   0   0 9.999 1000   1 0.225
  4217  199.28  878.84 99.999  9.999 19.773   0   0 9.999  986   4 0.142
  4219  398.20  876.77 99.999  9.999 20.694   0   0 9.999  994   0 0.327
  4220  533.11  878.58 99.999  9.999 20.353   0   0 9.999  995   0 0.233
  4221  465.29  880.08 99.999  9.999 20.717   0   0 9.999  981   1 0.334
  4222  565.70  881.59 99.999  9.999 19.833   0   0 9.999 1001   3 0.145
  4223  482.95  880.85 99.999  9.999 20.445   0   0 9.999  994   1 0.272
  4226  193.19  882.75 99.999  9.999 20.435   0   0 9.999  977   1 0.262
  4228  618.67  887.89 99.999  9.999 20.123   0   0 9.999  995   1 0.194
  4238  501.02  896.30 99.999  9.999 20.275   0   0 9.999 1001   1 0.224
  4239  607.48  895.72 99.999  9.999 20.053   0   0 9.999  998   0 0.185
  4241  517.11  896.35 99.999  9.999 20.445   0   0 9.999  996   0 0.254
  4245  477.16  899.10 99.999  9.999 20.140   0   0 9.999  994   2 0.190
  4249  310.62  899.48 99.999  9.999 20.830   0   0 9.999  981   0 0.359
  4251  502.46  901.90 99.999  9.999 20.213   0   0 9.999 1005   1 0.221
  4252  336.04  901.76 99.999  9.999 20.203   0   0 9.999  999   1 0.203
  4255  299.92  903.99 99.999  9.999 21.029   0   0 9.999  953   1 0.397
  4258  367.70  910.48 99.999  9.999 20.162   0   0 9.999  997   1 0.213
  4259  190.66  911.47 99.999  9.999 20.742   0   0 9.999  966   1 0.329
  4260  283.61  911.26 99.999  9.999 20.419   0   0 9.999  989   1 0.249
  4263  522.90  918.01 99.999  9.999 20.347   0   0 9.999 1003   0 0.237
  4264  527.67  913.35 99.999  9.999 20.429   0   0 9.999  988   0 0.241
  4265  519.64  913.66 99.999  9.999 20.507   0   0 9.999 1000   0 0.291
  4266  559.86  914.28 99.999  9.999 20.514   0   0 9.999 1003   0 0.278
  4269  549.52  915.97 99.999  9.999 21.029   0   0 9.999  973   0 0.440
  4272  265.20  919.96 99.999  9.999 20.061   0   0 9.999  999   3 0.195
  4273  393.52  921.22 99.999  9.999 19.844   0   0 9.999  999   4 0.151
  4274  458.78  920.19 99.999  9.999 20.298   0   0 9.999  985   4 0.216
  4276  204.64  920.06 99.999  9.999 20.848   0   0 9.999  962   0 0.367
  4277  273.42  922.18 99.999  9.999 20.374   0   0 9.999  990   0 0.251
  4278  284.61  922.15 99.999  9.999 19.837   0   0 9.999  997   2 0.156
  4280  570.12  923.29 99.999  9.999 20.677   0   0 9.999  985   0 0.309
  4283  546.04  925.82 99.999  9.999 19.923   0   0 9.999 1000   3 0.162
  4286  541.17  927.70 99.999  9.999 20.426   0   0 9.999  988   1 0.283
  4287  561.64  927.47 99.999  9.999 19.946   0   0 9.999  999   1 0.166
  4292  496.23  932.48 99.999  9.999 19.994   0   0 9.999  998   0 0.173
  4295  255.92  931.96 99.999  9.999 20.750   0   0 9.999  998   0 0.353
  4298  417.44  937.21 99.999  9.999 19.947   0   0 9.999 1003   2 0.161
  4302  280.97  942.14 99.999  9.999 20.573   0   0 9.999  982   2 0.278
  4304  316.19  942.87 99.999  9.999 20.347   0   0 9.999 1001   1 0.256
  4307  358.59  944.63 99.999  9.999 21.128   0   0 9.999  947   0 0.426
  4309  196.51  945.03 99.999  9.999 20.766   0   0 9.999  973   0 0.352
  4311  612.99  947.02 99.999  9.999 20.055   0   0 9.999  995   3 0.178
  4312  186.68  946.87 99.999  9.999 22.201   0   0 9.999  266   0 0.810
  4313  201.88  946.60 99.999  9.999 20.714   0   0 9.999  985   0 0.333
  4314  387.62  948.38 99.999  9.999 19.773   0   0 9.999  998   4 0.138
  4315  560.29  948.87 99.999  9.999 20.014   0   0 9.999  976   1 0.295
  4316  325.14  949.02 99.999  9.999 20.247   0   0 9.999 1000   0 0.208
  4318  179.37  948.83 99.999  9.999 20.681   0   0 9.999  968   0 0.320
  4319  222.73  949.62 99.999  9.999 20.516   0   0 9.999  986   3 0.274
  4322  584.43  951.74 99.999  9.999 19.905   0   0 9.999 1003   2 0.171
  4323  408.91  952.75 99.999  9.999 20.845   0   0 9.999  971   1 0.371
  4326  334.04  955.50 99.999  9.999 20.878   0   0 9.999  970   0 0.369
  4328  254.98  957.62 99.999  9.999 20.394   0   0 9.999 1002   1 0.246
  4329  571.98  960.86 99.999  9.999 20.139   0   0 9.999  916   0 0.362
  4332  380.28  961.78 99.999  9.999 20.242   0   0 9.999  985   1 0.211
  4333  216.65  963.79 99.999  9.999 20.186   0   0 9.999  991   1 0.199
  4336  571.70  966.51 99.999  9.999 19.997   0   0 9.999  900   0 0.358
  4339  268.04  965.17 99.999  9.999 20.764   0   0 9.999  993   1 0.333
  4341  551.40  967.93 99.999  9.999 20.256   0   0 9.999  933   0 0.481
  4342  539.39  968.89 99.999  9.999 19.748   0   0 9.999 1004   2 0.163
  4346  368.41  970.91 99.999  9.999 20.649   0   0 9.999  975   0 0.310
  4349  559.08  972.50 99.999  9.999 20.118   0   0 9.999  923   2 0.380
  4350  564.14  972.62 99.999  9.999 20.214   0   0 9.999  934   0 0.415
  4351  494.73  974.34 99.999  9.999 19.986   0   0 9.999  996   1 0.170
  4353  249.99  975.18 99.999  9.999 19.709   0   0 9.999 1000   3 0.127
  4354  554.16  971.77 99.999  9.999 20.342   0   0 9.999  909   0 0.429
  4357  508.63  976.06 99.999  9.999 20.454   0   0 9.999  985   3 0.262
  4358  613.53  974.33 99.999  9.999 20.574   0   0 9.999  998   0 0.291
  4359  476.43  976.41 99.999  9.999 20.325   0   0 9.999 1002   2 0.241
  4365  383.68  980.38 99.999  9.999 19.826   0   0 9.999  999   2 0.147
  4368  169.02  980.88 99.999  9.999 20.582   0   0 9.999  954   0 0.291
  4370  291.07  984.15 99.999  9.999 20.044   0   0 9.999  997   3 0.185
  4371  460.11  984.82 99.999  9.999 20.377   0   0 9.999 1002   2 0.257
  4375  301.47  986.75 99.999  9.999 20.247   0   0 9.999  992   2 0.213
  4377  224.80  987.16 99.999  9.999 20.360   0   0 9.999  994   2 0.245
  4379  397.57  989.24 99.999  9.999 20.397   0   0 9.999 1000   1 0.251
  4380  334.90  989.71 99.999  9.999 20.418   0   0 9.999 1011   0 0.305
  4383  312.33  990.70 99.999  9.999 20.994   0   0 9.999  956   0 0.413
  4384  465.97  990.91 99.999  9.999 20.604   0   0 9.999  996   1 0.294
  4385  561.32  990.15 99.999  9.999 20.701   0   0 9.999  969   1 0.324
  4389  251.24  994.89 99.999  9.999 19.985   0   0 9.999 1006   0 0.183
  4390  529.45  994.31 99.999  9.999 20.146   0   0 9.999  999   1 0.189
  4392  324.98  994.79 99.999  9.999 20.489   0   0 9.999  986   2 0.265
  4394  551.29  995.45 99.999  9.999 20.641   0   0 9.999  970   1 0.305
  4402  487.95  999.21 99.999  9.999 20.628   0   0 9.999  992   0 0.302
  4403  414.23 1001.39 99.999  9.999 20.543   0   0 9.999  992   0 0.286
  4404  271.19 1002.86 99.999  9.999 19.920   0   0 9.999 1010   1 0.175
  4405  381.96 1001.45 99.999  9.999 20.535   0   0 9.999  994   2 0.305
  4406  561.72 1002.07 99.999  9.999 20.466   0   0 9.999  990   0 0.263
  4409  351.07 1002.69 99.999  9.999 20.760   0   0 9.999  966   0 0.332
  4410  580.57 1003.20 99.999  9.999 20.598   0   0 9.999 1001   1 0.308
  4414  431.03 1005.77 99.999  9.999 20.906   0   0 9.999  959   1 0.374
  4419  186.99 1008.86 99.999  9.999 20.002   0   0 9.999  983   2 0.174
  4422  370.69 1010.36 99.999  9.999 19.973   0   0 9.999 1008   2 0.189
  4424  353.11 1010.14 99.999  9.999 20.420   0   0 9.999  992   1 0.254
  4425  470.26 1009.72 99.999  9.999 20.009   0   0 9.999  993   1 0.244
  4431  452.12 1016.05 99.999  9.999 20.516   0   0 9.999 1002   0 0.275
  4435  465.38 1016.32 99.999  9.999 20.534   0   0 9.999  989   1 0.317
  4439  383.28 1016.82 99.999  9.999 20.647   0   0 9.999  989   0 0.300
  4440  550.37 1017.90 99.999  9.999 20.712   0   0 9.999  979   1 0.301
  4441  556.76 1018.88 99.999  9.999 20.078   0   0 9.999  990   1 0.185
  4445  396.80 1021.83 99.999  9.999 20.250   0   0 9.999  996   2 0.248
  4447  619.10 1023.13 99.999  9.999 20.617   0   0 9.999  992   1 0.273
  4448  345.80 1024.87 99.999  9.999 20.769   0   0 9.999  986   1 0.315
  4455  204.97 1032.59 99.999  9.999 20.703   0   0 9.999  976   0 0.314
  4456  303.67 1032.99 99.999  9.999 20.516   0   0 9.999  984   0 0.266
  4457  383.78 1033.14 99.999  9.999 20.034   0   0 9.999 1004   0 0.172
  4458  569.09 1033.33 99.999  9.999 19.685   0   0 9.999 1003   2 0.133
  4460  559.37 1033.06 99.999  9.999 19.938   0   0 9.999 1016   1 0.238
  4461  430.25 1038.49 99.999  9.999 20.118   0   0 9.999 1000   0 0.187
  4462  547.40 1035.75 99.999  9.999 20.509   0   0 9.999  983   1 0.273
  4464  619.95 1038.23 99.999  9.999 20.399   0   0 9.999  985   0 0.250
  4468  275.40 1038.40 99.999  9.999 20.664   0   0 9.999  975   1 0.310
  4472  413.82 1049.01 99.999  9.999 19.838   0   0 9.999 1003   0 0.155
  4473  441.78 1047.60 99.999  9.999 20.094   0   0 9.999 1005   0 0.193
  4477  500.74 1050.22 99.999  9.999 19.839   0   0 9.999  998   2 0.153
  4481  432.39 1051.86 99.999  9.999 19.877   0   0 9.999  998   2 0.161
  4485  193.01 1053.56 99.999  9.999 19.913   0   0 9.999  982   4 0.156
  4488  213.12 1053.56 99.999  9.999 20.727   0   0 9.999  981   0 0.340
  4490  350.45 1056.21 99.999  9.999 20.885   0   0 9.999  976   0 0.357
  4491  466.32 1056.32 99.999  9.999 20.239   0   0 9.999 1000   0 0.220
  4495  186.44 1058.76 99.999  9.999 20.130   0   0 9.999  981   0 0.206
  4498  211.07 1060.73 99.999  9.999 19.980   0   0 9.999  994   4 0.156
  4500  242.55 1061.12 99.999  9.999 20.308   0   0 9.999  992   2 0.237
  4502  440.34 1061.26 99.999  9.999 21.013   0   0 9.999  952   0 0.392
  4509  182.87 1067.57 99.999  9.999 20.224   0   0 9.999  977   1 0.219
  4510  329.13 1068.19 99.999  9.999 20.026   0   0 9.999  995   3 0.179
  4511  477.80 1068.31 99.999  9.999 20.611   0   0 9.999  993   0 0.305
  4514  609.02 1068.76 99.999  9.999 21.045   0   0 9.999  953   0 0.399
  4516  410.45 1071.09 99.999  9.999 20.507   0   0 9.999  988   0 0.277
  4517  350.81 1072.41 99.999  9.999 20.774   0   0 9.999  979   2 0.318
  4519  617.69 1075.22 99.999  9.999 20.065   0   0 9.999  997   4 0.186
  4523  539.98 1076.69 99.999  9.999 19.954   0   0 9.999 1002   1 0.164
  4526  410.82 1080.38 99.999  9.999 19.882   0   0 9.999 1004   4 0.153
  4530  162.35 1083.82 99.999  9.999 20.143   0   0 9.999  978   0 0.228
  4533  389.00 1084.10 99.999  9.999 20.529   0   0 9.999  995   1 0.267
  4534  228.67 1084.70 99.999  9.999 20.722   0   0 9.999  998   0 0.339
  4535  243.03 1084.80 99.999  9.999 20.954   0   0 9.999  942   0 0.374
  4536  363.45 1085.17 99.999  9.999 20.506   0   0 9.999  990   1 0.265
  4537  442.66 1085.74 99.999  9.999 20.453   0   0 9.999  987   3 0.266
  4539  295.87 1088.19 99.999  9.999 20.004   0   0 9.999  996   1 0.188
  4543  171.59 1094.63 20.075 -0.002 20.077  42   0 0.801  877   0 0.484
  4545  167.84 1090.76 99.999  9.999 20.372   0   0 9.999  953   0 0.340
  4547  318.04 1091.78 99.999  9.999 20.220   0   0 9.999  994   2 0.208
  4550  176.90 1094.93 20.173  0.421 19.751  39   0 0.731  843   0 0.535
  4552  186.28 1096.77 20.717  0.508 20.209  37   0 0.736  723   0 0.718
  4555  230.84 1097.81 99.999  9.999 20.215   0   0 9.999  988   3 0.203
  4556  492.88 1097.33 99.999  9.999 20.626   0   0 9.999  976   0 0.305
  4557  169.65 1099.94 99.999  9.999 19.642   0   0 9.999  896   0 0.352
  4558  180.43 1098.88 99.999  9.999 19.324   0   0 9.999  857   0 0.651
  4560  188.44 1104.20 99.999  9.999 19.735   0   0 9.999  769   0 0.772
  4562  498.84 1103.13 99.999  9.999 20.235   0   0 9.999 1007   1 0.228
  4563  167.43 1104.15 99.999  9.999 19.884   0   0 9.999  853   2 0.322
  4564  276.12 1106.02 99.999  9.999 20.193   0   0 9.999  995   1 0.220
  4566  190.70 1108.46 99.999  9.999 19.796   0   0 9.999  861   0 0.740
  4567  295.89 1108.13 99.999  9.999 20.004   0   0 9.999  993   3 0.180
  4572  238.12 1110.94 99.999  9.999 20.562   0   0 9.999 1000   0 0.280
  4573  340.40 1112.72 99.999  9.999 19.945   0   0 9.999  998   1 0.162
  4574  419.54 1111.75 99.999  9.999 19.975   0   0 9.999 1002   1 0.168
  4576  168.52 1113.17 99.999  9.999 19.870   0   0 9.999  703   0 0.723
  4577  200.75 1112.30 99.999  9.999 19.979   0   0 9.999  993   0 0.233
  4579  191.15 1112.97 99.999  9.999 19.909   0   0 9.999  872   0 0.672
  4580  256.75 1114.45 99.999  9.999 20.359   0   0 9.999 1004   1 0.237
  4583  523.27 1116.39 99.999  9.999 20.836   0   0 9.999  984   0 0.367
  4584  284.63 1116.25 99.999  9.999 20.752   0   0 9.999  983   0 0.336
  4588  173.62 1119.26 99.999  9.999 20.090   0   0 9.999  654   0 0.825
  4589  179.70 1119.39 99.999  9.999 19.590   0   0 9.999  846   0 0.730
  4590  406.39 1119.57 99.999  9.999 20.553   0   0 9.999  987   3 0.273
  4591  184.40 1120.19 99.999  9.999 19.890   0   0 9.999  839   0 0.723
  4595  308.83 1123.40 99.999  9.999 20.246   0   0 9.999  991   1 0.215
  4596  514.68 1121.81 99.999  9.999 20.383   0   0 9.999  993   2 0.273
  4627  429.75 1036.11 99.999  9.999 20.330   0   0 9.999 1001   0 0.235
  4628  445.23 1048.24 99.999  9.999 20.498   0   0 9.999  998   1 0.276
  5529  342.66  732.50 99.999  9.999 21.047   0   0 9.999  958   0 0.419
  5532  324.19  734.29 99.999  9.999 21.090   0   0 9.999  968   1 0.419
  5534  539.87  736.05 99.999  9.999 20.911   0   0 9.999  980   0 0.374
  5535  603.80  735.34 99.999  9.999 21.169   0   0 9.999  950   0 0.462
  5537  334.24  737.35 99.999  9.999 20.929   0   0 9.999  972   1 0.377
  5538  488.86  738.02 99.999  9.999 20.640   0   0 9.999  987   0 0.299
  5547  161.07  743.40 99.999  9.999 20.524   0   0 9.999  957   1 0.262
  5549  513.57  744.88 99.999  9.999 20.610   0   0 9.999  982   0 0.294
  5552  202.73  747.18 99.999  9.999 21.038   0   0 9.999  971   0 0.401
  5554  165.75  750.12 99.999  9.999 21.036   0   0 9.999  920   0 0.413
  5556  274.73  755.17 99.999  9.999 20.872   0   0 9.999  955   1 0.353
  5558  473.83  756.97 99.999  9.999 20.863   0   0 9.999  988   0 0.391
  5560  190.40  757.49 99.999  9.999 20.884   0   0 9.999  915   0 0.417
  5562  508.80  759.35 99.999  9.999 20.905   0   0 9.999  967   0 0.372
  5564  458.01  765.86 99.999  9.999 21.176   0   0 9.999  928   0 0.428
  5571  352.45  775.53 99.999  9.999 21.044   0   0 9.999  935   0 0.406
  5574  288.18  780.32 99.999  9.999 21.127   0   0 9.999  949   0 0.416
  5575  323.27  780.98 99.999  9.999 20.725   0   0 9.999  973   2 0.342
  5577  615.03  781.81 99.999  9.999 20.791   0   0 9.999  983   0 0.328
  5579  160.55  787.77 99.999  9.999 20.687   0   0 9.999  964   1 0.308
  5580  460.65  787.06 99.999  9.999 20.886   0   0 9.999  972   0 0.367
  5581  253.93  789.60 99.999  9.999 20.748   0   0 9.999  975   1 0.334
  5583  482.40  788.99 99.999  9.999 21.424   0   0 9.999  870   0 0.489
  5585  171.06  791.25 99.999  9.999 21.080   0   0 9.999  932   0 0.416
  5586  579.48  792.07 99.999  9.999 20.958   0   0 9.999  964   0 0.381
  5591  276.85  795.78 99.999  9.999 21.424   0   0 9.999  858   0 0.512
  5596  203.72  801.88 99.999  9.999 21.341   0   0 9.999  930   0 0.513
  5597  217.80  802.38 99.999  9.999 20.826   0   0 9.999  981   0 0.364
  5598  385.94  802.65 99.999  9.999 21.102   0   0 9.999  948   1 0.409
  5600  601.34  805.23 99.999  9.999 21.036   0   0 9.999  944   0 0.406
  5602  609.37  807.13 99.999  9.999 21.348   0   0 9.999  880   0 0.464
  5605  324.55  809.90 99.999  9.999 21.458   0   0 9.999  883   0 0.541
  5606  490.77  810.56 99.999  9.999 21.283   0   0 9.999  922   0 0.464
  5610  362.98  812.16 99.999  9.999 20.807   0   0 9.999  972   2 0.336
  5611  510.08  813.03 99.999  9.999 20.490   0   0 9.999 1001   2 0.271
  5612  225.42  814.37 99.999  9.999 20.528   0   0 9.999  986   1 0.277
  5613  525.28  813.67 99.999  9.999 20.898   0   0 9.999  962   0 0.362
  5614  482.15  814.67 99.999  9.999 20.872   0   0 9.999  944   0 0.438
  5622  587.08  822.54 99.999  9.999 20.813   0   0 9.999  978   1 0.321
  5624  602.95  822.58 99.999  9.999 20.966   0   0 9.999  975   0 0.392
  5626  381.48  824.11 99.999  9.999 20.962   0   0 9.999  966   0 0.385
  5627  294.08  825.89 99.999  9.999 20.865   0   0 9.999  982   0 0.361
  5636  559.16  832.57 99.999  9.999 20.824   0   0 9.999  970   0 0.350
  5640  274.59  834.79 99.999  9.999 20.976   0   0 9.999  952   0 0.404
  5641  465.02  835.83 99.999  9.999 20.882   0   0 9.999  949   0 0.389
  5643  178.55  837.81 99.999  9.999 21.123   0   0 9.999  919   0 0.435
  5645  589.13  843.54 99.999  9.999 21.142   0   0 9.999  941   0 0.426
  5646  505.74  843.95 99.999  9.999 20.735   0   0 9.999  972   1 0.318
  5647  568.88  844.70 99.999  9.999 21.053   0   0 9.999  969   0 0.421
  5649  348.09  846.18 99.999  9.999 21.132   0   0 9.999  950   0 0.446
  5650  514.39  847.52 99.999  9.999 20.945   0   0 9.999  948   0 0.381
  5653  389.25  850.33 99.999  9.999 20.486   0   0 9.999  996   1 0.285
  5655  461.37  850.05 99.999  9.999 20.997   0   0 9.999  927   0 0.420
  5656  497.03  851.25 99.999  9.999 21.442   0   0 9.999  865   0 0.509
  5658  195.06  853.27 99.999  9.999 21.100   0   0 9.999  938   0 0.421
  5662  263.75  856.57 99.999  9.999 21.011   0   0 9.999  971   0 0.409
  5667  595.53  861.35 99.999  9.999 20.866   0   0 9.999  983   0 0.350
  5672  336.11  862.25 99.999  9.999 21.358   0   0 9.999  917   0 0.461
  5675  217.84  866.51 99.999  9.999 20.787   0   0 9.999  982   0 0.360
  5676  489.79  868.24 99.999  9.999 21.148   0   0 9.999  941   0 0.435
  5678  215.85  871.21 99.999  9.999 21.013   0   0 9.999  961   0 0.405
  5679  287.77  871.18 99.999  9.999 21.270   0   0 9.999  908   0 0.470
  5680  536.11  871.33 99.999  9.999 20.835   0   0 9.999  970   0 0.336
  5681  541.66  872.35 99.999  9.999 20.909   0   0 9.999  974   1 0.352
  5683  294.43  872.62 99.999  9.999 20.979   0   0 9.999  974   0 0.389
  5684  503.20  872.59 99.999  9.999 20.985   0   0 9.999  970   0 0.373
  5685  421.46  874.59 99.999  9.999 20.830   0   0 9.999  980   0 0.348
  5690  570.72  880.12 99.999  9.999 20.511   0   0 9.999  996   0 0.278
  5694  262.23  885.21 99.999  9.999 21.371   0   0 9.999  932   0 0.518
  5698  536.10  887.97 99.999  9.999 21.161   0   0 9.999  936   0 0.420
  5699  444.17  890.04 99.999  9.999 21.099   0   0 9.999  963   0 0.412
  5703  309.10  894.33 99.999  9.999 21.116   0   0 9.999  961   0 0.439
  5707  601.62  899.51 99.999  9.999 21.293   0   0 9.999  940   0 0.483
  5713  237.18  903.31 99.999  9.999 21.089   0   0 9.999  936   0 0.416
  5717  271.59  908.52 99.999  9.999 20.639   0   0 9.999  985   0 0.320
  5725  353.57  914.04 99.999  9.999 20.771   0   0 9.999  984   0 0.337
  5728  385.60  917.45 99.999  9.999 20.914   0   0 9.999  984   0 0.377
  5730  561.51  921.33 99.999  9.999 21.088   0   0 9.999  959   0 0.421
  5732  453.02  925.14 99.999  9.999 20.892   0   0 9.999  966   0 0.368
  5733  319.65  927.21 99.999  9.999 21.035   0   0 9.999  967   0 0.400
  5734  406.25  931.08 99.999  9.999 21.060   0   0 9.999  955   0 0.405
  5735  433.95  933.35 99.999  9.999 21.216   0   0 9.999  960   0 0.458
  5738  210.16  937.28 99.999  9.999 20.945   0   0 9.999  969   0 0.379
  5741  524.89  939.43 99.999  9.999 20.905   0   0 9.999  966   0 0.369
  5743  614.09  942.14 99.999  9.999 21.461   0   0 9.999  856   0 0.478
  5745  454.67  945.79 99.999  9.999 20.899   0   0 9.999  974   1 0.348
  5750  356.47  953.63 99.999  9.999 20.699   0   0 9.999  991   0 0.300
  5751  569.55  952.92 99.999  9.999 20.367   0   0 9.999  912   0 0.421
  5754  572.38  957.12 99.999  9.999 20.481   0   0 9.999  860   0 0.402
  5756  382.32  956.49 99.999  9.999 21.292   0   0 9.999  933   0 0.459
  5759  344.24  959.57 99.999  9.999 20.814   0   0 9.999  987   1 0.351
  5765  572.98  963.72 99.999  9.999 20.477   0   0 9.999  832   0 0.424
  5766  434.64  966.89 99.999  9.999 21.031   0   0 9.999  971   0 0.407
  5767  547.80  967.27 99.999  9.999 20.362   0   0 9.999  910   1 0.369
  5768  318.38  968.08 99.999  9.999 21.082   0   0 9.999  960   0 0.418
  5770  217.82  969.45 99.999  9.999 21.051   0   0 9.999  946   0 0.418
  5771  335.11  970.50 99.999  9.999 20.830   0   0 9.999  976   0 0.353
  5772  567.58  969.04 99.999  9.999 20.028   0   0 9.999  893   0 0.413
  5773  549.57  971.87 21.428  0.602 20.826  70   0 0.573  798   0 0.499
  5777  545.10  974.65 22.034  1.006 21.028  67   0 0.537  940   0 0.495
  5778  568.01  974.21 99.999  9.999 20.688   0   0 9.999  867   0 0.488
  5780  183.16  979.95 99.999  9.999 20.859   0   0 9.999  953   0 0.372
  5782  388.50  982.52 99.999  9.999 20.908   0   0 9.999  956   1 0.353
  5785  448.18  986.18 99.999  9.999 21.083   0   0 9.999  951   0 0.476
  5787  183.81  986.73 99.999  9.999 21.095   0   0 9.999  937   0 0.452
  5790  201.08  993.12 99.999  9.999 21.020   0   0 9.999  937   1 0.390
  5793  257.02  999.23 99.999  9.999 20.875   0   0 9.999  977   0 0.354
  5797  250.94 1002.30 99.999  9.999 20.913   0   0 9.999  980   1 0.393
  5799  569.27 1005.44 99.999  9.999 21.182   0   0 9.999  958   0 0.435
  5801  342.95 1008.79 99.999  9.999 20.974   0   0 9.999  972   0 0.371
  5802  475.67 1008.47 99.999  9.999 20.669   0   0 9.999  983   0 0.337
  5805  244.39 1015.07 99.999  9.999 20.522   0   0 9.999  998   0 0.287
  5806  470.75 1014.09 99.999  9.999 20.981   0   0 9.999  966   0 0.470
  5808  285.36 1016.67 99.999  9.999 21.007   0   0 9.999  958   0 0.399
  5809  374.46 1016.32 99.999  9.999 21.368   0   0 9.999  902   0 0.495
  5810  397.78 1016.50 99.999  9.999 20.620   0   0 9.999  962   0 0.336
  5813  239.97 1019.59 99.999  9.999 20.923   0   0 9.999  966   0 0.381
  5818  190.88 1023.25 99.999  9.999 21.191   0   0 9.999  938   0 0.431
  5824  617.45 1027.64 99.999  9.999 20.947   0   0 9.999  971   0 0.364
  5833  350.10 1042.71 99.999  9.999 21.088   0   0 9.999  944   0 0.403
  5835  491.65 1044.63 99.999  9.999 20.816   0   0 9.999  966   0 0.344
  5836  582.96 1047.13 99.999  9.999 20.906   0   0 9.999  987   1 0.351
  5838  246.27 1047.78 99.999  9.999 21.419   0   0 9.999  912   0 0.511
  5840  206.10 1055.77 99.999  9.999 21.003   0   0 9.999  955   0 0.417
  5841  557.93 1058.58 99.999  9.999 20.918   0   0 9.999  951   1 0.359
  5842  478.84 1059.58 99.999  9.999 20.780   0   0 9.999  986   0 0.356
  5843  183.30 1062.43 99.999  9.999 21.027   0   0 9.999  945   0 0.394
  5847  473.24 1068.91 99.999  9.999 20.874   0   0 9.999  973   0 0.357
  5853  167.38 1076.24 99.999  9.999 20.883   0   0 9.999  949   0 0.390
  5855  509.99 1076.82 99.999  9.999 21.362   0   0 9.999  922   0 0.499
  5856  449.81 1081.52 99.999  9.999 21.462   0   0 9.999  901   0 0.498
  5860  288.15 1085.93 99.999  9.999 20.902   0   0 9.999  982   0 0.385
  5861  546.26 1086.63 99.999  9.999 20.969   0   0 9.999  970   0 0.394
  5865  222.35 1090.63 99.999  9.999 20.835   0   0 9.999  935   1 0.350
  5866  173.90 1092.22 21.139  0.961 20.178  40   0 0.864  862   0 0.513
  5868  189.10 1093.99 99.999  9.999 20.432   0   0 9.999  887   0 0.564
  5869  286.62 1095.44 99.999  9.999 21.364   0   0 9.999  905   0 0.492
  5871  165.88 1097.68 99.999  9.999 20.753   0   0 9.999  823   1 0.458
  5872  189.35 1100.51 99.999  9.999 20.262   0   0 9.999  688   0 0.770
  5874  163.49 1101.70 20.409 -0.235 20.645  59   0 0.685  774   1 0.458
  5876  193.04 1104.96 20.695  0.212 20.482  53   0 0.746  709   0 0.800
  5878  410.42 1106.13 99.999  9.999 20.922   0   0 9.999  968   0 0.391
  5879  512.00 1107.09 99.999  9.999 20.895   0   0 9.999  977   0 0.359
  5885  411.84 1113.37 99.999  9.999 20.880   0   0 9.999  967   0 0.353
  5888  345.24 1117.26 99.999  9.999 21.171   0   0 9.999  954   0 0.448
  5889  415.32 1117.79 99.999  9.999 20.883   0   0 9.999  976   0 0.354
  5890  190.02 1117.45 99.999  9.999 20.057   0   0 9.999  861   0 0.657
  5900  345.75  775.79 99.999  9.999 20.499   0   0 9.999  996   0 0.286
  5920  162.25 1151.69 21.540  5.671 15.869  76   0 0.247  996   4 0.011
  5921  335.06 1167.56 99.999  9.999 17.234   0   0 9.999 1030   2 0.042
  5971  332.04 1162.65 17.646  1.652 15.994  82   0 0.026 1047   2 0.017
  5974  274.23 1132.00 18.099  1.688 16.411  82   0 0.023 1021   1 0.014
  5976  332.70 1165.48 17.156  1.379 15.777  82   0 0.016 1047   2 0.014
  6077  382.03 1143.45 20.681  3.037 17.644  72   1 0.085 1011   1 0.023
  6079  322.41 1144.14 99.999  9.999 17.939   0   0 9.999 1009   1 0.029
  6082  296.05 1155.30 99.999  9.999 17.504   0   0 9.999 1010   1 0.021
  6084  215.97 1157.09 19.646  2.270 17.376  79   0 0.053 1010   1 0.021
  6085  488.98 1158.55 99.999  9.999 17.867   0   0 9.999 1009   1 0.027
  6086  227.05 1160.39 21.127  3.183 17.944  75   0 0.157 1004   2 0.032
  6088  303.90 1174.24 99.999  9.999 17.229   0   0 9.999 1013   1 0.024
  6089  165.32 1177.25 21.860  4.181 17.679  72   1 0.294  980   1 0.026
  6090  348.68 1176.47 20.616  2.953 17.663  76   0 0.116 1011   1 0.028
  6091  418.66 1179.45 99.999  9.999 17.342   0   0 9.999 1011   3 0.020
  6366  189.20 1126.23 21.753  3.013 18.740  64   0 0.483  986   3 0.074
  6374  532.71 1148.28 99.999  9.999 18.342   0   0 9.999 1007   2 0.042
  6376  304.18 1149.99 99.999  9.999 18.849   0   0 9.999 1002   4 0.063
  6377  393.61 1152.58 22.371  3.569 18.802  65   0 0.468 1000   1 0.058
  6378  614.18 1153.64 99.999  9.999 18.586   0   0 9.999 1005   2 0.052
  6379  179.19 1158.88 99.999  9.999 18.875   0   0 9.999  980   2 0.068
  6382  413.08 1164.90 99.999  9.999 18.793   0   0 9.999 1000   2 0.056
  6384  594.56 1168.90 21.975  3.234 18.741  75   0 0.346 1004   2 0.058
  6385  493.66 1176.54 20.707  2.602 18.105  73   0 0.112 1004   5 0.033
  6386  411.60 1179.72 99.999  9.999 18.345   0   0 9.999 1010   0 0.044
  6973  617.73 1157.74 99.999  9.999 19.414   0   0 9.999 1002   3 0.103
  7021  527.24 1125.00 99.999  9.999 19.311   0   0 9.999  998   2 0.088
  7022  172.82 1125.80 21.907  2.249 19.658  63   0 0.677  986   1 0.273
  7030  520.30 1131.99 99.999  9.999 19.782   0   0 9.999  999   0 0.139
  7031  411.92 1134.19 99.999  9.999 19.489   0   0 9.999 1004   3 0.106
  7034  258.70 1134.92 99.999  9.999 19.560   0   0 9.999  996   4 0.125
  7035  524.49 1137.26 99.999  9.999 19.150   0   0 9.999  999   8 0.078
  7038  447.10 1137.73 99.999  9.999 19.398   0   0 9.999  997   3 0.095
  7039  345.04 1139.11 99.999  9.999 18.989   0   0 9.999  998   4 0.067
  7043  442.97 1142.19 99.999  9.999 19.810   0   0 9.999 1000   1 0.141
  7046  206.59 1145.46 99.999  9.999 19.632   0   0 9.999  998   1 0.134
  7049  545.16 1151.89 99.999  9.999 19.702   0   0 9.999 1002   3 0.128
  7051  373.07 1154.99 99.999  9.999 19.051   0   0 9.999  997   3 0.072
  7053  256.78 1160.84 99.999  9.999 19.513   0   0 9.999 1001   1 0.107
  7054  514.60 1162.00 99.999  9.999 19.232   0   0 9.999 1003   2 0.085
  7056  564.28 1163.48 99.999  9.999 19.306   0   0 9.999  997   4 0.093
  7060  537.39 1163.80 99.999  9.999 19.106   0   0 9.999 1008   1 0.079
  7063  229.08 1167.64 99.999  9.999 19.598   0   0 9.999  999   5 0.119
  7066  327.11 1171.33 99.999  9.999 19.380   0   0 9.999 1002   0 0.131
  7068  333.93 1172.73 99.999  9.999 19.515   0   0 9.999 1012   0 0.165
  7070  284.51 1174.96 99.999  9.999 19.481   0   0 9.999  998   4 0.102
  7077  456.97 1182.53 99.999  9.999 19.016   0   0 9.999 1003   2 0.083
  7079  224.01 1184.47 99.999  9.999 18.954   0   0 9.999  997   3 0.071
  7085  460.00 1189.54 99.999  9.999 19.341   0   0 9.999 1004   3 0.111
  8153  395.73 1126.35 99.999  9.999 20.016   0   0 9.999 1000   2 0.176
  8154  610.07 1126.07 99.999  9.999 20.054   0   0 9.999 1002   2 0.178
  8155  359.43 1126.73 99.999  9.999 21.111   0   0 9.999  959   0 0.423
  8161  431.34 1130.86 99.999  9.999 20.573   0   0 9.999  992   0 0.280
  8163  552.85 1133.08 99.999  9.999 20.047   0   0 9.999  994   3 0.165
  8164  503.46 1136.31 99.999  9.999 20.475   0   0 9.999 1003   1 0.270
  8165  610.32 1138.10 99.999  9.999 20.282   0   0 9.999  993   1 0.224
  8170  230.81 1142.45 99.999  9.999 19.761   0   0 9.999 1002   1 0.140
  8176  309.27 1147.31 99.999  9.999 20.218   0   0 9.999  997   1 0.212
  8178  476.02 1149.10 99.999  9.999 19.935   0   0 9.999 1002   1 0.162
  8179  168.91 1150.49 99.999  9.999 19.930   0   0 9.999  971   0 0.237
  8182  357.58 1152.75 99.999  9.999 20.016   0   0 9.999 1006   1 0.178
  8185  537.55 1153.82 99.999  9.999 20.723   0   0 9.999  981   0 0.314
  8187  334.61 1157.39 99.999  9.999 20.570   0   0 9.999  922   0 0.393
  8193  350.96 1161.71 99.999  9.999 19.748   0   0 9.999 1002   3 0.140
  8194  507.76 1159.95 99.999  9.999 20.845   0   0 9.999  969   0 0.357
  8198  252.29 1165.73 99.999  9.999 20.363   0   0 9.999  999   2 0.226
  8202  318.68 1170.96 99.999  9.999 19.790   0   0 9.999 1002   3 0.151
  8203  471.01 1171.87 99.999  9.999 20.045   0   0 9.999 1000   2 0.178
  8206  266.24 1171.91 99.999  9.999 19.899   0   0 9.999 1001   2 0.157
  8209  426.92 1173.42 99.999  9.999 20.275   0   0 9.999 1005   3 0.230
  8211  171.63 1174.29 99.999  9.999 20.503   0   0 9.999  966   1 0.284
  8213  249.89 1175.62 99.999  9.999 20.402   0   0 9.999 1000   0 0.258
  8214  275.41 1174.22 99.999  9.999 20.556   0   0 9.999  999   1 0.278
  8220  606.47 1179.46 99.999  9.999 19.885   0   0 9.999 1000   2 0.150
  8222  480.81 1179.28 99.999  9.999 20.212   0   0 9.999 1002   0 0.216
  8223  405.31 1181.29 99.999  9.999 20.893   0   0 9.999  959   0 0.353
  8224  497.04 1182.28 99.999  9.999 20.646   0   0 9.999  997   0 0.295
  8225  349.94 1183.30 99.999  9.999 20.259   0   0 9.999 1008   2 0.225
  9876  266.18 1124.23 99.999  9.999 20.467   0   0 9.999  994   0 0.289
  9883  450.99 1129.33 99.999  9.999 20.995   0   0 9.999  981   0 0.393
  9884  346.69 1130.64 99.999  9.999 21.052   0   0 9.999  948   0 0.398
  9885  375.16 1135.44 99.999  9.999 20.853   0   0 9.999  977   0 0.343
  9888  247.09 1141.39 99.999  9.999 20.719   0   0 9.999  984   1 0.320
  9890  586.62 1142.33 99.999  9.999 20.952   0   0 9.999  975   0 0.368
  9894  283.08 1150.69 99.999  9.999 20.607   0   0 9.999  991   0 0.292
  9895  485.18 1149.33 99.999  9.999 21.265   0   0 9.999  940   0 0.465
  9901  343.03 1158.67 99.999  9.999 20.672   0   0 9.999  974   2 0.307
  9907  340.30 1164.28 99.999  9.999 20.787   0   0 9.999  939   0 0.405
  9909  187.51 1163.38 99.999  9.999 21.065   0   0 9.999  954   0 0.420
  9911  178.77 1163.08 99.999  9.999 21.075   0   0 9.999  929   0 0.436
  9912  601.48 1167.55 99.999  9.999 20.950   0   0 9.999  980   1 0.386
  9916  562.84 1169.47 99.999  9.999 21.330   0   0 9.999  911   0 0.470
  9920  434.95 1175.03 99.999  9.999 20.667   0   0 9.999  992   1 0.290
  9929  538.72 1185.44 99.999  9.999 20.986   0   0 9.999  974   0 0.387
