# Name          Type     to          uo       tE     rho      log_s   log_q   alpha   f_source  g_blending to-time_anomaly 
# 
WFIRST_1545.dat PSPL     2460954.459 0.345481 91.165 0.000000 0.00000 0.00000 0.00000 359.06328 0.000 0.000
WFIRST_2202.dat PSPL     2460957.031 0.863101 36.666 0.000000 0.00000 0.00000 0.00000 234.48117 0.000 0.000
WFIRST_1714.dat PSPL     2460943.704 0.120016 74.919 0.000000 0.00000 0.00000 0.00000 923.29698 0.000 0.000
WFIRST_1638.dat PSPL     2460963.855 0.611649 16.983 0.000000 0.00000 0.00000 0.00000 499.03267 0.000 0.000
WFIRST_2209.dat PSPL     2460939.767 0.739256 93.309 0.000000 0.00000 0.00000 0.00000 59.04475 0.000 0.000
WFIRST_0895.dat PSPL     2460967.419 0.793404 45.766 0.000000 0.00000 0.00000 0.00000 1521.54984 0.000 0.000
WFIRST_1776.dat PSPL     2460950.936 0.781687 32.014 0.000000 0.00000 0.00000 0.00000 289.50678 0.000 0.000
WFIRST_1999.dat PSPL     2460958.141 0.102026 11.855 0.000000 0.00000 0.00000 0.00000 766.01123 0.000 0.000
WFIRST_0985.dat PSPL     2460955.488 0.566079 24.240 0.000000 0.00000 0.00000 0.00000 5273.87550 0.000 0.000
WFIRST_1180.dat PSPL     2460958.866 0.158539 49.963 0.000000 0.00000 0.00000 0.00000 2311.42787 0.000 0.000
WFIRST_1861.dat PSPL     2460940.494 0.300846 13.535 0.000000 0.00000 0.00000 0.00000 124.96985 0.000 0.000
WFIRST_1530.dat PSPL     2460948.804 0.492346 79.371 0.000000 0.00000 0.00000 0.00000 28.80149 0.000 0.000
WFIRST_0949.dat PSPL     2460958.953 0.899248 41.687 0.000000 0.00000 0.00000 0.00000 53.61987 0.000 0.000
WFIRST_0933.dat PSPL     2460942.796 0.746142 25.771 0.000000 0.00000 0.00000 0.00000 4793.65307 0.000 0.000
WFIRST_1234.dat PSPL     2460941.076 0.861443 80.121 0.000000 0.00000 0.00000 0.00000 84.23931 0.000 0.000
WFIRST_1063.dat Binary   2460958.697 0.034266 36.165 0.003097 -0.03476 -0.32074 -1.06550 121.98709 0.000 0.000
WFIRST_0499.dat Binary   2460970.379 0.117793 50.405 0.001628 -0.03328 -0.63054 -1.43471 1995.26279 0.000 0.000
WFIRST_0467.dat Binary   2460950.814 0.045255 47.700 0.000414 -0.05694 -0.30592 0.91489 549.39228 0.000 0.000
WFIRST_1518.dat Binary   2460963.035 0.141423 93.060 0.000671 0.11496 -0.61173 -1.62120 40.47001 0.000 0.000
WFIRST_1322.dat Binary   2460967.348 0.095692 50.752 0.000110 0.04714 -0.64963 1.54127 51.82492 0.000 0.000
WFIRST_0281.dat GLPlanet 2460950.300 0.292557 48.134 0.002381 0.10211 -5.17956 -0.66425 335.46458 0.000 17.986
WFIRST_1606.dat GLPlanet 2460949.868 0.452300 60.121 0.001418 0.11180 -5.56500 -1.05298 1167.22838 0.000 15.491
WFIRST_2006.dat GLPlanet 2460957.327 0.389201 34.267 0.000518 0.11774 -5.83817 -2.35340 903.88620 0.000 -13.262
WFIRST_0284.dat GLPlanet 2460966.643 0.478948 63.500 0.002612 0.11026 -5.11168 -1.93851 3027.43564 0.000 -11.716
WFIRST_2007.dat GLPlanet 2460956.945 0.471983 24.217 0.002867 0.13813 -5.34490 -0.81776 326.70321 0.000 10.713
WFIRST_1792.dat GLPlanet 2460947.375 0.276364 12.566 0.000270 0.26319 -5.08128 -2.92528 791.58754 0.000 -15.803
WFIRST_2368.dat GLPlanet 2460957.443 0.498243 58.865 0.001448 0.13360 -5.01027 -0.92262 127.08621 0.000 22.212
WFIRST_2118.dat GLPlanet 2460967.633 0.274839 14.971 0.004232 0.21597 -5.10602 -0.26848 337.94081 0.000 14.955
WFIRST_0010.dat GLPlanet 2460952.103 0.344724 44.979 0.001592 0.13831 -5.29038 -0.56118 68.39208 0.000 24.667
WFIRST_2385.dat GLPlanet 2460957.233 0.334929 95.447 0.001043 0.08976 -5.51478 -0.93487 2051.44123 0.000 23.600
WFIRST_0231.dat GLPlanet 2460964.190 0.129930 34.717 0.001031 0.10925 -5.10053 -2.88319 757.53832 0.000 -17.066
WFIRST_0309.dat GLPlanet 2460956.470 0.438702 24.963 0.002052 0.23890 -5.29051 -2.75252 1185.47049 0.000 -26.712
WFIRST_2072.dat GLPlanet 2460960.566 0.400109 68.588 0.002919 0.09369 -5.28487 -1.16853 169.96564 0.000 11.676
WFIRST_1167.dat GLPlanet 2460945.666 0.328170 59.363 0.001051 0.08923 -5.23886 -0.91575 698.56338 0.000 14.965
WFIRST_0588.dat GLPlanet 2460956.986 0.359470 33.405 0.002864 0.10843 -5.31344 -2.34854 129.76188 0.000 -11.826
WFIRST_0248.dat NCPlanet 2460954.421 0.026615 34.105 0.000950 0.15906 -5.98223 -0.03364 23.60769 0.000 25.530
WFIRST_0017.dat NCPlanet 2460958.412 0.492206 97.545 0.003850 0.12034 -5.46213 -1.04831 132.45945 0.000 27.324
WFIRST_2224.dat NCPlanet 2460957.029 0.309638 76.564 0.001774 0.09555 -5.30184 -2.37723 73.53126 0.000 -24.514
WFIRST_0810.dat NCPlanet 2460970.621 0.026003 15.548 0.009719 0.15272 -5.62451 -0.01591 54.98027 0.000 11.160
WFIRST_1244.dat NCPlanet 2460961.269 0.039494 20.229 0.003950 0.21461 -5.49893 -3.10896 34.82533 0.000 -20.805
WFIRST_0347.dat HMPlanet 2460956.622 0.000079 91.271 0.000029 0.19418 -5.16030 2.43688 147.19115 0.000 0.000
WFIRST_0205.dat HMPlanet 2460949.615 0.000083 57.452 0.000056 0.20526 -5.05856 -1.95118 59.17391 0.000 0.000
WFIRST_0221.dat HMPlanet 2460969.392 0.000053 64.364 0.000081 0.09553 -5.02012 0.90208 3440.06824 0.000 0.000
WFIRST_2096.dat HMPlanet 2460962.041 0.000023 90.842 0.000810 0.08676 -5.11603 1.98391 2724.71129 0.000 0.000
WFIRST_0495.dat HMPlanet 2460947.859 0.000256 8.436 0.000081 0.11352 -5.83768 2.83508 3757.75128 0.000 0.000
