2456329.86849 21.177 0.624 7.13 830.0
2456334.85648 22.183 1.123 6.81 478.0
2456335.84245 20.712 0.303 6.51 493.0
2456337.89512 21.028 0.417 5.06 999.0
2456338.87497 20.840 0.270 5.72 391.0
2456339.84404 20.886 0.296 5.95 455.0
2456339.88756 20.468 0.163 4.16 515.0
2456340.86379 20.438 0.181 5.04 444.0
2456341.84427 20.913 0.448 7.76 497.0
2456343.85876 20.653 0.305 6.94 492.0
2456343.89428 20.486 0.280 5.89 733.0
2456344.85797 20.084 0.104 4.18 397.0
2456345.83118 20.033 0.117 4.87 409.0
2456345.87573 20.698 0.200 4.21 410.0
2456347.83992 20.428 0.203 5.15 587.0
2456347.87848 20.512 0.174 4.45 487.0
2456348.82206 20.284 0.181 5.40 690.0
2456348.86358 20.280 0.145 4.47 571.0
2456349.83345 20.012 0.177 5.71 700.0
2456349.86901 20.720 0.259 4.82 613.0
2456350.82262 21.178 0.473 5.94 635.0
2456350.86911 20.790 0.291 5.11 572.0
2456351.82123 20.808 0.344 6.03 608.0
2456351.86956 20.203 0.161 4.82 550.0
2456352.82009 21.550 0.634 5.58 639.0
2456352.86541 20.788 0.206 3.81 569.0
2456353.80018 20.268 0.181 5.16 615.0
2456353.84080 20.486 0.196 4.84 538.0
2456353.89684 20.283 0.165 5.23 542.0
2456354.78071 20.492 0.288 6.40 736.0
2456354.87350 19.934 0.100 4.27 540.0
2456355.85866 20.624 0.314 4.25 1542.0
2456358.82907 20.653 0.199 4.59 488.0
2456358.87348 20.546 0.145 3.85 448.0
2456360.79551 20.532 0.157 4.28 448.0
2456360.83288 20.523 0.156 4.17 439.0
2456360.88049 20.265 0.129 4.49 416.0
2456361.81854 20.560 0.192 4.97 455.0
2456361.85587 20.249 0.144 5.00 452.0
2456361.89896 21.968 0.792 5.55 431.0
2456362.80390 21.268 0.398 5.27 465.0
2456362.84133 19.988 0.107 4.39 448.0
2456362.89267 20.364 0.155 4.86 399.0
2456363.81026 21.501 0.561 5.72 463.0
2456363.86524 20.528 0.170 4.67 429.0
2456367.82056 20.596 0.168 4.74 375.0
2456367.86891 20.044 0.084 3.86 355.0
2456367.90737 20.461 0.148 3.58 510.0
2456368.80561 20.430 0.145 4.53 396.0
2456368.85874 20.784 0.207 4.45 402.0
2456368.89880 20.420 0.153 4.40 434.0
2456369.78631 20.499 0.195 5.81 395.0
2456369.82593 20.351 0.137 4.65 388.0
2456369.88081 20.630 0.157 4.16 363.0
2456370.76491 21.120 0.334 6.08 403.0
2456370.81595 20.793 0.203 4.53 395.0
2456370.85929 20.335 0.133 4.44 394.0
2456370.89854 20.126 0.106 4.20 397.0
2456371.78062 20.521 0.171 5.72 350.0
2456371.82958 20.424 0.189 6.08 354.0
2456371.86836 20.626 0.145 4.22 330.0
2456371.91183 20.368 0.140 4.39 441.0
2456372.77336 20.238 0.149 5.50 438.0
2456372.82206 20.340 0.127 4.37 401.0
2456372.86190 20.259 0.124 4.49 399.0
2456372.90535 20.389 0.150 4.45 426.0
2456373.78685 20.870 0.369 6.68 482.0
2456373.83596 20.334 0.151 4.94 418.0
2456373.87578 21.045 0.367 6.24 427.0
2456373.91544 20.734 0.287 4.63 894.0
2456374.77945 20.569 0.230 5.62 493.0
2456374.83076 20.486 0.190 5.45 412.0
2456374.87064 20.473 0.162 4.80 421.0
2456374.91181 20.081 0.125 4.94 469.0
2456375.77855 20.288 0.138 4.48 475.0
2456375.84572 20.222 0.114 4.42 371.0
2456375.88592 20.485 0.143 4.30 388.0
2456376.75097 19.759 0.123 6.06 617.0
2456376.78913 20.366 0.144 4.33 549.0
2456376.84185 20.409 0.150 4.25 503.0
2456376.88401 20.546 0.139 3.79 423.0
2456377.75024 21.156 0.396 5.73 653.0
2456377.81406 20.330 0.142 4.64 535.0
2456377.85359 20.336 0.117 3.65 495.0
2456377.89442 20.432 0.129 3.55 468.0
2456378.76052 20.111 0.156 5.89 763.0
2456378.80961 20.095 0.119 4.44 673.0
2456378.84867 20.109 0.124 4.20 624.0
2456378.89013 20.532 0.143 3.46 604.0
2456379.74704 20.590 0.308 5.93 869.0
2456379.78471 20.653 0.221 4.37 729.0
2456379.83400 20.376 0.169 4.34 672.0
2456379.87530 20.141 0.140 4.62 631.0
2456379.91943 20.205 0.157 3.47 1118.0
2456380.77425 20.368 0.155 4.49 612.0
2456380.83686 20.257 0.137 4.11 552.0
2456380.87720 20.288 0.132 3.67 557.0
2456380.92367 21.677 0.791 3.57 1907.0
2456381.78246 20.326 0.153 4.61 601.0
2456381.83103 20.159 0.113 3.91 540.0
2456381.86998 20.691 0.156 3.40 508.0
2456381.91080 20.530 0.146 3.51 555.0
2456382.77624 21.633 0.713 5.60 665.0
2456382.81555 20.408 0.207 5.08 617.0
2456382.85563 20.278 0.161 4.65 598.0
2456382.89675 19.988 0.155 4.67 883.0
2456386.74216 20.334 0.235 7.35 464.0
2456386.76931 20.815 0.253 5.38 450.0
2456386.82278 20.732 0.239 5.50 431.0
2456386.87042 20.898 0.283 5.33 434.0
2456386.92563 20.404 0.314 5.83 1151.0
2456387.74389 20.460 0.155 5.04 386.0
2456387.78714 20.131 0.114 4.95 389.0
2456387.82668 20.605 0.174 4.67 400.0
2456387.86574 20.419 0.160 4.72 396.0
2456387.90984 21.008 0.318 5.36 450.0
2456388.74220 20.111 0.150 6.07 434.0
2456388.80673 20.133 0.115 4.67 385.0
2456388.85337 20.642 0.187 4.37 430.0
2456388.86945 20.420 0.148 4.15 434.0
2456388.92093 20.247 0.211 5.86 748.0
2456389.71693 21.356 0.558 6.89 509.0
2456389.78155 20.367 0.159 5.20 419.0
2456389.82275 20.293 0.155 5.17 440.0
2456389.86130 20.181 0.127 4.52 433.0
2456389.90516 20.580 0.197 4.91 433.0
2456390.72564 20.794 0.248 5.39 446.0
2456390.76584 20.639 0.205 5.10 444.0
2456390.80763 21.097 0.333 5.46 433.0
2456390.85209 20.488 0.146 4.03 403.0
2456390.89871 21.247 0.342 5.02 414.0
2456391.69821 20.773 0.374 7.30 493.0
2456391.70832 20.757 0.368 7.53 471.0
2456391.72449 20.186 0.219 7.46 471.0
2456391.73731 20.673 0.272 6.35 438.0
2456391.75969 20.304 0.176 5.86 424.0
2456391.77549 20.893 0.297 5.67 424.0
2456391.78831 20.767 0.290 6.24 431.0
2456391.80139 21.782 0.819 6.94 436.0
2456391.81542 20.476 0.217 6.24 433.0
2456391.82847 20.153 0.163 6.09 446.0
2456391.85510 19.844 0.105 5.48 457.0
2456391.86829 20.388 0.197 6.09 477.0
2456391.88177 20.337 0.200 6.43 481.0
2456391.90351 20.833 0.355 6.63 493.0
2456393.69612 21.190 0.517 6.72 508.0
2456393.70931 20.702 0.288 5.74 497.0
2456393.72078 20.517 0.217 5.02 501.0
2456393.73360 21.732 0.658 5.09 491.0
2456393.76021 20.675 0.247 5.17 465.0
2456393.77343 20.584 0.214 4.85 462.0
2456393.78622 20.795 0.266 5.02 454.0
2456393.79914 21.074 0.341 5.40 443.0
2456393.82433 20.403 0.162 4.90 449.0
2456393.83895 20.094 0.136 5.38 452.0
2456393.85183 19.883 0.100 4.99 460.0
2456393.87880 20.929 0.323 6.44 460.0
2456393.89514 20.056 0.156 6.34 476.0
2456394.71623 20.169 0.186 6.89 489.0
2456394.72902 20.255 0.186 6.53 467.0
2456394.74222 20.387 0.190 5.60 496.0
2456394.76884 20.772 0.257 5.44 468.0
2456394.78174 20.164 0.136 5.07 478.0
2456394.80357 20.721 0.241 5.23 456.0
2456394.81631 20.292 0.163 5.33 452.0
2456394.82918 20.139 0.161 5.78 467.0
2456394.84222 21.022 0.314 5.33 443.0
2456394.85537 20.013 0.111 4.70 436.0
2456394.86851 20.324 0.177 5.50 461.0
2456394.88286 21.765 0.740 5.94 467.0
2456394.92001 20.425 0.178 4.81 493.0
2456394.93301 20.125 0.267 4.40 2328.0
2456395.69446 20.716 0.318 6.46 545.0
2456395.70876 20.182 0.182 6.17 523.0
2456395.72147 21.209 0.346 4.98 496.0
2456395.73494 20.170 0.133 4.70 499.0
2456395.75727 20.561 0.174 4.17 500.0
2456395.77006 20.891 0.231 4.28 487.0
2456395.79357 20.168 0.128 4.44 503.0
2456395.80660 20.613 0.157 3.61 488.0
2456395.81973 20.212 0.110 3.89 470.0
2456395.83260 20.646 0.157 3.87 464.0
2456395.84545 20.295 0.114 3.82 469.0
2456395.85874 20.750 0.162 3.66 470.0
2456395.87250 20.574 0.137 3.56 474.0
2456395.88619 20.916 0.185 3.51 475.0
2456395.90277 20.404 0.127 3.85 475.0
2456395.91723 20.260 0.108 3.64 492.0
2456396.69133 20.623 0.231 5.35 569.0
2456396.70394 20.598 0.193 4.83 528.0
2456396.71660 20.330 0.140 4.50 497.0
2456396.73833 20.245 0.120 4.30 454.0
2456396.75082 20.606 0.166 4.30 436.0
2456396.76342 20.645 0.158 4.02 410.0
2456396.77590 20.259 0.104 3.69 409.0
2456396.80039 20.187 0.096 3.67 405.0
2456396.81349 20.391 0.122 3.93 409.0
2456396.82779 20.121 0.094 3.75 408.0
2456396.84334 20.156 0.090 3.50 413.0
2456396.85622 20.351 0.117 3.64 434.0
2456396.86976 20.125 0.093 3.70 433.0
2456396.88390 20.586 0.156 4.00 443.0
2456396.89812 20.572 0.166 3.99 451.0
2456396.91084 20.162 0.116 4.18 451.0
2456396.92364 20.282 0.148 4.06 648.0
2456397.69191 20.298 0.158 5.35 484.0
2456397.70442 20.780 0.216 4.82 461.0
2456397.71696 20.176 0.113 4.44 435.0
2456397.72969 20.375 0.130 4.19 429.0
2456397.75513 20.199 0.105 4.00 419.0
2456397.76778 20.437 0.132 4.08 411.0
2456397.78056 20.162 0.112 4.36 406.0
2456397.80215 20.615 0.163 4.22 403.0
2456397.81477 21.003 0.234 4.30 405.0
2456397.82929 20.485 0.139 4.20 402.0
2456397.84197 20.393 0.126 3.88 416.0
2456397.85456 20.269 0.111 3.87 408.0
2456397.86722 20.621 0.152 3.96 413.0
2456397.87985 20.384 0.125 4.04 425.0
2456397.89305 20.716 0.178 3.85 426.0
2456397.90630 20.609 0.167 4.04 421.0
2456397.91901 20.495 0.157 4.15 466.0
2456397.93194 19.370 0.124 4.15 2450.0
2456398.68848 20.716 0.238 4.84 501.0
2456398.70163 20.665 0.193 3.90 465.0
2456398.71419 20.525 0.161 3.99 449.0
2456398.72743 20.978 0.237 3.53 440.0
2456398.74999 20.633 0.173 4.06 409.0
2456398.76507 20.303 0.131 4.16 406.0
2456398.78923 20.148 0.104 3.48 398.0
2456398.80188 20.764 0.228 5.02 395.0
2456398.81458 20.647 0.181 4.39 394.0
2456398.82722 20.459 0.149 4.08 400.0
2456398.84010 20.942 0.237 4.33 405.0
2456398.85427 20.777 0.216 4.48 408.0
2456398.86758 20.475 0.171 4.85 413.0
2456398.88231 20.594 0.194 4.34 419.0
2456398.89523 20.026 0.115 4.70 422.0
2456398.90823 20.537 0.175 4.27 438.0
2456398.92078 20.118 0.104 3.60 508.0
2456399.68025 19.954 0.155 6.70 478.0
2456399.69278 21.026 0.340 5.32 464.0
2456399.70672 20.316 0.170 5.55 439.0
2456399.71918 20.085 0.127 5.25 425.0
2456399.73161 20.804 0.243 5.26 415.0
2456399.74497 19.762 0.097 5.48 419.0
2456399.75732 21.008 0.266 4.58 422.0
2456399.78045 20.335 0.143 4.76 413.0
2456399.80220 20.388 0.138 4.39 408.0
2456399.81524 20.525 0.149 4.09 407.0
2456399.82778 20.208 0.121 4.39 417.0
2456399.84093 20.900 0.261 5.04 416.0
2456399.85358 20.535 0.176 4.82 418.0
2456399.86684 20.296 0.176 5.64 430.0
2456399.88718 20.665 0.224 5.26 434.0
2456399.92810 19.973 0.174 4.73 1079.0
2456400.67899 20.255 0.181 6.38 427.0
2456400.69928 20.584 0.173 4.87 393.0
2456400.71350 20.392 0.152 5.10 391.0
2456400.72764 20.724 0.192 4.67 415.0
2456400.74385 20.347 0.157 5.16 427.0
2456400.75664 21.173 0.298 4.49 428.0
2456400.79047 20.575 0.175 4.39 427.0
2456400.80842 20.538 0.183 4.68 435.0
2456400.82271 20.543 0.166 4.44 404.0
2456400.84811 20.397 0.152 4.67 409.0
2456400.86324 20.269 0.142 5.08 405.0
2456400.88192 20.162 0.129 4.88 416.0
2456400.89608 20.323 0.146 4.87 434.0
2456400.91043 20.870 0.255 4.92 466.0
2456400.92521 20.320 0.187 4.87 701.0
2456401.69381 20.439 0.205 5.85 488.0
2456401.70637 20.674 0.231 5.45 450.0
2456401.71906 20.808 0.254 5.26 426.0
2456401.74097 20.284 0.123 4.43 395.0
2456401.75342 20.436 0.138 4.26 398.0
2456401.76599 20.284 0.121 4.22 403.0
2456401.78256 20.125 0.100 4.02 397.0
2456401.80442 20.771 0.206 4.57 403.0
2456401.81702 20.566 0.152 4.18 402.0
2456401.82986 20.319 0.127 4.20 412.0
2456401.84289 20.101 0.096 3.99 411.0
2456401.85770 20.106 0.094 3.75 424.0
2456401.87158 20.014 0.089 3.77 435.0
2456401.88467 20.698 0.172 3.81 435.0
2456401.89744 20.607 0.182 4.37 451.0
2456401.90990 20.751 0.199 4.16 468.0
2456401.92255 20.241 0.124 3.73 550.0
2456402.69053 20.019 0.131 5.36 529.0
2456402.70318 20.634 0.265 5.99 506.0
2456402.71578 21.035 0.331 5.39 487.0
2456402.72843 20.470 0.164 4.64 478.0
2456402.74106 22.202 1.174 6.09 484.0
2456402.76304 20.427 0.158 4.68 442.0
2456402.77556 20.337 0.150 4.75 441.0
2456402.78822 20.433 0.177 5.20 431.0
2456402.80998 20.062 0.124 5.03 428.0
2456402.82263 20.622 0.205 5.11 434.0
2456402.83691 20.274 0.163 5.37 446.0
2456402.85012 20.708 0.226 4.89 450.0
2456402.86325 20.768 0.234 4.76 465.0
2456402.87696 20.746 0.229 4.75 469.0
2456402.89120 20.672 0.356 6.99 498.0
2456402.90389 21.108 0.392 5.65 496.0
2456402.91647 20.711 0.364 7.14 526.0
2456403.68157 20.310 0.155 5.07 484.0
2456403.69408 20.757 0.215 4.87 463.0
2456403.70659 20.462 0.164 4.70 447.0
2456403.71919 20.415 0.130 4.09 438.0
2456403.73172 20.308 0.116 3.85 435.0
2456403.74416 20.458 0.147 4.14 438.0
2456403.75670 20.104 0.100 3.87 432.0
2456403.76943 20.185 0.119 4.10 513.0
2456403.78346 20.391 0.120 3.67 426.0
2456403.80523 20.428 0.127 3.92 411.0
2456403.81776 20.266 0.113 4.19 406.0
2456403.83040 20.571 0.156 4.25 401.0
2456403.84354 20.421 0.130 4.07 413.0
2456403.85612 20.405 0.157 4.65 437.0
2456403.87031 20.703 0.197 4.61 435.0
2456403.89885 20.228 0.131 4.52 463.0
2456403.91310 20.440 0.146 4.10 471.0
2456403.92704 20.217 0.151 4.07 753.0
2456404.69087 21.055 0.417 5.09 809.0
2456404.71162 20.246 0.161 4.73 673.0
2456404.72621 20.879 0.241 4.35 481.0
2456404.74025 20.014 0.127 5.18 483.0
2456404.75300 20.931 0.320 4.79 639.0
2456404.76567 20.986 0.282 4.70 468.0
2456404.78913 19.307 0.071 4.30 756.0
2456404.80165 20.737 0.215 4.43 514.0
2456404.81490 20.105 0.106 4.07 459.0
2456404.82796 20.390 0.153 4.81 415.0
2456404.84092 20.342 0.128 4.18 406.0
2456404.85404 20.564 0.159 4.15 414.0
2456404.86753 20.360 0.153 4.48 433.0
2456404.89036 21.105 0.310 4.48 456.0
2456404.90289 19.980 0.112 4.54 469.0
2456404.91978 20.421 0.177 4.73 513.0
2456405.78410 20.187 0.279 4.50 2189.0
2456405.87010 20.565 0.134 3.77 434.0
2456405.88553 20.235 0.100 3.69 431.0
2456405.89844 20.646 0.149 3.63 441.0
2456405.91118 19.978 0.085 3.75 454.0
2456405.92377 20.810 0.187 3.53 531.0
2456406.74518 20.236 0.235 4.54 1417.0
2456406.75836 21.780 0.985 4.29 1749.0
2456406.76998 22.055 1.652 4.94 1856.0
2456406.79715 21.090 0.612 4.48 2121.0
2456406.81507 21.193 0.698 4.81 1982.0
2456406.83254 20.831 0.464 4.21 2200.0
2456406.85045 20.570 0.298 3.97 1672.0
2456406.87036 20.429 0.224 3.77 1313.0
2456406.88840 19.844 0.130 3.61 1506.0
2456406.90553 20.590 0.177 3.62 674.0
2456406.91828 19.917 0.085 3.82 510.0
2456406.92953 20.209 0.142 4.14 692.0
2456407.65528 20.734 0.383 5.84 880.0
2456407.68787 20.608 0.364 6.74 743.0
2456407.70852 20.599 0.247 4.96 682.0
2456407.72120 20.550 0.226 4.92 662.0
2456407.73381 20.482 0.249 5.55 660.0
2456407.74646 21.518 0.510 4.71 637.0
2456407.75920 20.477 0.193 4.55 621.0
2456407.77200 20.458 0.177 4.32 611.0
2456407.78453 20.485 0.195 4.74 610.0
2456407.79707 20.366 0.169 4.31 613.0
2456407.81146 21.301 0.412 4.62 621.0
2456407.83355 20.498 0.195 4.61 627.0
2456407.84695 20.834 0.238 4.14 624.0
2456407.86081 20.505 0.202 4.57 674.0
2456407.87403 20.034 0.119 3.83 694.0
2456407.89632 20.238 0.149 4.00 757.0
2456407.90956 20.251 0.192 4.87 790.0
2456407.92215 20.611 0.230 4.19 780.0
2456408.72221 20.665 0.564 7.10 1417.0
2456408.73751 20.092 0.308 5.86 1874.0
2456408.75014 20.634 0.394 5.61 1213.0
2456408.76310 19.859 0.151 5.02 931.0
2456408.77686 20.568 0.286 5.72 731.0
2456408.78977 21.749 0.810 5.64 729.0
2456408.80295 20.145 0.194 5.72 718.0
2456408.81571 20.108 0.174 5.44 696.0
2456408.83056 21.044 0.441 5.61 691.0
2456409.74730 19.627 0.183 7.74 811.0
2456409.79070 21.046 0.536 6.31 812.0
2456409.80331 20.721 0.440 6.85 840.0
2456409.82185 20.386 0.269 5.80 818.0
2456409.83504 20.235 0.192 4.98 820.0
2456409.86460 20.644 0.327 5.43 880.0
2456409.87727 21.087 0.513 5.69 903.0
2456409.89053 19.986 0.184 5.71 891.0
2456409.90315 20.033 0.177 5.32 861.0
2456409.91586 19.969 0.146 4.75 867.0
2456409.92840 20.784 0.358 5.19 941.0
2456415.70115 20.592 0.312 7.58 488.0
2456415.71762 20.803 0.392 7.58 478.0
2456415.74356 20.578 0.235 6.05 452.0
2456415.75619 20.806 0.320 6.54 446.0
2456415.76893 20.476 0.183 5.15 447.0
2456415.78150 20.640 0.330 7.49 454.0
2456415.79679 20.622 0.299 6.99 457.0
2456415.80947 19.752 0.114 6.01 459.0
2456415.82253 20.668 0.222 5.28 449.0
2456415.84020 20.206 0.140 5.11 428.0
2456415.86181 20.578 0.278 6.98 433.0
2456415.87456 20.494 0.242 6.43 440.0
2456415.89809 20.424 0.164 5.01 441.0
2456415.91061 20.533 0.209 5.51 453.0
2456415.92338 20.094 0.145 5.60 477.0
2456415.93586 20.410 0.352 6.41 1185.0
2456416.64147 20.858 0.338 6.11 534.0
2456416.65408 20.331 0.184 5.56 511.0
2456416.67337 20.561 0.246 5.91 522.0
2456416.68622 21.234 0.478 6.00 505.0
2456416.69921 20.515 0.200 4.98 500.0
2456416.73684 20.097 0.121 4.68 469.0
2456416.74948 20.743 0.206 4.29 463.0
2456416.76235 20.690 0.193 4.49 446.0
2456416.77507 20.536 0.163 4.36 439.0
2456416.78765 20.287 0.121 4.18 433.0
2456416.80977 20.709 0.167 3.95 430.0
2456416.82406 20.200 0.093 3.50 430.0
2456416.83799 20.604 0.163 4.08 440.0
2456416.86597 20.446 0.140 4.05 443.0
2456416.88808 20.783 0.214 4.52 457.0
2456416.90311 21.427 0.366 4.04 504.0
2456416.91561 21.083 0.298 4.48 508.0
2456417.65691 20.877 0.442 7.48 559.0
2456417.67136 21.145 0.409 5.77 534.0
2456417.68394 20.893 0.409 7.17 530.0
2456417.69643 20.843 0.315 5.74 527.0
2456417.70886 20.524 0.321 7.43 517.0
2456417.72199 20.381 0.162 4.71 498.0
2456417.73457 21.043 0.335 5.21 505.0
2456417.74706 20.745 0.216 4.56 478.0
2456417.75952 20.538 0.205 5.27 487.0
2456417.77218 20.791 0.241 4.85 483.0
2456417.79390 20.417 0.159 4.48 481.0
2456417.80714 20.343 0.124 3.91 476.0
2456417.82118 20.223 0.137 4.41 481.0
2456417.83475 20.808 0.240 4.53 514.0
2456417.84768 20.438 0.195 5.10 525.0
2456417.86040 20.263 0.149 4.61 533.0
2456417.88271 20.511 0.185 4.30 555.0
2456417.89657 20.448 0.189 4.91 539.0
2456417.90944 20.424 0.182 4.98 529.0
2456417.92213 20.152 0.148 5.21 533.0
2456417.93501 20.889 0.411 5.67 886.0
2456418.63047 20.426 0.232 5.72 627.0
2456418.64362 21.101 0.376 5.03 611.0
2456418.65614 19.753 0.110 5.17 587.0
2456418.66865 19.856 0.123 5.16 544.0
2456418.68122 20.516 0.202 5.08 530.0
2456418.69365 20.537 0.205 4.69 523.0
2456418.70614 20.771 0.258 4.89 512.0
2456418.71869 20.831 0.222 4.10 486.0
2456418.73117 20.161 0.126 4.34 471.0
2456418.74369 20.456 0.156 4.40 436.0
2456418.75624 20.357 0.144 4.44 424.0
2456418.76876 20.575 0.168 4.43 410.0
2456418.78150 20.113 0.107 4.26 395.0
2456418.79424 20.205 0.120 4.40 404.0
2456418.81740 20.164 0.112 4.26 402.0
2456418.83245 20.243 0.099 3.76 401.0
2456418.84536 20.344 0.119 3.75 416.0
2456418.85779 20.086 0.108 4.05 428.0
2456418.87064 20.076 0.107 4.27 432.0
2456418.89276 20.111 0.110 4.09 470.0
2456418.90511 20.734 0.214 4.70 492.0
2456418.91821 20.833 0.230 4.41 519.0
2456418.93114 20.879 0.264 4.35 666.0
2456419.65426 21.309 0.563 6.87 505.0
2456419.66972 20.473 0.217 5.82 479.0
2456419.69227 20.093 0.116 4.49 444.0
2456419.70497 20.304 0.142 4.43 441.0
2456419.71764 20.363 0.151 4.56 431.0
2456419.73040 21.187 0.324 4.80 431.0
2456419.74305 20.470 0.147 4.13 400.0
2456419.75585 20.126 0.116 4.40 434.0
2456419.76857 20.354 0.159 5.05 443.0
2456419.78192 20.847 0.246 4.73 451.0
2456419.80495 20.316 0.135 4.29 450.0
2456419.81922 20.217 0.147 4.76 468.0
2456419.83310 20.343 0.151 4.43 457.0
2456419.84631 20.952 0.286 4.97 468.0
2456419.85901 20.234 0.144 4.71 485.0
2456419.88074 20.238 0.137 4.44 505.0
2456419.89348 21.021 0.333 4.98 520.0
2456419.90616 20.657 0.194 4.06 515.0
2456419.91874 21.371 0.401 4.49 537.0
2456419.93139 20.177 0.163 5.02 676.0
2456420.62500 20.981 0.298 5.40 494.0
2456420.63746 20.708 0.234 5.32 464.0
2456420.65018 20.333 0.148 5.05 431.0
2456420.66273 20.047 0.104 4.58 431.0
2456420.67527 20.371 0.132 4.40 411.0
2456420.68779 20.024 0.090 4.14 400.0
2456420.70042 20.355 0.130 4.39 401.0
2456420.71317 20.308 0.114 4.14 384.0
2456420.72560 20.344 0.125 4.31 380.0
2456420.73817 20.504 0.123 3.72 371.0
2456420.74892 20.653 0.154 4.21 371.0
2456420.76150 20.401 0.128 4.53 373.0
2456420.77410 20.709 0.160 3.64 372.0
2456420.80733 20.255 0.092 3.26 379.0
2456420.82112 20.487 0.139 4.03 394.0
2456420.83439 20.614 0.160 4.17 400.0
2456420.84723 20.128 0.102 3.94 404.0
2456420.86000 21.455 0.340 4.04 407.0
2456420.87331 20.635 0.175 4.23 422.0
2456420.89587 20.523 0.161 4.44 420.0
2456420.90894 20.514 0.153 4.04 434.0
2456420.92178 20.266 0.120 3.94 445.0
2456420.93514 20.170 0.161 4.22 921.0
2456421.78937 20.343 0.141 4.56 428.0
2456421.80252 20.226 0.144 5.33 430.0
2456421.81594 20.192 0.129 4.82 429.0
2456421.83009 20.388 0.153 4.69 446.0
2456421.84279 20.708 0.211 4.75 460.0
2456421.87618 20.927 0.279 5.01 476.0
2456421.88866 20.337 0.182 5.37 483.0
2456421.91661 20.682 0.248 5.49 473.0
2456421.92916 21.101 0.420 5.96 518.0
2456422.68153 20.960 0.299 5.47 461.0
2456422.70209 20.932 0.283 5.41 452.0
2456422.72110 20.488 0.172 4.99 424.0
2456422.73376 20.610 0.168 4.38 416.0
2456422.74649 20.187 0.127 4.77 431.0
2456422.75885 20.553 0.164 4.41 430.0
2456422.77159 20.049 0.116 4.82 445.0
2456422.78428 20.395 0.147 4.38 453.0
2456422.82705 21.303 0.551 6.36 506.0
2456422.86247 19.950 0.178 6.81 539.0
2456422.90911 20.856 0.406 6.62 598.0
2456422.92405 22.124 1.625 7.93 633.0
2456423.64001 20.789 0.324 6.28 535.0
2456423.66029 20.443 0.215 5.88 529.0
2456423.67859 20.782 0.325 6.00 567.0
2456423.69143 20.757 0.254 5.02 539.0
2456423.70587 20.612 0.235 5.10 562.0
2456423.73589 20.257 0.196 5.60 602.0
2456423.74865 20.429 0.210 5.36 561.0
2456423.77653 20.887 0.274 4.59 563.0
2456423.79789 20.324 0.147 4.38 553.0
2456423.81223 20.521 0.183 4.43 533.0
2456423.82585 20.926 0.266 4.37 546.0
2456423.83847 20.382 0.170 4.79 538.0
2456423.85127 20.289 0.158 4.63 543.0
2456423.86415 20.348 0.178 4.78 566.0
2456423.87709 20.010 0.108 4.16 550.0
2456423.88993 20.821 0.261 4.70 576.0
2456423.90274 20.728 0.209 4.01 594.0
2456423.91545 20.103 0.141 4.74 614.0
2456423.92794 20.126 0.159 5.18 648.0
2456423.94052 21.901 1.011 4.34 1418.0
2456424.62343 20.644 0.252 5.45 606.0
2456424.63786 20.760 0.237 4.75 584.0
2456424.65138 20.941 0.279 4.83 559.0
2456424.66489 20.315 0.148 4.50 532.0
2456424.67840 20.313 0.152 4.48 561.0
2456424.69184 20.115 0.118 4.14 551.0
2456424.71462 20.139 0.109 3.97 517.0
2456424.72824 20.667 0.176 3.91 501.0
2456424.75119 20.351 0.137 4.08 500.0
2456424.76476 20.495 0.157 4.10 495.0
2456424.78725 20.769 0.182 4.28 479.0
2456424.80145 20.673 0.163 3.94 490.0
2456424.81783 20.875 0.230 4.29 514.0
2456424.83166 20.367 0.155 4.60 525.0
2456424.84551 21.269 0.346 4.36 532.0
2456424.85942 20.999 0.277 4.54 542.0
2456424.87318 21.104 0.283 4.33 529.0
2456424.88699 20.424 0.159 4.40 537.0
2456424.91359 20.126 0.160 5.64 552.0
2456424.92908 20.869 0.292 5.62 618.0
2456424.93985 20.430 0.272 6.15 1172.0
2456426.61045 19.540 0.089 6.24 422.0
2456426.62443 22.693 1.429 5.54 421.0
2456426.63776 21.030 0.314 5.55 425.0
2456426.65115 20.511 0.179 5.06 439.0
2456426.66484 21.571 0.512 5.58 412.0
2456426.67844 20.379 0.150 5.01 380.0
2456426.71960 21.597 0.411 4.27 425.0
2456426.75973 20.541 0.160 4.30 437.0
2456426.77364 20.326 0.153 4.86 463.0
2456426.79818 20.336 0.152 4.78 450.0
2456426.82319 20.595 0.185 4.62 459.0
2456426.83695 20.262 0.118 3.99 451.0
2456426.85050 20.470 0.143 3.99 458.0
2456426.86470 20.297 0.137 4.37 462.0
2456426.87806 20.427 0.165 4.66 473.0
2456426.89164 20.244 0.136 4.50 485.0
2456426.90527 20.136 0.117 4.28 494.0
2456426.91881 20.802 0.218 4.16 496.0
2456426.93227 20.370 0.191 5.09 576.0
2456427.79123 20.078 0.135 4.59 619.0
2456427.87180 20.215 0.144 4.36 633.0
2456427.92109 20.563 0.252 4.83 814.0
2456428.61397 20.791 0.322 6.74 499.0
2456428.62764 20.388 0.216 6.51 500.0
2456428.64164 21.667 0.969 8.19 509.0
2456428.65517 20.690 0.308 6.73 498.0
2456428.67092 20.201 0.194 6.71 467.0
2456428.69107 21.132 0.410 6.41 445.0
2456428.70488 20.641 0.271 6.43 455.0
2456428.71833 20.356 0.179 5.53 452.0
2456428.73259 20.587 0.207 5.27 452.0
2456428.74617 20.470 0.180 5.10 456.0
2456428.76941 20.137 0.133 5.00 469.0
2456428.78316 21.131 0.347 5.28 470.0
2456428.80865 21.323 0.374 4.66 475.0
2456428.82300 20.116 0.145 5.27 500.0
2456428.83710 20.271 0.166 5.22 522.0
2456428.85197 20.902 0.275 4.97 499.0
2456428.86600 20.458 0.166 4.55 507.0
2456428.87967 21.289 0.403 5.11 501.0
2456428.89309 20.803 0.284 5.56 496.0
2456428.90651 20.911 0.347 5.85 522.0
2456428.93392 20.812 0.439 7.20 610.0
2456429.60986 20.659 0.336 6.98 588.0
2456429.64615 20.149 0.148 5.50 476.0
2456429.94393 21.508 0.795 6.67 809.0
2456431.60876 19.993 0.232 8.09 682.0
2456431.63324 20.265 0.221 6.67 599.0
2456431.65345 20.268 0.210 6.83 506.0
2456431.66676 20.927 0.387 6.74 497.0
2456431.68016 20.491 0.260 6.66 501.0
2456431.69362 22.740 1.595 5.45 486.0
2456431.71646 20.582 0.202 4.99 484.0
2456431.72977 20.284 0.153 5.10 474.0
2456431.74468 20.352 0.167 5.31 465.0
2456431.76761 20.575 0.183 4.77 455.0
2456431.78226 20.352 0.147 4.61 460.0
2456431.79753 20.731 0.239 5.17 468.0
2456431.81106 20.249 0.148 4.99 479.0
2456431.82446 20.585 0.208 5.13 486.0
2456431.83796 21.341 0.387 4.74 499.0
2456431.85144 20.822 0.246 4.84 505.0
2456431.86477 20.614 0.226 5.27 511.0
2456431.87822 20.326 0.163 4.93 530.0
2456431.89200 19.960 0.119 4.95 547.0
2456431.90546 20.518 0.263 6.27 564.0
2456431.91875 20.974 0.398 6.15 581.0
2456431.93314 20.308 0.239 6.64 615.0
2456432.59318 19.660 0.154 7.44 597.0
2456432.61568 20.787 0.363 6.72 570.0
2456432.64640 21.258 0.473 5.94 519.0
2456432.65979 20.909 0.309 5.50 506.0
2456432.67364 20.967 0.345 5.73 505.0
2456432.68986 20.483 0.201 5.22 504.0
2456432.70316 20.342 0.159 4.84 494.0
2456432.72643 20.515 0.186 4.82 518.0
2456432.74004 20.280 0.184 5.46 532.0
2456432.76249 20.677 0.225 5.00 515.0
2456432.77633 20.196 0.144 5.17 495.0
2456432.79005 20.221 0.144 5.20 480.0
2456432.80440 20.097 0.119 4.86 455.0
2456432.81773 20.145 0.125 4.76 466.0
2456432.83109 20.351 0.203 5.82 477.0
2456432.84442 20.490 0.193 5.23 481.0
2456432.85831 20.324 0.172 5.18 474.0
2456432.87157 21.028 0.295 4.96 487.0
2456432.88515 20.289 0.193 5.79 521.0
2456432.89879 20.401 0.216 5.79 546.0
2456432.91213 20.222 0.130 4.49 519.0
2456432.92565 21.404 0.494 5.38 546.0
2456432.94107 21.041 0.533 5.86 996.0
2456433.59677 21.801 0.999 7.25 589.0
2456433.60870 21.325 0.636 7.26 565.0
2456433.62215 20.592 0.304 6.93 534.0
2456433.63570 20.941 0.380 6.42 520.0
2456433.64915 20.770 0.281 5.69 496.0
2456433.66255 20.599 0.215 5.39 485.0
2456433.67652 20.638 0.265 6.17 482.0
2456433.68976 20.569 0.222 5.48 471.0
2456433.70327 20.748 0.225 4.85 462.0
2456433.72616 21.518 0.491 5.06 504.0
2456433.76372 20.590 0.241 5.48 535.0
2456433.77759 21.554 0.619 5.30 653.0
2456433.79124 20.635 0.310 6.04 637.0
2456433.80648 20.322 0.272 6.47 732.0
2456433.82812 20.315 0.165 4.84 540.0
2456433.84381 20.007 0.105 4.75 420.0
2456434.59493 22.542 2.217 7.45 702.0
2456434.61058 21.028 0.471 6.48 693.0
2456434.62402 21.533 0.795 6.97 654.0
2456434.63744 20.401 0.263 6.77 618.0
2456434.65079 20.215 0.207 6.35 610.0
2456434.66448 20.748 0.280 5.50 583.0
2456434.67787 20.912 0.291 5.06 571.0
2456434.69309 21.078 0.402 5.63 591.0
2456434.70649 20.224 0.158 5.12 547.0
2456434.72893 20.201 0.142 4.62 545.0
2456434.74259 20.543 0.196 4.70 564.0
2456434.76568 20.885 0.246 4.29 585.0
2456434.77980 20.090 0.133 4.71 590.0
2456434.79417 20.420 0.162 4.21 601.0
2456434.80798 20.841 0.276 4.67 660.0
2456434.82158 20.219 0.143 4.30 671.0
2456434.83544 21.154 0.361 4.53 665.0
2456434.84892 21.032 0.388 5.55 652.0
2456434.86225 21.162 0.396 5.26 586.0
2456434.88342 20.076 0.157 5.58 617.0
2456434.89791 20.204 0.146 4.77 615.0
2456434.91121 20.423 0.185 4.83 626.0
2456434.92900 20.623 0.268 5.42 685.0
2456434.94913 21.350 0.941 5.88 1819.0
2456435.59221 19.801 0.183 6.92 830.0
2456435.61173 20.335 0.314 7.64 738.0
2456435.62598 20.339 0.203 5.40 682.0
2456435.64118 20.447 0.210 5.15 642.0
2456435.65451 21.365 0.474 5.02 639.0
2456435.66802 20.433 0.195 4.89 621.0
2456435.68123 20.500 0.204 4.64 643.0
2456435.69556 20.386 0.181 4.53 645.0
2456435.71025 20.591 0.200 4.17 649.0
2456435.73366 20.395 0.177 4.52 644.0
2456435.74705 20.456 0.175 4.18 642.0
2456435.77007 20.256 0.155 4.54 640.0
2456435.78451 20.348 0.160 4.23 665.0
2456435.79914 20.684 0.212 3.80 684.0
2456435.81251 20.240 0.153 4.17 707.0
2456435.82677 20.623 0.221 4.26 709.0
2456435.84135 20.565 0.243 4.88 727.0
2456435.85595 20.418 0.177 3.99 731.0
2456435.87054 20.415 0.186 4.34 749.0
2456435.88433 20.067 0.132 4.04 763.0
2456435.89920 20.389 0.173 4.14 720.0
2456435.91245 19.862 0.104 4.26 657.0
2456435.92596 20.360 0.173 4.53 668.0
2456435.93931 19.887 0.153 5.45 850.0
2456436.58548 20.233 0.239 5.85 1009.0
2456436.59877 20.737 0.298 4.77 910.0
2456436.61206 20.696 0.307 5.16 909.0
2456436.62720 20.693 0.252 4.31 842.0
2456436.64096 20.540 0.229 4.71 804.0
2456436.65493 20.342 0.187 4.77 750.0
2456436.66892 20.422 0.191 4.67 725.0
2456436.68365 20.395 0.166 4.17 718.0
2456436.69694 20.502 0.196 4.41 743.0
2456436.71194 21.090 0.339 4.48 729.0
2456436.73460 21.145 0.345 4.07 751.0
2456436.74816 20.881 0.295 4.47 791.0
2456436.77504 20.839 0.282 4.40 787.0
2456436.78947 20.860 0.266 3.89 823.0
2456436.80301 19.851 0.127 4.54 847.0
2456436.81637 20.062 0.142 4.25 849.0
2456436.83103 20.184 0.159 4.17 878.0
2456436.84442 20.284 0.170 4.01 906.0
2456436.85818 22.149 1.008 4.37 951.0
2456436.87295 20.435 0.198 4.05 958.0
2456436.88619 20.401 0.197 4.15 995.0
2456436.89957 20.367 0.204 4.45 1029.0
2456436.91310 20.292 0.193 4.45 1058.0
2456436.92817 20.222 0.193 4.62 1098.0
2456436.94153 20.870 0.449 5.31 1430.0
2456437.71292 20.327 0.314 5.35 1618.0
2456437.73029 21.522 0.902 5.33 1551.0
2456437.74393 20.905 0.452 4.81 1449.0
2456437.77289 20.092 0.202 4.26 1504.0
2456437.80859 20.595 0.489 5.44 2297.0
2456437.82281 19.934 0.225 4.84 1924.0
2456437.83687 20.311 0.316 5.00 1858.0
2456437.84737 19.854 0.196 4.75 1842.0
2456437.85861 21.480 0.835 4.39 1765.0
2456437.87302 21.331 0.879 5.13 2016.0
2456437.88536 20.126 0.339 5.87 2110.0
2456437.90053 20.855 0.530 4.68 2042.0
2456437.91402 21.005 0.587 4.94 1737.0
2456437.92778 19.599 0.188 5.59 2065.0
2456440.80179 20.338 0.478 5.64 3093.0
2456441.63255 20.325 0.325 6.73 1053.0
2456441.68396 21.631 1.155 7.78 793.0
2456441.72119 19.966 0.158 5.73 680.0
2456441.73456 20.489 0.287 6.33 697.0
2456441.75826 20.907 0.379 5.88 685.0
2456441.77317 21.183 0.448 5.16 733.0
2456441.78759 20.426 0.240 5.45 779.0
2456441.81175 20.186 0.212 5.87 776.0
2456441.82515 20.553 0.319 5.55 1014.0
2456441.83956 20.239 0.218 5.43 891.0
2456441.85353 20.052 0.195 5.35 1039.0
2456441.86950 20.673 0.308 5.06 916.0
2456441.88328 20.295 0.255 5.34 1098.0
2456441.89669 22.211 1.401 5.50 1006.0
2456441.91059 20.181 0.274 6.10 1205.0
2456441.92584 20.769 0.376 5.72 945.0
2456441.94137 20.725 0.368 5.69 914.0
2456441.95126 22.395 4.589 6.96 3755.0
2456442.56399 20.741 0.262 5.32 614.0
2456442.58087 19.975 0.129 5.36 570.0
2456442.59420 19.920 0.122 5.11 570.0
2456442.60775 20.287 0.145 4.50 560.0
2456442.62108 20.136 0.124 4.47 558.0
2456442.63445 20.375 0.137 4.00 553.0
2456442.64777 20.781 0.214 4.22 560.0
2456442.66117 20.642 0.204 4.49 533.0
2456442.67449 20.198 0.128 4.26 536.0
2456442.68785 20.724 0.205 4.21 524.0
2456442.71085 20.378 0.137 4.02 497.0
2456442.72414 20.664 0.177 3.97 488.0
2456442.74937 20.168 0.100 3.61 486.0
2456442.76421 20.374 0.141 4.19 493.0
2456442.77816 20.613 0.193 4.62 492.0
2456442.79167 20.998 0.239 4.05 485.0
2456442.80540 21.314 0.352 4.44 508.0
2456442.81886 20.356 0.121 3.78 488.0
2456442.83205 20.601 0.167 4.15 488.0
2456442.84538 20.576 0.186 4.57 495.0
2456442.85858 20.887 0.236 4.37 504.0
2456442.87188 20.672 0.189 4.27 518.0
2456442.88529 20.251 0.155 4.82 573.0
2456442.89844 20.459 0.182 4.72 591.0
2456442.91167 20.847 0.311 5.56 603.0
2456442.92506 21.681 0.695 5.62 633.0
2456442.93853 19.808 0.151 5.76 844.0
2456443.57175 20.894 0.393 5.85 735.0
2456443.61390 20.268 0.198 5.20 695.0
2456443.63719 21.064 0.398 5.29 662.0
2456443.66806 20.517 0.256 6.06 646.0
2456443.68925 20.019 0.153 4.82 781.0
2456443.72483 20.222 0.250 5.75 1123.0
2456443.74954 20.959 0.375 4.33 1035.0
2456443.77262 20.251 0.226 4.89 1101.0
2456443.79284 20.576 0.295 4.38 1182.0
2456443.81908 19.877 0.171 4.45 1332.0
2456443.86673 20.216 0.234 4.73 1262.0
2456444.69514 21.068 0.497 6.11 765.0
2456444.71617 21.010 0.330 5.53 468.0
2456444.73102 20.883 0.318 5.98 479.0
2456444.75646 21.902 0.711 5.24 493.0
2456444.77429 20.556 0.175 4.39 488.0
2456444.79736 20.623 0.204 4.69 512.0
2456444.81091 20.569 0.222 5.41 511.0
2456444.82444 20.454 0.198 5.17 542.0
2456444.83843 20.756 0.249 4.92 559.0
2456444.85180 19.941 0.110 4.68 539.0
2456444.86520 21.200 0.433 5.54 592.0
2456444.87850 20.887 0.309 5.44 564.0
2456444.89358 20.150 0.165 5.43 648.0
2456444.90707 19.954 0.140 5.60 643.0
2456444.92929 21.427 0.571 5.66 688.0
2456444.94392 20.334 0.314 6.89 941.0
2456445.56687 20.388 0.232 6.26 560.0
2456445.59327 22.211 1.309 6.83 519.0
2456445.60829 20.306 0.160 5.08 495.0
2456445.62247 20.211 0.162 5.61 493.0
2456445.63888 21.215 0.350 4.96 477.0
2456445.65371 20.598 0.183 4.49 469.0
2456445.68077 20.333 0.139 4.41 468.0
2456445.69578 20.780 0.232 4.69 486.0
2456445.71073 20.437 0.172 4.72 494.0
2456445.72575 20.357 0.168 5.02 501.0
2456445.74136 20.404 0.177 5.04 486.0
2456445.75811 20.300 0.156 4.92 499.0
2456445.78458 20.674 0.194 4.30 515.0
2456445.79973 20.416 0.178 4.85 543.0
2456445.81510 19.972 0.115 4.66 552.0
2456445.83020 19.616 0.103 5.50 538.0
2456445.84525 20.756 0.303 5.86 565.0
2456445.86037 20.685 0.251 5.40 545.0
2456445.87535 20.498 0.241 5.90 560.0
2456445.89048 20.493 0.260 6.26 595.0
2456445.90795 21.674 0.859 6.74 607.0
2456445.92289 20.380 0.235 6.24 583.0
2456445.93800 21.093 0.476 6.02 657.0
2456446.55421 20.129 0.139 4.84 508.0
2456446.56766 21.715 0.543 4.74 467.0
2456446.58275 20.458 0.159 4.57 461.0
2456446.59878 20.473 0.153 4.30 451.0
2456446.61333 20.314 0.124 4.14 455.0
2456446.62667 20.232 0.109 3.82 452.0
2456446.64113 20.297 0.125 4.23 450.0
2456446.65465 20.580 0.164 4.14 457.0
2456446.66809 20.429 0.119 3.65 432.0
2456446.69077 20.299 0.109 3.82 422.0
2456446.70632 20.555 0.154 4.28 419.0
2456446.72022 20.496 0.133 3.74 414.0
2456446.74583 20.456 0.156 4.30 437.0
2456446.76177 20.293 0.133 4.50 456.0
2456446.77530 20.312 0.119 3.94 456.0
2456446.78881 20.440 0.127 3.72 462.0
2456446.80212 20.394 0.126 3.73 479.0
2456446.81726 20.383 0.130 3.74 489.0
2456446.83090 20.219 0.111 3.75 496.0
2456446.84445 20.764 0.214 4.09 521.0
2456446.85830 20.541 0.175 3.99 524.0
2456446.89519 20.981 0.298 4.96 563.0
2456446.91025 20.195 0.162 5.73 584.0
2456446.92541 20.834 0.297 5.94 611.0
2456446.93756 20.401 0.218 6.40 671.0
2456447.55012 21.027 0.353 5.18 567.0
2456447.55913 20.389 0.184 4.94 545.0
2456447.57442 20.234 0.153 4.75 513.0
2456447.58786 20.331 0.172 5.10 498.0
2456447.60155 20.473 0.165 4.38 453.0
2456447.61348 20.087 0.118 4.59 440.0
2456447.62694 20.614 0.183 4.38 434.0
2456447.64023 20.382 0.172 5.01 457.0
2456447.65342 20.392 0.140 3.92 443.0
2456447.66763 20.867 0.251 4.69 444.0
2456447.69053 20.373 0.148 4.56 440.0
2456447.70368 20.141 0.111 4.09 428.0
2456447.72745 20.527 0.162 4.24 432.0
2456447.74160 21.086 0.307 4.66 444.0
2456447.75886 20.033 0.107 4.13 444.0
2456447.77239 20.442 0.161 4.27 449.0
2456447.78579 20.822 0.225 4.39 462.0
2456447.80026 20.523 0.175 4.16 475.0
2456447.81409 20.638 0.183 3.94 485.0
2456447.82749 21.233 0.335 4.23 490.0
2456447.84077 20.871 0.258 4.41 506.0
2456447.85423 20.649 0.211 4.40 522.0
2456447.86790 20.120 0.128 4.32 545.0
2456447.88128 20.547 0.170 3.90 527.0
2456447.89476 20.266 0.156 4.69 525.0
2456447.90861 20.483 0.177 4.67 522.0
2456447.92194 20.821 0.255 4.70 542.0
2456447.93520 20.082 0.151 5.61 603.0
2456448.54923 20.147 0.188 5.62 669.0
2456448.56331 20.215 0.210 6.14 593.0
2456448.57667 20.739 0.271 5.11 556.0
2456448.59015 20.626 0.239 5.23 523.0
2456448.60346 21.591 0.559 4.88 505.0
2456448.61686 20.876 0.282 5.00 485.0
2456448.63039 20.694 0.223 4.74 461.0
2456448.64382 20.465 0.181 4.93 447.0
2456448.65728 20.224 0.159 5.45 443.0
2456448.67145 20.347 0.160 5.08 437.0
2456448.68495 20.978 0.298 5.19 447.0
2456448.70797 20.230 0.148 5.02 453.0
2456448.73169 20.606 0.216 5.10 456.0
2456448.74517 21.186 0.382 5.22 458.0
2456448.76030 20.773 0.184 3.98 433.0
2456448.77407 20.620 0.169 3.97 441.0
2456448.78783 20.379 0.147 4.59 443.0
2456448.80188 20.980 0.241 4.33 451.0
2456448.81602 20.212 0.131 4.79 474.0
2456448.82973 20.579 0.206 5.08 487.0
2456448.84327 20.324 0.160 5.04 516.0
2456448.85688 20.232 0.207 6.68 548.0
2456448.87035 20.748 0.287 5.53 574.0
2456448.88387 20.396 0.223 5.77 576.0
2456448.89739 20.021 0.177 6.23 612.0
2456448.91260 20.693 0.346 6.73 631.0
2456448.92619 20.033 0.243 8.02 668.0
2456449.54790 20.908 0.330 5.74 545.0
2456449.56178 20.437 0.220 5.73 529.0
2456449.57542 20.502 0.207 5.45 492.0
2456449.58950 20.821 0.255 5.21 477.0
2456449.60293 20.777 0.238 5.30 444.0
2456449.61692 20.195 0.179 6.51 455.0
2456449.63182 21.122 0.403 6.13 467.0
2456449.64675 20.577 0.227 5.93 453.0
2456449.66019 21.445 0.452 5.31 447.0
2456449.67365 20.972 0.307 5.26 486.0
2456449.68700 20.806 0.215 4.50 472.0
2456449.70050 20.189 0.128 4.51 505.0
2456449.72397 21.404 0.427 4.67 509.0
2456449.73787 20.162 0.141 4.64 501.0
2456449.76203 20.303 0.153 4.67 460.0
2456449.77557 20.568 0.200 4.90 491.0
2456449.78912 20.723 0.238 4.79 485.0
2456449.80315 20.791 0.263 5.00 482.0
2456449.81691 20.083 0.132 4.75 492.0
2456449.83043 20.544 0.203 4.83 477.0
2456449.84400 20.894 0.317 5.39 505.0
2456449.85743 20.953 0.279 4.51 518.0
2456449.87094 21.515 0.513 4.96 561.0
2456449.88444 20.295 0.173 5.35 566.0
2456449.89840 20.988 0.454 6.61 634.0
2456449.91386 22.276 1.462 6.32 695.0
2456449.92558 20.034 0.177 6.40 725.0
2456450.54347 20.642 0.289 5.82 631.0
2456450.55717 21.068 0.407 5.67 594.0
2456450.57077 20.616 0.237 5.26 561.0
2456450.58278 20.797 0.269 5.26 523.0
2456450.59625 20.530 0.189 4.66 522.0
2456450.61022 20.624 0.210 4.88 500.0
2456450.62494 20.365 0.150 4.58 470.0
2456450.63931 20.404 0.144 4.43 447.0
2456450.65325 20.031 0.103 4.39 449.0
2456450.66658 20.123 0.107 4.23 448.0
2456450.68908 20.173 0.105 3.70 480.0
2456450.70235 20.160 0.101 3.67 460.0
2456450.72506 20.241 0.104 3.64 445.0
2456450.73847 20.444 0.127 3.72 442.0
2456450.75292 20.797 0.190 3.76 467.0
2456450.76664 20.587 0.157 3.79 480.0
2456450.78049 20.909 0.239 4.31 515.0
2456450.79456 20.242 0.129 4.16 517.0
2456450.80808 20.275 0.129 3.96 499.0
2456450.82151 20.650 0.186 4.14 521.0
2456450.83540 20.907 0.263 4.43 543.0
2456450.85108 20.273 0.153 4.58 548.0
2456450.86720 20.375 0.176 4.69 580.0
2456450.88064 20.200 0.161 5.02 582.0
2456450.89431 20.427 0.210 5.72 625.0
2456450.91100 20.649 0.272 5.89 635.0
2456450.92608 20.259 0.210 6.54 672.0
2456451.54208 20.513 0.338 7.07 728.0
2456451.55998 20.057 0.186 6.52 615.0
2456451.57349 20.424 0.232 5.98 577.0
2456451.58879 21.632 0.609 5.19 555.0
2456451.60219 20.138 0.147 5.07 531.0
2456451.61547 21.180 0.385 5.19 529.0
2456451.62892 20.229 0.160 4.95 555.0
2456451.64263 20.652 0.248 5.22 578.0
2456451.65596 20.714 0.247 4.89 576.0
2456451.66939 20.247 0.135 4.05 563.0
2456451.68511 20.685 0.217 4.40 558.0
2456451.70792 20.106 0.131 4.57 527.0
2456451.72151 20.126 0.132 4.79 480.0
2456451.74655 20.380 0.145 4.31 472.0
2456451.76033 20.177 0.122 4.20 475.0
2456451.77390 20.123 0.118 4.39 461.0
2456451.78729 20.455 0.185 5.05 476.0
2456451.80057 20.137 0.137 5.11 459.0
2456451.81426 21.263 0.396 5.39 462.0
2456451.82804 20.701 0.254 5.69 480.0
2456451.84153 20.937 0.336 5.65 511.0
2456451.85518 20.812 0.255 5.06 510.0
2456451.86873 20.416 0.196 5.52 506.0
2456451.88422 20.654 0.273 6.10 516.0
2456451.89941 21.071 0.447 6.59 548.0
2456451.91116 21.585 0.805 7.40 559.0
2456452.53985 20.571 0.203 5.24 532.0
2456452.55508 20.371 0.147 4.65 467.0
2456452.56547 21.253 0.360 5.02 459.0
2456452.57768 20.288 0.129 4.45 444.0
2456452.58969 20.359 0.133 4.29 422.0
2456452.60654 20.374 0.124 4.14 411.0
2456452.62009 20.517 0.134 3.90 397.0
2456452.63370 20.458 0.125 3.83 407.0
2456452.64732 20.481 0.137 4.08 397.0
2456452.66078 20.424 0.131 4.14 400.0
2456452.67462 20.260 0.109 3.88 407.0
2456452.69716 20.682 0.189 4.65 401.0
2456452.74703 20.427 0.127 3.97 394.0
2456452.77532 20.543 0.152 4.28 404.0
2456452.79258 20.838 0.195 4.23 411.0
2456452.81289 20.624 0.169 4.56 418.0
2456452.82771 21.037 0.264 4.53 447.0
2456452.84172 20.471 0.155 4.50 455.0
2456452.85519 20.064 0.106 4.56 456.0
2456452.86909 20.324 0.144 4.85 466.0
2456452.88262 20.403 0.155 4.80 479.0
2456452.89815 20.402 0.158 4.86 486.0
2456452.91032 20.345 0.174 5.67 511.0
2456452.92193 21.023 0.328 5.81 522.0
2456454.53414 22.018 1.267 7.60 524.0
2456454.54789 20.460 0.244 6.42 487.0
2456454.57501 20.341 0.187 6.03 411.0
2456454.58885 20.975 0.312 5.31 421.0
2456454.60243 20.180 0.145 5.31 422.0
2456454.61629 20.139 0.145 5.51 420.0
2456454.62969 20.985 0.277 4.91 410.0
2456454.64333 20.493 0.191 5.29 419.0
2456454.65677 19.965 0.112 4.95 428.0
2456454.67038 20.946 0.250 4.68 420.0
2456454.69341 20.301 0.125 4.17 411.0
2456454.73188 20.280 0.135 4.54 413.0
2456454.74641 21.315 0.335 4.37 423.0
2456454.76001 20.452 0.165 4.80 422.0
2456454.77353 20.585 0.188 4.97 428.0
2456454.78708 20.149 0.134 4.99 447.0
2456454.80111 20.698 0.237 5.35 444.0
2456454.81465 20.761 0.253 5.39 439.0
2456454.82823 20.947 0.327 5.78 444.0
2456454.84159 20.716 0.246 5.39 445.0
2456454.85524 20.454 0.216 6.01 456.0
2456454.86875 20.598 0.212 4.99 457.0
2456454.88263 20.430 0.190 5.51 455.0
2456454.89610 20.251 0.171 5.81 469.0
2456454.90950 20.733 0.260 5.64 483.0
2456455.53379 21.487 0.690 6.98 496.0
2456455.54555 19.910 0.135 5.95 471.0
2456455.55966 20.029 0.124 5.15 434.0
2456455.57348 21.697 0.653 5.64 421.0
2456455.58698 20.941 0.309 5.62 399.0
2456455.60914 20.924 0.348 5.41 536.0
2456455.69540 20.284 0.161 4.86 502.0
2456455.71345 20.093 0.132 4.77 496.0
2456455.74646 20.580 0.257 5.61 551.0
2456455.79564 21.351 0.444 4.89 551.0
2456455.81309 20.264 0.215 6.27 577.0
2456456.53074 20.463 0.159 5.01 439.0
2456456.54311 20.357 0.160 5.22 434.0
2456456.55508 20.579 0.157 4.40 417.0
2456456.56862 20.553 0.136 4.12 394.0
2456456.58239 20.250 0.101 3.95 386.0
2456456.59584 20.217 0.098 3.91 389.0
2456456.60971 20.108 0.088 3.85 388.0
2456456.62352 20.886 0.188 3.86 386.0
2456456.63701 20.580 0.131 3.76 374.0
2456456.65065 20.300 0.098 3.55 393.0
2456456.67382 20.407 0.128 3.72 456.0
2456456.68863 20.436 0.107 3.25 435.0
2456456.71328 20.163 0.110 4.08 452.0
2456456.72720 20.389 0.129 4.12 412.0
2456456.74091 20.585 0.143 3.85 405.0
2456456.75501 20.709 0.169 4.00 410.0
2456456.76868 20.560 0.154 4.11 439.0
2456456.78221 20.468 0.153 4.40 443.0
2456456.79579 20.504 0.164 4.57 431.0
2456456.80931 21.028 0.239 3.99 444.0
2456456.82318 20.919 0.255 4.62 476.0
2456456.83684 20.192 0.118 4.30 462.0
2456456.88528 19.843 0.107 5.23 463.0
2456456.90037 20.641 0.202 4.98 490.0
2456456.91214 22.000 0.911 5.97 509.0
2456457.65989 20.250 0.155 5.34 460.0
2456457.69272 20.325 0.154 4.80 433.0
2456457.71617 20.636 0.148 3.86 411.0
2456457.73268 20.234 0.106 3.84 403.0
2456457.75555 20.220 0.107 3.88 406.0
2456457.76926 20.549 0.147 4.09 406.0
2456457.78309 20.397 0.144 4.55 416.0
2456457.79671 20.384 0.138 4.43 435.0
2456457.81066 20.575 0.170 4.48 459.0
2456457.82414 20.459 0.177 5.04 483.0
2456457.83809 20.222 0.143 4.95 513.0
2456457.85165 20.264 0.152 5.01 553.0
2456457.86512 20.738 0.232 5.10 567.0
2456457.87861 20.616 0.225 5.65 582.0
2456457.89388 20.499 0.234 6.31 598.0
2456457.90591 20.516 0.234 6.50 617.0
2456458.53532 20.610 0.347 7.25 629.0
2456458.55277 20.674 0.324 6.81 548.0
2456458.56646 20.206 0.216 6.95 521.0
2456458.58005 20.725 0.274 5.84 496.0
2456458.59351 20.596 0.254 5.97 530.0
2456458.60770 21.128 0.391 5.74 481.0
2456458.62174 21.162 0.345 5.10 468.0
2456458.63522 20.711 0.230 4.90 483.0
2456458.64902 20.576 0.203 4.87 482.0
2456458.66234 20.107 0.135 4.94 500.0
2456458.67585 21.210 0.333 4.69 459.0
2456458.69949 20.522 0.198 5.16 474.0
2456458.71335 21.296 0.435 5.62 472.0
2456458.72845 20.160 0.147 5.15 488.0
2456458.75144 20.203 0.123 4.28 454.0
2456458.76508 20.256 0.135 4.33 496.0
2456458.77912 20.768 0.216 4.16 531.0
2456458.79264 20.238 0.142 4.47 522.0
2456458.80612 20.029 0.115 4.42 524.0
2456458.81959 20.555 0.181 4.24 523.0
2456458.83351 20.249 0.144 4.47 564.0
2456458.84697 20.298 0.166 4.80 589.0
2456458.86096 20.977 0.316 5.25 608.0
2456458.87456 20.150 0.157 5.59 656.0
2456458.88982 21.724 0.774 6.27 709.0
2456458.90485 20.610 0.329 7.02 732.0
2456459.52153 20.703 0.365 6.61 792.0
2456459.53565 20.452 0.270 6.21 736.0
2456459.54774 20.266 0.198 5.62 650.0
2456459.56124 20.404 0.199 5.37 591.0
2456459.57507 21.394 0.470 5.00 574.0
2456459.58870 20.424 0.185 4.92 542.0
2456459.60277 20.147 0.135 4.57 545.0
2456459.61633 20.655 0.201 4.46 493.0
2456459.62992 20.428 0.153 4.17 473.0
2456459.64353 20.770 0.192 3.96 461.0
2456459.65795 20.622 0.176 4.15 463.0
2456459.68178 20.321 0.126 3.84 424.0
2456459.70611 20.467 0.123 3.69 414.0
2456459.72302 20.585 0.159 4.10 420.0
2456459.73777 20.792 0.180 3.78 425.0
2456459.75181 20.522 0.146 3.87 437.0
2456459.76517 20.317 0.136 4.09 456.0
2456459.77863 20.410 0.131 3.52 487.0
2456459.79266 20.667 0.196 3.80 528.0
2456459.80612 20.004 0.113 3.80 555.0
2456459.81968 20.345 0.161 4.06 571.0
2456459.83373 20.498 0.192 4.38 561.0
2456459.84723 20.151 0.130 4.50 560.0
2456459.86062 20.400 0.183 5.33 527.0
2456459.87616 20.643 0.261 5.70 579.0
2456459.88792 20.686 0.259 5.65 574.0
2456459.90133 20.817 0.348 6.65 609.0
2456460.54034 20.495 0.367 6.17 1003.0
2456460.58171 20.542 0.277 5.43 759.0
2456460.60351 20.958 0.312 4.89 556.0
2456460.61822 19.891 0.112 4.76 523.0
2456460.63506 20.684 0.303 5.04 822.0
2456460.65962 20.458 0.172 4.05 579.0
2456460.68875 20.544 0.190 4.37 552.0
2456460.70572 20.596 0.195 4.14 562.0
2456460.73785 20.516 0.242 4.99 731.0
2456460.76565 21.234 0.444 4.99 672.0
2456460.78305 20.163 0.137 4.82 490.0
2456460.80400 20.616 0.222 4.52 650.0
2456460.85491 20.787 0.271 4.32 772.0
2456460.87765 20.626 0.249 4.64 815.0
2456460.89601 20.795 0.281 5.11 623.0
2456461.53033 21.832 1.006 5.16 1083.0
2456461.54953 20.703 0.247 4.89 572.0
2456461.56381 20.115 0.143 4.80 581.0
2456461.57593 20.729 0.255 4.94 562.0
2456461.59019 20.327 0.169 4.97 538.0
2456461.60389 22.281 1.121 5.42 521.0
2456461.61735 20.595 0.222 5.11 521.0
2456461.63083 20.416 0.176 4.58 563.0
2456461.64470 20.710 0.253 4.80 605.0
2456461.66151 20.161 0.151 4.60 596.0
2456461.67839 20.677 0.230 4.83 589.0
2456461.69595 19.793 0.125 5.80 599.0
2456461.71141 20.976 0.383 6.04 645.0
2456461.74614 19.965 0.117 4.36 615.0
2456461.76208 20.557 0.189 4.65 508.0
2456461.78001 20.227 0.137 4.54 484.0
2456461.79816 20.381 0.169 4.87 483.0
2456461.81451 20.128 0.118 4.34 500.0
2456461.83345 20.281 0.143 4.39 534.0
2456461.84962 19.987 0.106 4.06 560.0
2456461.86668 21.147 0.305 3.77 609.0
2456461.88218 21.146 0.387 4.91 642.0
2456461.89765 20.423 0.227 5.42 679.0
2456462.57311 20.333 0.257 5.32 1112.0
2456462.60430 19.794 0.176 5.31 1352.0
2456462.62029 20.282 0.175 5.13 611.0
2456462.63390 19.919 0.124 4.34 811.0
2456462.64729 20.816 0.225 3.95 573.0
2456462.66134 20.338 0.146 4.15 555.0
2456462.68477 19.906 0.099 4.27 549.0
2456462.69910 20.557 0.197 4.65 565.0
2456462.79771 20.852 0.424 5.46 997.0
2456462.81293 20.844 0.306 5.34 537.0
2456462.82632 20.237 0.166 5.30 505.0
2456462.83988 19.997 0.130 4.80 558.0
2456462.85383 21.171 0.391 5.06 551.0
2456462.86727 20.028 0.154 5.60 560.0
2456462.88073 19.950 0.165 6.23 607.0
2456462.89404 20.673 0.345 6.58 639.0
2456463.53247 21.446 0.849 7.45 766.0
2456463.54697 20.007 0.176 6.20 714.0
2456463.56088 21.298 0.498 5.85 653.0
2456463.57316 20.839 0.326 5.53 648.0
2456463.58685 21.341 0.503 5.32 637.0
2456463.60032 20.732 0.351 6.32 632.0
2456463.61440 20.673 0.283 5.55 622.0
2456463.62779 20.485 0.239 5.46 619.0
2456463.64154 20.890 0.330 5.24 609.0
2456463.65518 20.130 0.156 5.19 590.0
2456463.67937 20.223 0.150 4.42 584.0
2456463.69564 20.580 0.199 4.43 570.0
2456463.72320 20.314 0.173 4.51 624.0
2456463.73671 20.449 0.193 4.49 623.0
2456463.75033 20.074 0.132 4.29 630.0
2456463.76451 20.532 0.202 4.36 630.0
2456463.77791 20.404 0.189 4.74 645.0
2456463.79127 20.156 0.157 4.97 642.0
2456463.80553 20.535 0.210 4.38 653.0
2456463.81943 20.101 0.161 5.17 680.0
2456463.83283 20.804 0.246 4.13 661.0
2456463.84641 19.975 0.139 5.00 662.0
2456463.85996 20.106 0.152 5.22 593.0
2456463.87703 20.182 0.171 5.44 621.0
2456463.89040 20.065 0.164 5.70 660.0
2456464.54266 20.232 0.364 8.29 959.0
2456464.56926 20.488 0.396 7.61 863.0
2456464.58142 21.115 0.499 5.51 817.0
2456464.59524 20.264 0.216 5.30 779.0
2456464.60909 20.075 0.196 5.69 780.0
2456464.62260 20.788 0.346 5.37 744.0
2456464.63607 21.102 0.443 5.26 742.0
2456464.64953 20.530 0.268 5.30 732.0
2456464.66327 20.031 0.167 5.22 713.0
2456464.67706 21.169 0.456 5.48 708.0
2456464.69635 20.334 0.183 4.85 675.0
2456464.72128 20.968 0.378 5.22 736.0
2456464.73520 20.332 0.231 5.71 724.0
2456464.74936 20.331 0.203 4.80 744.0
2456464.77260 20.598 0.282 5.09 772.0
2456464.78668 20.920 0.338 4.35 789.0
2456464.80023 20.721 0.293 4.44 814.0
2456464.81402 20.393 0.208 4.30 805.0
2456464.82819 20.811 0.286 3.89 872.0
2456464.84186 19.919 0.148 4.50 903.0
2456464.85547 20.131 0.181 4.67 925.0
2456464.87097 21.013 0.392 4.56 945.0
2456464.88431 21.228 0.528 5.24 938.0
2456468.52561 19.905 0.191 6.57 931.0
2456468.54058 20.002 0.177 5.37 888.0
2456468.55428 20.903 0.403 5.59 866.0
2456468.56862 20.641 0.226 4.10 791.0
2456468.58190 20.602 0.256 4.77 778.0
2456468.59526 20.773 0.304 4.82 786.0
2456468.60868 20.892 0.335 4.85 776.0
2456468.62231 20.331 0.206 5.09 747.0
2456468.63625 20.534 0.236 4.75 752.0
2456468.64987 20.421 0.191 4.41 711.0
2456468.67578 20.447 0.270 5.48 867.0
2456468.69274 20.648 0.266 5.11 738.0
2456468.70500 20.878 0.312 4.64 707.0
2456468.72195 22.571 1.728 5.63 706.0
2456468.73589 20.523 0.239 5.12 748.0
2456468.74939 20.878 0.352 5.37 765.0
2456468.77239 22.158 1.167 5.44 760.0
2456468.79559 20.320 0.182 4.45 782.0
2456468.80916 20.012 0.164 5.09 847.0
2456468.82270 20.366 0.203 4.40 896.0
2456469.50118 21.792 0.988 7.22 641.0
2456469.52362 21.819 0.853 6.56 554.0
2456469.53704 20.984 0.362 5.80 580.0
2456469.55063 20.001 0.187 6.52 637.0
2456469.56420 20.767 0.289 5.37 622.0
2456469.57749 21.603 0.725 5.96 629.0
2456469.59083 20.557 0.245 5.30 617.0
2456469.60429 21.280 0.507 5.73 604.0
2456469.61758 21.069 0.338 4.80 587.0
2456469.63098 20.149 0.125 4.19 581.0
2456469.65658 20.238 0.160 4.86 590.0
2456469.68102 20.500 0.182 4.29 598.0
2456469.69635 21.958 0.996 5.94 596.0
2456469.71102 20.173 0.153 4.94 579.0
2456469.72462 20.843 0.296 5.14 581.0
2456469.73799 20.738 0.261 4.96 591.0
2456469.75159 20.362 0.205 4.98 711.0
2456469.76496 21.322 0.421 4.49 660.0
2456469.77842 20.323 0.163 4.53 609.0
2456469.82442 20.402 0.252 6.04 662.0
2456469.83783 20.221 0.305 6.49 1095.0
2456469.85111 22.780 2.591 6.07 923.0
2456469.86804 22.202 1.976 7.36 984.0
2456469.87769 20.203 0.342 6.71 1406.0
2456471.56347 21.751 0.919 7.72 463.0
2456471.60312 21.697 0.689 6.47 442.0
2456471.61712 20.177 0.224 7.46 467.0
2456471.63051 20.466 0.235 6.20 490.0
2456471.64442 20.347 0.213 5.46 638.0
2456471.71800 22.085 1.701 7.14 942.0
2456471.75397 19.831 0.225 7.64 857.0
2456471.77455 21.049 0.617 6.64 979.0
2456471.79219 20.301 0.330 6.75 1016.0
2456471.84162 21.849 1.408 7.12 1009.0
2456472.59947 20.757 0.281 6.05 469.0
2456472.61490 20.164 0.226 7.90 457.0
2456472.63025 20.935 0.288 5.43 420.0
2456472.63898 22.762 2.058 6.92 427.0
2456472.65251 20.989 0.343 6.10 419.0
2456472.66586 19.912 0.144 5.85 523.0
2456472.69123 20.852 0.285 5.66 433.0
2456472.70528 20.517 0.198 5.36 431.0
2456472.72922 19.905 0.119 5.54 451.0
2456472.74334 20.351 0.195 5.80 467.0
2456472.75689 20.914 0.313 5.61 474.0
2456472.77042 21.120 0.366 5.44 482.0
2456472.78396 20.237 0.168 5.53 496.0
2456472.79747 20.576 0.231 5.57 510.0
2456472.82456 20.273 0.212 6.38 565.0
2456472.83807 20.614 0.346 7.24 597.0
2456472.85448 21.044 0.512 7.02 637.0
2456473.53001 20.577 0.335 7.56 513.0
2456473.54431 20.207 0.192 6.30 505.0
2456473.55795 20.502 0.229 6.21 470.0
2456473.57119 20.365 0.194 6.05 443.0
2456473.58656 20.557 0.202 5.26 437.0
2456473.59991 20.491 0.164 4.82 417.0
2456473.61329 20.411 0.145 4.61 405.0
2456473.62691 20.486 0.135 3.95 398.0
2456473.64041 20.442 0.143 4.34 388.0
2456473.65380 20.662 0.181 4.56 380.0
2456473.67883 20.311 0.151 4.88 409.0
2456473.69301 20.569 0.175 4.69 414.0
2456473.71639 20.213 0.127 4.50 456.0
2456473.72985 20.338 0.159 5.10 455.0
2456473.74356 20.595 0.178 4.49 459.0
2456473.75708 20.663 0.200 4.71 476.0
2456473.77088 20.709 0.218 4.84 475.0
2456473.78461 20.351 0.211 6.20 494.0
2456473.79794 20.130 0.168 6.12 504.0
2456473.81129 21.559 0.657 6.40 506.0
2456473.82483 20.560 0.232 5.79 502.0
2456473.83833 20.376 0.252 6.97 520.0
2456473.85191 20.922 0.407 6.88 566.0
2456473.86370 20.337 0.292 7.62 615.0
2456473.87368 19.926 0.167 6.85 638.0
2456474.50245 20.508 0.296 7.29 586.0
2456474.51680 20.848 0.436 7.17 591.0
2456474.53340 21.165 0.555 7.01 587.0
2456474.54692 20.326 0.224 6.60 542.0
2456474.56025 20.101 0.144 5.32 506.0
2456474.57361 20.511 0.207 5.29 500.0
2456474.58704 21.360 0.659 6.91 532.0
2456474.60561 20.874 0.315 5.62 522.0
2456474.61893 20.264 0.201 6.25 512.0
2456474.63251 20.303 0.188 5.93 479.0
2456474.64586 20.027 0.135 5.48 474.0
2456474.65944 20.914 0.340 6.01 477.0
2456474.67643 20.623 0.227 5.26 466.0
2456474.69010 20.167 0.131 4.60 474.0
2456474.71445 21.041 0.364 5.49 509.0
2456474.72823 20.514 0.204 5.26 488.0
2456474.75099 20.681 0.289 5.91 554.0
2456474.76427 21.565 0.612 5.49 581.0
2456474.77779 20.402 0.187 4.95 599.0
2456474.79128 20.576 0.303 6.48 615.0
2456474.80461 20.704 0.329 6.39 629.0
2456474.81817 20.186 0.234 7.07 677.0
2456474.83146 20.488 0.278 6.49 693.0
2456474.84480 20.859 0.421 7.04 732.0
2456474.85853 21.302 0.681 7.39 821.0
2456474.87059 21.298 0.753 7.56 916.0
2456475.49395 21.831 1.138 8.01 586.0
2456475.50895 21.112 0.522 7.23 559.0
2456475.52241 22.221 1.233 6.27 542.0
2456475.53679 20.441 0.209 5.53 527.0
2456475.55208 20.036 0.154 5.83 523.0
2456475.56550 20.043 0.180 6.61 531.0
2456475.58246 20.459 0.188 5.03 504.0
2456475.60106 20.445 0.209 5.81 483.0
2456475.62667 20.483 0.162 4.62 431.0
2456475.64385 20.114 0.104 4.26 415.0
2456475.66071 21.171 0.279 4.28 411.0
2456475.67773 20.533 0.181 4.77 434.0
2456475.69544 20.550 0.193 4.55 469.0
2456475.71335 20.474 0.203 5.24 487.0
2456475.72689 19.924 0.112 4.58 500.0
2456475.74035 20.577 0.197 4.45 505.0
2456475.75379 20.368 0.172 4.75 504.0
2456475.76724 20.597 0.221 4.94 521.0
2456475.78086 20.997 0.312 4.98 506.0
2456475.79583 20.310 0.169 5.18 549.0
2456475.80929 20.500 0.226 6.09 560.0
2456475.82267 20.315 0.246 6.94 589.0
2456475.83619 20.794 0.407 6.71 634.0
2456475.85034 20.319 0.260 7.16 678.0
2456475.86392 20.456 0.329 8.12 721.0
2456476.49344 19.678 0.154 6.57 664.0
2456476.50728 20.306 0.211 5.62 615.0
2456476.52064 22.332 1.376 5.68 584.0
2456476.53415 20.841 0.332 5.59 556.0
2456476.54784 20.679 0.278 5.33 540.0
2456476.56132 20.089 0.167 5.52 532.0
2456476.57494 20.490 0.201 5.03 504.0
2456476.58868 20.423 0.191 4.79 523.0
2456476.60240 20.430 0.180 4.64 511.0
2456476.61633 20.588 0.217 4.93 517.0
2456476.63962 20.584 0.222 5.07 480.0
2456476.66671 20.858 0.324 5.45 501.0
2456476.68183 20.474 0.209 5.31 495.0
2456477.48150 22.191 1.390 7.83 475.0
2456477.50154 21.214 0.502 7.31 466.0
2456477.51562 21.457 0.530 6.26 452.0
2456477.52909 20.318 0.180 6.08 450.0
2456477.54258 20.694 0.236 5.62 431.0
2456477.55646 20.756 0.249 5.58 427.0
2456477.57023 20.295 0.162 5.41 435.0
2456477.58388 20.445 0.177 5.19 426.0
2456477.59733 20.902 0.287 5.51 426.0
2456477.61093 20.915 0.301 5.47 446.0
2456477.62477 20.772 0.267 5.60 438.0
2456477.64927 20.036 0.126 5.27 420.0
2456477.67440 21.373 0.533 6.02 471.0
2456477.69035 20.424 0.179 4.77 478.0
2456477.70400 20.278 0.151 4.79 476.0
2456477.71753 20.429 0.177 4.81 488.0
2456477.73134 20.548 0.229 5.54 498.0
2456477.74471 20.583 0.274 6.16 523.0
2456477.75806 20.186 0.190 6.02 552.0
2456477.77175 20.392 0.233 6.05 572.0
2456477.78532 20.440 0.257 6.37 585.0
2456477.79916 20.826 0.363 6.17 633.0
2456478.50861 21.242 0.492 6.30 566.0
2456478.52476 20.491 0.272 6.75 542.0
2456478.53832 20.288 0.206 6.41 510.0
2456478.55192 20.691 0.296 6.48 505.0
2456478.56527 20.498 0.244 6.33 492.0
2456478.57862 20.834 0.314 6.12 474.0
2456478.59198 20.243 0.142 4.92 461.0
2456478.60546 20.587 0.208 5.04 478.0
2456478.62924 20.270 0.132 4.57 434.0
2456478.65956 21.994 0.940 6.12 489.0
2456478.67695 21.424 0.580 6.41 508.0
2456478.78910 20.710 0.402 7.74 562.0
2456479.55977 20.823 0.275 6.08 438.0
2456479.57333 20.426 0.215 6.41 444.0
2456479.58715 20.246 0.142 5.35 419.0
2456479.60070 20.326 0.187 6.14 419.0
2456479.61412 20.385 0.174 5.56 409.0
2456479.62759 19.747 0.094 5.45 391.0
2456479.64238 20.768 0.245 5.64 386.0
2456479.66784 21.363 0.446 5.99 397.0
2456479.68269 20.938 0.355 6.80 411.0
2456479.69642 20.592 0.235 6.38 401.0
2456479.71771 21.032 0.363 6.73 393.0
2456479.72784 20.750 0.292 7.10 379.0
2456479.75472 21.176 0.372 6.27 375.0
2456479.76847 20.488 0.253 7.24 399.0
2456479.78785 20.407 0.208 6.43 415.0
2456479.80571 21.126 0.439 6.56 459.0
2456479.81940 21.410 0.710 7.73 485.0
2456479.84397 21.411 0.665 7.07 533.0
2456480.49707 20.852 0.475 8.28 584.0
2456480.53965 20.926 0.405 6.93 516.0
2456480.55306 20.122 0.169 6.31 492.0
2456480.56877 20.034 0.151 6.12 475.0
2456480.58232 20.690 0.267 6.06 443.0
2456480.59579 20.455 0.215 6.06 446.0
2456480.60931 21.281 0.431 5.84 423.0
2456480.62296 20.985 0.313 5.54 426.0
2456480.64668 20.448 0.160 4.77 410.0
2456480.67180 20.523 0.176 5.08 413.0
2456480.68520 20.534 0.179 4.93 413.0
2456480.69861 20.572 0.224 5.99 395.0
2456480.71196 20.585 0.248 6.43 397.0
2456480.72559 20.214 0.170 6.44 397.0
2456480.73905 20.247 0.189 6.54 419.0
2456480.75268 21.350 0.462 5.92 413.0
2456480.76616 21.047 0.335 5.80 404.0
2456480.77951 21.606 0.556 5.72 394.0
2456480.79424 21.394 0.514 6.39 405.0
2456480.80775 20.894 0.392 7.41 430.0
2456480.83364 20.627 0.326 7.79 444.0
2456481.46542 20.092 0.182 5.45 853.0
2456481.48241 20.573 0.265 5.77 615.0
2456481.49583 20.269 0.197 5.89 581.0
2456481.50974 20.155 0.185 6.20 564.0
2456481.52356 19.916 0.143 6.26 502.0
2456481.53715 19.789 0.112 5.64 482.0
2456481.55281 21.361 0.435 5.39 448.0
2456481.56662 20.354 0.167 5.26 438.0
2456481.58074 20.409 0.185 5.50 445.0
2456481.59435 20.500 0.230 6.22 436.0
2456481.60869 20.805 0.263 5.51 427.0
2456481.62337 21.053 0.363 6.19 411.0
2456481.63854 20.386 0.197 6.31 411.0
2456481.71194 20.655 0.287 6.80 445.0
2456481.72540 21.377 0.573 6.64 459.0
2456481.73925 20.888 0.324 5.97 467.0
2456481.75293 20.239 0.175 5.78 483.0
2456481.76774 19.905 0.130 5.86 474.0
2456481.78179 20.809 0.288 5.74 459.0
2456481.79669 20.195 0.174 5.92 503.0
2456481.81020 20.472 0.244 6.27 510.0
2456481.82422 21.361 0.605 6.88 532.0
2456482.65838 21.387 0.719 8.05 479.0
2456482.73209 21.919 1.019 6.83 549.0
2456482.75614 20.664 0.363 7.18 561.0
2456482.77002 20.457 0.238 6.18 522.0
2456482.78354 21.184 0.577 7.15 553.0
2456482.79546 20.344 0.295 7.56 613.0
2456483.57789 20.628 0.221 5.51 423.0
2456483.59146 20.540 0.200 5.29 439.0
2456483.60471 20.831 0.237 4.84 435.0
2456483.63087 20.641 0.183 4.78 385.0
2456483.72034 22.213 1.294 6.94 515.0
2456483.80165 20.749 0.419 8.05 500.0
2456483.80715 20.500 0.269 6.77 498.0
2456483.82053 20.160 0.218 7.38 497.0
2456484.46108 20.302 0.334 6.45 1271.0
2456484.47515 20.395 0.211 5.69 546.0
2456484.48854 22.085 1.043 5.99 534.0
2456484.50206 20.408 0.221 5.95 523.0
2456484.51553 19.946 0.131 5.60 509.0
2456484.52906 20.817 0.274 5.34 487.0
2456484.54284 20.847 0.259 4.98 478.0
2456484.55627 20.073 0.131 5.16 476.0
2456484.56981 21.148 0.429 6.09 486.0
2456485.46365 20.515 0.362 6.02 1052.0
2456485.47888 20.359 0.198 5.48 537.0
2456485.49370 20.447 0.194 5.19 482.0
2456485.50930 20.144 0.158 6.03 456.0
2456485.52474 19.964 0.123 5.59 440.0
2456485.54030 20.838 0.273 5.72 423.0
2456485.55607 21.453 0.555 6.69 413.0
2456485.57042 20.979 0.313 5.98 409.0
2456485.59372 20.944 0.333 6.54 405.0
2456485.63477 20.311 0.129 4.36 396.0
2456485.65991 20.209 0.119 4.13 431.0
2456485.68438 20.233 0.134 4.63 428.0
2456485.69791 20.597 0.173 4.51 404.0
2456485.71152 20.232 0.110 3.96 397.0
2456485.72559 20.581 0.177 4.62 428.0
2456485.73905 20.410 0.141 4.20 427.0
2456485.75783 20.541 0.167 4.36 436.0
2456485.77128 20.609 0.186 4.53 461.0
2456485.78680 20.106 0.140 5.31 476.0
2456485.80327 20.094 0.153 5.72 512.0
2456485.81687 20.177 0.173 6.05 540.0
2456485.82855 20.496 0.215 5.63 547.0
2456486.46561 19.625 0.146 6.02 876.0
2456486.48067 20.159 0.173 5.68 516.0
2456486.49446 20.329 0.186 5.32 517.0
2456486.50807 20.346 0.182 5.11 491.0
2456486.52201 20.382 0.211 5.81 494.0
2456486.53584 20.072 0.138 5.43 459.0
2456486.55438 20.445 0.176 5.04 427.0
2456486.56824 20.122 0.123 4.94 417.0
2456486.58209 20.407 0.160 4.90 416.0
2456486.59651 20.127 0.125 5.10 420.0
2456486.61939 20.666 0.204 4.99 415.0
2456486.65963 20.792 0.251 5.44 408.0
2456486.66555 20.200 0.134 4.99 414.0
2456486.68866 20.371 0.167 5.18 448.0
2456486.70322 20.227 0.140 4.70 452.0
2456486.71840 20.699 0.222 4.84 449.0
2456486.73188 20.415 0.175 4.92 430.0
2456486.74616 20.438 0.197 5.55 463.0
2456486.76280 21.164 0.328 4.81 469.0
2456486.77871 20.524 0.170 4.17 468.0
2456486.79221 20.574 0.205 4.80 474.0
2456486.80554 20.745 0.240 4.70 516.0
2456486.81900 20.326 0.167 5.25 491.0
2456487.46542 20.352 0.200 4.06 936.0
2456487.48073 20.267 0.146 4.28 567.0
2456487.49426 20.153 0.131 4.36 550.0
2456487.50958 20.293 0.158 5.07 486.0
2456487.52352 21.187 0.362 5.08 494.0
2456487.53720 20.349 0.206 5.91 502.0
2456487.55570 20.352 0.138 4.41 446.0
2456487.56945 20.216 0.135 4.82 439.0
2456487.58300 21.070 0.276 4.62 433.0
2456487.59679 20.676 0.190 4.57 406.0
2456487.62172 20.159 0.114 4.30 430.0
2456487.64622 20.217 0.113 4.23 415.0
2456487.66960 20.260 0.107 3.94 415.0
2456487.68321 20.380 0.120 3.89 413.0
2456487.69673 20.557 0.136 3.78 408.0
2456487.71039 20.378 0.129 4.17 424.0
2456487.72467 20.578 0.181 4.74 437.0
2456487.74041 20.201 0.130 4.55 478.0
2456487.75409 20.238 0.111 3.98 465.0
2456487.76786 20.299 0.118 4.07 470.0
2456487.78292 20.632 0.171 4.66 489.0
2456487.79938 20.784 0.212 4.71 505.0
2456487.81293 20.316 0.158 5.29 545.0
2456487.82456 21.139 0.429 6.21 606.0
2456490.57274 20.654 0.207 4.46 481.0
2456490.58633 20.970 0.291 4.88 488.0
2456490.61676 22.267 1.068 5.73 489.0
2456490.63261 20.031 0.106 4.18 477.0
2456490.64681 20.357 0.170 4.82 485.0
2456490.66403 20.275 0.152 4.60 477.0
2456490.67785 20.879 0.253 4.43 468.0
2456490.69148 19.976 0.105 4.17 461.0
2456490.70479 20.414 0.167 4.73 458.0
2456490.71847 20.871 0.268 4.86 461.0
2456490.73189 21.395 0.385 4.61 462.0
2456490.74546 20.215 0.149 5.37 470.0
2456490.76254 22.001 0.815 6.22 445.0
2456490.79112 21.655 0.606 6.90 447.0
2456491.46333 19.606 0.182 5.83 1409.0
2456491.47670 21.571 0.696 5.03 719.0
2456491.79726 20.142 0.180 6.41 575.0
2456491.81064 20.710 0.331 7.33 559.0
2456492.46514 22.001 1.623 6.36 1180.0
2456492.47943 21.555 0.733 5.65 758.0
2456492.54187 20.549 0.251 5.21 650.0
2456492.55718 21.262 0.471 5.20 645.0
2456492.57464 22.042 0.866 4.81 520.0
2456492.60733 20.489 0.202 4.93 517.0
2456492.63552 20.273 0.234 5.41 874.0
2456492.65708 20.753 0.350 6.20 633.0
2456492.67070 20.219 0.206 6.13 590.0
2456492.68543 20.372 0.209 5.33 595.0
2456492.69423 20.475 0.214 4.91 563.0
2456492.70829 20.925 0.359 5.26 633.0
2456492.71684 20.387 0.189 4.34 589.0
2456492.72897 21.112 0.426 5.02 693.0
2456492.75363 20.355 0.213 4.90 677.0
2456492.78810 22.214 1.629 6.75 753.0
2456496.48056 20.413 0.330 6.71 963.0
2456496.49419 20.467 0.286 5.78 934.0
2456496.50781 20.579 0.379 6.45 936.0
2456496.52107 20.635 0.329 5.53 878.0
2456496.53428 20.642 0.374 6.24 891.0
2456496.54761 20.352 0.236 5.16 869.0
2456496.57460 20.274 0.259 6.07 857.0
2456496.58842 20.362 0.280 6.27 839.0
2456496.62161 20.512 0.303 6.25 750.0
2456496.63937 22.483 1.987 7.05 768.0
2456496.77130 20.693 0.435 7.53 897.0
2456496.78607 20.283 0.321 7.38 964.0
2456497.55201 20.962 0.434 6.24 659.0
2456497.56544 21.253 0.627 6.64 655.0
2456497.57884 21.327 0.703 7.08 644.0
2456497.70917 19.867 0.140 5.99 600.0
2456497.72297 21.345 0.600 6.52 617.0
2456497.73677 20.332 0.234 6.46 625.0
2456497.75033 20.286 0.277 7.48 644.0
2456497.76371 20.977 0.375 5.52 644.0
2456497.77749 20.122 0.155 4.92 673.0
2456497.78921 21.288 0.691 6.82 731.0
2456498.46259 20.827 0.419 4.28 1787.0
2456498.47695 19.994 0.114 4.60 519.0
2456498.49169 20.351 0.137 4.25 469.0
2456498.50609 20.708 0.170 3.93 443.0
2456498.52092 20.130 0.104 3.98 457.0
2456498.53463 20.245 0.114 3.72 505.0
2456498.55120 20.350 0.123 3.51 585.0
2456498.56558 20.681 0.173 3.74 575.0
2456498.57941 20.560 0.158 3.79 545.0
2456498.59518 20.679 0.178 3.64 577.0
2456498.61138 20.416 0.160 4.47 505.0
2456498.62847 20.141 0.123 4.38 512.0
2456498.64281 20.510 0.199 5.12 497.0
2456498.65737 20.704 0.200 4.58 494.0
2456498.67143 20.749 0.224 4.78 501.0
2456498.68560 20.310 0.158 5.09 497.0
2456498.70012 20.656 0.232 5.26 511.0
2456498.71492 20.425 0.206 5.71 529.0
2456498.72894 20.628 0.199 4.50 531.0
2456498.74322 21.233 0.377 4.73 543.0
2456498.75697 20.282 0.187 5.46 565.0
2456498.77469 20.970 0.394 6.04 592.0
2456498.78513 20.918 0.349 5.59 611.0
2456499.46274 20.888 0.478 5.37 1188.0
2456499.47665 19.832 0.123 5.76 505.0
2456499.49097 20.318 0.181 5.60 486.0
2456499.50553 19.825 0.103 5.07 463.0
2456499.52051 20.025 0.127 5.55 451.0
2456499.53490 20.370 0.152 4.76 434.0
2456499.54877 20.660 0.185 4.47 432.0
2456499.56341 20.436 0.151 4.59 433.0
2456499.57859 20.135 0.126 4.65 498.0
2456500.51835 20.599 0.338 7.92 537.0
2456500.53276 20.393 0.275 7.65 545.0
2456500.54722 20.048 0.215 7.89 559.0
2456500.56222 20.210 0.207 6.69 558.0
2456500.58741 20.951 0.423 6.93 516.0
2456500.64308 20.988 0.458 7.42 487.0
2456500.65957 20.287 0.208 6.47 496.0
2456500.67420 20.072 0.171 6.42 501.0
2456500.68985 20.061 0.191 6.65 591.0
2456500.70368 21.527 0.788 7.11 578.0
2456500.71785 20.789 0.404 6.81 676.0
2456500.75567 21.678 0.796 6.63 547.0
2456501.52999 20.433 0.234 6.43 507.0
2456501.55302 20.872 0.376 7.03 473.0
2456501.56655 20.586 0.247 6.09 462.0
2456501.59090 20.252 0.156 5.63 402.0
2456501.64514 20.564 0.204 5.68 395.0
2456501.65898 20.439 0.182 5.57 385.0
2456501.67291 20.370 0.175 5.74 399.0
2456501.70149 20.594 0.203 5.31 404.0
2456501.71536 20.506 0.184 5.21 427.0
2456501.73017 20.648 0.253 5.91 471.0
2456501.74441 20.911 0.368 6.57 491.0
2456501.75818 20.780 0.382 7.37 518.0
2456502.64008 20.769 0.290 6.35 414.0
2456504.64348 20.552 0.241 5.51 537.0
2456504.66144 20.066 0.152 6.26 402.0
2456504.67487 20.218 0.150 5.56 402.0
2456504.68832 20.733 0.270 6.10 409.0
2456504.70276 20.447 0.228 6.67 419.0
2456504.71735 20.379 0.219 6.86 428.0
2456504.73109 20.703 0.274 6.65 420.0
2456504.74507 20.323 0.228 7.74 419.0
2456505.48245 20.021 0.167 6.79 526.0
2456505.50581 20.635 0.264 6.14 479.0
2456505.52863 20.325 0.204 6.25 468.0
2456505.54348 20.083 0.148 5.70 466.0
2456505.55725 20.163 0.150 5.30 463.0
2456505.57322 19.933 0.137 6.10 452.0
2456505.58821 20.722 0.263 5.47 445.0
2456505.61685 20.941 0.333 6.06 437.0
2456505.63103 20.804 0.327 6.54 457.0
2456505.64460 20.515 0.223 5.84 459.0
2456505.65822 20.569 0.216 5.38 448.0
2456505.67176 20.660 0.225 5.12 442.0
2456505.68555 20.775 0.289 5.90 453.0
2456505.69991 20.865 0.323 6.10 455.0
2456505.71347 20.186 0.178 6.07 474.0
2456505.72786 20.095 0.165 6.11 484.0
2456505.74205 20.809 0.331 6.25 515.0
2456505.75630 20.042 0.175 6.28 568.0
2456505.78141 20.784 0.464 8.10 641.0
2456506.47245 20.666 0.429 8.07 600.0
2456506.49463 20.035 0.211 7.94 506.0
2456506.54721 20.952 0.469 7.78 479.0
2456506.56199 20.101 0.178 6.72 478.0
2456506.57997 20.674 0.291 6.67 448.0
2456506.59580 20.526 0.258 6.82 437.0
2456506.61011 22.418 1.750 7.94 460.0
2456506.64242 20.450 0.247 7.13 438.0
2456506.65613 21.322 0.520 6.80 432.0
2456506.67948 20.189 0.184 6.54 446.0
2456506.70324 19.836 0.144 6.99 456.0
2456506.71780 20.068 0.169 6.53 460.0
2456506.73151 19.924 0.158 6.70 487.0
2456506.74515 19.820 0.165 7.63 494.0
2456506.75890 20.226 0.214 6.80 521.0
2456507.63331 21.029 0.363 5.84 470.0
2456507.64741 19.945 0.194 7.76 475.0
2456507.67827 20.107 0.196 6.73 481.0
2456507.70228 20.625 0.387 7.80 522.0
2456507.71667 20.972 0.503 7.42 542.0
2456507.73023 20.268 0.266 7.32 561.0
2456507.75328 22.260 1.590 6.91 614.0
2456508.47069 20.567 0.413 7.76 760.0
2456508.48896 20.281 0.200 6.39 490.0
2456508.51165 20.703 0.328 7.07 458.0
2456508.53443 20.836 0.357 6.80 463.0
2456508.54808 20.306 0.171 5.58 444.0
2456508.56304 20.445 0.192 5.52 425.0
2456508.57837 20.455 0.173 4.90 444.0
2456508.59749 20.428 0.160 4.80 442.0
2456508.61117 20.534 0.199 5.46 446.0
2456508.62473 19.998 0.104 4.75 427.0
2456508.63929 20.571 0.164 4.41 443.0
2456508.65328 19.835 0.091 4.92 437.0
2456508.66740 20.562 0.185 5.15 424.0
2456508.68122 20.227 0.142 5.28 439.0
2456508.69489 20.283 0.140 4.90 459.0
2456508.70950 21.180 0.369 5.42 486.0
2456508.74139 19.787 0.092 4.69 518.0
2456508.75482 19.973 0.115 4.77 562.0
2456508.76923 20.197 0.185 5.86 616.0
2456509.50190 20.207 0.124 4.99 411.0
2456509.51630 20.314 0.130 4.31 404.0
2456509.53909 20.203 0.127 4.69 419.0
2456509.56288 20.112 0.090 3.61 417.0
2456509.57679 20.148 0.098 3.86 406.0
2456509.59095 20.453 0.127 3.58 416.0
2456509.60497 20.227 0.101 3.59 416.0
2456509.61872 20.664 0.160 3.79 428.0
2456509.63295 19.972 0.085 3.77 422.0
2456509.64671 19.886 0.087 4.51 429.0
2456509.66041 20.572 0.170 5.36 408.0
2456509.67429 20.826 0.232 5.38 401.0
2456509.68814 20.533 0.177 5.60 397.0
2456509.70174 20.579 0.210 6.15 422.0
2456509.71682 20.501 0.200 6.37 444.0
2456509.73070 20.065 0.160 7.52 499.0
2456509.74436 20.107 0.166 7.46 522.0
2456509.75823 20.440 0.263 8.90 569.0
2456510.46922 20.486 0.248 5.31 825.0
2456510.48275 20.062 0.113 4.78 442.0
2456510.50855 20.282 0.135 4.45 429.0
2456510.53174 20.023 0.102 4.29 425.0
2456510.54552 20.219 0.122 4.08 434.0
2456510.56042 20.316 0.125 3.93 423.0
2456510.57695 20.246 0.116 3.98 405.0
2456510.59235 20.281 0.108 3.65 402.0
2456510.60693 20.385 0.138 4.29 406.0
2456510.62093 19.992 0.099 4.39 409.0
2456510.63505 20.253 0.120 4.38 406.0
2456510.64899 20.436 0.149 4.59 424.0
2456510.69019 20.600 0.193 5.48 411.0
2456510.70494 20.189 0.172 6.71 449.0
2456510.71916 20.233 0.178 6.66 493.0
2456510.73292 20.725 0.326 7.60 506.0
2456510.74723 21.402 0.653 8.46 546.0
2456510.75979 20.493 0.325 8.71 602.0
2456511.48761 20.078 0.150 5.82 481.0
2456511.51832 20.219 0.188 6.64 482.0
2456511.54191 19.906 0.115 5.21 457.0
2456511.56706 20.292 0.180 5.72 442.0
2456511.59679 20.077 0.158 6.55 433.0
2456511.61232 20.569 0.258 6.85 435.0
2456511.63581 20.256 0.157 5.09 440.0
2456511.65150 20.367 0.155 4.71 426.0
2456511.66735 19.930 0.123 5.32 438.0
2456511.68541 20.311 0.195 5.95 439.0
2456511.70122 20.381 0.156 4.64 417.0
2456511.71674 20.256 0.170 5.59 434.0
2456511.73682 20.467 0.212 5.85 444.0
2456511.75404 20.110 0.150 6.00 454.0
2456512.71913 20.544 0.253 6.58 472.0
2456512.74702 20.904 0.453 7.95 522.0
2456514.47509 20.579 0.286 6.19 597.0
2456514.49332 20.650 0.307 6.64 497.0
2456514.51648 20.244 0.173 5.64 478.0
2456514.53633 19.841 0.118 5.65 471.0
2456514.56526 20.683 0.240 5.49 454.0
2456514.58975 20.104 0.116 4.64 409.0
2456514.62084 20.113 0.117 4.82 392.0
2456514.63689 20.235 0.118 4.32 382.0
2456514.65523 20.327 0.141 4.72 377.0
2456514.67181 20.337 0.136 4.71 377.0
2456514.69396 20.483 0.171 5.35 399.0
2456514.71042 19.868 0.102 5.58 422.0
2456514.72686 19.812 0.091 4.73 444.0
2456514.74828 19.976 0.126 5.56 497.0
2456515.47386 19.896 0.116 4.66 623.0
2456515.48952 20.497 0.174 4.52 487.0
2456515.50551 20.462 0.160 4.23 479.0
2456515.54175 20.128 0.113 4.39 435.0
2456515.55978 20.303 0.132 4.39 432.0
2456515.59107 20.238 0.147 5.16 430.0
2456515.60740 19.843 0.094 4.64 416.0
2456515.62318 20.478 0.151 4.36 415.0
2456515.64440 20.057 0.102 4.29 423.0
2456515.67125 20.257 0.125 4.51 398.0
2456515.73133 20.210 0.147 5.73 430.0
2456515.75045 20.153 0.165 6.25 496.0
2456516.49407 22.142 0.940 5.32 506.0
2456516.51684 20.362 0.233 6.60 507.0
2456516.57029 19.767 0.106 5.64 425.0
2456516.59925 20.338 0.173 5.43 436.0
2456516.61487 19.936 0.107 5.20 399.0
2456516.63124 19.926 0.128 6.18 396.0
2456516.65112 20.536 0.195 5.69 391.0
2456516.66921 20.913 0.352 6.96 392.0
2456516.68614 20.476 0.306 7.88 419.0
2456518.48673 20.071 0.139 5.26 516.0
2456518.51238 19.982 0.112 4.71 488.0
2456518.53810 20.181 0.115 4.22 470.0
2456518.55866 19.643 0.076 4.13 499.0
2456518.57523 20.450 0.167 4.40 497.0
2456518.61194 19.844 0.096 4.45 536.0
2456518.62742 20.408 0.163 4.61 511.0
2456518.64304 19.747 0.089 4.93 491.0
2456518.65883 20.118 0.126 4.94 494.0
2456518.67463 20.096 0.128 4.80 477.0
2456518.69073 19.909 0.117 5.75 474.0
2456518.70705 19.879 0.110 6.16 470.0
2456518.72084 19.970 0.121 6.41 455.0
2456519.47876 20.607 0.231 4.96 578.0
2456519.49247 20.110 0.131 4.77 504.0
2456519.50832 19.932 0.100 4.56 490.0
2456519.56482 20.049 0.119 4.12 505.0
2456519.58025 19.663 0.087 4.53 497.0
2456519.59630 20.233 0.152 5.21 477.0
2456519.61331 20.309 0.133 3.83 475.0
2456519.62831 19.793 0.099 4.89 488.0
2456519.64892 20.388 0.170 4.90 482.0
2456519.66481 20.213 0.142 5.21 506.0
2456519.68069 20.070 0.133 5.47 517.0
2456519.69632 20.123 0.155 6.37 546.0
2456519.71221 19.578 0.105 7.35 562.0
2456519.72763 20.321 0.214 7.38 573.0
2456523.50057 19.914 0.127 4.44 772.0
2456523.52557 19.940 0.123 4.17 781.0
2456523.53850 19.949 0.142 4.87 780.0
2456523.55118 19.839 0.118 4.54 702.0
2456523.56318 20.507 0.201 4.06 694.0
2456523.57488 19.895 0.109 3.80 725.0
2456523.58850 19.922 0.109 3.76 727.0
2456523.60049 19.820 0.107 4.01 742.0
2456523.61392 19.847 0.127 4.79 748.0
2456523.62759 20.481 0.233 4.63 801.0
2456523.64115 19.741 0.133 5.22 821.0
2456523.65460 20.193 0.200 5.19 839.0
2456523.66816 19.652 0.140 5.76 913.0
2456523.68166 20.196 0.273 6.67 876.0
2456523.69601 19.669 0.163 6.75 887.0
2456523.71011 19.640 0.163 6.52 1015.0
2456524.48601 20.155 0.166 4.81 752.0
2456524.50133 19.742 0.115 4.88 757.0
2456524.55005 19.930 0.136 5.13 716.0
2456524.56614 19.629 0.096 4.60 724.0
2456524.58227 19.758 0.109 4.51 742.0
2456524.59882 19.758 0.108 4.21 766.0
2456524.61424 19.602 0.095 4.43 766.0
2456524.63064 19.629 0.105 5.02 820.0
2456524.64654 19.883 0.153 5.93 808.0
2456524.66289 19.648 0.117 6.23 817.0
2456525.48670 19.603 0.123 5.25 840.0
2456525.53664 19.711 0.131 5.42 743.0
2456525.55232 20.337 0.271 6.24 734.0
2456525.56814 20.318 0.245 5.80 726.0
2456525.58385 19.379 0.102 5.62 746.0
2456525.60435 19.303 0.121 7.28 755.0
2456525.62014 19.609 0.149 6.43 765.0
2456525.63954 19.702 0.153 6.03 774.0
2456525.65498 19.690 0.162 6.46 801.0
2456525.67049 19.746 0.165 6.46 807.0
2456526.63011 19.432 0.103 6.17 601.0
2456526.64540 20.099 0.187 5.75 621.0
2456526.66191 19.731 0.127 5.70 646.0
2456526.67737 19.763 0.134 6.24 666.0
2456526.69258 19.764 0.145 7.02 686.0
2456527.56795 19.353 0.121 4.52 1630.0
2456527.57089 19.424 0.125 4.58 1533.0
2456527.59545 19.376 0.168 4.86 2716.0
2456527.62056 19.328 0.159 5.33 2237.0
2456528.55205 19.395 0.101 5.32 815.0
2456529.49318 19.675 0.136 6.43 650.0
2456529.54555 19.265 0.086 5.96 641.0
2456529.56261 19.028 0.069 6.71 473.0
2456529.57691 19.146 0.071 6.23 458.0
2456529.59055 19.288 0.077 5.94 451.0
2456529.60407 19.351 0.097 6.87 486.0
2456529.61946 19.800 0.164 7.34 526.0
2456529.63314 19.138 0.083 6.64 531.0
2456529.64694 19.220 0.085 6.45 540.0
2456529.66061 19.465 0.120 7.22 554.0
2456530.59738 19.261 0.109 7.84 515.0
2456530.65566 19.091 0.084 6.65 537.0
2456531.47105 18.942 0.109 6.96 1290.0
2456531.48621 19.011 0.064 6.21 484.0
2456531.49984 18.932 0.063 6.55 477.0
2456531.52655 19.062 0.068 6.54 468.0
2456531.55847 18.779 0.043 5.55 442.0
2456531.57602 18.881 0.051 5.55 452.0
2456531.59195 18.951 0.055 5.92 452.0
2456531.60775 18.990 0.051 5.41 442.0
2456531.62356 19.029 0.057 5.64 444.0
2456531.63942 18.917 0.054 6.07 451.0
2456531.65488 18.802 0.041 5.04 452.0
2456531.67160 18.768 0.047 6.06 467.0
2456532.47281 18.148 0.038 5.90 975.0
2456532.48641 17.996 0.022 5.31 460.0
2456532.50166 18.028 0.025 6.16 447.0
2456532.52856 17.960 0.018 4.32 443.0
2456532.55584 17.888 0.017 4.21 439.0
2456532.57190 17.819 0.017 4.53 435.0
2456532.58799 17.669 0.014 4.59 428.0
2456532.60565 17.582 0.016 5.63 430.0
2456532.63145 17.711 0.017 5.53 438.0
2456532.65119 17.969 0.023 6.23 447.0
2456532.66702 18.251 0.029 6.39 448.0
2456533.47789 19.094 0.080 5.87 728.0
2456533.48381 19.070 0.067 5.28 568.0
2456533.49888 18.937 0.062 6.13 537.0
2456533.51715 19.208 0.068 5.17 538.0
2456533.54270 19.190 0.073 5.32 559.0
2456533.56981 19.021 0.054 4.79 531.0
2456533.58765 19.010 0.057 5.41 554.0
2456533.60322 19.014 0.055 5.12 524.0
2456533.61997 19.040 0.054 5.30 508.0
2456533.62867 19.032 0.057 6.00 508.0
2456533.64878 18.993 0.059 6.76 478.0
2456534.50087 17.790 0.024 6.24 531.0
2456534.51620 17.841 0.019 4.79 512.0
2456534.54072 17.843 0.021 5.41 499.0
2456534.56356 17.939 0.023 5.63 489.0
2456534.57724 17.853 0.020 5.62 482.0
2456534.59165 17.870 0.021 5.57 487.0
2456534.60493 17.891 0.019 5.31 464.0
2456534.61859 17.857 0.020 5.95 459.0
2456534.63192 17.886 0.023 6.37 495.0
2456534.64785 17.839 0.022 6.98 489.0
2456534.66592 17.807 0.029 8.80 494.0
2456536.47262 18.275 0.040 6.06 759.0
2456536.48677 18.193 0.027 5.14 501.0
2456536.50483 18.329 0.028 5.00 489.0
2456536.65645 18.381 0.040 6.40 684.0
2456537.64538 18.778 0.053 5.78 585.0
2456538.48207 18.884 0.059 6.39 502.0
2456538.50927 18.851 0.040 4.57 439.0
2456538.52273 18.756 0.039 4.92 434.0
2456538.54641 18.729 0.037 4.74 437.0
2456538.56196 18.842 0.046 5.22 445.0
2456538.57738 18.983 0.059 6.12 434.0
2456538.59090 18.984 0.061 6.23 432.0
2456538.60434 19.049 0.066 6.28 443.0
2456539.47367 18.928 0.067 5.07 969.0
2456539.49372 19.045 0.051 5.20 461.0
2456539.51128 18.923 0.044 4.75 458.0
2456539.52499 19.101 0.050 4.78 436.0
2456539.53872 19.063 0.048 4.80 437.0
2456539.55263 19.000 0.061 5.63 630.0
2456539.57279 18.870 0.048 4.79 599.0
2456539.59619 19.100 0.056 4.29 629.0
2456539.61331 19.054 0.050 4.02 596.0
2456539.63233 19.017 0.051 4.71 594.0
2456539.65432 19.052 0.070 5.96 612.0
2456539.66954 19.281 0.087 6.70 603.0
2456540.64873 19.570 0.126 6.99 518.0
2456541.47047 19.604 0.101 4.85 666.0
2456541.48914 19.241 0.063 5.23 451.0
2456541.50328 19.220 0.060 5.11 465.0
2456541.50725 19.330 0.069 5.26 469.0
2456541.52085 19.438 0.083 5.77 485.0
2456541.55020 19.492 0.070 4.59 467.0
2456541.56567 19.355 0.060 4.62 411.0
2456541.58455 19.256 0.055 4.43 461.0
2456541.59810 19.384 0.057 4.01 446.0
2456541.61169 19.424 0.057 3.93 410.0
2456541.62955 19.653 0.081 3.95 562.0
2456543.47342 19.355 0.151 6.85 1131.0
2456543.51273 19.565 0.099 5.89 468.0
2456543.52650 19.556 0.092 5.57 454.0
2456543.55020 19.762 0.094 4.88 450.0
2456543.56353 19.567 0.083 5.25 454.0
2456543.57797 19.634 0.082 4.79 454.0
2456543.59516 19.675 0.085 4.83 450.0
2456543.60872 19.691 0.094 5.15 455.0
2456543.62230 19.708 0.101 5.37 475.0
2456543.63573 19.679 0.103 5.84 472.0
2456543.64908 19.641 0.104 6.20 495.0
2456544.51383 19.350 0.067 5.20 417.0
2456544.53762 19.706 0.123 6.30 423.0
2456544.55115 20.284 0.152 5.26 399.0
2456544.56441 19.310 0.059 5.08 395.0
2456544.57821 19.535 0.067 4.96 383.0
2456544.59311 19.739 0.133 6.94 463.0
2456545.47582 19.583 0.102 5.36 618.0
2456545.50807 19.624 0.074 4.71 424.0
2456545.52188 19.648 0.075 4.69 426.0
2456545.53607 19.736 0.080 4.78 416.0
2456545.55002 19.478 0.064 4.74 416.0
2456545.56693 19.709 0.085 5.14 416.0
2456545.58107 19.645 0.094 5.98 430.0
2456545.59857 19.492 0.077 5.77 425.0
2456545.61284 19.650 0.079 5.60 411.0
2456545.62680 19.605 0.090 6.63 426.0
2456545.64089 19.846 0.113 7.04 421.0
2456546.47757 20.588 0.433 7.11 847.0
2456546.51481 19.976 0.242 6.47 836.0
2456546.53311 20.626 0.412 6.87 761.0
2456546.55060 20.267 0.266 5.83 846.0
2456546.56814 21.253 0.677 5.68 1003.0
2456546.58527 19.930 0.188 5.87 949.0
2456546.60283 19.511 0.121 5.98 877.0
2456546.62874 102.699 9.999 6.89 664.0
2456546.64642 19.893 0.195 7.93 760.0
2456547.56181 19.688 0.208 6.22 1228.0
2456547.58105 20.422 0.424 6.58 1310.0
2456547.59557 19.969 0.267 6.59 1344.0
2456547.60894 20.217 0.373 7.60 1392.0
2456547.62865 19.717 0.245 8.01 1400.0
2456551.48123 20.192 0.300 7.09 827.0
2456551.49508 20.784 0.481 7.20 699.0
2456551.51875 20.049 0.239 6.88 727.0
2456551.57093 19.783 0.165 6.29 702.0
2456551.58449 19.635 0.153 6.83 737.0
2456552.54789 22.384 1.692 6.38 661.0
2456552.57042 20.064 0.215 6.84 660.0
2456552.60696 20.204 0.262 7.32 716.0
2456553.52632 102.699 9.999 6.96 692.0
2456555.54243 20.004 0.226 7.05 626.0
2456555.56741 19.723 0.138 5.81 631.0
2456555.58080 20.288 0.215 5.18 647.0
2456555.59419 19.987 0.153 4.80 655.0
2456555.61910 20.972 0.466 5.79 719.0
2456555.63241 19.804 0.161 5.92 755.0
2456555.64664 19.804 0.160 5.91 794.0
2456556.61079 20.124 0.228 6.79 651.0
2456556.62810 20.471 0.330 7.02 685.0
2456558.48892 19.928 0.110 4.43 536.0
2456558.50579 20.489 0.155 4.01 485.0
2456558.51945 20.077 0.114 4.40 491.0
2456558.53300 20.380 0.157 4.47 505.0
2456558.54675 20.712 0.217 4.67 514.0
2456558.56007 20.068 0.117 4.54 504.0
2456558.57679 20.199 0.146 5.15 526.0
2456558.59049 20.225 0.163 5.44 578.0
2456558.61295 19.822 0.150 6.86 655.0
2456558.63019 19.735 0.143 6.76 712.0
2456559.48713 20.172 0.219 6.16 645.0
2456559.50531 20.232 0.196 5.70 586.0
2456559.51889 20.074 0.180 6.44 595.0
2456559.54572 20.239 0.161 5.01 543.0
2456559.55912 20.876 0.320 5.60 524.0
2456559.57251 20.451 0.233 6.09 524.0
2456559.59569 20.976 0.389 7.06 503.0
2456559.61188 20.182 0.206 7.52 496.0
2456560.47990 21.655 1.192 6.71 1197.0
2456560.49736 20.479 0.229 5.71 522.0
2456560.51977 20.230 0.158 4.77 529.0
2456560.55011 20.263 0.163 4.77 543.0
2456560.56345 20.109 0.143 4.71 566.0
2456560.58008 20.697 0.273 5.17 584.0
2456560.59944 20.009 0.184 6.39 600.0
2456560.61925 20.944 0.373 5.88 592.0
2456560.63463 20.878 0.379 6.76 587.0
2456561.61796 20.325 0.244 7.12 504.0
2456561.50716 20.147 0.201 7.03 459.0
2456561.52385 20.716 0.280 5.47 468.0
2456561.53722 20.304 0.208 5.96 477.0
2456562.49239 20.067 0.180 6.44 490.0
2456562.50923 20.352 0.196 5.66 464.0
2456562.52268 20.775 0.265 5.41 449.0
2456562.53954 20.412 0.220 6.47 453.0
2456562.55299 20.458 0.221 7.02 448.0
2456562.56979 20.414 0.169 4.62 433.0
2456562.58649 20.294 0.156 4.80 434.0
2456562.59991 20.494 0.201 5.37 440.0
2456563.55691 20.804 0.340 6.08 471.0
2456563.60271 20.308 0.194 5.70 479.0
2456564.48749 21.038 0.476 6.39 610.0
2456564.53614 20.441 0.228 5.98 493.0
2456564.58082 20.286 0.191 6.39 528.0
2456565.50783 20.584 0.257 5.48 542.0
2456565.54861 20.749 0.262 4.98 521.0
2456565.60284 20.241 0.178 5.97 509.0
2456567.52068 20.950 0.412 7.11 384.0
2456567.54682 20.239 0.214 5.85 520.0
2456567.58844 21.248 0.484 6.28 395.0
2456568.53289 19.893 0.178 6.68 565.0
2456568.57373 21.320 0.554 6.05 529.0
2456569.53313 20.667 0.188 4.15 470.0
2456569.57409 102.699 9.999 5.25 475.0
2456570.48747 21.249 0.584 6.72 667.0
2456570.55197 19.971 0.156 7.03 503.0
2456571.51875 20.577 0.311 6.66 562.0
2456571.56002 21.082 0.448 6.55 572.0
2456572.48073 20.684 0.565 7.05 1566.0
2456572.53656 20.965 0.362 5.55 519.0
2456572.59030 20.309 0.239 6.35 564.0
2456573.55650 23.440 3.800 5.84 623.0
2456577.48685 21.764 1.612 5.96 1701.0
2456577.53571 19.686 0.201 6.86 1370.0
2456577.56257 26.351 78.237 6.13 1102.0
2456579.50249 20.282 0.214 5.22 714.0
2456579.56372 20.417 0.335 6.96 778.0
2456580.52257 21.177 0.533 6.17 732.0
2456581.51681 20.403 0.250 5.86 675.0
2456581.57336 102.699 9.999 6.49 820.0
2456582.53677 20.223 0.189 4.74 768.0
2456583.48960 20.745 0.554 7.25 1161.0
2456584.49080 22.530 2.800 6.55 1370.0
2456584.53558 20.340 0.341 6.76 1071.0
2456585.48949 19.735 0.203 5.88 1226.0
2456585.53925 19.743 0.191 6.99 806.0
2456590.50516 21.477 0.628 6.10 549.0
2456590.52898 20.856 0.384 6.33 559.0
2456590.54952 19.779 0.159 7.00 583.0
2456592.50215 20.875 0.397 6.42 593.0
2456593.51705 21.290 0.629 6.72 634.0
2456595.50370 20.682 0.331 5.76 714.0
