2457085.90105 19.839 0.086 3.62 519.0
2457088.83199 20.029 0.118 4.06 525.0
2457090.86636 19.950 0.120 4.89 450.0
2457092.86936 20.376 0.148 3.87 501.0
2457098.78337 20.271 0.139 4.76 386.0
2457100.77033 20.110 0.158 5.45 515.0
2457102.86081 20.473 0.197 5.60 376.0
2457110.79027 20.220 0.103 3.85 340.0
2457112.74285 20.137 0.206 6.44 566.0
2457113.76962 20.131 0.109 4.23 396.0
2457115.78049 20.567 0.178 4.16 448.0
2457117.77078 20.395 0.142 3.50 591.0
2457119.81970 20.410 0.197 4.54 581.0
2457125.72137 20.096 0.137 5.55 398.0
2457126.92886 20.289 0.187 3.61 1197.0
2457130.84073 20.241 0.154 5.43 317.0
2457132.72907 19.925 0.120 5.44 408.0
2457134.80135 20.328 0.134 4.41 353.0
2457136.69205 20.161 0.124 4.59 400.0
2457137.81432 20.088 0.086 3.67 312.0
2457138.93188 20.525 0.220 3.80 909.0
2457140.78654 20.476 0.168 4.65 380.0
2457141.92188 20.344 0.131 3.73 445.0
2457143.74205 20.237 0.143 4.36 403.0
2457144.88709 20.280 0.178 4.76 629.0
2457146.75493 20.644 0.213 3.78 751.0
2457147.77494 20.402 0.202 4.60 684.0
2457152.93966 20.241 0.243 5.38 1042.0
2457154.69798 20.773 0.179 4.06 343.0
2457155.77609 20.437 0.124 3.68 342.0
2457158.82416 20.119 0.124 4.89 356.0
2457159.86888 20.212 0.183 6.69 360.0
2457162.66336 20.456 0.142 4.39 307.0
2457163.71748 20.292 0.182 5.52 418.0
2457166.89148 19.863 0.123 5.70 437.0
2457169.87452 20.218 0.118 4.78 332.0
2457170.89950 19.974 0.131 5.51 415.0
2457172.94602 19.892 0.231 6.45 1284.0
2457174.58344 20.057 0.213 6.08 914.0
2457178.88850 20.107 0.176 3.86 1205.0
2457179.92534 20.335 0.220 5.26 718.0
2457182.55973 20.447 0.197 5.90 321.0
2457183.57042 20.231 0.154 5.89 300.0
2457184.60693 20.045 0.139 5.79 355.0
2457185.61423 20.355 0.167 5.17 342.0
2457186.70199 19.852 0.155 7.30 382.0
2457187.79674 20.275 0.157 5.79 334.0
2457188.81646 20.200 0.190 6.43 411.0
2457189.89673 20.440 0.259 6.30 604.0
2457191.64036 20.117 0.114 4.37 389.0
2457194.58798 20.429 0.146 4.78 289.0
2457197.69059 20.341 0.122 4.30 275.0
2457198.72728 19.945 0.108 4.86 354.0
2457199.72931 20.334 0.121 4.16 326.0
2457200.70805 20.341 0.106 3.35 351.0
2457207.60408 20.629 0.188 3.75 586.0
2457209.74406 20.256 0.162 4.59 504.0
2457211.73358 20.339 0.136 4.42 358.0
2457214.70721 19.965 0.115 5.49 421.0
2457219.63802 20.201 0.110 4.28 313.0
2457220.75895 20.496 0.129 3.70 329.0
2457221.78778 20.534 0.156 4.21 348.0
2457223.57880 20.173 0.143 5.44 343.0
2457224.68166 20.293 0.144 5.38 278.0
2457226.57996 20.595 0.180 4.84 327.0
2457227.59788 20.390 0.134 4.25 311.0
2457228.65812 20.481 0.211 5.16 484.0
2457229.71017 20.321 0.141 3.97 519.0
2457235.50212 20.486 0.299 6.41 675.0
2457248.48363 20.142 0.166 6.30 343.0
2457249.48183 20.002 0.158 6.89 380.0
2457252.52202 20.081 0.152 5.82 396.0
2457255.49464 20.320 0.189 6.02 378.0
2457264.58418 20.456 0.199 4.65 553.0
2457267.58113 20.260 0.155 5.53 313.0
2457269.57438 20.154 0.114 4.58 318.0
2457271.58094 20.189 0.151 5.68 312.0
2457278.60090 20.323 0.184 5.87 351.0
2457291.51810 20.103 0.254 7.55 623.0
2457299.57903 20.133 0.178 6.60 489.0
2457312.50179 19.940 0.176 6.18 691.0
2457424.87895 20.128 0.130 4.43 605.0
2457425.87498 20.316 0.200 5.87 537.0
2457427.86318 19.774 0.144 7.29 439.0
2457428.85413 20.229 0.140 5.17 411.0
2457429.86021 20.773 0.289 5.67 469.0
2457431.88335 20.126 0.114 3.91 484.0
2457432.85301 20.040 0.127 4.91 423.0
2457433.85118 19.949 0.111 5.06 382.0
2457434.84331 20.543 0.276 5.88 587.0
2457435.88383 20.252 0.174 5.96 422.0
2457438.86886 19.854 0.116 5.76 374.0
2457441.83106 20.161 0.231 6.46 727.0
2457443.85674 20.483 0.261 5.86 559.0
2457444.83615 20.492 0.220 5.37 509.0
2457445.85548 20.105 0.136 4.79 466.0
2457447.87754 20.421 0.167 4.60 415.0
2457451.85447 19.991 0.161 4.51 1016.0
2457453.84769 20.176 0.099 3.98 347.0
2457456.80960 20.140 0.164 5.98 420.0
2457458.83330 20.200 0.142 5.14 366.0
2457461.83297 20.406 0.117 3.69 320.0
2457463.87861 19.987 0.089 4.00 324.0
2457466.87940 20.646 0.190 4.38 396.0
2457470.83846 20.492 0.190 4.62 503.0
2457472.75622 20.087 0.172 5.58 608.0
2457474.77730 20.387 0.195 5.14 559.0
2457475.80925 20.267 0.243 5.99 782.0
2457484.75769 19.912 0.139 6.90 321.0
2457485.88419 20.608 0.164 4.67 288.0
2457487.77777 20.420 0.147 4.53 361.0
2457488.90305 20.494 0.145 3.95 423.0
2457491.91162 20.264 0.099 3.85 284.0
2457492.91294 20.108 0.096 3.86 358.0
2457493.90004 20.192 0.108 4.43 265.0
2457494.88775 20.353 0.130 4.25 347.0
2457495.86568 20.210 0.140 4.98 334.0
2457498.75094 20.531 0.228 5.29 495.0
2457499.75307 20.585 0.216 4.96 509.0
2457500.69515 20.027 0.164 5.29 691.0
2457500.89644 20.038 0.164 5.61 552.0
2457508.71569 20.228 0.089 3.31 325.0
2457509.82072 20.467 0.172 5.16 343.0
2457511.89466 20.241 0.113 3.97 387.0
2457522.82412 20.025 0.184 6.94 420.0
2457526.71237 20.186 0.166 5.55 471.0
2457529.75694 20.262 0.227 6.03 650.0
2457534.72922 20.081 0.140 5.35 445.0
2457536.73960 20.473 0.175 5.09 352.0
2457545.88401 20.119 0.141 5.30 393.0
2457547.85760 20.773 0.222 5.24 287.0
2457549.75156 20.231 0.102 4.48 230.0
2457550.74825 20.238 0.120 4.58 332.0
2457554.69117 20.452 0.158 5.16 331.0
2457555.79862 20.733 0.212 4.64 398.0
2457557.75153 20.124 0.150 4.77 655.0
2457561.58012 20.382 0.276 5.16 1112.0
2457562.56250 20.310 0.244 5.63 909.0
2457566.77082 19.955 0.119 5.54 372.0
2457567.71430 20.467 0.165 4.73 368.0
2457568.71009 20.551 0.191 5.95 260.0
2457569.72996 20.474 0.182 5.63 312.0
2457575.52694 20.485 0.220 6.77 295.0
2457576.52245 20.103 0.131 5.86 309.0
2457576.53507 20.388 0.158 5.88 280.0
2457577.57894 20.445 0.171 5.50 358.0
2457583.77372 20.251 0.175 6.18 344.0
2457589.47672 19.971 0.239 7.14 910.0
2457590.50172 20.338 0.206 5.76 581.0
2457595.56566 20.228 0.179 6.91 315.0
2457599.53176 20.565 0.238 6.06 318.0
2457599.61525 20.087 0.128 5.63 263.0
2457599.75078 20.023 0.116 4.88 311.0
2457600.54056 20.528 0.236 6.25 300.0
2457600.63586 20.471 0.200 6.46 270.0
2457601.70729 20.290 0.130 5.27 246.0
2457602.53524 20.090 0.155 6.58 305.0
2457603.59695 20.296 0.140 5.36 252.0
2457604.60299 20.543 0.144 4.73 234.0
2457605.64542 20.062 0.119 5.41 273.0
2457607.60345 20.100 0.142 6.69 243.0
2457608.71369 20.246 0.119 4.22 306.0
2457610.55952 20.446 0.176 4.92 325.0
2457612.56685 20.709 0.244 5.32 378.0
2457616.62811 20.532 0.204 4.60 574.0
2457618.52532 19.962 0.149 5.36 555.0
2457621.59222 20.287 0.175 5.80 376.0
2457623.50946 20.383 0.164 5.14 334.0
2457624.67129 20.074 0.113 5.14 302.0
2457626.68144 20.365 0.164 5.17 334.0
2457632.48266 20.323 0.154 5.10 298.0
2457635.48907 20.718 0.290 6.59 343.0
2457637.58833 20.120 0.108 4.86 293.0
2457643.59401 20.075 0.267 7.30 751.0
2457648.51822 20.176 0.201 6.27 478.0
2457650.50705 20.192 0.118 4.89 303.0
2457651.52240 20.461 0.195 5.73 401.0
2457651.57767 20.287 0.153 4.68 506.0
2457652.50962 20.626 0.188 5.24 319.0
2457653.50900 20.287 0.133 4.97 333.0
2457654.51362 20.044 0.165 6.72 392.0
2457655.51704 20.513 0.189 5.64 340.0
2457656.51647 20.013 0.142 6.00 376.0
2457656.60253 20.270 0.166 5.48 409.0
2457657.56257 20.630 0.206 4.94 387.0
2457659.52403 20.275 0.180 5.57 404.0
2457660.48939 19.956 0.158 6.38 457.0
2457660.51071 20.383 0.274 7.34 427.0
2457661.51235 20.493 0.239 6.58 381.0
2457662.51306 19.997 0.160 6.31 453.0
2457664.51114 20.234 0.230 6.99 461.0
2457665.49451 20.125 0.192 6.76 446.0
2457665.52311 20.416 0.222 5.85 533.0
2457666.51339 20.263 0.233 7.14 451.0
2457667.54267 20.440 0.222 5.50 528.0
2457671.49972 20.469 0.252 5.75 565.0
2457672.50119 20.494 0.252 6.37 487.0
2457673.50754 20.269 0.216 4.99 868.0
2457675.50635 20.000 0.161 5.68 587.0
2457682.50338 20.596 0.266 5.60 567.0
2457683.50245 20.143 0.214 6.88 522.0
2457795.86707 20.180 0.279 6.95 808.0
2457796.86177 20.098 0.165 5.37 647.0
2457798.86978 20.044 0.138 5.03 513.0
2457800.87454 20.463 0.191 4.93 484.0
2457802.85445 20.283 0.270 7.17 566.0
2457807.88498 20.595 0.167 4.38 344.0
2457810.86137 20.344 0.148 4.83 372.0
2457813.82584 20.081 0.141 5.34 465.0
2457816.85414 20.223 0.146 5.35 359.0
2457818.89701 20.213 0.112 3.83 388.0
2457823.83507 20.379 0.169 4.35 575.0
2457825.86736 20.132 0.156 5.40 512.0
2457827.84461 20.286 0.153 4.60 477.0
2457829.84040 20.100 0.157 4.88 616.0
2457835.75176 20.525 0.264 7.66 306.0
2457836.86230 20.481 0.169 5.37 281.0
2457838.75001 20.576 0.261 6.68 381.0
2457839.81570 20.124 0.091 4.09 261.0
2457840.87478 20.075 0.114 5.08 283.0
2457842.74729 20.099 0.146 6.44 306.0
2457843.77908 20.142 0.129 5.65 271.0
2457844.83094 20.351 0.197 7.06 279.0
2457845.87132 20.388 0.130 4.59 270.0
2457847.71997 20.187 0.172 6.68 332.0
2457848.74899 20.192 0.177 6.89 314.0
2457849.77760 20.195 0.106 4.27 322.0
2457850.80504 19.875 0.114 5.63 362.0
2457851.83822 20.186 0.117 4.42 349.0
2457853.90036 20.578 0.230 5.86 381.0
2457854.89815 20.609 0.184 3.91 485.0
2457856.72056 19.904 0.184 6.66 647.0
2457858.78977 20.175 0.141 4.79 453.0
2457862.84036 20.113 0.129 5.18 355.0
2457864.91155 20.233 0.110 4.08 353.0
2457865.91754 20.259 0.152 4.72 426.0
2457866.92325 20.616 0.163 3.77 408.0
2457868.75566 20.478 0.214 6.30 329.0
2457869.77121 20.279 0.119 4.34 294.0
2457870.80806 20.253 0.108 4.16 273.0
2457871.83706 20.333 0.104 3.44 301.0
2457872.85371 20.149 0.113 4.60 329.0
2457873.83511 20.518 0.135 3.82 318.0
2457874.81859 20.159 0.128 4.97 305.0
2457875.90760 20.081 0.110 4.27 505.0
2457876.87117 20.597 0.183 4.63 360.0
2457877.84296 20.180 0.110 3.72 400.0
2457878.88335 20.336 0.105 3.37 354.0
2457879.87602 20.038 0.191 7.38 395.0
2457882.72426 20.373 0.211 5.89 483.0
2457889.90110 20.026 0.287 5.96 1630.0
2457893.63775 20.037 0.173 7.09 386.0
2457893.89324 20.078 0.143 5.34 414.0
2457894.78138 20.189 0.128 4.82 326.0
2457895.77145 20.197 0.136 5.29 388.0
2457901.64595 20.060 0.124 5.81 303.0
2457902.63693 20.347 0.224 7.18 333.0
2457903.67061 19.952 0.161 7.60 302.0
2457904.63454 20.128 0.138 5.98 318.0
2457904.88758 20.295 0.148 4.71 374.0
2457905.76069 20.322 0.136 4.47 324.0
2457906.64158 20.358 0.130 4.15 344.0
2457906.89910 20.379 0.172 4.31 553.0
2457907.77777 20.136 0.115 4.20 423.0
2457908.75776 20.231 0.159 5.10 474.0
2457909.62237 20.276 0.158 4.46 518.0
2457909.86179 20.313 0.142 4.15 480.0
2457916.73169 20.165 0.149 4.36 607.0
2457917.57089 20.028 0.181 6.44 566.0
2457917.81263 20.400 0.252 6.24 558.0
2457923.53632 20.126 0.177 6.56 435.0
2457923.79740 20.105 0.145 5.17 403.0
2457924.61142 20.187 0.121 4.56 318.0
2457924.86149 20.225 0.129 3.94 466.0
2457925.78839 20.207 0.125 4.86 288.0
2457926.72149 20.174 0.149 5.84 319.0
2457932.81235 20.245 0.168 5.86 355.0
2457933.67230 20.360 0.184 6.61 251.0
2457934.60444 20.244 0.120 4.55 300.0
2457934.84538 20.112 0.160 6.55 325.0
2457936.58441 20.372 0.156 5.11 314.0
2457936.85506 20.410 0.224 6.74 327.0
2457937.66897 20.162 0.132 5.03 338.0
2457938.59740 20.224 0.200 6.68 405.0
2457944.53765 20.119 0.163 4.89 682.0
2457944.63139 20.063 0.153 4.92 591.0
2457944.76087 19.962 0.145 5.20 599.0
2457945.54173 20.173 0.162 5.30 492.0
2457945.77963 20.211 0.146 4.49 528.0
2457946.62802 20.187 0.139 5.15 388.0
2457947.54694 20.492 0.198 6.05 317.0
2457948.73891 20.433 0.176 4.96 397.0
2457949.66585 20.567 0.263 6.32 446.0
2457952.80764 20.295 0.187 6.36 322.0
2457953.70987 20.107 0.104 4.80 239.0
2457954.62534 20.311 0.113 4.15 262.0
2457955.79237 20.093 0.129 5.65 336.0
2457956.72912 20.140 0.116 4.58 306.0
2457958.57963 19.867 0.149 7.31 353.0
2457959.47419 19.959 0.119 5.22 421.0
2457959.70874 20.066 0.101 4.71 269.0
2457960.61301 20.251 0.113 4.66 299.0
2457961.60633 20.282 0.137 5.16 330.0
2457962.55477 20.125 0.095 3.95 321.0
2457964.62112 20.187 0.137 5.04 329.0
2457965.70182 19.937 0.109 4.59 478.0
2457967.70947 19.999 0.149 5.95 432.0
2457971.54508 19.969 0.150 5.07 662.0
2457971.64464 20.120 0.147 4.36 608.0
2457972.57994 20.322 0.252 6.02 576.0
2457972.68803 20.080 0.177 5.10 661.0
2457973.66045 19.847 0.132 5.14 638.0
2457979.53679 20.144 0.108 4.41 320.0
2457980.60572 19.957 0.136 5.54 415.0
2457981.67354 20.083 0.137 4.90 399.0
2457983.52577 19.881 0.127 5.98 335.0
2457984.58474 19.865 0.103 4.80 318.0
2457986.48688 19.973 0.095 4.44 351.0
2457987.56942 19.936 0.095 4.04 373.0
2457990.63550 19.842 0.113 5.87 322.0
2457992.50673 19.768 0.086 4.68 344.0
2457993.57035 19.906 0.105 4.87 361.0
2457994.63155 20.038 0.147 5.77 412.0
2457998.56351 19.756 0.096 4.20 558.0
2458000.49738 19.792 0.129 5.70 477.0
2458001.60097 19.689 0.094 4.74 528.0
2458007.58377 19.348 0.097 7.14 372.0
2458011.58135 19.182 0.083 6.98 383.0
2458014.49213 19.100 0.052 4.67 365.0
2458016.52316 18.847 0.048 5.57 388.0
2458019.49681 18.484 0.031 4.93 369.0
2458029.48811 18.566 0.054 6.31 680.0
2458036.51835 19.288 0.097 7.19 440.0
2458039.49082 19.257 0.107 7.02 602.0
2458041.49677 19.802 0.135 6.17 497.0
