2455260.86866 19.496 0.065 3.42 605.0
2455261.80352 19.375 0.068 4.07 600.0
2455264.82661 19.516 0.084 4.35 671.0
2455264.87974 19.290 0.093 5.31 841.0
2455264.89705 19.462 0.093 4.31 937.0
2455265.80272 19.491 0.073 4.64 480.0
2455266.79069 19.456 0.078 5.08 484.0
2455267.83252 19.488 0.071 5.06 410.0
2455268.80374 19.541 0.072 4.73 414.0
2455269.79863 19.387 0.058 4.37 411.0
2455270.84301 19.437 0.056 3.66 389.0
2455271.79805 19.390 0.061 4.27 439.0
2455272.80491 19.433 0.076 5.73 402.0
2455273.85953 19.417 0.062 4.71 383.0
2455274.80826 19.507 0.080 5.39 411.0
2455275.79481 19.462 0.079 4.59 549.0
2455276.82892 19.423 0.061 4.32 386.0
2455277.79504 19.655 0.096 5.89 428.0
2455278.80507 19.336 0.065 5.11 419.0
2455279.80632 19.453 0.087 6.09 413.0
2455280.85789 19.342 0.050 3.38 417.0
2455281.79283 19.414 0.055 3.72 425.0
2455282.77334 19.408 0.086 5.09 610.0
2455282.91835 19.347 0.091 3.64 1165.0
2455283.77448 19.667 0.101 4.58 621.0
2455284.77647 19.496 0.110 6.12 740.0
2455285.77217 19.381 0.091 4.86 847.0
2455285.90169 19.361 0.077 4.86 647.0
2455286.76337 19.455 0.090 4.03 797.0
2455287.83301 19.371 0.067 3.78 652.0
2455288.76636 19.772 0.116 4.59 759.0
2455292.83650 19.353 0.101 3.57 1809.0
2455293.84444 19.472 0.068 4.19 455.0
2455294.77426 19.485 0.054 3.71 360.0
2455295.77594 19.511 0.060 4.43 335.0
2455296.81638 19.464 0.050 3.61 350.0
2455297.85072 19.391 0.046 3.39 340.0
2455298.89093 19.441 0.052 3.82 367.0
2455299.87414 19.441 0.053 4.28 351.0
2455301.80242 19.500 0.057 3.85 380.0
2455304.76457 19.408 0.081 6.27 496.0
2455306.76097 19.517 0.067 5.07 371.0
2455307.76394 19.477 0.068 4.72 425.0
2455308.75352 19.496 0.075 5.69 406.0
2455309.82511 19.484 0.059 4.35 372.0
2455310.79295 19.471 0.074 5.92 394.0
2455311.89905 19.536 0.074 4.66 457.0
2455312.88994 19.387 0.071 5.19 461.0
2455313.91617 19.461 0.091 5.08 672.0
2455314.86433 19.616 0.109 4.88 837.0
2455315.78983 19.540 0.090 4.10 841.0
2455316.74585 19.461 0.122 5.84 862.0
2455320.78375 19.375 0.097 5.32 946.0
2455321.73064 19.369 0.076 5.92 529.0
2455321.92472 19.393 0.074 4.36 635.0
2455323.84219 19.456 0.072 4.59 568.0
2455324.77277 19.433 0.070 5.07 433.0
2455325.69045 19.408 0.061 4.39 413.0
2455325.89072 19.304 0.057 3.95 484.0
2455326.81548 19.430 0.056 3.74 407.0
2455327.76261 19.548 0.069 4.39 366.0
2455328.62609 19.415 0.065 4.01 535.0
2455328.88587 19.495 0.070 4.03 486.0
2455334.81168 19.468 0.059 4.24 388.0
2455335.78853 19.488 0.058 3.84 403.0
2455336.84901 19.437 0.067 4.45 452.0
2455337.87681 19.546 0.104 5.96 576.0
2455338.90503 19.348 0.101 6.35 617.0
2455339.91087 19.761 0.199 7.66 776.0
2455340.85238 19.488 0.099 5.59 624.0
2455341.74723 19.515 0.080 4.56 571.0
2455342.61197 19.506 0.134 6.32 871.0
2455342.80759 19.496 0.098 5.01 786.0
2455343.64128 19.532 0.115 5.05 969.0
2455343.83440 19.565 0.107 4.56 885.0
2455348.78166 19.431 0.081 5.36 498.0
2455349.61875 19.249 0.115 7.61 682.0
2455350.67050 19.423 0.095 6.58 471.0
2455351.76449 19.477 0.082 4.96 530.0
2455352.77872 19.439 0.071 4.35 476.0
2455353.74705 19.441 0.061 4.09 397.0
2455354.69298 19.598 0.078 4.68 397.0
2455355.63323 19.500 0.083 5.73 469.0
2455357.63210 19.405 0.081 6.10 444.0
2455358.77919 19.332 0.087 6.82 422.0
2455359.65685 19.398 0.068 5.06 450.0
2455359.88664 19.268 0.084 5.93 591.0
2455362.82371 19.454 0.066 4.31 509.0
2455364.88888 19.456 0.085 6.13 419.0
2455365.85697 19.410 0.084 5.83 492.0
2455369.81336 19.527 0.101 5.06 711.0
2455376.77895 19.443 0.092 5.53 644.0
2455377.70629 19.455 0.069 4.53 452.0
2455378.55514 19.393 0.065 4.93 400.0
2455378.84246 19.422 0.082 5.76 566.0
2455379.74734 19.459 0.070 5.09 422.0
2455380.57405 19.549 0.071 5.15 333.0
2455380.82933 19.522 0.129 7.53 507.0
2455381.70451 19.651 0.105 6.12 415.0
2455382.56803 19.582 0.137 8.44 430.0
2455382.77483 19.277 0.093 7.37 456.0
2455385.57075 19.464 0.058 4.00 390.0
2455386.50384 19.503 0.070 4.46 669.0
2455386.58592 19.467 0.060 4.34 532.0
2455386.67019 19.463 0.059 5.10 439.0
2455386.80012 19.530 0.065 4.47 358.0
2455387.78387 19.407 0.060 4.65 339.0
2455388.71720 19.576 0.066 4.71 265.0
2455389.58724 19.429 0.062 5.35 306.0
2455390.56936 19.538 0.089 6.65 342.0
2455390.82626 19.355 0.066 6.05 312.0
2455391.81222 19.513 0.086 5.09 476.0
2455392.70772 19.569 0.076 5.54 327.0
2455393.72063 19.493 0.092 6.88 344.0
2455396.61735 19.360 0.072 5.54 404.0
2455397.68007 19.402 0.078 5.89 405.0
2455403.65256 19.441 0.078 4.06 786.0
2455404.52367 19.413 0.083 5.14 556.0
2455404.72093 19.494 0.099 5.34 614.0
2455405.73656 19.412 0.073 4.18 518.0
2455407.59023 19.475 0.095 7.23 363.0
2455408.50608 19.454 0.100 7.30 412.0
2455408.71320 19.494 0.087 5.80 417.0
2455409.66986 19.488 0.061 4.48 341.0
2455410.67327 19.424 0.057 4.30 337.0
2455411.70882 19.492 0.052 3.67 322.0
2455412.64692 19.432 0.082 5.98 410.0
2455413.70174 19.433 0.060 4.98 292.0
2455414.74867 19.443 0.076 5.78 391.0
2455418.61572 19.481 0.059 4.59 293.0
2455421.64421 19.491 0.068 5.69 310.0
2455422.72030 19.379 0.062 5.48 329.0
2455426.49243 19.471 0.139 4.90 1607.0
2455430.56303 19.405 0.092 5.50 637.0
2455431.55824 19.446 0.075 4.53 552.0
2455434.52320 19.359 0.081 6.11 470.0
2455435.49429 19.491 0.093 6.43 418.0
2455436.49202 19.484 0.086 6.05 387.0
2455438.52726 19.326 0.078 6.20 421.0
2455439.59533 19.491 0.096 6.34 394.0
2455443.60955 19.508 0.092 6.36 398.0
2455444.63517 19.472 0.075 5.10 419.0
2455446.51758 19.481 0.069 4.52 389.0
2455447.53305 19.367 0.061 4.75 374.0
2455448.66511 19.386 0.076 6.76 367.0
2455450.54562 19.586 0.098 6.22 407.0
2455457.57637 19.498 0.067 3.98 522.0
2455458.60146 19.443 0.115 6.87 625.0
2455460.48373 19.349 0.108 6.74 621.0
2455462.53476 19.679 0.107 5.16 554.0
2455465.53609 19.445 0.088 6.29 425.0
2455467.51783 19.519 0.065 4.24 415.0
2455469.51591 19.473 0.063 4.14 406.0
2455470.54013 19.357 0.068 4.64 441.0
2455471.54562 19.522 0.076 4.99 381.0
2455472.48801 19.416 0.088 5.67 555.0
2455472.58270 19.500 0.092 5.88 482.0
2455473.52873 19.450 0.085 5.73 426.0
2455478.50792 19.395 0.073 5.10 440.0
2455479.53714 19.761 0.132 6.60 473.0
2455480.52043 19.486 0.096 6.08 475.0
2455481.48925 19.232 0.126 5.89 1222.0
2455485.53612 19.546 0.109 5.20 662.0
2455486.52244 19.472 0.110 5.63 659.0
2455487.50544 19.544 0.078 4.20 577.0
2455488.48936 19.534 0.134 4.62 1295.0
2455488.55566 19.485 0.124 6.44 787.0
2455489.54627 19.457 0.117 5.95 744.0
2455490.54233 19.527 0.136 6.24 787.0
2455492.53911 19.427 0.139 6.59 959.0
2455495.49270 19.390 0.114 4.76 1222.0
2455497.49540 19.402 0.147 5.93 1335.0
2455499.49984 19.220 0.118 6.64 944.0
2455502.51259 19.509 0.098 5.49 612.0
2455598.87280 19.488 0.091 6.41 453.0
2455599.86293 19.363 0.078 6.26 417.0
2455600.85939 19.490 0.072 5.11 434.0
2455616.89314 19.427 0.088 5.34 604.0
2455622.89241 19.533 0.055 3.74 332.0
2455625.82605 19.623 0.084 5.43 393.0
2455627.81901 19.694 0.117 7.21 382.0
2455628.90218 19.519 0.069 4.56 407.0
2455629.82956 19.411 0.069 5.60 347.0
2455631.85824 19.460 0.069 5.20 394.0
2455632.90884 19.526 0.109 5.15 812.0
2455633.81334 19.399 0.056 4.14 403.0
2455634.80708 19.408 0.071 5.63 370.0
2455637.84259 19.399 0.093 6.94 504.0
2455639.80653 19.481 0.086 5.22 587.0
2455639.88204 19.696 0.092 4.81 485.0
2455640.77924 19.481 0.108 5.69 710.0
2455640.85564 19.600 0.094 5.03 564.0
2455641.78332 19.596 0.084 4.40 624.0
2455641.90861 19.501 0.101 7.70 601.0
2455642.84467 19.517 0.078 4.47 585.0
2455643.77142 19.433 0.083 4.68 688.0
2455643.86945 19.452 0.063 3.81 576.0
2455644.77914 19.360 0.088 4.52 1002.0
2455644.89042 19.369 0.071 4.92 620.0
2455648.76102 19.507 0.066 4.81 384.0
2455648.86858 19.462 0.062 4.76 353.0
2455649.76743 19.484 0.066 5.66 307.0
2455649.87383 19.565 0.071 5.64 315.0
2455650.75920 19.553 0.062 4.74 317.0
2455650.86580 19.520 0.063 5.58 324.0
2455651.77983 19.409 0.061 4.96 335.0
2455651.89935 19.503 0.057 4.20 343.0
2455652.82324 19.571 0.063 4.62 310.0
2455653.79003 19.469 0.058 4.62 325.0
2455654.79710 19.243 0.055 5.08 346.0
2455654.88559 19.310 0.055 5.39 318.0
2455655.79382 19.571 0.072 4.54 379.0
2455655.87851 19.559 0.062 4.97 322.0
2455656.83003 19.481 0.055 4.12 361.0
2455657.79045 19.455 0.055 4.12 354.0
2455657.87687 19.467 0.053 4.24 334.0
2455658.78731 19.453 0.076 6.05 335.0
2455658.88288 19.450 0.064 5.26 309.0
2455659.73897 19.643 0.067 4.39 346.0
2455659.81589 19.430 0.066 5.63 334.0
2455659.90660 19.392 0.060 4.99 332.0
2455660.79043 19.588 0.067 5.21 321.0
2455660.90423 19.325 0.060 5.35 313.0
2455662.78140 19.436 0.075 5.99 379.0
2455662.88136 19.513 0.064 4.48 416.0
2455664.74311 19.450 0.107 7.53 507.0
2455664.84802 19.283 0.074 6.35 398.0
2455665.72224 19.511 0.088 5.86 436.0
2455665.83795 19.397 0.054 4.79 315.0
2455665.92500 19.553 0.076 4.04 623.0
2455667.89587 19.454 0.049 3.71 327.0
2455668.90202 19.666 0.121 5.19 866.0
2455669.89144 19.587 0.097 4.92 677.0
2455670.86959 19.436 0.074 3.82 723.0
2455675.74885 19.414 0.115 5.27 1149.0
2455676.67491 19.445 0.043 4.89 150.0
2455677.79109 19.460 0.069 5.48 385.0
2455679.71342 19.338 0.057 4.61 377.0
2455679.89763 19.520 0.064 4.12 395.0
2455680.78697 19.474 0.081 6.16 364.0
2455681.68921 19.546 0.079 5.28 435.0
2455681.87443 19.435 0.069 4.75 453.0
2455682.76591 19.396 0.057 4.62 391.0
2455683.71294 19.501 0.062 4.24 394.0
2455683.93412 19.544 0.105 4.28 1133.0
2455684.86660 19.423 0.060 4.26 390.0
2455685.82222 19.548 0.056 3.89 346.0
2455686.73136 19.480 0.065 5.06 391.0
2455686.91708 19.469 0.073 5.10 414.0
2455687.82010 19.588 0.060 3.92 365.0
2455689.74146 19.483 0.065 5.12 347.0
2455690.72007 19.379 0.060 5.34 326.0
2455691.64936 19.600 0.093 6.36 415.0
2455691.85399 19.304 0.061 4.92 425.0
2455692.75662 19.455 0.063 4.85 429.0
2455692.91125 19.329 0.069 5.03 574.0
2455693.78015 19.387 0.057 4.26 410.0
2455693.93658 19.609 0.117 6.36 786.0
2455694.78546 19.376 0.071 5.52 485.0
2455695.82795 19.409 0.061 4.24 472.0
2455696.63255 19.498 0.094 4.92 688.0
2455696.81307 19.403 0.075 5.09 540.0
2455697.64187 19.537 0.095 4.65 719.0
2455697.81942 19.530 0.069 3.44 648.0
2455698.64696 19.286 0.114 6.29 1129.0
2455698.81810 19.536 0.099 4.71 965.0
2455703.74773 19.359 0.110 8.13 557.0
2455705.78299 19.490 0.078 5.77 400.0
2455706.71683 19.368 0.075 6.47 405.0
2455707.61715 19.615 0.099 6.29 407.0
2455707.79119 19.324 0.056 4.34 444.0
2455708.59806 19.601 0.095 6.07 418.0
2455708.78498 19.297 0.078 6.78 442.0
2455709.63891 19.476 0.075 5.93 350.0
2455712.69729 19.559 0.070 4.94 408.0
2455712.86226 19.454 0.079 5.86 453.0
2455713.87433 19.282 0.087 7.53 430.0
2455715.63422 19.494 0.069 5.29 356.0
2455715.82327 19.401 0.068 5.04 361.0
2455716.71842 19.488 0.062 5.29 305.0
2455716.88178 19.397 0.067 5.75 392.0
2455721.79400 19.630 0.075 4.54 407.0
2455722.60567 19.463 0.075 5.00 438.0
2455722.61928 19.383 0.060 4.43 411.0
2455722.81944 19.382 0.066 4.61 488.0
2455723.69801 19.494 0.068 4.91 386.0
2455723.85612 19.415 0.081 6.56 434.0
2455724.73918 19.297 0.072 5.59 462.0
2455725.64689 19.309 0.069 5.20 535.0
2455725.66115 19.371 0.063 4.67 524.0
2455726.56765 19.481 0.121 5.65 949.0
2455734.72360 19.522 0.086 5.86 484.0
2455735.65099 19.471 0.075 6.32 385.0
2455735.85403 19.617 0.094 5.56 489.0
2455736.59224 19.491 0.057 3.88 384.0
2455736.80429 19.439 0.058 4.06 394.0
2455737.60278 19.444 0.057 4.48 345.0
2455737.78011 19.466 0.061 4.88 323.0
2455738.62040 19.432 0.067 5.69 342.0
2455739.51858 19.474 0.084 5.28 480.0
2455739.70397 19.446 0.059 4.85 301.0
2455739.87769 19.527 0.111 6.77 507.0
2455740.69139 19.431 0.063 4.96 329.0
2455740.87128 19.369 0.087 6.21 532.0
2455741.63246 19.501 0.064 4.70 309.0
2455741.81181 19.441 0.071 5.21 374.0
2455742.56744 19.469 0.075 4.84 456.0
2455742.74497 19.500 0.054 3.72 348.0
2455743.61748 19.454 0.086 6.04 372.0
2455743.79417 19.619 0.084 5.01 408.0
2455744.55180 19.407 0.084 6.04 459.0
2455744.76697 19.571 0.067 5.00 325.0
2455745.54208 19.615 0.108 7.23 387.0
2455745.72741 19.480 0.068 5.17 359.0
2455746.57186 19.431 0.069 5.50 556.0
2455746.75555 19.322 0.063 5.70 346.0
2455747.64648 19.465 0.093 7.33 344.0
2455748.62053 19.411 0.079 5.90 430.0
2455749.59141 19.388 0.067 5.55 368.0
2455749.75853 19.460 0.084 6.63 352.0
2455752.65444 19.574 0.089 5.37 455.0
2455753.54094 19.476 0.115 6.42 792.0
2455753.80330 19.421 0.136 6.22 1346.0
2455760.53532 19.254 0.075 6.29 471.0
2455760.73880 19.517 0.078 4.91 525.0
2455762.59466 19.505 0.071 5.03 390.0
2455762.77038 19.517 0.118 7.04 521.0
2455763.64916 19.441 0.067 5.33 387.0
2455763.81384 19.496 0.127 5.98 614.0
2455764.64149 19.386 0.061 5.41 333.0
2455765.51187 19.514 0.080 5.34 461.0
2455765.70804 19.538 0.078 5.30 433.0
2455766.58758 19.510 0.065 5.07 320.0
2455766.75304 19.549 0.094 7.07 350.0
2455767.65825 19.570 0.077 4.94 404.0
2455768.50228 19.362 0.068 5.71 412.0
2455768.69903 19.453 0.051 4.21 331.0
2455769.52919 19.425 0.059 4.85 363.0
2455775.60960 19.516 0.078 6.09 322.0
2455776.69020 19.408 0.071 5.99 351.0
2455777.59270 19.590 0.074 5.18 365.0
2455778.53079 19.374 0.089 5.99 463.0
2455779.66110 19.588 0.078 5.42 371.0
2455785.47724 19.360 0.102 5.77 685.0
2455785.68381 19.464 0.098 5.42 674.0
2455786.48538 19.849 0.208 7.54 711.0
2455786.49987 19.508 0.125 6.24 703.0
2455786.51539 19.512 0.123 6.21 695.0
2455786.52970 19.540 0.124 6.15 670.0
2455786.54794 19.435 0.107 6.16 662.0
2455786.56277 19.387 0.115 6.95 615.0
2455786.57758 19.347 0.088 5.78 593.0
2455786.59224 19.326 0.075 5.01 566.0
2455786.60728 19.438 0.086 5.47 568.0
2455786.62183 19.515 0.082 4.35 582.0
2455786.63531 19.623 0.106 5.39 584.0
2455786.64994 19.673 0.101 4.86 584.0
2455786.66444 19.487 0.081 4.52 587.0
2455786.68779 19.471 0.098 5.51 630.0
2455786.70461 19.360 0.091 5.51 666.0
2455786.72131 19.391 0.114 6.77 707.0
2455786.73580 19.395 0.105 6.07 750.0
2455786.75049 19.409 0.161 8.32 845.0
2455787.47000 19.805 0.187 5.70 1285.0
2455787.49883 19.325 0.074 4.93 587.0
2455787.54069 19.425 0.071 4.32 579.0
2455787.56957 19.402 0.063 3.89 566.0
2455787.59853 19.483 0.067 3.96 554.0
2455787.62887 19.362 0.063 3.88 555.0
2455787.66367 19.313 0.071 4.63 598.0
2455787.69705 19.611 0.095 4.84 645.0
2455787.73079 19.435 0.098 6.04 724.0
2455788.48069 19.439 0.113 8.42 455.0
2455788.54833 19.421 0.076 5.07 479.0
2455788.58497 19.413 0.075 4.97 497.0
2455788.62928 19.329 0.070 4.94 500.0
2455788.69965 19.392 0.117 7.44 595.0
2455788.74729 19.326 0.116 7.74 726.0
2455790.64258 19.617 0.138 7.07 421.0
2455791.60397 19.441 0.067 4.96 379.0
2455793.65176 19.547 0.073 5.26 357.0
2455794.56338 19.579 0.078 5.77 330.0
2455795.54321 19.400 0.081 6.06 370.0
2455796.51725 19.491 0.068 5.02 385.0
2455796.70847 19.403 0.112 7.50 499.0
2455801.62475 19.448 0.083 6.50 363.0
2455803.51182 19.493 0.084 6.11 383.0
2455804.61054 19.384 0.106 5.53 357.0
2455805.57227 19.490 0.058 4.20 349.0
2455806.59790 19.526 0.102 6.51 417.0
2455813.47604 19.412 0.099 4.87 994.0
2455813.65367 19.399 0.068 3.98 673.0
2455815.63131 19.537 0.070 3.42 629.0
2455816.60285 19.604 0.090 4.66 610.0
2455817.60483 19.770 0.124 6.36 499.0
2455818.58506 19.451 0.095 5.90 556.0
2455819.59327 19.626 0.081 4.04 551.0
2455820.57140 19.415 0.075 4.94 447.0
2455822.54119 19.733 0.117 6.65 367.0
2455823.56126 19.517 0.095 6.28 428.0
2455824.48541 19.476 0.103 6.46 456.0
2455824.58239 19.476 0.071 5.07 372.0
2455825.50186 19.596 0.106 5.75 475.0
2455825.59835 19.572 0.089 5.67 465.0
2455826.52261 19.472 0.091 6.44 420.0
2455826.60923 19.228 0.087 7.70 485.0
2455827.54705 19.558 0.109 5.96 540.0
2455827.62711 19.676 0.129 7.66 490.0
2455828.56029 19.467 0.072 5.14 383.0
2455829.48427 19.334 0.095 6.39 578.0
2455829.57095 19.646 0.083 5.19 450.0
2455830.50819 19.436 0.063 4.96 396.0
2455830.58401 19.361 0.070 6.49 418.0
2455831.55604 19.382 0.064 5.29 424.0
2455832.48870 19.418 0.062 4.25 486.0
2455832.58069 19.354 0.078 6.19 475.0
2455833.53735 19.316 0.057 4.62 395.0
2455834.48621 19.501 0.073 4.30 512.0
2455834.57442 19.387 0.066 5.80 425.0
2455835.56397 19.601 0.136 7.45 488.0
2455836.55210 19.189 0.082 5.80 789.0
2455839.50338 19.440 0.095 5.96 590.0
2455839.57887 19.677 0.188 5.00 2052.0
2455840.53285 19.342 0.075 4.67 575.0
2455840.61973 19.186 0.080 5.55 724.0
2455841.55305 19.404 0.097 5.44 681.0
2455842.51546 19.774 0.175 7.25 598.0
2455842.59997 19.381 0.132 7.56 737.0
2455843.55782 19.544 0.106 6.01 580.0
2455844.50130 19.567 0.100 5.29 593.0
2455844.58159 19.390 0.121 6.67 710.0
2455845.54150 19.312 0.095 6.06 695.0
2455846.50552 19.437 0.129 6.85 729.0
2455846.58237 19.285 0.156 7.96 975.0
2455847.55825 19.341 0.149 8.26 793.0
2455850.52915 19.278 0.062 4.67 503.0
2455851.49037 19.477 0.097 5.11 725.0
2455851.56870 19.403 0.089 6.52 459.0
2455852.51978 19.435 0.111 6.14 662.0
2455854.51064 19.376 0.102 6.23 604.0
2455856.49770 19.562 0.124 6.04 680.0
2455857.51260 19.440 0.141 9.18 559.0
2455859.51086 19.651 0.121 5.89 591.0
2455860.52634 19.361 0.089 6.33 558.0
2455861.53889 19.367 0.099 6.84 587.0
2455970.87884 19.514 0.084 5.20 554.0
2455976.86855 19.531 0.073 5.19 381.0
2455977.86746 19.396 0.067 4.68 462.0
2455978.87797 19.514 0.066 4.67 378.0
2455979.88246 19.595 0.093 5.91 426.0
2455982.82508 19.399 0.073 5.90 399.0
2455983.82220 19.383 0.078 5.92 452.0
2455984.81770 19.448 0.089 6.82 409.0
2455984.90279 19.495 0.103 3.90 1248.0
2455985.87751 19.451 0.058 4.31 366.0
2455986.85875 19.518 0.067 4.75 385.0
2455987.83511 19.515 0.072 4.75 442.0
2455988.82241 19.556 0.077 5.06 428.0
2455989.80789 19.335 0.073 6.68 360.0
2455989.88587 19.343 0.071 6.36 324.0
2455990.85199 19.249 0.059 5.52 355.0
2455991.82661 19.566 0.069 4.37 393.0
2455992.79887 19.676 0.100 5.30 580.0
2455992.89891 19.554 0.060 4.13 358.0
2455993.86493 19.386 0.082 5.61 462.0
2455994.83384 19.386 0.070 4.28 657.0
2455995.78598 19.480 0.079 4.14 721.0
2455995.84809 19.291 0.058 3.84 556.0
2455996.80167 19.259 0.059 4.61 548.0
2455996.88601 19.527 0.056 3.61 440.0
2455997.83312 19.486 0.081 5.50 494.0
2455998.78382 19.427 0.090 6.05 554.0
2455998.87405 19.419 0.065 4.73 458.0
2455999.80634 19.377 0.072 5.00 536.0
2455999.89321 19.501 0.065 4.15 465.0
2456003.89004 19.343 0.071 5.45 462.0
2456004.82296 19.348 0.062 4.97 424.0
2456004.90917 19.343 0.059 4.05 540.0
2456005.83296 19.344 0.064 5.51 356.0
2456006.77447 19.402 0.058 4.28 352.0
2456006.87826 19.505 0.059 4.20 323.0
2456007.78182 19.512 0.063 4.88 320.0
2456007.87696 19.388 0.056 5.20 301.0
2456008.77513 19.390 0.060 4.60 398.0
2456008.87176 19.519 0.068 4.76 358.0
2456009.77679 19.284 0.052 4.39 408.0
2456009.87212 19.534 0.064 4.42 389.0
2456010.76770 19.535 0.075 4.80 475.0
2456010.86673 19.501 0.050 3.80 342.0
2456011.74508 19.424 0.075 5.66 435.0
2456011.87226 19.512 0.093 4.28 820.0
2456012.77113 19.395 0.060 5.38 316.0
2456012.87008 19.402 0.044 3.97 273.0
2456013.76686 19.409 0.059 5.24 323.0
2456013.86715 19.393 0.055 5.02 307.0
2456014.74312 19.525 0.082 6.09 364.0
2456014.84136 19.469 0.062 5.07 301.0
2456014.92069 19.342 0.155 6.50 1441.0
2456015.79882 19.507 0.051 4.13 303.0
2456015.88833 19.436 0.050 3.89 300.0
2456016.77986 19.356 0.048 3.89 344.0
2456016.88286 19.458 0.059 4.48 337.0
2456017.76790 19.640 0.066 4.52 346.0
2456017.84549 19.597 0.053 3.85 294.0
2456018.75645 19.424 0.095 8.01 317.0
2456018.83467 19.353 0.054 5.01 305.0
2456019.73450 19.801 0.110 6.12 418.0
2456019.83165 19.324 0.066 5.89 325.0
2456019.90835 19.639 0.061 4.11 314.0
2456020.76656 19.426 0.056 4.56 370.0
2456020.86152 19.407 0.048 4.26 294.0
2456021.71286 19.492 0.100 6.35 536.0
2456021.78980 19.444 0.059 4.42 403.0
2456021.88690 19.432 0.053 4.16 341.0
2456022.73837 19.598 0.083 4.84 528.0
2456022.81490 19.572 0.065 4.13 438.0
2456022.91482 19.579 0.067 4.54 363.0
2456023.77229 19.401 0.060 3.82 563.0
2456023.85300 19.359 0.062 4.04 511.0
2456024.72894 19.340 0.077 5.12 679.0
2456024.83046 19.495 0.069 4.32 549.0
2456024.92142 19.423 0.088 4.44 832.0
2456025.79438 19.335 0.117 7.45 588.0
2456025.90068 19.293 0.066 4.48 563.0
2456029.90502 19.337 0.062 4.36 494.0
2456031.78189 19.557 0.076 5.59 396.0
2456032.71274 19.510 0.080 5.36 471.0
2456032.89126 19.416 0.052 4.07 352.0
2456033.84389 19.602 0.075 5.01 382.0
2456034.77052 19.431 0.047 3.59 349.0
2456035.92369 19.468 0.074 4.72 451.0
2456036.90367 19.526 0.066 4.46 433.0
2456037.87056 19.616 0.071 4.21 449.0
2456038.83051 19.474 0.059 4.22 386.0
2456039.80602 19.310 0.065 5.55 392.0
2456040.79301 19.606 0.067 4.39 378.0
2456041.74259 19.327 0.072 6.43 391.0
2456041.92881 19.522 0.088 4.97 616.0
2456047.70825 19.490 0.066 4.91 374.0
2456047.89969 19.445 0.070 4.31 463.0
2456048.82865 19.536 0.068 4.79 317.0
2456049.74882 19.464 0.053 3.50 418.0
2456049.92882 19.391 0.061 4.15 529.0
2456050.83401 19.456 0.070 4.56 477.0
2456051.75634 19.529 0.061 3.67 474.0
2456052.81842 19.333 0.074 4.97 587.0
2456053.67383 19.563 0.098 4.08 1018.0
2456053.86468 19.495 0.087 4.26 831.0
2456058.70598 19.320 0.063 5.22 417.0
2456058.87622 19.442 0.064 4.13 453.0
2456059.76205 19.566 0.075 5.07 378.0
2456059.93918 19.469 0.095 4.47 960.0
2456061.84029 19.385 0.057 4.49 424.0
2456062.71029 19.597 0.084 5.21 477.0
2456062.88840 19.362 0.068 4.47 564.0
2456063.86790 19.585 0.086 5.69 367.0
2456064.80358 19.506 0.055 3.76 409.0
2456065.63675 19.491 0.096 6.56 439.0
2456065.81550 19.439 0.068 4.68 455.0
2456066.72796 19.369 0.060 4.45 425.0
2456066.91329 19.314 0.049 3.49 458.0
2456067.71524 19.403 0.055 4.27 371.0
2456067.89281 19.377 0.059 3.83 481.0
2456068.72985 19.539 0.059 4.48 307.0
2456069.69168 19.667 0.072 4.32 356.0
2456069.88262 19.607 0.058 3.55 350.0
2456070.68086 19.543 0.069 4.72 361.0
2456070.85770 19.552 0.066 4.18 375.0
2456071.65486 19.422 0.055 4.57 316.0
2456071.83646 19.502 0.070 5.33 351.0
2456075.63629 19.413 0.056 4.42 330.0
2456075.81884 19.459 0.050 3.54 323.0
2456076.67812 19.432 0.061 4.67 376.0
2456076.85504 19.292 0.058 5.20 407.0
2456077.79968 19.434 0.061 4.94 360.0
2456078.61144 19.403 0.077 5.08 518.0
2456078.79167 19.368 0.059 4.48 450.0
2456079.58752 19.290 0.062 4.38 508.0
2456079.77846 19.626 0.068 3.74 430.0
2456079.94680 19.267 0.104 5.26 1349.0
2456080.72365 19.461 0.083 5.57 482.0
2456080.90131 19.749 0.080 4.81 406.0
2456081.67176 19.384 0.069 4.61 570.0
2456081.85444 19.467 0.079 4.60 642.0
2456082.66387 19.530 0.157 6.74 956.0
2456082.86727 19.745 0.145 4.66 1177.0
2456085.67418 19.356 0.128 4.76 2002.0
2456085.83868 19.570 0.111 5.63 676.0
2456086.61181 19.471 0.075 4.86 469.0
2456086.79531 19.517 0.084 5.52 441.0
2456087.59088 19.343 0.062 5.51 321.0
2456088.56313 19.370 0.066 5.73 354.0
2456089.64317 19.645 0.078 5.06 400.0
2456089.85463 19.741 0.094 4.77 482.0
2456092.67772 19.405 0.064 5.38 341.0
2456093.59366 19.403 0.065 5.30 358.0
2456093.79215 19.374 0.067 5.67 338.0
2456094.64313 19.518 0.083 5.79 413.0
2456094.81664 19.670 0.088 5.45 394.0
2456096.63385 19.597 0.076 5.98 320.0
2456096.83126 19.405 0.066 4.80 442.0
2456097.76586 19.360 0.074 6.42 333.0
2456098.55036 19.218 0.076 6.69 401.0
2456098.73812 19.579 0.077 5.51 371.0
2456098.89210 19.356 0.087 6.04 549.0
2456100.58792 19.633 0.108 6.84 397.0
2456100.76229 19.502 0.067 4.46 427.0
2456101.53926 19.398 0.067 4.58 512.0
2456101.70692 19.618 0.068 4.39 364.0
2456102.49941 19.407 0.116 5.90 819.0
2456102.67599 19.558 0.074 5.15 399.0
2456102.83504 19.446 0.070 4.51 455.0
2456103.58492 19.501 0.076 5.58 410.0
2456103.76327 19.292 0.056 4.56 386.0
2456103.78368 19.405 0.058 4.65 372.0
2456104.58280 19.410 0.057 4.23 415.0
2456104.74925 19.390 0.049 3.85 332.0
2456105.50668 19.382 0.097 7.18 460.0
2456105.69644 19.436 0.059 4.88 320.0
2456108.50649 19.159 0.077 5.46 724.0
2456108.68971 19.515 0.068 4.26 447.0
2456108.84946 19.447 0.066 4.86 424.0
2456109.68345 19.536 0.105 4.14 1167.0
2456109.84074 19.391 0.098 5.44 690.0
2456113.64428 19.435 0.084 5.16 704.0
2456113.80028 19.428 0.082 4.18 792.0
2456114.65005 19.371 0.078 5.60 531.0
2456114.82709 19.417 0.087 4.90 691.0
2456115.59893 19.467 0.075 5.17 486.0
2456115.81664 19.390 0.106 7.71 447.0
2456116.64833 19.398 0.050 4.52 321.0
2456116.81445 19.686 0.084 4.61 424.0
2456117.61710 19.493 0.062 5.04 335.0
2456117.78529 19.366 0.062 4.37 458.0
2456118.55892 19.678 0.075 5.15 351.0
2456118.74755 19.532 0.057 4.07 333.0
2456119.52226 19.520 0.079 6.12 328.0
2456119.70056 19.444 0.050 4.29 288.0
2456120.53639 19.378 0.073 5.74 349.0
2456120.73279 19.458 0.065 5.58 289.0
2456121.52807 19.552 0.071 5.41 333.0
2456121.69685 19.443 0.047 4.23 262.0
2456123.56661 19.360 0.061 5.41 328.0
2456123.74268 19.257 0.051 5.52 269.0
2456124.54087 19.557 0.081 5.77 335.0
2456124.75216 19.480 0.062 4.59 356.0
2456125.55633 19.722 0.094 6.08 335.0
2456125.76101 19.486 0.063 4.82 322.0
2456126.59063 19.529 0.080 6.39 289.0
2456127.49422 19.393 0.072 5.74 411.0
2456128.51445 19.556 0.063 4.37 370.0
2456128.70282 19.421 0.062 5.04 347.0
2456131.56801 19.519 0.069 5.69 287.0
2456133.55426 19.336 0.079 7.21 319.0
2456133.75659 19.639 0.095 5.77 377.0
2456134.67631 19.542 0.090 6.54 337.0
2456135.66110 19.418 0.083 6.43 373.0
2456136.50423 19.295 0.108 7.60 500.0
2456140.63551 19.693 0.123 5.44 761.0
2456141.48241 19.268 0.088 5.66 745.0
2456141.65725 19.441 0.082 5.03 612.0
2456142.52324 19.625 0.135 7.05 563.0
2456147.52935 19.295 0.053 5.25 287.0
2456147.71669 19.218 0.066 6.74 326.0
2456148.65272 19.563 0.062 4.54 300.0
2456150.50329 19.413 0.087 6.92 352.0
2456151.48690 19.369 0.098 7.74 390.0
2456151.67653 19.369 0.068 6.08 319.0
2456152.55150 19.360 0.070 6.67 294.0
2456154.50147 19.318 0.059 4.97 371.0
2456157.64905 19.543 0.088 6.23 344.0
2456158.59016 19.265 0.061 5.84 370.0
2456159.49675 19.409 0.086 6.10 427.0
2456159.71992 19.523 0.084 5.68 399.0
2456160.67399 19.465 0.075 5.37 354.0
2456161.57086 19.380 0.074 6.29 316.0
2456164.57233 19.586 0.125 4.94 1184.0
2456167.55411 19.316 0.137 4.56 2423.0
2456168.56738 19.571 0.078 3.81 732.0
2456169.56857 19.557 0.097 5.34 545.0
2456171.51175 19.541 0.062 3.58 532.0
2456171.69973 19.180 0.086 6.42 683.0
2456172.66142 19.455 0.067 4.58 494.0
2456174.62588 19.400 0.093 6.15 519.0
2456175.61092 19.440 0.075 5.16 483.0
2456179.60207 19.529 0.099 6.55 406.0
2456180.58769 19.442 0.092 6.37 462.0
2456181.54884 19.384 0.057 4.06 453.0
2456182.55005 19.473 0.062 4.63 344.0
2456183.60790 19.544 0.062 4.20 329.0
2456184.64937 19.341 0.069 6.51 326.0
2456185.55588 19.494 0.053 3.68 330.0
2456186.56530 19.575 0.076 5.52 332.0
2456190.60266 19.355 0.059 4.60 420.0
2456191.64393 19.532 0.072 5.35 410.0
2456195.56143 19.442 0.074 4.47 569.0
2456195.63795 19.557 0.089 4.41 698.0
2456196.55847 19.554 0.098 5.07 586.0
2456196.63506 19.407 0.097 6.17 724.0
2456197.56020 19.357 0.089 5.57 590.0
2456198.56663 19.426 0.103 6.06 579.0
2456200.60151 19.439 0.129 7.25 659.0
2456201.58199 19.453 0.140 8.17 576.0
2456203.54457 19.557 0.108 6.42 492.0
2456204.49148 19.410 0.086 5.96 458.0
2456204.57480 19.447 0.076 5.00 461.0
2456205.51772 19.540 0.073 4.82 388.0
2456205.59800 19.226 0.055 4.96 367.0
2456208.53866 19.345 0.105 7.24 446.0
2456210.49214 19.369 0.072 5.38 488.0
2456210.56917 19.282 0.065 5.35 431.0
2456211.51912 19.488 0.068 4.45 401.0
2456212.51850 19.553 0.074 4.20 468.0
2456212.58803 19.765 0.094 4.46 549.0
2456213.54766 19.431 0.079 5.44 433.0
2456214.52801 19.521 0.087 5.84 405.0
2456216.52769 19.443 0.069 4.62 426.0
2456217.55062 19.628 0.071 3.96 395.0
2456218.53576 19.525 0.111 6.41 526.0
2456219.56873 19.344 0.087 5.80 554.0
2456221.55776 19.657 0.195 5.99 1467.0
2456223.58365 19.570 0.130 6.39 793.0
2456226.53306 19.280 0.103 6.66 683.0
2456234.50834 19.255 0.085 5.65 618.0
2456238.53702 19.430 0.098 5.67 682.0
2456334.88899 19.442 0.084 5.26 609.0
2456335.86642 19.464 0.064 4.75 378.0
2456337.87876 19.691 0.106 6.28 399.0
2456338.85632 19.659 0.107 6.75 373.0
2456339.86278 19.497 0.056 4.83 289.0
2456344.88823 19.408 0.058 4.30 365.0
2456347.82995 19.369 0.069 4.66 520.0
2456348.82500 19.483 0.074 4.48 599.0
2456349.83637 19.444 0.077 4.48 574.0
2456350.83817 19.419 0.073 4.78 527.0
2456351.83824 19.453 0.092 5.87 489.0
2456352.83759 19.515 0.084 5.24 521.0
2456353.81108 19.485 0.125 4.76 486.0
2456354.78364 19.578 0.120 6.34 620.0
2456358.84415 19.418 0.056 4.61 358.0
2456360.83431 19.388 0.049 3.74 356.0
2456361.81994 19.534 0.061 4.17 361.0
2456361.90036 19.495 0.073 5.98 345.0
2456362.84274 19.416 0.061 4.63 359.0
2456363.81167 19.603 0.076 4.95 363.0
2456367.82202 19.553 0.056 4.11 288.0
2456367.90884 19.516 0.076 4.35 625.0
2456368.86018 19.503 0.055 4.27 313.0
2456369.78930 19.704 0.081 5.30 326.0
2456369.88382 19.366 0.055 5.34 306.0
2456370.83246 19.266 0.052 5.02 333.0
2456370.91564 19.535 0.086 5.17 623.0
2456371.84563 19.663 0.077 5.16 282.0
2456372.83810 19.476 0.058 4.81 318.0
2456373.76175 19.316 0.072 5.78 410.0
2456373.85527 19.561 0.067 5.16 316.0
2456374.77237 19.517 0.088 5.95 419.0
2456374.86226 19.515 0.065 5.24 334.0
2456375.77002 19.335 0.053 4.27 407.0
2456375.87728 19.269 0.047 5.69 299.0
2456376.78082 19.449 0.063 4.26 477.0
2456376.87542 19.630 0.059 3.73 368.0
2456377.79535 19.342 0.049 3.63 459.0
2456377.88588 19.449 0.045 3.05 400.0
2456378.79165 19.541 0.060 3.41 600.0
2456378.88169 19.447 0.050 3.07 525.0
2456379.78771 19.359 0.066 4.05 640.0
2456379.87875 19.507 0.075 5.01 546.0
2456380.77879 19.626 0.073 4.14 524.0
2456380.88213 19.709 0.081 4.58 478.0
2456381.79999 19.384 0.054 3.85 496.0
2456381.88829 19.439 0.054 4.15 432.0
2456382.79362 19.449 0.095 5.12 772.0
2456382.87317 19.377 0.101 5.52 934.0
2456386.78664 19.384 0.058 4.93 354.0
2456386.89393 19.526 0.077 6.08 355.0
2456387.79013 19.432 0.051 4.24 306.0
2456387.86877 19.373 0.056 5.22 313.0
2456388.81127 19.509 0.063 4.87 305.0
2456388.92583 19.519 0.141 5.79 1565.0
2456389.79210 19.463 0.056 4.46 332.0
2456389.86740 19.401 0.059 4.96 350.0
2456390.74438 19.546 0.073 5.46 356.0
2456390.82736 19.313 0.051 4.40 333.0
2456390.91774 19.558 0.075 5.01 405.0
2456391.87599 19.614 0.097 7.00 395.0
2456393.87386 19.767 0.103 7.11 377.0
2456394.83526 19.664 0.083 5.33 368.0
2456395.79812 19.395 0.061 4.65 424.0
2456396.74582 19.535 0.057 4.18 361.0
2456396.91833 19.562 0.062 4.04 401.0
2456397.86215 19.460 0.053 4.28 330.0
2456398.79373 19.417 0.053 4.47 308.0
2456399.69881 19.391 0.071 5.78 366.0
2456399.87385 19.357 0.069 5.74 338.0
2456400.87025 19.530 0.067 4.80 320.0
2456401.80889 19.467 0.057 4.49 318.0
2456402.72025 19.393 0.067 5.21 399.0
2456402.89590 19.487 0.082 5.71 389.0
2456403.80970 19.436 0.048 4.03 323.0
2456404.74477 19.426 0.080 4.90 590.0
2456404.92431 19.567 0.081 4.22 514.0
2456405.83473 19.546 0.078 4.53 675.0
2456407.70197 19.635 0.129 6.41 613.0
2456407.86733 19.655 0.087 4.27 607.0
2456408.81049 19.526 0.098 5.49 609.0
2456409.92339 19.525 0.100 4.92 773.0
2456415.88210 19.642 0.080 5.31 348.0
2456416.77951 19.465 0.057 4.53 353.0
2456417.70393 19.512 0.084 5.78 421.0
2456417.86788 19.614 0.075 4.19 447.0
2456418.72620 19.616 0.071 4.23 384.0
2456418.90024 19.468 0.054 3.63 388.0
2456419.77658 19.449 0.073 5.53 365.0
2456420.64190 19.458 0.059 4.52 356.0
2456420.81196 19.519 0.045 3.30 295.0
2456421.82106 19.505 0.063 4.80 348.0
2456422.76329 19.476 0.052 4.02 340.0
2456423.74035 19.457 0.085 5.64 483.0
2456423.91991 19.680 0.084 4.17 530.0
2456424.79218 19.586 0.054 3.68 388.0
2456426.64257 19.452 0.060 5.31 324.0
2456426.88283 19.575 0.068 4.64 382.0
2456427.90848 19.454 0.059 4.04 656.0
2456428.67567 19.274 0.061 6.05 350.0
2456428.87077 19.353 0.059 4.94 400.0
2456431.67152 19.471 0.084 6.77 387.0
2456431.85622 19.422 0.062 4.66 421.0
2456432.69626 19.422 0.065 5.14 404.0
2456432.87800 19.626 0.095 5.90 407.0
2456433.68295 19.341 0.083 7.51 374.0
2456434.59648 19.450 0.110 7.29 598.0
2456434.78664 19.370 0.056 4.21 485.0
2456435.63242 19.402 0.084 6.01 554.0
2456435.81967 19.449 0.063 3.70 603.0
2456436.62018 19.296 0.077 5.18 764.0
2456436.80946 19.523 0.076 3.89 734.0
2456437.75040 19.612 0.110 3.90 1237.0
2456437.90696 19.423 0.115 4.31 1648.0
2456441.71277 19.255 0.087 6.94 535.0
2456441.84600 19.665 0.140 5.67 753.0
2456442.62587 19.611 0.067 4.35 459.0
2456442.81025 19.588 0.060 3.86 424.0
2456443.70316 19.510 0.081 5.38 827.0
2456444.70955 19.530 0.082 6.30 362.0
2456444.82922 19.518 0.072 4.73 448.0
2456445.62896 19.453 0.073 6.18 386.0
2456445.83669 19.377 0.059 4.43 459.0
2456446.61979 19.433 0.054 4.43 367.0
2456446.80862 19.467 0.045 3.12 381.0
2456447.59594 19.596 0.072 5.21 361.0
2456447.78048 19.589 0.072 4.87 355.0
2456447.94351 19.453 0.088 5.14 809.0
2456448.71606 19.415 0.062 4.98 362.0
2456448.89198 19.556 0.089 5.59 487.0
2456449.66826 19.353 0.065 5.65 373.0
2456449.85212 19.719 0.084 4.66 422.0
2456450.61835 19.617 0.072 4.75 387.0
2456450.80271 19.621 0.060 3.67 402.0
2456451.56806 19.551 0.101 6.24 521.0
2456451.75476 19.578 0.074 5.05 385.0
2456451.91923 19.360 0.067 5.42 455.0
2456452.71074 19.494 0.045 4.04 290.0
2456454.53736 19.468 0.077 5.68 401.0
2456454.71561 19.498 0.052 4.06 307.0
2456454.89076 19.410 0.062 5.13 361.0
2456455.78803 19.255 0.048 4.76 441.0
2456456.68281 19.458 0.043 3.59 352.0
2456456.89335 19.516 0.055 3.98 380.0
2456457.83254 19.549 0.061 4.18 404.0
2456458.61581 19.300 0.061 5.52 375.0
2456458.80072 19.480 0.058 4.06 426.0
2456459.56929 19.538 0.072 4.93 470.0
2456459.75985 19.559 0.054 3.66 340.0
2456460.57432 19.313 0.081 5.31 899.0
2456460.86668 19.546 0.067 4.10 652.0
2456461.68725 19.332 0.064 5.31 496.0
2456461.90605 19.450 0.080 4.93 571.0
2456462.84634 19.518 0.067 4.51 424.0
2456463.62088 19.435 0.075 5.06 502.0
2456463.81202 19.555 0.070 3.81 551.0
2456464.62910 19.589 0.097 4.80 623.0
2456464.82052 19.431 0.078 4.26 711.0
2456468.61525 19.238 0.074 5.69 636.0
2456469.50769 19.158 0.068 6.58 481.0
2456469.70358 19.373 0.072 5.62 474.0
2456471.62357 19.104 0.058 6.19 387.0
2456472.67257 19.309 0.054 5.31 313.0
2456473.63506 19.354 0.044 4.35 298.0
2456473.81946 19.492 0.068 5.03 404.0
2456474.58176 19.545 0.088 6.46 410.0
2456474.77248 19.475 0.076 4.50 490.0
2456475.54491 19.329 0.064 5.37 419.0
2456475.74846 19.411 0.061 4.32 407.0
2456476.51541 19.431 0.076 4.80 489.0
2456476.70386 19.512 0.068 4.62 399.0
2456477.50852 19.417 0.072 6.10 356.0
2456477.69691 19.316 0.059 5.10 382.0
2456478.54647 19.614 0.106 7.07 404.0
2456479.60888 19.209 0.052 5.83 302.0
2456479.82799 19.643 0.098 6.51 384.0
2456480.70679 19.413 0.068 6.60 281.0
2456481.51466 19.538 0.109 7.31 443.0
2456481.75794 19.362 0.081 5.67 377.0
2456485.46200 19.290 0.126 6.28 1275.0
2456485.48541 19.543 0.083 6.05 396.0
2456485.50767 19.394 0.066 5.95 351.0
2456485.52147 19.447 0.070 6.01 336.0
2456485.55447 19.460 0.073 6.67 312.0
2456485.59043 19.374 0.063 7.09 303.0
2456485.64730 19.614 0.063 4.77 307.0
2456485.68111 19.405 0.052 4.60 335.0
2456485.71804 19.516 0.054 4.30 320.0
2456485.74232 19.406 0.052 4.46 335.0
2456485.77616 19.439 0.056 4.31 374.0
2456485.79999 19.429 0.069 5.29 417.0
2456485.83018 19.356 0.062 4.79 462.0
2456486.47902 19.698 0.096 5.80 417.0
2456486.55274 19.315 0.057 5.64 328.0
2456486.64420 19.324 0.053 5.47 296.0
2456486.71679 19.617 0.070 4.71 348.0
2456486.77711 19.485 0.053 3.83 364.0
2456486.81204 19.452 0.066 5.05 394.0
2456486.83389 19.487 0.078 5.66 446.0
2456487.47749 19.435 0.066 4.73 482.0
2456487.55241 19.461 0.065 5.31 370.0
2456487.65293 19.441 0.052 4.43 332.0
2456487.73121 19.508 0.052 3.76 355.0
2456487.82781 19.268 0.061 5.07 531.0
2456489.69345 19.551 0.075 5.62 336.0
2456490.52465 19.341 0.059 4.57 427.0
2456490.71126 19.565 0.066 4.35 364.0
2456491.55953 19.367 0.072 5.74 452.0
2456491.77572 19.487 0.070 4.55 475.0
2456492.60034 19.476 0.074 4.87 462.0
2456492.78089 19.472 0.098 5.70 608.0
2456496.62981 19.454 0.133 8.21 646.0
2456497.71575 19.305 0.085 7.43 503.0
2456498.54360 19.495 0.060 4.80 474.0
2456498.72348 19.474 0.063 4.53 431.0
2456499.55727 19.482 0.059 5.14 340.0
2456500.71184 19.358 0.071 5.35 510.0
2456501.69483 19.406 0.047 4.14 297.0
2456504.71093 19.129 0.091 7.11 321.0
2456505.63924 19.600 0.080 5.89 351.0
2456505.79228 19.539 0.128 7.72 606.0
2456506.75333 19.577 0.090 6.28 392.0
2456508.51989 19.468 0.063 4.97 366.0
2456508.70309 19.430 0.060 4.84 385.0
2456509.62693 19.540 0.049 3.31 330.0
2456510.49097 19.541 0.056 3.93 329.0
2456510.71313 19.488 0.062 4.99 365.0
2456511.65647 19.570 0.061 4.64 321.0
2456514.52213 19.518 0.083 6.10 386.0
2456515.47885 19.511 0.059 3.84 424.0
2456515.75541 19.464 0.063 5.29 388.0
2456518.49177 19.568 0.074 5.09 405.0
2456518.71202 19.671 0.075 4.46 336.0
2456519.66978 19.373 0.055 4.62 390.0
2456523.57996 19.484 0.065 3.75 618.0
2456524.50632 19.556 0.082 4.11 719.0
2456525.50809 19.523 0.102 5.68 676.0
2456526.65038 19.410 0.078 4.97 511.0
2456529.58513 19.504 0.073 5.62 346.0
2456531.56669 19.454 0.066 5.42 346.0
2456532.56403 19.472 0.058 4.30 344.0
2456533.57804 19.505 0.070 4.36 447.0
2456536.60722 19.472 0.053 4.32 328.0
2456539.50221 19.550 0.063 4.47 363.0
2456541.49759 19.550 0.070 5.02 366.0
2456543.57178 19.334 0.057 4.49 347.0
2456544.60365 19.651 0.086 5.41 416.0
2456545.64915 19.422 0.061 5.96 336.0
2456547.61721 19.216 0.081 6.64 546.0
2456555.58746 19.698 0.101 4.71 539.0
2456558.55501 19.381 0.053 4.33 403.0
2456559.60396 19.443 0.072 6.11 394.0
2456561.51543 19.535 0.087 6.13 373.0
2456562.60817 19.420 0.058 4.49 341.0
2456563.60776 19.424 0.074 5.74 382.0
2456564.54116 19.529 0.074 5.50 383.0
2456565.51287 19.461 0.079 5.59 433.0
2456565.60788 19.470 0.073 5.49 408.0
2456568.57714 19.365 0.071 5.44 413.0
2456569.53818 19.465 0.056 4.20 371.0
2456570.49253 19.483 0.080 5.39 424.0
2456571.52384 19.166 0.068 6.15 452.0
2456571.60809 19.437 0.092 6.77 507.0
2456572.58291 19.319 0.076 5.78 445.0
2456573.54390 19.284 0.064 4.71 503.0
2456577.51488 19.747 0.195 6.05 1305.0
2456578.49309 19.452 0.097 5.46 665.0
2456578.58677 19.197 0.089 5.80 565.0
2456581.50811 19.451 0.076 4.65 539.0
2456582.54018 19.578 0.089 4.13 669.0
2456583.52572 19.540 0.130 6.86 762.0
2456584.52377 19.528 0.119 5.66 826.0
2456585.52698 19.429 0.108 5.73 646.0
2456590.52085 19.423 0.094 6.30 474.0
2456590.54812 19.459 0.133 5.98 504.0
2456593.49665 19.670 0.159 6.70 764.0
2456593.51565 19.284 0.085 6.22 519.0
2456595.51868 19.437 0.104 6.62 512.0
2456695.88516 19.417 0.080 4.42 954.0
2456696.87813 19.667 0.089 5.20 512.0
2456699.84593 19.489 0.080 6.12 482.0
2456701.86016 19.556 0.080 4.56 670.0
2456703.86384 19.390 0.133 7.84 770.0
2456705.88148 19.679 0.128 6.02 670.0
2456707.89335 19.583 0.091 5.27 631.0
2456709.85056 19.417 0.069 4.92 557.0
2456710.86682 19.716 0.079 4.30 563.0
2456711.88842 19.622 0.077 4.60 567.0
2456715.86598 19.528 0.063 5.08 371.0
2456716.85771 19.389 0.058 5.18 402.0
2456717.87015 19.537 0.107 7.27 442.0
2456718.88675 19.640 0.087 5.53 427.0
2456719.87996 19.471 0.066 4.91 470.0
2456720.85506 19.256 0.046 4.41 386.0
2456721.83502 19.419 0.074 5.87 462.0
2456722.82827 19.626 0.106 6.74 507.0
2456723.79923 19.414 0.064 4.39 532.0
2456723.90152 19.470 0.068 4.64 540.0
2456724.88105 19.423 0.091 6.94 429.0
2456725.85797 19.537 0.072 5.23 410.0
2456726.82061 19.463 0.066 4.86 471.0
2456727.79259 19.318 0.050 4.35 408.0
2456727.88827 19.461 0.047 4.18 325.0
2456728.86062 19.493 0.053 4.33 378.0
2456729.81300 19.584 0.068 4.26 561.0
2456729.90716 19.557 0.079 4.71 588.0
2456730.86280 19.686 0.085 5.43 422.0
2456731.90687 19.486 0.090 6.11 485.0
2456732.86958 19.351 0.079 5.82 574.0
2456733.80804 19.559 0.084 4.83 651.0
2456733.89837 19.492 0.061 3.98 518.0
2456734.84120 19.508 0.065 4.26 538.0
2456735.76695 19.458 0.084 4.84 764.0
2456735.87817 19.500 0.073 4.35 645.0
2456736.81139 19.568 0.106 6.27 611.0
2456736.91347 19.543 0.091 4.33 908.0
2456737.77444 19.524 0.073 4.58 628.0
2456738.80299 19.520 0.130 4.55 1894.0
2456742.77127 19.408 0.061 5.12 416.0
2456742.85767 19.478 0.054 4.43 386.0
2456744.77253 19.491 0.079 6.16 404.0
2456744.86685 19.553 0.062 4.79 373.0
2456745.75510 19.596 0.075 5.38 414.0
2456745.86153 19.496 0.059 5.23 346.0
2456746.76342 19.443 0.077 6.55 391.0
2456746.85503 19.619 0.083 6.80 356.0
2456747.88118 19.628 0.062 4.71 357.0
2456748.89022 19.663 0.072 4.85 375.0
2456751.78529 19.455 0.048 4.13 368.0
2456754.80665 19.732 0.123 7.62 379.0
2456756.85215 19.562 0.058 4.35 356.0
2456758.89544 19.308 0.068 6.91 359.0
2456760.83824 19.384 0.048 3.85 442.0
2456762.79034 19.525 0.062 4.69 382.0
2456764.75900 19.331 0.057 4.02 668.0
2456765.89611 19.566 0.066 3.82 616.0
2456769.82928 19.335 0.055 4.55 445.0
2456771.70751 19.383 0.054 4.62 381.0
2456772.87380 19.394 0.047 3.74 396.0
2456774.74961 19.676 0.093 5.88 419.0
2456776.68357 19.238 0.061 5.80 654.0
2456784.65246 19.543 0.067 3.98 488.0
2456785.63834 19.589 0.069 3.95 487.0
2456786.64922 19.426 0.055 3.60 405.0
2456788.84658 19.465 0.074 4.53 603.0
2456790.66958 19.566 0.094 4.96 638.0
2456791.72592 19.393 0.084 4.97 687.0
2456792.76918 19.496 0.083 3.99 838.0
2456796.82697 19.530 0.070 3.97 480.0
2456797.91198 19.523 0.117 5.40 917.0
2456803.77890 19.405 0.055 4.48 334.0
2456804.79643 19.386 0.056 4.23 378.0
2456805.84549 19.485 0.078 5.24 433.0
2456807.82869 19.478 0.083 5.68 397.0
2456808.85266 19.493 0.064 4.61 389.0
2456809.90507 19.379 0.077 5.48 519.0
2456810.93276 19.664 0.131 6.26 679.0
2456813.64632 19.486 0.101 6.88 423.0
2456814.75557 19.513 0.056 4.02 319.0
2456815.82709 19.558 0.075 4.70 414.0
2456816.89595 19.545 0.119 7.23 424.0
2456818.54033 19.496 0.115 6.01 694.0
2456819.80306 19.486 0.097 5.16 740.0
2456824.66564 19.348 0.078 5.16 602.0
2456825.69548 19.384 0.074 4.97 477.0
2456826.70773 19.450 0.061 4.12 441.0
2456827.78730 19.541 0.067 4.44 401.0
2456828.83412 19.413 0.067 5.53 376.0
2456829.80707 19.442 0.072 5.62 367.0
2456830.83770 19.466 0.063 4.47 498.0
2456831.79494 19.511 0.060 4.43 382.0
2456832.59254 19.431 0.074 5.88 366.0
2456833.66512 19.533 0.065 4.29 412.0
2456834.67182 19.451 0.063 4.51 401.0
2456835.73612 19.422 0.068 5.74 325.0
2456836.76945 19.483 0.085 6.04 423.0
2456837.78065 19.455 0.072 4.85 493.0
2456838.78085 19.425 0.067 5.00 406.0
2456839.79686 19.368 0.076 5.71 477.0
2456841.54222 19.313 0.061 4.62 544.0
2456842.59590 19.491 0.089 5.77 458.0
2456844.62492 19.486 0.057 3.76 453.0
2456845.61298 19.425 0.061 4.38 458.0
2456847.60041 19.339 0.066 4.45 632.0
2456851.57032 19.534 0.091 4.64 787.0
2456852.63682 19.448 0.105 6.41 625.0
2456855.70738 19.388 0.065 5.62 332.0
2456856.73209 19.533 0.071 5.15 413.0
2456857.78267 19.692 0.091 5.69 418.0
2456859.60893 19.420 0.067 4.86 396.0
2456863.47429 19.603 0.097 5.77 530.0
2456864.55188 19.444 0.066 6.03 291.0
2456870.63808 19.490 0.073 6.18 343.0
2456873.50093 19.526 0.099 6.62 410.0
2456879.69740 19.474 0.102 4.76 848.0
2456881.65093 19.418 0.081 5.00 517.0
2456883.54191 19.391 0.063 5.51 377.0
2456886.47833 19.649 0.103 5.71 504.0
2456887.66091 19.425 0.055 4.55 323.0
2456889.59377 19.404 0.054 4.48 319.0
2456891.50833 19.584 0.083 6.03 371.0
2456896.48155 19.549 0.085 5.31 463.0
2456900.54382 19.540 0.063 4.57 416.0
2456908.56570 19.250 0.119 4.65 560.0
2456909.56179 19.737 0.134 5.98 672.0
2456912.49864 19.526 0.083 5.73 410.0
2456912.64344 19.440 0.093 6.07 569.0
2456919.59251 19.502 0.097 6.80 409.0
2456924.54564 19.424 0.078 5.36 494.0
2456927.54286 19.366 0.086 6.45 456.0
2456930.57871 19.448 0.105 7.03 542.0
2456936.50378 19.541 0.083 4.80 588.0
2456937.50354 19.619 0.109 5.61 598.0
2456938.50305 19.541 0.100 5.39 620.0
2456939.52653 19.589 0.124 6.19 622.0
2456940.55196 19.659 0.132 6.63 644.0
2456942.52165 19.512 0.088 5.63 534.0
2456943.52726 19.474 0.104 6.91 527.0
2456948.51969 19.446 0.100 7.06 507.0
2456951.53463 19.409 0.095 6.78 550.0
2456954.49944 19.535 0.113 6.23 647.0
2456956.52779 19.701 0.135 6.58 559.0
2457065.85440 19.705 0.130 6.22 612.0
2457069.84434 19.444 0.089 6.11 482.0
2457070.85803 19.421 0.061 4.69 400.0
2457071.87040 19.534 0.065 4.58 380.0
2457072.87802 19.477 0.069 4.71 418.0
2457075.88409 19.652 0.097 6.01 432.0
2457076.88434 19.643 0.066 4.06 404.0
2457077.88159 19.317 0.066 5.27 415.0
2457078.87276 19.523 0.057 3.76 387.0
2457080.82148 19.301 0.075 6.82 392.0
2457081.88343 19.356 0.079 6.34 385.0
2457082.86197 19.517 0.056 4.19 346.0
2457083.84009 19.470 0.085 6.14 399.0
2457084.81739 19.366 0.081 5.32 627.0
2457084.90923 19.589 0.106 4.57 955.0
2457085.88253 19.453 0.060 3.49 531.0
2457086.86127 19.579 0.078 4.06 584.0
2457087.82704 19.611 0.093 4.33 733.0
2457088.79795 19.557 0.083 4.35 628.0
2457088.88791 19.428 0.072 4.56 483.0
2457089.85374 19.463 0.074 4.37 527.0
2457090.82033 19.295 0.075 5.36 562.0
2457090.90921 19.539 0.110 4.73 992.0
2457091.86286 19.502 0.074 4.54 522.0
2457092.81278 19.424 0.067 4.34 589.0
2457092.89116 19.377 0.068 4.36 509.0
2457097.77639 19.478 0.066 4.82 413.0
2457097.87494 19.423 0.050 4.09 335.0
2457098.82480 19.397 0.061 4.74 382.0
2457099.77192 19.578 0.080 5.48 388.0
2457099.86834 19.534 0.075 5.71 356.0
2457100.81333 19.526 0.069 4.20 459.0
2457100.90695 19.359 0.054 3.82 424.0
2457101.88877 19.725 0.115 5.84 474.0
2457102.87967 19.499 0.078 5.82 377.0
2457108.84029 19.286 0.078 6.26 445.0
2457109.79016 19.428 0.068 5.59 349.0
2457109.89304 19.398 0.067 5.51 367.0
2457110.80045 19.563 0.054 3.91 379.0
2457110.91194 19.547 0.057 3.67 420.0
2457111.82237 19.439 0.063 5.22 335.0
2457112.74093 19.347 0.090 6.04 597.0
2457112.83787 19.492 0.075 5.25 408.0
2457113.89947 19.458 0.057 4.04 391.0
2457115.92001 19.446 0.081 3.94 843.0
2457117.90485 19.597 0.066 3.58 558.0
2457120.72512 19.380 0.085 4.73 875.0
2457125.85773 19.439 0.064 4.55 456.0
2457129.80580 19.433 0.061 4.98 361.0
2457131.70581 19.466 0.068 4.71 434.0
2457133.82505 19.373 0.063 4.96 430.0
2457135.68484 19.565 0.066 4.43 426.0
2457136.80798 19.434 0.062 4.37 382.0
2457138.65749 19.532 0.118 7.39 495.0
2457139.80800 19.535 0.069 4.96 354.0
2457140.92476 19.434 0.063 4.03 495.0
2457142.76018 19.558 0.067 3.80 435.0
2457143.87218 19.525 0.069 4.62 431.0
2457145.83012 19.584 0.088 4.62 615.0
2457146.85864 19.378 0.083 4.75 797.0
2457147.88076 19.645 0.104 4.95 719.0
2457153.73268 19.494 0.057 3.73 419.0
2457154.84852 19.422 0.058 3.88 413.0
2457155.91511 19.304 0.061 4.26 537.0
2457157.85926 19.387 0.055 4.06 393.0
2457158.94098 19.465 0.116 4.90 1125.0
2457160.66259 19.351 0.063 4.80 419.0
2457161.73468 19.483 0.050 3.44 384.0
2457162.80366 19.395 0.064 5.10 360.0
2457163.85622 19.535 0.071 4.77 401.0
2457166.61893 19.475 0.094 6.28 488.0
2457169.58974 19.467 0.084 5.71 487.0
2457170.62227 19.333 0.058 4.78 397.0
2457172.66879 19.597 0.108 6.55 521.0
2457173.68980 19.289 0.078 5.50 580.0
2457174.69824 19.541 0.091 4.71 629.0
2457175.71219 19.354 0.081 4.21 1056.0
2457176.90621 19.388 0.114 5.11 1149.0
2457178.72198 19.607 0.104 4.93 716.0
2457179.66670 19.541 0.108 6.03 566.0
2457180.66169 19.595 0.087 5.69 427.0
2457181.67342 19.462 0.058 4.43 364.0
2457182.68464 19.469 0.056 4.74 294.0
2457183.69671 19.439 0.077 6.48 304.0
2457184.74641 19.474 0.077 6.13 328.0
2457185.75341 19.221 0.062 5.81 370.0
2457186.90446 19.469 0.104 6.45 516.0
2457187.91626 19.384 0.082 5.41 607.0
2457189.61966 19.404 0.067 5.09 406.0
2457190.68757 19.435 0.065 4.42 454.0
2457191.85540 19.493 0.093 6.69 442.0
2457194.73455 19.359 0.052 3.85 422.0
2457197.81979 19.490 0.076 5.46 378.0
2457198.85396 19.317 0.072 5.68 442.0
2457199.84636 19.381 0.068 5.04 441.0
2457200.75985 19.503 0.068 3.73 444.0
2457200.79030 19.479 0.066 3.78 552.0
2457200.83129 19.538 0.079 4.69 491.0
2457201.50954 19.174 0.114 5.42 2882.0
2457202.56264 19.531 0.131 6.94 1149.0
2457202.60015 19.417 0.089 5.35 633.0
2457206.70875 19.493 0.095 4.51 837.0
2457207.72531 19.463 0.092 5.10 637.0
2457209.64297 19.344 0.073 5.68 524.0
2457211.84765 19.557 0.105 5.93 629.0
2457217.60069 19.535 0.080 5.86 366.0
2457220.48842 19.574 0.088 5.95 461.0
2457221.51833 19.528 0.078 5.76 408.0
2457222.57972 19.640 0.081 5.35 407.0
2457223.71648 19.268 0.069 6.15 368.0
2457225.47156 19.376 0.077 5.22 771.0
2457226.71775 19.532 0.063 4.65 328.0
2457227.72818 19.431 0.062 5.10 336.0
2457228.79939 19.425 0.071 5.37 663.0
2457235.72144 19.479 0.086 4.44 762.0
2457249.61466 19.471 0.065 5.38 306.0
2457252.68981 19.241 0.058 5.99 381.0
2457255.63851 19.422 0.065 5.26 349.0
2457258.53915 19.259 0.103 5.38 1077.0
2457263.54777 19.364 0.090 5.35 659.0
2457265.50023 19.437 0.073 5.06 467.0
2457268.48333 19.584 0.068 4.41 401.0
2457270.48149 19.452 0.081 5.83 435.0
2457272.56283 19.304 0.086 6.83 449.0
2457277.51688 19.453 0.070 5.55 341.0
2457281.54229 19.387 0.117 6.76 375.0
2457291.53153 19.515 0.128 7.03 657.0
2457292.55997 19.371 0.138 7.79 775.0
2457293.52151 19.297 0.073 5.02 674.0
2457294.53217 19.426 0.102 7.41 552.0
2457295.48591 19.462 0.114 7.26 495.0
2457296.53119 19.352 0.095 7.03 399.0
2457299.53471 19.452 0.088 6.49 489.0
2457300.54891 19.342 0.096 7.32 561.0
2457311.49005 19.492 0.083 4.54 751.0
2457312.51213 19.434 0.091 5.93 618.0
2457317.51252 19.674 0.123 6.12 612.0
2457320.51389 19.692 0.150 6.86 708.0
2457324.51523 19.479 0.108 6.00 605.0
2457332.51664 19.498 0.107 6.14 641.0
2457435.86639 19.305 0.070 5.77 470.0
2457436.88992 19.396 0.080 4.66 618.0
2457438.83958 19.487 0.086 5.18 586.0
2457439.86777 19.582 0.105 6.11 541.0
2457440.89141 19.596 0.086 4.04 738.0
2457442.82333 19.324 0.098 5.92 718.0
2457442.83369 19.435 0.117 6.44 693.0
2457445.81404 19.422 0.084 5.32 584.0
2457446.82613 19.409 0.066 4.51 499.0
2457447.83488 19.445 0.068 4.71 458.0
2457448.83706 19.535 0.074 4.87 427.0
2457449.86775 19.393 0.114 4.70 1361.0
2457451.89347 19.666 0.092 4.07 728.0
2457452.80052 19.545 0.069 4.58 448.0
2457453.79484 19.499 0.062 4.88 412.0
2457454.87499 19.457 0.066 4.79 364.0
2457455.87832 19.371 0.065 5.59 346.0
2457456.89419 19.508 0.067 4.62 389.0
2457457.89048 19.612 0.081 4.86 441.0
2457458.88457 19.353 0.053 4.80 319.0
2457460.88640 19.494 0.060 4.50 376.0
2457461.89335 19.483 0.050 3.38 339.0
2457462.87538 19.448 0.055 4.18 350.0
2457463.90647 19.510 0.064 4.28 413.0
2457465.83028 19.432 0.066 4.54 446.0
2457466.89099 19.354 0.056 4.21 416.0
2457467.89365 19.395 0.059 5.05 336.0
2457470.84955 19.294 0.077 5.71 528.0
2457471.80215 19.491 0.084 4.60 612.0
2457472.75252 19.591 0.113 5.75 638.0
2457472.88274 19.512 0.087 5.33 492.0
2457474.76123 19.515 0.085 4.87 621.0
2457474.86423 19.648 0.085 4.57 526.0
2457475.89726 19.546 0.082 4.89 523.0
2457476.77231 19.630 0.111 4.39 1177.0
2457479.83170 19.333 0.112 5.71 1002.0
2457484.91556 19.500 0.065 4.53 394.0
2457486.82608 19.645 0.099 6.35 363.0
2457488.72115 19.284 0.057 5.23 367.0
2457491.73374 19.456 0.079 6.04 382.0
2457492.78035 19.403 0.056 4.48 354.0
2457493.76798 19.494 0.056 4.28 319.0
2457494.76405 19.406 0.053 4.39 318.0
2457495.73483 19.360 0.065 4.66 425.0
2457497.88050 19.330 0.060 4.96 399.0
2457498.88836 19.500 0.091 6.06 505.0
2457499.84143 19.294 0.059 4.39 497.0
2457500.78254 19.284 0.086 5.98 579.0
2457507.81843 19.460 0.059 3.88 447.0
2457508.86921 19.343 0.049 3.59 401.0
2457511.71617 19.338 0.053 4.50 358.0
2457512.92106 19.323 0.051 4.16 435.0
2457523.88213 19.255 0.061 5.46 407.0
2457526.89647 19.060 0.066 6.23 534.0
2457530.76773 19.301 0.076 4.61 788.0
2457534.88921 19.196 0.055 3.98 614.0
2457536.88367 19.084 0.052 4.85 626.0
2457546.75089 18.807 0.036 4.74 339.0
2457547.65932 18.753 0.034 5.63 299.0
2457548.85592 18.754 0.028 4.56 445.0
2457549.91166 18.789 0.054 6.06 415.0
2457550.89041 18.549 0.043 6.15 549.0
2457555.63246 18.079 0.022 5.18 464.0
2457557.57085 17.541 0.020 6.00 752.0
2457561.74550 17.037 0.009 4.00 614.0
2457566.60209 18.305 0.031 6.38 403.0
2457567.53596 18.377 0.036 6.34 533.0
2457567.85590 18.423 0.034 5.30 559.0
2457569.54750 18.556 0.040 6.86 374.0
2457570.68594 18.663 0.036 6.09 300.0
2457575.67910 18.947 0.035 4.27 284.0
2457576.69021 18.901 0.034 4.81 284.0
2457579.72912 19.037 0.048 5.42 347.0
2457584.60780 19.051 0.055 5.36 439.0
2457589.60258 19.067 0.068 5.00 816.0
2457590.61808 19.232 0.053 4.08 535.0
2457593.60250 19.259 0.050 4.86 291.0
2457596.56027 19.277 0.042 4.21 293.0
2457600.59103 19.389 0.084 6.71 341.0
2457602.66921 19.339 0.060 5.37 324.0
2457603.70968 19.337 0.067 6.37 291.0
2457604.71709 19.461 0.058 4.81 298.0
2457605.75796 19.274 0.068 5.72 413.0
2457607.73460 19.332 0.062 5.74 301.0
2457609.56541 19.398 0.066 5.17 365.0
2457610.71145 19.379 0.061 4.72 393.0
2457612.68029 19.552 0.074 4.98 415.0
2457617.53187 19.454 0.116 6.09 619.0
2457618.65805 19.265 0.079 5.27 649.0
2457622.49300 19.361 0.051 4.43 319.0
2457623.66228 19.350 0.064 5.28 352.0
2457625.61445 19.354 0.066 5.83 342.0
2457630.62609 19.495 0.075 5.91 324.0
2457632.63235 19.340 0.057 4.52 363.0
2457636.51647 19.420 0.089 6.75 383.0
2457638.56248 19.278 0.068 5.20 528.0
2457644.59631 19.417 0.101 5.54 752.0
2457649.51270 19.433 0.069 4.53 520.0
2457650.57588 19.435 0.074 5.22 468.0
2457651.60536 19.392 0.088 5.83 612.0
2457653.52736 19.416 0.055 4.43 352.0
2457655.54060 19.404 0.066 5.87 354.0
2457656.58525 19.462 0.078 5.80 412.0
2457659.58717 19.491 0.076 5.39 433.0
2457661.53140 19.400 0.080 6.40 400.0
2457662.57236 19.302 0.071 5.44 471.0
2457667.55851 19.538 0.078 5.46 424.0
2457673.54607 19.734 0.159 5.02 1422.0
2457682.51754 19.286 0.073 5.59 590.0
