# Name          Type     to          uo       tE     rho      log_s   log_q   alpha   f_source  g_blending to-time_anomaly 
# 
WFIRST_1072.dat PSPL     2460941.876 0.976662 73.528 0.000000 0.00000 0.00000 0.00000 45.82462 0.000 0.000
WFIRST_0630.dat PSPL     2460947.700 0.371869 8.281 0.000000 0.00000 0.00000 0.00000 1991.36551 0.000 0.000
WFIRST_1881.dat PSPL     2460941.454 0.805548 96.374 0.000000 0.00000 0.00000 0.00000 192.57321 0.000 0.000
WFIRST_1134.dat PSPL     2460951.010 0.842201 12.108 0.000000 0.00000 0.00000 0.00000 2943.22632 0.000 0.000
WFIRST_1325.dat PSPL     2460940.269 0.805980 16.464 0.000000 0.00000 0.00000 0.00000 1353.67207 0.000 0.000
WFIRST_1866.dat PSPL     2460947.679 0.491201 24.426 0.000000 0.00000 0.00000 0.00000 1211.95185 0.000 0.000
WFIRST_1437.dat PSPL     2460940.103 0.224868 5.017 0.000000 0.00000 0.00000 0.00000 1532.19742 0.000 0.000
WFIRST_1853.dat PSPL     2460941.432 0.508709 92.428 0.000000 0.00000 0.00000 0.00000 653.92669 0.000 0.000
WFIRST_0188.dat PSPL     2460957.479 0.455238 80.579 0.000000 0.00000 0.00000 0.00000 240.40487 0.000 0.000
WFIRST_0129.dat PSPL     2460941.978 0.503295 31.502 0.000000 0.00000 0.00000 0.00000 840.66387 0.000 0.000
WFIRST_1761.dat PSPL     2460958.724 0.464835 37.747 0.000000 0.00000 0.00000 0.00000 29.72160 0.000 0.000
WFIRST_0564.dat PSPL     2460953.106 0.495835 75.447 0.000000 0.00000 0.00000 0.00000 249.61155 0.000 0.000
WFIRST_0943.dat PSPL     2460960.489 0.418105 54.010 0.000000 0.00000 0.00000 0.00000 101.04612 0.000 0.000
WFIRST_1540.dat PSPL     2460956.117 0.774475 54.275 0.000000 0.00000 0.00000 0.00000 671.89006 0.000 0.000
WFIRST_0485.dat PSPL     2460966.801 0.712133 31.741 0.000000 0.00000 0.00000 0.00000 36.58697 0.000 0.000
WFIRST_0598.dat Binary   2460965.766 0.187025 24.673 0.000632 0.03468 -0.42452 1.53808 619.11486 0.000 0.000
WFIRST_2148.dat Binary   2460945.845 0.030217 42.245 0.000542 -0.04091 -0.04555 -2.89750 24.29010 0.000 0.000
WFIRST_2175.dat Binary   2460956.093 0.085372 48.817 0.002097 0.04751 -0.33331 2.86478 4277.49658 0.000 0.000
WFIRST_1678.dat Binary   2460968.690 0.162867 72.452 0.002387 -0.01028 -0.82306 1.72097 3298.84651 0.000 0.000
WFIRST_1364.dat Binary   2460947.223 0.167357 27.487 0.000173 -0.04742 -0.11287 2.87708 1605.80628 0.000 0.000
WFIRST_1927.dat GLPlanet 2460961.350 0.474319 23.895 0.008090 -0.16206 -2.31395 0.43713 609.18633 0.000 -14.848
WFIRST_0270.dat GLPlanet 2460947.911 0.241189 11.595 0.004028 -0.25975 -2.03078 2.71792 39.46268 0.000 14.877
WFIRST_1213.dat GLPlanet 2460951.130 0.430355 22.011 0.003432 -0.14508 -2.66729 2.62018 28.96246 0.000 11.835
WFIRST_1016.dat GLPlanet 2460954.119 0.097421 28.905 0.006340 -0.13659 -2.94461 0.03583 73.76067 0.000 -18.395
WFIRST_0055.dat GLPlanet 2460956.076 0.046872 27.320 0.005060 -0.22539 -2.54141 0.18450 58.79217 0.000 -29.920
WFIRST_0057.dat GLPlanet 2460966.226 0.247393 30.206 0.008897 -0.12307 -2.71410 0.60003 97.42051 0.000 -15.908
WFIRST_1098.dat GLPlanet 2460964.972 0.490893 60.012 0.007904 -0.11924 -2.33580 1.27667 1935.21890 0.000 -17.850
WFIRST_1883.dat GLPlanet 2460950.175 0.459630 23.893 0.001830 -0.23852 -2.59499 0.53603 1714.62894 0.000 -25.561
WFIRST_0955.dat GLPlanet 2460947.484 0.352232 27.390 0.009115 -0.14386 -2.34371 0.75636 43.11265 0.000 -16.304
WFIRST_0706.dat GLPlanet 2460959.328 0.139961 43.240 0.003029 -0.10255 -2.35337 2.58393 261.15937 0.000 20.516
WFIRST_0202.dat GLPlanet 2460948.340 0.083667 14.161 0.008013 -0.18210 -2.21298 -3.00975 1952.76137 0.000 12.491
WFIRST_2274.dat GLPlanet 2460961.145 0.130047 36.515 0.001726 -0.12408 -2.78439 2.76984 291.57475 0.000 20.849
WFIRST_1350.dat GLPlanet 2460955.800 0.268062 43.173 0.004373 -0.11893 -2.22572 2.37568 335.89297 0.000 22.088
WFIRST_1873.dat GLPlanet 2460953.036 0.205160 25.323 0.004016 -0.23187 -2.52725 0.32476 158.14752 0.000 -28.158
WFIRST_1717.dat GLPlanet 2460963.097 0.218879 26.821 0.009082 -0.14706 -2.18638 2.56921 591.97724 0.000 18.241
WFIRST_0828.dat NCPlanet 2460949.978 0.287915 33.384 0.001554 -0.10762 -2.00544 2.20242 43.78639 0.000 15.279
WFIRST_1862.dat NCPlanet 2460949.164 0.441895 22.655 0.001370 -0.20767 -2.42899 0.61883 3205.55659 0.000 -20.528
WFIRST_1886.dat NCPlanet 2460952.210 0.280059 25.292 0.005023 -0.17394 -2.76044 2.68169 1080.05701 0.000 19.804
WFIRST_1693.dat NCPlanet 2460957.631 0.310157 9.172 0.009996 -0.25999 -2.64836 2.79025 833.61103 0.000 11.415
WFIRST_0011.dat NCPlanet 2460949.206 0.456679 55.525 0.008920 -0.11596 -2.19197 1.94186 5747.49036 0.000 19.483
WFIRST_0184.dat HMPlanet 2460969.572 0.000874 78.567 0.000338 -0.12582 -2.75868 -1.51305 135.30345 0.000 0.000
WFIRST_0833.dat HMPlanet 2460960.396 0.000814 52.876 0.001875 -0.24068 -2.46308 1.16724 2059.05066 0.000 0.000
WFIRST_0199.dat HMPlanet 2460958.754 0.000093 65.310 0.002838 -0.12974 -2.30612 -2.75923 108.79613 0.000 0.000
WFIRST_0104.dat HMPlanet 2460966.358 0.000013 41.840 0.005148 -0.20850 -2.36504 -2.38538 23.25707 0.000 0.000
WFIRST_0671.dat HMPlanet 2460950.702 0.000106 90.119 0.000169 -0.18637 -2.15571 2.04638 3479.87607 0.000 0.000
