# Name          Type     to          uo       tE     rho      log_s   log_q   alpha   f_source  g_blending to-time_anomaly 
# 
WFIRST_0928.dat PSPL     2460951.571 0.676631 10.669 0.000000 0.00000 0.00000 0.00000 728.94833 0.000 0.000
WFIRST_1637.dat PSPL     2460952.775 0.593887 19.539 0.000000 0.00000 0.00000 0.00000 241.17423 0.000 0.000
WFIRST_0019.dat PSPL     2460957.944 0.704931 50.161 0.000000 0.00000 0.00000 0.00000 3184.60357 0.000 0.000
WFIRST_0592.dat PSPL     2460966.248 0.298667 26.872 0.000000 0.00000 0.00000 0.00000 24.44588 0.000 0.000
WFIRST_1365.dat PSPL     2460939.910 0.417623 86.521 0.000000 0.00000 0.00000 0.00000 2385.15873 0.000 0.000
WFIRST_0061.dat PSPL     2460952.119 0.612947 51.331 0.000000 0.00000 0.00000 0.00000 245.23848 0.000 0.000
WFIRST_1144.dat PSPL     2460944.341 0.659062 30.586 0.000000 0.00000 0.00000 0.00000 109.04394 0.000 0.000
WFIRST_1401.dat PSPL     2460957.516 0.475594 76.998 0.000000 0.00000 0.00000 0.00000 25.46968 0.000 0.000
WFIRST_2196.dat PSPL     2460950.036 0.835893 29.866 0.000000 0.00000 0.00000 0.00000 627.40428 0.000 0.000
WFIRST_1988.dat PSPL     2460942.626 0.249471 73.678 0.000000 0.00000 0.00000 0.00000 77.16616 0.000 0.000
WFIRST_0551.dat PSPL     2460947.145 0.069330 6.460 0.000000 0.00000 0.00000 0.00000 4132.61064 0.000 0.000
WFIRST_1960.dat PSPL     2460957.437 0.292281 56.571 0.000000 0.00000 0.00000 0.00000 28.05645 0.000 0.000
WFIRST_0000.dat PSPL     2460971.415 0.044117 27.067 0.000000 0.00000 0.00000 0.00000 43.18799 0.000 0.000
WFIRST_1291.dat PSPL     2460954.838 0.402578 53.904 0.000000 0.00000 0.00000 0.00000 4501.75950 0.000 0.000
WFIRST_0397.dat PSPL     2460946.278 0.021189 35.274 0.000000 0.00000 0.00000 0.00000 4174.26490 0.000 0.000
WFIRST_2418.dat Binary   2460952.293 0.079653 49.858 0.000554 -0.02794 -0.94700 -1.11040 225.53322 0.000 0.000
WFIRST_0774.dat Binary   2460945.003 0.084766 13.565 0.002300 0.09236 -0.51429 -1.64902 227.57769 0.000 0.000
WFIRST_2168.dat Binary   2460967.702 0.109316 60.432 0.004185 0.13484 -0.07589 -2.88473 166.59539 0.000 0.000
WFIRST_1084.dat Binary   2460944.598 0.183039 20.973 0.000174 0.07360 -0.32587 -2.71896 5043.29610 0.000 0.000
WFIRST_2055.dat Binary   2460956.908 0.134098 24.667 0.000179 0.02785 -0.31776 3.13909 1074.43193 0.000 0.000
WFIRST_2194.dat GLPlanet 2460950.014 0.021160 24.693 0.000391 0.16389 -4.58722 -0.02738 571.62487 0.000 19.075
WFIRST_0204.dat GLPlanet 2460941.170 0.448746 44.690 0.006434 0.10971 -4.37124 -2.06824 69.33398 0.000 -10.889
WFIRST_2490.dat GLPlanet 2460963.309 0.487532 61.350 0.007043 0.11070 -4.33312 -1.90085 84.36105 0.000 -10.247
WFIRST_0769.dat GLPlanet 2460957.701 0.098708 8.283 0.008085 0.36134 -4.69270 -3.08858 3987.23045 0.000 -15.408
WFIRST_0763.dat GLPlanet 2460970.218 0.391229 70.013 0.002288 0.09510 -4.91483 -1.08908 84.90725 0.000 14.320
WFIRST_1670.dat GLPlanet 2460946.021 0.479395 24.060 0.002667 0.13899 -4.49058 -2.31399 399.55344 0.000 -10.600
WFIRST_1192.dat GLPlanet 2460961.264 0.156845 54.781 0.001811 0.09981 -4.11549 -2.79654 49.47140 0.000 -23.905
WFIRST_0428.dat GLPlanet 2460960.777 0.331625 22.897 0.006039 0.23828 -4.13152 -2.84990 26.31459 0.000 -25.289
WFIRST_2068.dat GLPlanet 2460954.277 0.109555 36.569 0.008232 0.13563 -4.35879 -2.96815 3761.32415 0.000 -22.867
WFIRST_0903.dat GLPlanet 2460960.361 0.446660 26.818 0.005567 0.22122 -4.64842 -2.70811 112.27331 0.000 -25.881
WFIRST_0676.dat GLPlanet 2460953.488 0.198161 20.684 0.006581 0.21300 -4.04854 -2.94621 183.99744 0.000 -20.711
WFIRST_1640.dat GLPlanet 2460967.293 0.446029 72.000 0.001973 0.10604 -4.61588 -2.01175 54.92055 0.000 -15.156
WFIRST_0096.dat GLPlanet 2460960.453 0.003786 34.865 0.005320 0.10653 -4.03194 -0.00764 303.16441 0.000 17.276
WFIRST_1850.dat GLPlanet 2460968.165 0.195460 23.462 0.003383 0.11840 -4.62435 -0.36192 61.38979 0.000 12.113
WFIRST_2059.dat GLPlanet 2460954.906 0.300148 85.203 0.000918 0.10005 -4.54313 -2.43968 196.49589 0.000 -30.244
WFIRST_0621.dat NCPlanet 2460962.616 0.354276 83.037 0.001529 0.08284 -4.75559 -1.98084 1154.67212 0.000 -12.705
WFIRST_2265.dat NCPlanet 2460959.983 0.306059 41.210 0.005580 0.13099 -4.96476 -2.63399 44.70903 0.000 -22.056
WFIRST_1334.dat NCPlanet 2460951.337 0.480010 67.588 0.003000 0.12930 -4.19758 -2.23580 37.10666 0.000 -25.202
WFIRST_1120.dat NCPlanet 2460958.094 0.383204 19.356 0.004301 0.13881 -4.24034 -0.61806 1687.24647 0.000 10.257
WFIRST_0963.dat NCPlanet 2460945.280 0.224396 60.262 0.006175 0.08483 -4.07674 -2.56256 123.25126 0.000 -19.830
WFIRST_0089.dat HMPlanet 2460969.163 0.000176 90.162 0.000209 0.11077 -4.06203 1.74722 160.99878 0.000 0.000
WFIRST_1854.dat HMPlanet 2460951.458 0.000442 19.252 0.000138 0.09531 -4.85947 -0.55590 768.62436 0.000 0.000
WFIRST_1482.dat HMPlanet 2460945.783 0.000133 23.328 0.000107 0.38166 -4.85911 -2.20577 5469.20741 0.000 0.000
WFIRST_1706.dat HMPlanet 2460944.090 0.000094 17.799 0.000032 0.23173 -4.33092 1.37800 39.77644 0.000 0.000
WFIRST_0784.dat HMPlanet 2460971.492 0.000327 23.545 0.000183 0.11414 -4.91551 -1.98161 106.34743 0.000 0.000
