\STAR_ID                              = "MOA 2009-BLG-387L"
\DATA_CATEGORY                        = "Photometric light curve"
\RA                                   = "17h53m50.79s"
\RA_UNITS                             = "sexagesimal"
\DEC                                  = "-33d59m25s"
\DEC_UNITS                            = "sexagesimal"
\EQUINOX                              = "J2000.0"
\NUMBER_OF_POINTS                     = "116"
\TIME_REFERENCE_FRAME                 = "Heliocentric JD"
\MINIMUM_DATE                         = "2453666.505060"
\MAXIMUM_DATE                         = "2455085.927300"
\DATE_UNITS                           = "days"
\REFERENCES                           = "Batista et al. 2011"
\BIBCODES                             = "2011A&A...529A.102B"
\TELESCOPE                            = "MOA Telescope (1.8 m)"
\INSTRUMENT                           = "unknown"
\TIME_SERIES_DATA_FILTER              = "I"
\OBSERVATORY_SITE                     = "Mt. John Observatory, New Zealand"
\COLUMN_JD                            = "Heliocentric Julian Day"
\COMMENT                              = "none"
|            HJD| RELATIVE_MAGNITUDE| MAGNITUDE_UNCERTAINTY| RELATIVE_FLUX| FLUX_UNCERTAINTY|
|           real|               real|                  real|          real|             real|
|           days|                mag|                   mag|              |                 |
  2453666.505060              23.538                 1.498
  2453928.605810              26.278                 1.861
  2454865.170700              23.241                 7.936
  2454879.154620              22.532                 1.373
  2454880.155260              24.979                 6.727
  2454894.118260              21.844                 0.607
  2454905.143880              23.300                 1.148
  2454906.143940              23.147                 0.880
  2454907.139080              22.878                 0.711
  2454910.182410              21.790                 0.448
  2454911.042490              23.381                 5.446
  2454912.112750              22.833                 0.977
  2454913.135460              24.429                 2.747
  2454916.132490              23.820                 1.418
  2454922.111470              22.833                 0.965
  2454924.142330              24.152                 1.591
  2454925.166990              22.887                 1.133
  2454932.162900              21.907                 0.628
  2454935.998160              20.944                 0.913
  2454938.993660              20.795                 1.457
  2454941.030150              21.152                 0.436
  2454944.133760              25.496                 5.436
  2454945.086960              22.887                 0.489
  2454952.236740              25.460                 21.383
  2454953.204480              23.089                 0.899
  2454954.049440              23.222                 0.744
  2454955.093480              23.376                 0.636
  2454956.174480              21.748                 0.989
  2454958.086550              22.929                 0.654
  2454960.164690              22.212                 0.697
  2454960.993430              22.534                 2.281
  2454969.974000              25.435                 13.954
  2454974.121760              25.902                 22.486
  2454976.109980              22.136                 1.079
  2454978.064310              22.709                 0.307
  2454979.069610              24.601                 2.654
  2454981.259720              25.309                 30.205
  2454983.210550              21.614                 0.373
  2454986.895870              23.109                 3.253
  2454994.257320              23.991                 43.859
  2454998.038580              21.493                 0.545
  2454998.932560              24.978                 7.725
  2455000.218180              21.298                 0.287
  2455001.040790              21.554                 0.256
  2455003.068380              21.662                 0.133
  2455004.977730              21.682                 0.141
  2455005.967760              21.371                 0.157
  2455007.080530              21.167                 0.182
  2455007.949370              20.469                 0.437
  2455008.988990              21.039                 0.099
  2455009.976560              21.327                 0.124
  2455021.127010              20.198                 0.106
  2455022.025630              20.344                 0.062
  2455025.063550              20.174                 0.079
  2455025.950130              19.845                 0.051
  2455027.007920              20.281                 0.163
  2455027.893520              19.797                 0.054
  2455028.998380              19.777                 0.051
  2455032.870670              19.125                 0.068
  2455037.088780              18.652                 0.012
  2455037.971190              18.469                 0.009
  2455039.088980              18.218                 0.010
  2455039.955410              18.027                 0.014
  2455040.826050              17.345                 0.020
  2455040.849010              17.370                 0.027
  2455040.865390              17.303                 0.054
  2455040.867860              17.296                 0.042
  2455040.869090              17.319                 0.031
  2455040.874020              17.308                 0.030
  2455040.894220              17.196                 0.035
  2455040.912770              17.365                 0.047
  2455040.917700              17.314                 0.039
  2455040.925100              17.266                 0.028
  2455040.932510              17.297                 0.018
  2455040.937440              17.342                 0.027
  2455040.947340              17.253                 0.031
  2455040.954740              17.304                 0.035
  2455040.965860              17.249                 0.025
  2455040.969570              17.258                 0.021
  2455040.975910              17.237                 0.018
  2455040.983310              17.244                 0.021
  2455040.998120              17.183                 0.017
  2455041.005530              17.140                 0.014
  2455041.088250              17.068                 0.021
  2455041.091940              17.090                 0.025
  2455041.096880              17.033                 0.020
  2455041.099350              17.014                 0.036
  2455041.109390              16.961                 0.023
  2455041.115840              16.926                 0.033
  2455041.149040              16.871                 0.028
  2455041.156440              16.845                 0.019
  2455041.161360              16.782                 0.028
  2455041.178350              16.598                 0.024
  2455041.186830              16.500                 0.029
  2455041.188060              16.452                 0.027
  2455041.189300              16.501                 0.034
  2455041.190530              16.420                 0.023
  2455041.191760              16.487                 0.026
  2455041.883770              18.661                 0.068
  2455050.141560              18.935                 0.045
  2455050.917410              19.056                 0.025
  2455051.950880              19.249                 0.083
  2455052.882840              19.453                 0.095
  2455054.995640              19.568                 0.090
  2455057.956890              19.869                 0.038
  2455060.836490              20.235                 0.166
  2455061.989450              20.221                 0.071
  2455062.967690              20.156                 0.042
  2455064.832570              20.611                 0.254
  2455065.823180              20.855                 0.614
  2455067.822700              20.434                 0.254
  2455077.949060              22.031                 0.418
  2455078.928550              21.424                 0.176
  2455079.886130              21.748                 0.282
  2455082.912710              21.746                 0.312
  2455085.927300              21.994                 0.658
