\STAR_ID                              = "MOA 2007-BLG-400L"
\DATA_CATEGORY                        = "Photometric light curve"
\RA                                   = "18h09m41.98s"
\RA_UNITS                             = "sexagesimal"
\DEC                                  = "-29d13m26.95s"
\DEC_UNITS                            = "sexagesimal"
\EQUINOX                              = "J2000.0"
\NUMBER_OF_POINTS                     = "97"
\TIME_REFERENCE_FRAME                 = "Heliocentric JD"
\MINIMUM_DATE                         = "2454351.5367400"
\MAXIMUM_DATE                         = "2454362.5227000"
\DATE_UNITS                           = "days"
\REFERENCES                           = "Dong et al. 2009"
\BIBCODES                             = "2009ApJ...698.1826D"
\TELESCOPE                            = "SMARTS Telescope (1.3 m)"
\INSTRUMENT                           = "ANDICAM"
\TIME_SERIES_DATA_FILTER              = "H"
\OBSERVATORY_SITE                     = "CTIO, Chile"
\COLUMN_JD                            = "Heliocentric Julian Day"
\COMMENT                              = ""
|              JD| RELATIVE_MAGNITUDE| MAGNITUDE_UNCERTAINTY| RELATIVE_FLUX| FLUX_UNCERTAINTY|
|            real|               real|                  real|          real|             real|
|            days|                mag|                   mag|              |                 |
  2454351.5367400              15.104                  0.107
  2454351.5408700              15.203                  0.119
  2454351.5853800              15.068                  0.122
  2454351.5895100              15.202                  0.119
  2454351.6269600              15.096                  0.126
  2454352.4902700              14.627                  0.098
  2454352.5430600              14.603                  0.094
  2454352.5975300              14.683                  0.089
  2454352.6016500              14.703                  0.092
  2454353.4773100              14.070                  0.063
  2454353.5277300              13.977                  0.049
  2454353.5320200              14.102                  0.056
  2454353.5640400              13.944                  0.046
  2454353.6044800              13.948                  0.054
  2454354.4705300              11.594                  0.014
  2454354.4745800              11.553                  0.014
  2454354.4786400              11.497                  0.014
  2454354.4826900              11.473                  0.014
  2454354.4867500              11.404                  0.014
  2454354.4908600              11.348                  0.013
  2454354.4949700              11.298                  0.013
  2454354.4990300              11.251                  0.013
  2454354.5030800              11.198                  0.013
  2454354.5071300              11.157                  0.013
  2454354.5111800              11.047                  0.013
  2454354.5152900              10.959                  0.014
  2454354.5194100              10.884                  0.013
  2454354.5234600              10.790                  0.013
  2454354.5275100              10.654                  0.013
  2454354.5315700              10.485                  0.013
  2454354.5356200              10.333                  0.013
  2454354.5397300              10.198                  0.013
  2454354.5438500              10.119                  0.013
  2454354.5479100              10.049                  0.013
  2454354.5519800              10.013                  0.013
  2454354.5560300              9.952                  0.013
  2454354.5601000              9.925                  0.013
  2454354.5642200              9.923                  0.013
  2454354.5683400              9.897                  0.013
  2454354.5724000              9.864                  0.013
  2454354.5764700              9.888                  0.013
  2454354.5805200              9.853                  0.013
  2454354.5845800              9.848                  0.013
  2454354.5887100              9.870                  0.013
  2454354.5928300              9.869                  0.013
  2454354.5968900              9.912                  0.013
  2454354.6009500              9.913                  0.013
  2454354.6050100              9.930                  0.013
  2454354.6090700              9.979                  0.013
  2454354.6132000              10.037                  0.013
  2454354.6196800              10.135                  0.013
  2454354.6237500              10.277                  0.013
  2454354.6278100              10.377                  0.013
  2454354.6318800              10.533                  0.013
  2454354.6359500              10.648                  0.013
  2454354.6400700              10.772                  0.013
  2454354.6441900              10.859                  0.013
  2454354.6482500              10.938                  0.013
  2454354.6523100              11.007                  0.013
  2454354.6563800              11.073                  0.014
  2454354.6604400              11.136                  0.014
  2454354.6645700              11.188                  0.014
  2454354.6687000              11.249                  0.014
  2454354.6727600              11.290                  0.014
  2454354.6768200              11.341                  0.014
  2454354.6808800              11.403                  0.014
  2454354.6849400              11.470                  0.014
  2454355.4792300              13.751                  0.051
  2454355.5052700              13.822                  0.045
  2454355.5255000              13.822                  0.040
  2454355.5572200              13.861                  0.046
  2454355.5827200              13.890                  0.054
  2454355.6103500              13.953                  0.049
  2454355.6497100              14.051                  0.053
  2454356.4769000              14.543                  0.070
  2454356.5120500              14.618                  0.081
  2454356.5671400              14.606                  0.077
  2454356.5892400              14.626                  0.088
  2454356.6289600              14.591                  0.077
  2454356.6458000              14.673                  0.098
  2454357.4861700              14.972                  0.118
  2454357.5100100              15.063                  0.112
  2454357.5445500              15.000                  0.105
  2454357.5795400              14.932                  0.111
  2454357.6036700              14.942                  0.118
  2454358.4696000              15.234                  0.140
  2454358.5005000              15.238                  0.130
  2454358.5562300              15.070                  0.156
  2454358.5950300              15.225                  0.121
  2454359.4731000              15.401                  0.181
  2454359.5034800              15.639                  0.247
  2454359.5257200              15.664                  0.204
  2454359.5801300              15.394                  0.198
  2454361.4894600              15.644                  0.243
  2454361.5338500              16.711                  0.687
  2454362.4866400              15.873                  0.298
  2454362.5227000              15.958                  0.316
