\STAR_ID                              = "MOA 2010-BLG-073L"
\DATA_CATEGORY                        = "Photometric light curve"
\RA                                   = "18h10m11.342s"
\RA_UNITS                             = "sexagesimal"
\DEC                                  = "-26d31m22.544s"
\DEC_UNITS                            = "sexagesimal"
\EQUINOX                              = "J2000.0"
\NUMBER_OF_POINTS                     = "129"
\TIME_REFERENCE_FRAME                 = "Heliocentric Julian Day"
\MINIMUM_DATE                         = "2455321.07228"
\MAXIMUM_DATE                         = "2455377.19459"
\DATE_UNITS                           = "days"
\REFERENCES                           = "Street et al. 2013"
\BIBCODES                             = "2013ApJ...763...67S"
\TELESCOPE                            = "Faulkes South Telescope (2.0 m)"
\INSTRUMENT                           = "unknown"
\TIME_SERIES_DATA_FILTER              = "I"
\OBSERVATORY_SITE                     = "Siding Springs, Australia"
\COLUMN_JD                            = "Heliocentric Julian Day"
\COMMENT                              = ""
|             JD| RELATIVE_MAGNITUDE| MAGNITUDE_UNCERTAINTY| RELATIVE_FLUX|      FLUX_UNCERTAINTY|
|           real|               real|                  real|          real|                  real|
|           days|                mag|                   mag|              |                      |
   2455321.07228             16.0225                 0.0040
   2455321.07279             16.0171                 0.0040
   2455321.07331             16.0337                 0.0041
   2455321.07383             16.0187                 0.0041
   2455321.07435             15.9938                 0.0041
   2455321.07486             16.0147                 0.0040
   2455321.07539             16.0200                 0.0041
   2455321.13016             16.0126                 0.0040
   2455321.13072             16.0323                 0.0040
   2455321.13122             16.0088                 0.0041
   2455321.13173             16.0128                 0.0037
   2455321.13226             16.0057                 0.0041
   2455321.13277             16.0167                 0.0040
   2455321.13329             15.9894                 0.0041
   2455322.06667             16.4835                 0.0060
   2455322.06771             16.4651                 0.0059
   2455322.13223             16.5364                 0.0046
   2455322.13277             16.5452                 0.0057
   2455322.13328             16.5456                 0.0051
   2455322.13380             16.5403                 0.0057
   2455322.13535             16.5392                 0.0061
   2455326.09905             16.6394                 0.0043
   2455326.09962             16.6081                 0.0043
   2455326.10015             16.6343                 0.0044
   2455326.10072             16.6282                 0.0043
   2455326.10127             16.6196                 0.0045
   2455326.10276             16.6281                 0.0046
   2455326.10335             16.6302                 0.0044
   2455326.10392             16.6139                 0.0044
   2455326.10447             16.6263                 0.0042
   2455326.10505             16.6282                 0.0042
   2455326.15315             16.6194                 0.0041
   2455326.15372             16.6243                 0.0044
   2455326.15433             16.6229                 0.0045
   2455326.15490             16.6259                 0.0043
   2455326.15547             16.6234                 0.0043
   2455326.27577             16.6231                 0.0040
   2455326.27638             16.6272                 0.0041
   2455326.27696             16.6308                 0.0042
   2455326.27758             16.6114                 0.0041
   2455326.27815             16.6146                 0.0042
   2455326.32052             16.6173                 0.0041
   2455326.32107             16.6213                 0.0043
   2455326.32168             16.6252                 0.0042
   2455326.32224             16.6297                 0.0042
   2455326.32285             16.6129                 0.0044
   2455327.32256             16.6222                 0.0057
   2455327.32317             16.6133                 0.0073
   2455327.32376             16.6217                 0.0050
   2455327.32432             16.6427                 0.0095
   2455327.32489             16.6255                 0.0082
   2455327.32637             16.6221                 0.0052
   2455327.32694             16.6141                 0.0077
   2455327.32749             16.6259                 0.0053
   2455327.32809             16.5960                 0.0099
   2455329.28725             16.5959                 0.0039
   2455329.28786             16.5927                 0.0041
   2455329.28846             16.5882                 0.0041
   2455329.28910             16.5879                 0.0040
   2455330.01938             16.5795                 0.0039
   2455330.01998             16.5969                 0.0053
   2455330.02062             16.5740                 0.0041
   2455330.02123             16.5816                 0.0042
   2455330.11822             16.5790                 0.0053
   2455330.11885             16.5801                 0.0040
   2455330.11950             16.5775                 0.0037
   2455330.12013             16.5795                 0.0040
   2455330.12166             16.5714                 0.0048
   2455330.12229             16.5823                 0.0047
   2455330.12288             16.5859                 0.0045
   2455330.12352             16.5750                 0.0042
   2455330.23315             16.5740                 0.0039
   2455330.23374             16.5674                 0.0042
   2455330.23436             16.5767                 0.0045
   2455330.23499             16.5752                 0.0047
   2455330.23654             16.5771                 0.0050
   2455330.23715             16.5741                 0.0051
   2455330.23779             16.5659                 0.0051
   2455330.23838             16.5697                 0.0044
   2455331.10202             16.5574                 0.0037
   2455331.10263             16.5556                 0.0037
   2455331.10324             16.5598                 0.0037
   2455331.24352             16.5537                 0.0050
   2455331.24413             16.5595                 0.0043
   2455331.24472             16.5545                 0.0041
   2455331.24618             16.5574                 0.0042
   2455331.24679             16.5573                 0.0044
   2455331.24739             16.5543                 0.0044
   2455331.24885             16.5494                 0.0051
   2455331.24946             16.5543                 0.0048
   2455331.25006             16.5660                 0.0051
   2455331.28773             16.5725                 0.0051
   2455331.28834             16.5703                 0.0040
   2455331.28894             16.5560                 0.0045
   2455332.18770             16.5480                 0.0036
   2455332.18833             16.5500                 0.0036
   2455332.18896             16.5365                 0.0036
   2455332.19051             16.5568                 0.0035
   2455332.19118             16.5570                 0.0035
   2455332.19187             16.5474                 0.0036
   2455332.26392             16.5558                 0.0040
   2455332.26458             16.5454                 0.0042
   2455332.26524             16.5407                 0.0040
   2455332.31556             16.5454                 0.0046
   2455332.32800             16.5351                 0.0047
   2455332.32863             16.5409                 0.0052
   2455332.32928             16.5498                 0.0057
   2455335.22270             16.5019                 0.0036
   2455335.22338             16.5070                 0.0036
   2455335.22406             16.4986                 0.0038
   2455335.28233             16.5045                 0.0037
   2455335.28301             16.5031                 0.0039
   2455335.28369             16.5014                 0.0039
   2455336.01218             16.4844                 0.0072
   2455336.01283             16.5002                 0.0061
   2455336.01351             16.4865                 0.0054
   2455336.01507             16.4849                 0.0039
   2455336.01576             16.4999                 0.0039
   2455336.01644             16.4963                 0.0037
   2455336.01799             16.4966                 0.0037
   2455336.01865             16.5032                 0.0037
   2455336.01931             16.4916                 0.0035
   2455338.30144             16.4714                 0.0032
   2455339.23036             16.4689                 0.0038
   2455340.06992             16.4708                 0.0044
   2455377.18981             17.0647                 0.0087
   2455377.19139             17.0918                 0.0092
   2455377.19298             17.0637                 0.0074
   2455377.19459             17.0668                 0.0062
