\STAR_ID                              = "MOA 2009-BLG-266L"
\DATA_CATEGORY                        = "Photometric light curve"
\RA                                   = "17h48m01.95s"
\RA_UNITS                             = "sexagesimal"
\DEC                                  = "-35d00m19.5s"
\DEC_UNITS                            = "sexagesimal"
\EQUINOX                              = "J2000.0"
\NUMBER_OF_POINTS                     = "205"
\TIME_REFERENCE_FRAME                 = "Geocentric JD"
\MINIMUM_DATE                         = "2455035.88298"
\MAXIMUM_DATE                         = "2455146.26233"
\DATE_UNITS                           = "days"
\MINIMUM_VALUE                        = "7.7999"
\MAXIMUM_VALUE                        = "15.6451"
\VALUE_UNITS                          = "mag"
\REFERENCES                           = "Muraki et al. 2011"
\BIBCODES                             = "2011ApJ...741...22M"
\TELESCOPE                            = "Canopus Hill Telescope (1.0 m)"
\INSTRUMENT                           = "unknown"
\TIME_SERIES_DATA_FILTER              = "I"
\OBSERVATORY_SITE                     = "Tasmania"
\COLUMN_JD                            = "Julian Day"
|           JD |     RELATIVE_MAGNITUDE |    MAGNITUDE_UNCERTAINTY |
|         real |                   real |                     real |
|         days |                    mag |                      mag |
  2455035.88298                  12.5604                     0.1741
  2455035.94138                  13.0416                     0.2631
  2455035.94411                  12.8527                     0.2277
  2455035.98497                  12.8810                     0.1846
  2455035.98898                  12.8279                     0.1863
  2455036.11304                  12.7603                     0.1898
  2455036.11704                  12.6318                     0.1730
  2455036.12102                  12.6003                     0.1723
  2455036.12501                  12.5679                     0.1666
  2455037.03421                  12.3055                     0.1540
  2455037.03739                  12.4251                     0.1858
  2455037.13278                  12.3680                     0.1057
  2455037.14209                  12.3588                     0.1628
  2455037.16950                  12.4829                     0.1643
  2455037.17476                  12.7488                     0.3743
  2455037.19106                  12.7440                     0.5050
  2455040.02867                  11.8168                     0.1011
  2455040.03116                  12.0262                     0.1244
  2455040.10077                  11.9796                     0.1167
  2455040.10756                  11.8419                     0.1027
  2455046.98970                  11.1530                     0.1177
  2455058.99111                  10.2830                     0.0266
  2455059.08293                  10.2666                     0.0259
  2455059.08726                  10.2952                     0.0266
  2455060.95345                  10.1959                     0.0181
  2455060.95778                  10.1465                     0.0210
  2455070.98604                  9.4773                     0.0130
  2455071.01052                  9.4770                     0.0131
  2455071.05466                  9.4402                     0.0150
  2455071.08784                  9.4215                     0.0152
  2455071.11667                  9.4079                     0.0142
  2455071.91771                  9.4124                     0.0167
  2455072.06207                  9.3841                     0.0154
  2455084.97083                  8.2714                     0.0077
  2455084.97387                  8.2734                     0.0080
  2455085.02048                  8.2659                     0.0094
  2455085.02787                  8.2651                     0.0083
  2455086.87897                  8.1614                     0.0193
  2455086.88369                  8.1107                     0.0136
  2455086.88582                  8.1308                     0.0142
  2455086.88903                  8.1351                     0.0095
  2455086.89379                  8.1352                     0.0092
  2455086.89872                  8.1085                     0.0089
  2455086.90511                  8.1200                     0.0095
  2455086.90929                  8.1059                     0.0091
  2455086.91629                  8.1056                     0.0085
  2455086.92874                  8.0984                     0.0083
  2455086.93227                  8.0894                     0.0084
  2455086.93613                  8.0884                     0.0085
  2455086.94088                  8.0779                     0.0088
  2455086.94426                  8.0759                     0.0096
  2455086.94779                  8.0641                     0.0091
  2455086.95290                  8.0653                     0.0086
  2455086.95739                  8.0679                     0.0093
  2455086.96104                  8.0627                     0.0096
  2455086.96514                  8.0462                     0.0123
  2455086.97060                  8.0382                     0.0109
  2455086.97523                  8.0409                     0.0099
  2455086.97840                  8.0377                     0.0124
  2455086.98333                  8.0438                     0.0136
  2455086.98803                  8.0474                     0.0170
  2455086.99306                  7.9953                     0.0346
  2455086.99862                  8.0127                     0.0108
  2455087.00188                  8.0294                     0.0173
  2455087.03853                  7.9834                     0.0137
  2455087.04106                  8.0178                     0.0126
  2455087.04407                  7.9657                     0.0118
  2455088.87724                  7.9686                     0.0128
  2455088.88070                  7.9608                     0.0094
  2455088.88261                  7.9735                     0.0085
  2455088.88451                  7.9701                     0.0076
  2455088.88641                  7.9718                     0.0088
  2455088.88831                  7.9693                     0.0089
  2455088.89022                  7.9713                     0.0085
  2455088.89212                  7.9774                     0.0093
  2455088.89403                  7.9650                     0.0087
  2455088.89593                  7.9733                     0.0078
  2455088.89784                  7.9630                     0.0080
  2455088.90099                  7.9734                     0.0073
  2455088.90464                  7.9751                     0.0071
  2455088.90827                  7.9733                     0.0093
  2455088.91191                  7.9866                     0.0256
  2455088.95406                  7.9776                     0.0069
  2455088.95770                  7.9767                     0.0066
  2455088.96135                  7.9767                     0.0068
  2455088.96498                  7.9744                     0.0065
  2455088.96862                  7.9800                     0.0081
  2455088.97380                  7.9794                     0.0076
  2455088.97743                  7.9751                     0.0068
  2455088.98108                  7.9707                     0.0065
  2455088.98473                  7.9783                     0.0065
  2455088.98837                  7.9743                     0.0065
  2455088.99365                  7.9709                     0.0068
  2455088.99729                  7.9780                     0.0068
  2455089.00093                  7.9709                     0.0068
  2455089.00456                  7.9700                     0.0073
  2455089.00820                  7.9695                     0.0070
  2455089.01667                  7.9754                     0.0066
  2455089.02030                  7.9746                     0.0066
  2455089.02395                  7.9748                     0.0071
  2455089.02759                  7.9727                     0.0067
  2455089.03123                  7.9699                     0.0072
  2455089.03927                  7.9714                     0.0069
  2455089.04290                  7.9676                     0.0066
  2455089.04654                  7.9696                     0.0075
  2455089.05017                  7.9642                     0.0070
  2455089.05382                  7.9747                     0.0083
  2455089.92172                  7.9068                     0.0088
  2455089.92846                  7.9059                     0.0071
  2455089.93170                  7.9029                     0.0073
  2455089.93340                  7.9001                     0.0084
  2455091.96462                  7.8279                     0.0072
  2455091.96756                  7.8349                     0.0070
  2455091.97034                  7.8342                     0.0071
  2455091.98326                  7.8327                     0.0071
  2455092.89894                  7.8177                     0.0082
  2455092.90060                  7.8185                     0.0081
  2455092.90180                  7.8187                     0.0081
  2455092.90815                  7.8120                     0.0081
  2455092.90936                  7.8149                     0.0082
  2455092.91057                  7.8116                     0.0081
  2455092.94183                  7.8156                     0.0082
  2455092.94303                  7.8222                     0.0081
  2455092.94425                  7.8103                     0.0080
  2455092.94688                  7.8243                     0.0081
  2455092.94901                  7.8133                     0.0082
  2455092.95021                  7.8141                     0.0082
  2455092.95143                  7.8171                     0.0081
  2455092.95840                  7.8201                     0.0082
  2455092.95962                  7.8195                     0.0081
  2455092.96082                  7.8135                     0.0081
  2455092.96568                  7.8178                     0.0083
  2455092.96690                  7.8133                     0.0081
  2455092.96810                  7.8169                     0.0082
  2455092.97150                  7.8197                     0.0082
  2455092.97272                  7.8202                     0.0081
  2455092.97392                  7.8198                     0.0082
  2455092.97658                  7.8210                     0.0082
  2455092.98141                  7.8166                     0.0082
  2455092.98437                  7.8238                     0.0082
  2455093.00460                  7.8113                     0.0083
  2455093.00581                  7.8100                     0.0080
  2455093.00702                  7.8182                     0.0083
  2455093.01045                  7.8190                     0.0082
  2455093.01166                  7.7999                     0.0083
  2455093.01288                  7.8092                     0.0082
  2455093.01560                  7.8152                     0.0083
  2455093.03301                  7.8152                     0.0083
  2455093.03423                  7.8180                     0.0083
  2455093.03543                  7.8243                     0.0084
  2455093.03826                  7.8222                     0.0084
  2455093.03946                  7.8177                     0.0083
  2455093.04068                  7.8246                     0.0083
  2455093.04481                  7.8158                     0.0083
  2455093.04601                  7.8239                     0.0085
  2455093.04721                  7.8207                     0.0086
  2455093.04948                  7.8135                     0.0088
  2455093.05070                  7.8141                     0.0088
  2455093.05190                  7.8132                     0.0088
  2455093.05801                  7.8136                     0.0107
  2455093.06114                  7.8174                     0.0104
  2455093.06235                  7.8195                     0.0110
  2455093.87960                  7.8262                     0.0074
  2455093.88219                  7.8253                     0.0075
  2455093.93604                  7.8216                     0.0072
  2455093.93759                  7.8238                     0.0073
  2455093.94561                  7.8205                     0.0074
  2455093.94716                  7.8175                     0.0078
  2455093.94871                  7.8326                     0.0074
  2455093.99300                  7.8353                     0.0073
  2455093.99455                  7.8300                     0.0074
  2455093.99611                  7.8278                     0.0075
  2455094.89355                  7.8554                     0.0082
  2455094.92640                  7.8487                     0.0077
  2455094.99025                  7.8632                     0.0078
  2455094.99146                  7.8603                     0.0081
  2455095.04238                  7.8813                     0.0094
  2455095.90572                  7.8919                     0.0085
  2455095.91247                  7.8914                     0.0099
  2455097.98376                  8.0355                     0.0079
  2455097.98600                  8.0396                     0.0081
  2455103.88006                  8.5654                     0.0119
  2455103.88162                  8.5862                     0.0117
  2455104.00076                  8.5872                     0.0140
  2455104.00231                  8.5842                     0.0214
  2455106.88724                  8.8513                     0.0136
  2455106.88880                  8.8406                     0.0129
  2455107.92620                  8.9323                     0.0150
  2455107.95300                  8.9322                     0.0162
  2455107.99417                  8.9291                     0.0170
  2455114.92091                  9.5006                     0.0191
  2455114.92282                  9.4992                     0.0190
  2455114.96569                  9.5221                     0.0195
  2455114.96759                  9.5583                     0.0201
  2455118.93573                  9.9216                     0.0410
  2455118.95532                  9.8513                     0.0196
  2455127.90715                  10.6378                     0.1537
  2455130.92816                  10.7716                     0.0480
  2455130.93062                  10.7885                     0.0519
  2455130.93979                  10.7998                     0.0512
  2455130.94352                  10.8368                     0.0392
  2455130.95073                  10.8742                     0.0396
  2455143.94825                  15.6451                     11.0146
  2455146.25683                  12.9041                     0.7249
  2455146.26233                  14.8311                     2.6299
