\STAR_ID                              = "MOA 2007-BLG-400L"
\DATA_CATEGORY                        = "Photometric light curve"
\RA                                   = "18h09m41.98s"
\RA_UNITS                             = "sexagesimal"
\DEC                                  = "-29d13m26.95s"
\DEC_UNITS                            = "sexagesimal"
\EQUINOX                              = "J2000.0"
\NUMBER_OF_POINTS                     = "93"
\TIME_REFERENCE_FRAME                 = "Heliocentric JD"
\MINIMUM_DATE                         = "2454351.5375000"
\MAXIMUM_DATE                         = "2454362.5234700"
\DATE_UNITS                           = "days"
\REFERENCES                           = "Dong et al. 2009"
\BIBCODES                             = "2009ApJ...698.1826D"
\TELESCOPE                            = "SMARTS Telescope (1.3 m)"
\INSTRUMENT                           = "ANDICAM"
\TIME_SERIES_DATA_FILTER              = "H"
\OBSERVATORY_SITE                     = "CTIO, Chile"
\COLUMN_JD                            = "Heliocentric Julian Day"
\COMMENT                              = ""
|              JD| RELATIVE_MAGNITUDE| MAGNITUDE_UNCERTAINTY| RELATIVE_FLUX| FLUX_UNCERTAINTY|
|            real|               real|                  real|          real|             real|
|            days|                mag|                   mag|              |                 |
  2454351.5375000              14.993                  0.095
  2454351.5416300              15.011                  0.097
  2454351.5861400              14.943                  0.102
  2454351.5902800              15.101                  0.116
  2454351.6277300              14.899                  0.102
  2454353.4780700              14.005                  0.055
  2454353.5285000              13.895                  0.045
  2454353.5327900              13.964                  0.043
  2454353.5648000              13.914                  0.043
  2454353.6052400              13.831                  0.049
  2454354.4712900              11.576                  0.014
  2454354.4753400              11.518                  0.014
  2454354.4794000              11.480                  0.014
  2454354.4834600              11.446                  0.014
  2454354.4875100              11.381                  0.014
  2454354.4916200              11.343                  0.013
  2454354.4957300              11.283                  0.013
  2454354.4997900              11.232                  0.013
  2454354.5038400              11.148                  0.013
  2454354.5078900              11.091                  0.013
  2454354.5119400              11.020                  0.013
  2454354.5160500              10.923                  0.013
  2454354.5201700              10.873                  0.013
  2454354.5242200              10.770                  0.013
  2454354.5282700              10.610                  0.013
  2454354.5323300              10.447                  0.013
  2454354.5363800              10.312                  0.013
  2454354.5405000              10.185                  0.013
  2454354.5446200              10.092                  0.013
  2454354.5486800              10.025                  0.013
  2454354.5527400              9.980                  0.013
  2454354.5568000              9.949                  0.013
  2454354.5608600              9.918                  0.013
  2454354.5649900              9.887                  0.013
  2454354.5691100              9.882                  0.013
  2454354.5731700              9.851                  0.013
  2454354.5772300              9.881                  0.013
  2454354.5812900              9.877                  0.013
  2454354.5853500              9.856                  0.013
  2454354.5894800              9.894                  0.013
  2454354.5935900              9.888                  0.013
  2454354.5976500              9.915                  0.013
  2454354.6017100              9.927                  0.013
  2454354.6057700              9.946                  0.013
  2454354.6098300              9.997                  0.013
  2454354.6139600              10.070                  0.013
  2454354.6204500              10.153                  0.013
  2454354.6245100              10.317                  0.013
  2454354.6285800              10.411                  0.013
  2454354.6326400              10.566                  0.013
  2454354.6367100              10.698                  0.013
  2454354.6408400              10.788                  0.013
  2454354.6449500              10.896                  0.013
  2454354.6490200              10.965                  0.013
  2454354.6530800              11.032                  0.013
  2454354.6571500              11.108                  0.014
  2454354.6612100              11.163                  0.014
  2454354.6653300              11.216                  0.014
  2454354.6694600              11.274                  0.014
  2454354.6735300              11.331                  0.014
  2454354.6775800              11.368                  0.014
  2454354.6816500              11.423                  0.014
  2454354.6857000              11.470                  0.014
  2454355.4799900              13.784                  0.047
  2454355.5060300              13.817                  0.043
  2454355.5262700              13.771                  0.038
  2454355.5579900              13.870                  0.043
  2454355.5834800              13.866                  0.052
  2454355.6111100              13.897                  0.044
  2454355.6504700              14.007                  0.048
  2454356.4776600              14.600                  0.076
  2454356.5128100              14.573                  0.074
  2454356.5679100              14.722                  0.101
  2454356.5900000              14.767                  0.105
  2454356.6297300              14.747                  0.092
  2454356.6465700              14.788                  0.099
  2454357.4869400              15.150                  0.133
  2454357.5107700              15.130                  0.116
  2454357.5453200              14.960                  0.101
  2454357.5803100              15.182                  0.143
  2454357.6044400              15.244                  0.152
  2454358.4703700              15.285                  0.145
  2454358.5012700              15.240                  0.132
  2454358.5570000              15.325                  0.181
  2454358.5958000              15.433                  0.144
  2454359.4738600              15.570                  0.199
  2454359.5042400              15.577                  0.195
  2454359.5264900              15.522                  0.195
  2454359.5809000              16.083                  0.435
  2454361.4902300              16.673                  0.629
  2454361.5346100              16.992                  0.874
  2454362.4874100              15.534                  0.205
  2454362.5234700              16.398                  0.452
