\STAR_ID                              = "MOA 2007-BLG-400L"
\DATA_CATEGORY                        = "Photometric light curve"
\RA                                   = "18h09m41.98s"
\RA_UNITS                             = "sexagesimal"
\DEC                                  = "-29d13m26.95s"
\DEC_UNITS                            = "sexagesimal"
\EQUINOX                              = "J2000.0"
\NUMBER_OF_POINTS                     = "94"
\TIME_REFERENCE_FRAME                 = "Heliocentric JD"
\MINIMUM_DATE                         = "2454351.5359700"
\MAXIMUM_DATE                         = "2454362.5219400"
\DATE_UNITS                           = "days"
\REFERENCES                           = "Dong et al. 2009"
\BIBCODES                             = "2009ApJ...698.1826D"
\TELESCOPE                            = "SMARTS Telescope (1.3 m)"
\INSTRUMENT                           = "ANDICAM"
\TIME_SERIES_DATA_FILTER              = "H"
\OBSERVATORY_SITE                     = "CTIO, Chile"
\COLUMN_JD                            = "Heliocentric Julian Day"
\COMMENT                              = ""
|              JD| RELATIVE_MAGNITUDE| MAGNITUDE_UNCERTAINTY| RELATIVE_FLUX| FLUX_UNCERTAINTY|
|            real|               real|                  real|          real|             real|
|            days|                mag|                   mag|              |                 |
  2454351.5359700              14.951                  0.090
  2454351.5401000              15.103                  0.110
  2454351.5846100              14.851                  0.090
  2454351.5887400              15.126                  0.112
  2454351.6262000              14.876                  0.095
  2454352.4895000              14.771                  0.117
  2454352.5422900              14.643                  0.101
  2454352.5967700              14.646                  0.087
  2454352.6008900              14.648                  0.081
  2454353.4765500              13.898                  0.052
  2454353.5269700              13.900                  0.049
  2454353.5312600              14.017                  0.051
  2454353.5632800              13.917                  0.044
  2454353.6037200              13.855                  0.049
  2454354.4738200              11.552                  0.014
  2454354.4778800              11.523                  0.014
  2454354.4819300              11.447                  0.013
  2454354.4859900              11.427                  0.014
  2454354.4901000              11.353                  0.013
  2454354.4942100              11.307                  0.013
  2454354.4982700              11.253                  0.013
  2454354.5023200              11.225                  0.013
  2454354.5063700              11.157                  0.013
  2454354.5104200              11.053                  0.013
  2454354.5145200              10.967                  0.013
  2454354.5186400              10.906                  0.013
  2454354.5227000              10.822                  0.013
  2454354.5267500              10.686                  0.013
  2454354.5308000              10.505                  0.013
  2454354.5348600              10.366                  0.013
  2454354.5389700              10.217                  0.013
  2454354.5430900              10.123                  0.013
  2454354.5471500              10.069                  0.013
  2454354.5512100              10.009                  0.013
  2454354.5552700              9.976                  0.013
  2454354.5593400              9.940                  0.013
  2454354.5634600              9.918                  0.013
  2454354.5675800              9.913                  0.013
  2454354.5716400              9.851                  0.013
  2454354.5757000              9.900                  0.013
  2454354.5797600              9.872                  0.013
  2454354.5838200              9.854                  0.013
  2454354.5879500              9.874                  0.013
  2454354.5920700              9.880                  0.013
  2454354.5961300              9.895                  0.013
  2454354.6001800              9.904                  0.013
  2454354.6042500              9.925                  0.013
  2454354.6083100              9.980                  0.013
  2454354.6124400              10.039                  0.013
  2454354.6189200              10.130                  0.013
  2454354.6229900              10.261                  0.013
  2454354.6270500              10.360                  0.013
  2454354.6311200              10.496                  0.013
  2454354.6351800              10.628                  0.013
  2454354.6393100              10.752                  0.013
  2454354.6434300              10.848                  0.013
  2454354.6474900              10.913                  0.013
  2454354.6556200              11.046                  0.014
  2454354.6596800              11.132                  0.013
  2454354.6638100              11.192                  0.014
  2454354.6679400              11.242                  0.014
  2454354.6720000              11.292                  0.014
  2454354.6760600              11.340                  0.014
  2454354.6801200              11.375                  0.014
  2454354.6841800              11.429                  0.014
  2454355.4784700              13.719                  0.045
  2454355.5045100              13.807                  0.043
  2454355.5564600              13.809                  0.042
  2454355.5819600              13.820                  0.046
  2454355.6095900              13.876                  0.044
  2454355.6489500              13.913                  0.046
  2454356.4761400              14.738                  0.091
  2454356.5112900              14.877                  0.124
  2454356.5663800              14.721                  0.085
  2454356.5884700              14.562                  0.078
  2454356.6282000              14.660                  0.086
  2454356.6450400              14.691                  0.096
  2454357.4854100              15.175                  0.144
  2454357.5092500              15.200                  0.124
  2454357.5437900              15.193                  0.129
  2454357.5787800              15.033                  0.121
  2454357.6029100              15.038                  0.122
  2454358.4688400              15.372                  0.151
  2454358.4997400              15.404                  0.143
  2454358.5554700              15.412                  0.238
  2454358.5942700              15.327                  0.131
  2454359.4723400              15.479                  0.189
  2454359.5027200              15.550                  0.201
  2454359.5249600              15.496                  0.168
  2454359.5793700              15.502                  0.187
  2454361.4887000              16.673                  0.590
  2454361.5330900              16.808                  0.828
  2454362.4858700              16.533                  0.556
  2454362.5219400              17.080                  0.857
