\STAR_ID                              = "MOA 2010-BLG-073L"
\DATA_CATEGORY                        = "Photometric light curve"
\RA                                   = "18h10m11.342s"
\RA_UNITS                             = "sexagesimal"
\DEC                                  = "-26d31m22.544s"
\DEC_UNITS                            = "sexagesimal"
\EQUINOX                              = "J2000.0"
\NUMBER_OF_POINTS                     = "158"
\TIME_REFERENCE_FRAME                 = "Heliocentric Julian Day"
\MINIMUM_DATE                         = "2455321.94354"
\MAXIMUM_DATE                         = "2455383.89755"
\DATE_UNITS                           = "days"
\REFERENCES                           = "Street et al. 2013"
\BIBCODES                             = "2013ApJ...763...67S"
\TELESCOPE                            = "Faulkes North Telescope (2.0 m)"
\INSTRUMENT                           = "unknown"
\TIME_SERIES_DATA_FILTER              = "I"
\OBSERVATORY_SITE                     = "Haleakala, Hawaii"
\COLUMN_JD                            = "Heliocentric Julian Day"
\COMMENT                              = ""
|             JD| RELATIVE_MAGNITUDE| MAGNITUDE_UNCERTAINTY| RELATIVE_FLUX|      FLUX_UNCERTAINTY|
|           real|               real|                  real|          real|                  real|
|           days|                mag|                   mag|              |                      |
   2455321.94354             16.4833                 0.0049
   2455321.94457             16.4357                 0.0046
   2455321.94510             16.4513                 0.0048
   2455321.94560             16.4702                 0.0050
   2455321.94611             16.4380                 0.0047
   2455321.94665             16.4368                 0.0046
   2455321.95110             16.4634                 0.0051
   2455321.95162             16.4306                 0.0046
   2455321.95216             16.4583                 0.0048
   2455321.95270             16.4534                 0.0046
   2455321.95323             16.4698                 0.0052
   2455321.95376             16.4847                 0.0053
   2455321.95431             16.4649                 0.0050
   2455323.03001             16.7245                 0.0045
   2455323.03055             16.7387                 0.0046
   2455323.03109             16.7333                 0.0048
   2455323.03162             16.7201                 0.0046
   2455323.03216             16.7165                 0.0045
   2455323.03370             16.7366                 0.0047
   2455323.03425             16.7306                 0.0048
   2455323.03476             16.7194                 0.0046
   2455323.03531             16.7274                 0.0047
   2455323.03583             16.7185                 0.0047
   2455325.93195             16.7290                 0.0056
   2455325.93309             16.7282                 0.0053
   2455325.93372             16.7319                 0.0056
   2455325.93429             16.7268                 0.0052
   2455325.95152             16.7225                 0.0055
   2455325.95208             16.7214                 0.0056
   2455325.95268             16.7282                 0.0057
   2455325.95327             16.7291                 0.0055
   2455325.95387             16.7295                 0.0055
   2455325.95548             16.7218                 0.0051
   2455325.95605             16.7342                 0.0053
   2455325.95664             16.7432                 0.0054
   2455325.95723             16.7314                 0.0058
   2455325.95784             16.7253                 0.0052
   2455325.98097             16.7294                 0.0046
   2455325.98154             16.7275                 0.0047
   2455325.98216             16.7240                 0.0045
   2455325.98273             16.7245                 0.0047
   2455325.98333             16.7177                 0.0050
   2455325.99721             16.7233                 0.0045
   2455325.99777             16.7265                 0.0047
   2455325.99840             16.7357                 0.0051
   2455325.99898             16.7294                 0.0047
   2455325.99960             16.7232                 0.0045
   2455326.00126             16.7276                 0.0044
   2455326.00184             16.7310                 0.0047
   2455326.00242             16.7247                 0.0047
   2455326.00304             16.7301                 0.0048
   2455326.00362             16.7373                 0.0048
   2455326.04172             16.7176                 0.0043
   2455326.04230             16.7324                 0.0050
   2455326.04289             16.7303                 0.0050
   2455326.04352             16.7336                 0.0052
   2455326.04410             16.7315                 0.0052
   2455326.04573             16.7207                 0.0050
   2455326.04631             16.7221                 0.0047
   2455326.04694             16.7388                 0.0053
   2455326.04810             16.7248                 0.0047
   2455326.06059             16.7240                 0.0046
   2455326.06177             16.7291                 0.0058
   2455326.06235             16.7279                 0.0051
   2455326.06299             16.7229                 0.0051
   2455326.07367             16.7339                 0.0044
   2455326.07426             16.7305                 0.0044
   2455326.07488             16.7297                 0.0047
   2455326.07548             16.7307                 0.0046
   2455326.07610             16.7364                 0.0044
   2455326.08364             16.7321                 0.0045
   2455326.08422             16.7207                 0.0045
   2455326.08484             16.7218                 0.0046
   2455326.08543             16.7235                 0.0044
   2455326.08605             16.7276                 0.0047
   2455326.09322             16.7189                 0.0045
   2455326.09380             16.7187                 0.0045
   2455326.09438             16.7170                 0.0044
   2455326.09496             16.7214                 0.0051
   2455326.09558             16.7311                 0.0045
   2455326.10815             16.7264                 0.0044
   2455326.10877             16.7207                 0.0042
   2455326.10935             16.7212                 0.0044
   2455326.10997             16.7204                 0.0045
   2455326.11054             16.7294                 0.0045
   2455326.11949             16.7262                 0.0043
   2455326.12068             16.7325                 0.0046
   2455326.12187             16.7349                 0.0048
   2455327.06889             16.7146                 0.0041
   2455327.06946             16.7140                 0.0042
   2455327.07003             16.7106                 0.0042
   2455327.07058             16.7106                 0.0040
   2455327.07114             16.7242                 0.0042
   2455327.07270             16.7187                 0.0043
   2455327.07325             16.7171                 0.0041
   2455327.07381             16.7170                 0.0041
   2455327.07439             16.7186                 0.0041
   2455327.07492             16.7135                 0.0047
   2455327.07656             16.7067                 0.0040
   2455327.07715             16.7080                 0.0040
   2455327.07769             16.7150                 0.0039
   2455327.07826             16.7189                 0.0041
   2455327.08788             16.7169                 0.0042
   2455327.08844             16.7315                 0.0043
   2455327.08899             16.7206                 0.0044
   2455327.08956             16.7185                 0.0042
   2455327.09016             16.7113                 0.0041
   2455327.09237             16.7176                 0.0041
   2455327.09296             16.7065                 0.0042
   2455327.09351             16.7040                 0.0039
   2455327.09409             16.7197                 0.0043
   2455327.97306             16.7054                 0.0040
   2455327.97362             16.7097                 0.0042
   2455327.97426             16.7174                 0.0043
   2455327.97485             16.7174                 0.0043
   2455327.97548             16.7320                 0.0045
   2455329.01923             16.7110                 0.0049
   2455329.01986             16.6981                 0.0048
   2455329.02045             16.6944                 0.0045
   2455329.08001             16.6914                 0.0041
   2455329.08066             16.7016                 0.0041
   2455329.08132             16.6753                 0.0042
   2455329.08192             16.6820                 0.0043
   2455329.94399             16.6672                 0.0043
   2455329.94460             16.6743                 0.0043
   2455329.94524             16.6736                 0.0042
   2455329.94588             16.6693                 0.0044
   2455329.95383             16.6943                 0.0044
   2455329.95506             16.6739                 0.0043
   2455329.95570             16.6816                 0.0041
   2455330.10015             16.6768                 0.0037
   2455330.10076             16.6759                 0.0039
   2455330.10142             16.6656                 0.0038
   2455332.07557             16.6407                 0.0038
   2455332.07622             16.6595                 0.0040
   2455332.07685             16.6506                 0.0038
   2455332.10706             16.6647                 0.0040
   2455332.10772             16.6552                 0.0039
   2455332.10838             16.6437                 0.0037
   2455332.12798             16.6609                 0.0049
   2455332.12863             16.6489                 0.0050
   2455332.12928             16.6545                 0.0083
   2455333.09630             16.6366                 0.0036
   2455333.09693             16.6366                 0.0035
   2455333.09760             16.6308                 0.0035
   2455334.12717             16.6195                 0.0056
   2455338.90155             16.5621                 0.0041
   2455369.94474             17.0517                 0.0033
   2455369.94677             17.0579                 0.0056
   2455369.94850             17.0503                 0.0061
   2455369.95047             17.0514                 0.0034
   2455370.92975             16.9956                 0.0051
   2455380.95110             17.2056                 0.0058
   2455380.95279             17.2155                 0.0066
   2455381.94354             17.2158                 0.0059
   2455381.97477             17.1237                 0.0059
   2455383.04357             17.2590                 0.0062
   2455383.89755             17.2282                 0.0063
