\STAR_ID                              = "MOA 2009-BLG-266L"
\DATA_CATEGORY                        = "Photometric light curve"
\RA                                   = "17h48m01.95s"
\RA_UNITS                             = "sexagesimal"
\DEC                                  = "-35d00m19.5s"
\DEC_UNITS                            = "sexagesimal"
\EQUINOX                              = "J2000.0"
\NUMBER_OF_POINTS                     = "929"
\TIME_REFERENCE_FRAME                 = "Geocentric JD"
\MINIMUM_DATE                         = "2452115.78469"
\MAXIMUM_DATE                         = "2454955.70115"
\DATE_UNITS                           = "days"
\MINIMUM_VALUE                        = "15.7650"
\MAXIMUM_VALUE                        = "15.8650"
\VALUE_UNITS                          = "mag"
\REFERENCES                           = "Muraki et al. 2011"
\BIBCODES                             = "2011ApJ...741...22M"
\TELESCOPE                            = "unknown"
\INSTRUMENT                           = "unknown"
\TIME_SERIES_DATA_FILTER              = "I (Johnson)"
\OBSERVATORY_SITE                     = "unknown"
\COLUMN_JD                            = "Julian Day"
|           JD |     RELATIVE_MAGNITUDE |    MAGNITUDE_UNCERTAINTY |
|         real |                   real |                     real |
|         days |                    mag |                      mag |
  2452115.78469                  15.8370                     0.0117
  2452124.66449                  15.8100                     0.0155
  2452128.63809                  15.8330                     0.0105
  2452131.66757                  15.8440                     0.0117
  2452135.51726                  15.8250                     0.0105
  2452138.67138                  15.8430                     0.0117
  2452143.58442                  15.8340                     0.0117
  2452162.58569                  15.8240                     0.0105
  2452170.49213                  15.8200                     0.0105
  2452173.56524                  15.8440                     0.0130
  2452183.50180                  15.8390                     0.0130
  2452195.54728                  15.8350                     0.0117
  2452324.89115                  15.8330                     0.0130
  2452341.88333                  15.8260                     0.0117
  2452350.90050                  15.8300                     0.0105
  2452359.86082                  15.8370                     0.0117
  2452370.90182                  15.8190                     0.0117
  2452384.73926                  15.8120                     0.0105
  2452388.74220                  15.8240                     0.0117
  2452390.71190                  15.8130                     0.0130
  2452397.92196                  15.8300                     0.0117
  2452401.67262                  15.8220                     0.0105
  2452403.73370                  15.8190                     0.0105
  2452405.66982                  15.8310                     0.0117
  2452415.67161                  15.8310                     0.0130
  2452417.73326                  15.8200                     0.0117
  2452425.63233                  15.8210                     0.0117
  2452431.68177                  15.8310                     0.0105
  2452433.65794                  15.8280                     0.0105
  2452435.77688                  15.8350                     0.0105
  2452439.60007                  15.8290                     0.0105
  2452441.60870                  15.8380                     0.0105
  2452444.59654                  15.8330                     0.0117
  2452446.60830                  15.8360                     0.0105
  2452452.58986                  15.8420                     0.0130
  2452458.70962                  15.8350                     0.0117
  2452462.69529                  15.8210                     0.0105
  2452464.51090                  15.8340                     0.0117
  2452466.83140                  15.8390                     0.0130
  2452468.54180                  15.8240                     0.0105
  2452470.55175                  15.8230                     0.0117
  2452472.54789                  15.8310                     0.0093
  2452474.69447                  15.8270                     0.0105
  2452483.48927                  15.8270                     0.0105
  2452489.75491                  15.8310                     0.0105
  2452492.70308                  15.8280                     0.0117
  2452495.49580                  15.8240                     0.0117
  2452497.55633                  15.8250                     0.0105
  2452499.59385                  15.8350                     0.0105
  2452501.61988                  15.8280                     0.0105
  2452503.56795                  15.8320                     0.0182
  2452511.60020                  15.8370                     0.0117
  2452518.55077                  15.8300                     0.0105
  2452521.54693                  15.8320                     0.0105
  2452529.66730                  15.8410                     0.0117
  2452537.53777                  15.8550                     0.0143
  2452540.55000                  15.8420                     0.0130
  2452545.55338                  15.8450                     0.0117
  2452550.53892                  15.8520                     0.0117
  2452555.50118                  15.8360                     0.0130
  2452560.57692                  15.8400                     0.0143
  2452566.55409                  15.8290                     0.0130
  2452700.88197                  15.8280                     0.0105
  2452712.85269                  15.8240                     0.0105
  2452727.82152                  15.8380                     0.0105
  2452732.83528                  15.8230                     0.0117
  2452743.82707                  15.8120                     0.0105
  2452748.84642                  15.8330                     0.0130
  2452755.84616                  15.8160                     0.0105
  2452759.83516                  15.8470                     0.0117
  2452765.86732                  15.8400                     0.0117
  2452769.90852                  15.8050                     0.0093
  2452782.77714                  15.8420                     0.0130
  2452784.77113                  15.8350                     0.0105
  2452786.66446                  15.8180                     0.0117
  2452788.76825                  15.8160                     0.0093
  2452790.85292                  15.8310                     0.0105
  2452795.58414                  15.8270                     0.0081
  2452797.57193                  15.8190                     0.0105
  2452802.64320                  15.8330                     0.0117
  2452808.68745                  15.8530                     0.0143
  2452810.61433                  15.8510                     0.0117
  2452812.58878                  15.8260                     0.0105
  2452814.58842                  15.8370                     0.0117
  2452815.62322                  15.8300                     0.0117
  2452817.65372                  15.8400                     0.0130
  2452819.54168                  15.8160                     0.0117
  2452821.51915                  15.8310                     0.0130
  2452830.56194                  15.8230                     0.0117
  2452835.49814                  15.8280                     0.0130
  2452836.62992                  15.8410                     0.0143
  2452838.62029                  15.8230                     0.0117
  2452840.54174                  15.8230                     0.0117
  2452842.59540                  15.8270                     0.0105
  2452844.65534                  15.8340                     0.0117
  2452849.47744                  15.8260                     0.0117
  2452851.58823                  15.8150                     0.0117
  2452853.59911                  15.8220                     0.0105
  2452855.64884                  15.8300                     0.0130
  2452857.77436                  15.8410                     0.0117
  2452860.61723                  15.8320                     0.0130
  2452863.70452                  15.8250                     0.0130
  2452870.63120                  15.8180                     0.0117
  2452872.68171                  15.8320                     0.0105
  2452876.62681                  15.8390                     0.0117
  2452879.56307                  15.8220                     0.0105
  2452884.59053                  15.8410                     0.0105
  2452888.56662                  15.8450                     0.0208
  2452894.65234                  15.8230                     0.0130
  2452897.66167                  15.8330                     0.0117
  2452901.59873                  15.8340                     0.0105
  2452906.62140                  15.8460                     0.0117
  2452912.60044                  15.8340                     0.0105
  2452923.58041                  15.8250                     0.0117
  2452933.57454                  15.8130                     0.0105
  2453047.86611                  15.8100                     0.0105
  2453056.87365                  15.8460                     0.0105
  2453060.89314                  15.8240                     0.0105
  2453066.88653                  15.8430                     0.0105
  2453069.83914                  15.8350                     0.0105
  2453071.84675                  15.8450                     0.0105
  2453074.83434                  15.8320                     0.0105
  2453076.87160                  15.8340                     0.0105
  2453078.88116                  15.8140                     0.0117
  2453081.77445                  15.8470                     0.0105
  2453083.89990                  15.8090                     0.0093
  2453085.91623                  15.8120                     0.0105
  2453087.91538                  15.8180                     0.0105
  2453088.73113                  15.8160                     0.0093
  2453090.82971                  15.8350                     0.0105
  2453092.80577                  15.8370                     0.0117
  2453097.76853                  15.8120                     0.0105
  2453099.76285                  15.8250                     0.0117
  2453101.70431                  15.8170                     0.0143
  2453103.70713                  15.8420                     0.0130
  2453105.76651                  15.8310                     0.0182
  2453107.84752                  15.8110                     0.0105
  2453109.68484                  15.8180                     0.0105
  2453110.69546                  15.8080                     0.0105
  2453112.69595                  15.8220                     0.0105
  2453113.73914                  15.8210                     0.0093
  2453114.91340                  15.8160                     0.0093
  2453115.73283                  15.8300                     0.0093
  2453118.71417                  15.8290                     0.0105
  2453122.74740                  15.8350                     0.0105
  2453124.92393                  15.8220                     0.0117
  2453126.66294                  15.8110                     0.0093
  2453127.66499                  15.8380                     0.0105
  2453128.68341                  15.8260                     0.0105
  2453129.66281                  15.8380                     0.0117
  2453130.82528                  15.8380                     0.0117
  2453131.82473                  15.8220                     0.0130
  2453134.63207                  15.8080                     0.0117
  2453135.69834                  15.8300                     0.0105
  2453137.80634                  15.8270                     0.0093
  2453138.89543                  15.8390                     0.0105
  2453139.69421                  15.8170                     0.0093
  2453140.66168                  15.8370                     0.0105
  2453141.82535                  15.8310                     0.0105
  2453144.65761                  15.8350                     0.0105
  2453145.72544                  15.8440                     0.0117
  2453147.81905                  15.8460                     0.0105
  2453152.62330                  15.8040                     0.0105
  2453153.62469                  15.8380                     0.0105
  2453153.91168                  15.8380                     0.0105
  2453154.70093                  15.8190                     0.0117
  2453156.60907                  15.8210                     0.0105
  2453158.64952                  15.8320                     0.0117
  2453162.66666                  15.8490                     0.0105
  2453163.58490                  15.8210                     0.0093
  2453163.90629                  15.8620                     0.0117
  2453164.57833                  15.8320                     0.0093
  2453165.57802                  15.8340                     0.0105
  2453166.78891                  15.8650                     0.0117
  2453167.80360                  15.8250                     0.0105
  2453168.61915                  15.8410                     0.0105
  2453169.58945                  15.8320                     0.0093
  2453170.68435                  15.8380                     0.0081
  2453171.60229                  15.8170                     0.0093
  2453172.59202                  15.8240                     0.0093
  2453174.57802                  15.8100                     0.0093
  2453174.89715                  15.8150                     0.0105
  2453175.57925                  15.8250                     0.0093
  2453176.60523                  15.8340                     0.0105
  2453179.66551                  15.8380                     0.0105
  2453180.54004                  15.8380                     0.0105
  2453182.61365                  15.8340                     0.0105
  2453183.54718                  15.8210                     0.0105
  2453183.57731                  15.8340                     0.0093
  2453184.55733                  15.8430                     0.0105
  2453184.82415                  15.8360                     0.0105
  2453191.85668                  15.8150                     0.0105
  2453193.72827                  15.8380                     0.0105
  2453194.70375                  15.8520                     0.0105
  2453195.51255                  15.8180                     0.0093
  2453196.51091                  15.8380                     0.0130
  2453197.74664                  15.8120                     0.0093
  2453199.54660                  15.8340                     0.0105
  2453202.60647                  15.8350                     0.0130
  2453203.55051                  15.8060                     0.0093
  2453205.54703                  15.8350                     0.0105
  2453206.52905                  15.8080                     0.0093
  2453207.53208                  15.8220                     0.0105
  2453210.75964                  15.8140                     0.0093
  2453211.51841                  15.8210                     0.0105
  2453212.51344                  15.8230                     0.0117
  2453217.52393                  15.8360                     0.0105
  2453218.52130                  15.8390                     0.0117
  2453223.51271                  15.8370                     0.0117
  2453224.52813                  15.8200                     0.0093
  2453226.48306                  15.8130                     0.0105
  2453229.49163                  15.8110                     0.0093
  2453230.53162                  15.8250                     0.0093
  2453239.64022                  15.8340                     0.0105
  2453241.52762                  15.8360                     0.0130
  2453246.52831                  15.8250                     0.0117
  2453248.53593                  15.8450                     0.0117
  2453250.52085                  15.8400                     0.0105
  2453251.66455                  15.8390                     0.0105
  2453254.52314                  15.8250                     0.0117
  2453257.66063                  15.8270                     0.0093
  2453262.50425                  15.8430                     0.0117
  2453266.48564                  15.8420                     0.0130
  2453268.50882                  15.8220                     0.0105
  2453270.55237                  15.8580                     0.0143
  2453273.57079                  15.8620                     0.0130
  2453277.56115                  15.8170                     0.0105
  2453279.55574                  15.8380                     0.0105
  2453285.47870                  15.8120                     0.0155
  2453287.47996                  15.8270                     0.0143
  2453291.53848                  15.8480                     0.0105
  2453431.87797                  15.8340                     0.0093
  2453438.87615                  15.8280                     0.0093
  2453444.81279                  15.8150                     0.0093
  2453446.83776                  15.8390                     0.0105
  2453450.90641                  15.8280                     0.0093
  2453454.81326                  15.8370                     0.0130
  2453456.82087                  15.8080                     0.0093
  2453467.75922                  15.8480                     0.0105
  2453469.89476                  15.8480                     0.0093
  2453471.77145                  15.8460                     0.0117
  2453473.92545                  15.8360                     0.0105
  2453477.88469                  15.8410                     0.0093
  2453478.71364                  15.8290                     0.0093
  2453478.74871                  15.8380                     0.0093
  2453478.80519                  15.8350                     0.0093
  2453478.85450                  15.8320                     0.0081
  2453478.88480                  15.8430                     0.0093
  2453479.73217                  15.8190                     0.0081
  2453479.74471                  15.8300                     0.0081
  2453479.74874                  15.8240                     0.0093
  2453479.77576                  15.8320                     0.0093
  2453479.80175                  15.8360                     0.0093
  2453479.82857                  15.8060                     0.0081
  2453479.85953                  15.8310                     0.0093
  2453479.88944                  15.8340                     0.0093
  2453479.92755                  15.8210                     0.0093
  2453480.68349                  15.8040                     0.0093
  2453480.70993                  15.8300                     0.0093
  2453480.73878                  15.8180                     0.0093
  2453480.80626                  15.8150                     0.0093
  2453480.84008                  15.8430                     0.0093
  2453480.87422                  15.8400                     0.0093
  2453480.92672                  15.8300                     0.0093
  2453481.67365                  15.8230                     0.0105
  2453481.72792                  15.8430                     0.0105
  2453481.75400                  15.8460                     0.0093
  2453481.78037                  15.8240                     0.0093
  2453481.80090                  15.8130                     0.0093
  2453481.82187                  15.7970                     0.0093
  2453481.83679                  15.8230                     0.0093
  2453481.85214                  15.8360                     0.0093
  2453481.86802                  15.8220                     0.0093
  2453481.88676                  15.8320                     0.0093
  2453481.89954                  15.8450                     0.0093
  2453481.91101                  15.8290                     0.0093
  2453481.92245                  15.8310                     0.0093
  2453481.93137                  15.8260                     0.0105
  2453481.93428                  15.8380                     0.0117
  2453482.67020                  15.8370                     0.0093
  2453482.68206                  15.8400                     0.0093
  2453482.71045                  15.8230                     0.0093
  2453482.82251                  15.8330                     0.0093
  2453482.84869                  15.8260                     0.0093
  2453482.90738                  15.8380                     0.0081
  2453482.92881                  15.8250                     0.0093
  2453483.67386                  15.8250                     0.0093
  2453483.77505                  15.8230                     0.0093
  2453483.83617                  15.8180                     0.0093
  2453483.88772                  15.8450                     0.0093
  2453484.67584                  15.8210                     0.0117
  2453484.71331                  15.8400                     0.0117
  2453484.85608                  15.8180                     0.0105
  2453486.71030                  15.8180                     0.0105
  2453489.73344                  15.8100                     0.0208
  2453490.80250                  15.8200                     0.0093
  2453491.81200                  15.8370                     0.0093
  2453491.90582                  15.8350                     0.0093
  2453492.80402                  15.8370                     0.0105
  2453496.67805                  15.8340                     0.0105
  2453496.73490                  15.8210                     0.0093
  2453496.81588                  15.8300                     0.0105
  2453496.92445                  15.8440                     0.0117
  2453497.71231                  15.8260                     0.0105
  2453497.80534                  15.8450                     0.0105
  2453497.93539                  15.8320                     0.0105
  2453498.88530                  15.8190                     0.0105
  2453499.66961                  15.8430                     0.0093
  2453499.84384                  15.8280                     0.0081
  2453500.68805                  15.8470                     0.0093
  2453500.80706                  15.8400                     0.0093
  2453500.92533                  15.8450                     0.0093
  2453501.67662                  15.8350                     0.0105
  2453501.79782                  15.8150                     0.0070
  2453502.64063                  15.8160                     0.0093
  2453502.77917                  15.8160                     0.0093
  2453502.93698                  15.8250                     0.0105
  2453503.64649                  15.8250                     0.0093
  2453503.80676                  15.8270                     0.0093
  2453504.66292                  15.8500                     0.0105
  2453504.81078                  15.8120                     0.0093
  2453506.73808                  15.8230                     0.0093
  2453506.84574                  15.8230                     0.0105
  2453506.87582                  15.8300                     0.0105
  2453508.73915                  15.8230                     0.0105
  2453508.82649                  15.8160                     0.0105
  2453509.63411                  15.8240                     0.0093
  2453509.77359                  15.8220                     0.0093
  2453509.85082                  15.8280                     0.0093
  2453509.91094                  15.8240                     0.0093
  2453510.77938                  15.8250                     0.0093
  2453510.87790                  15.8260                     0.0093
  2453511.67506                  15.8200                     0.0093
  2453511.78822                  15.8280                     0.0093
  2453512.69612                  15.8220                     0.0105
  2453512.81424                  15.8180                     0.0105
  2453512.85601                  15.8170                     0.0105
  2453517.70352                  15.8060                     0.0130
  2453517.78192                  15.8190                     0.0143
  2453517.84923                  15.8100                     0.0105
  2453520.62704                  15.8240                     0.0093
  2453520.80297                  15.8160                     0.0093
  2453521.64371                  15.8430                     0.0093
  2453521.73302                  15.8250                     0.0093
  2453521.84674                  15.8150                     0.0105
  2453522.61718                  15.8240                     0.0081
  2453522.73219                  15.8110                     0.0093
  2453523.68083                  15.8270                     0.0093
  2453523.85573                  15.8410                     0.0105
  2453524.61527                  15.8320                     0.0093
  2453524.76092                  15.8360                     0.0093
  2453524.81739                  15.8410                     0.0093
  2453524.87467                  15.8090                     0.0093
  2453525.65564                  15.8370                     0.0093
  2453525.73516                  15.8350                     0.0093
  2453525.84307                  15.8360                     0.0093
  2453526.73888                  15.8290                     0.0093
  2453526.82033                  15.8270                     0.0093
  2453526.87391                  15.8240                     0.0105
  2453527.62677                  15.8410                     0.0093
  2453527.72094                  15.8410                     0.0093
  2453527.81760                  15.8350                     0.0105
  2453528.59279                  15.8260                     0.0093
  2453528.65964                  15.8240                     0.0093
  2453528.74120                  15.8380                     0.0105
  2453529.63391                  15.8150                     0.0093
  2453529.68221                  15.8190                     0.0070
  2453529.86029                  15.8370                     0.0093
  2453530.59567                  15.8120                     0.0093
  2453530.68198                  15.8170                     0.0093
  2453530.74029                  15.8390                     0.0093
  2453530.78025                  15.8260                     0.0093
  2453537.75667                  15.8180                     0.0093
  2453538.62165                  15.8140                     0.0093
  2453538.68337                  15.8270                     0.0093
  2453538.74022                  15.8280                     0.0093
  2453538.81106                  15.8450                     0.0105
  2453539.74726                  15.8330                     0.0093
  2453540.68826                  15.8330                     0.0093
  2453541.80368                  15.8150                     0.0105
  2453541.84271                  15.8270                     0.0105
  2453547.77583                  15.8230                     0.0105
  2453550.67335                  15.8150                     0.0081
  2453550.72595                  15.8360                     0.0081
  2453551.70237                  15.8310                     0.0081
  2453552.70984                  15.8250                     0.0093
  2453553.68475                  15.8310                     0.0105
  2453554.76746                  15.8410                     0.0105
  2453555.71959                  15.8230                     0.0105
  2453556.64754                  15.8360                     0.0093
  2453558.54660                  15.8290                     0.0105
  2453559.57515                  15.8240                     0.0105
  2453560.55592                  15.8180                     0.0093
  2453561.60451                  15.8390                     0.0093
  2453562.62900                  15.8480                     0.0105
  2453562.79677                  15.8390                     0.0093
  2453563.68165                  15.8250                     0.0093
  2453568.79724                  15.8100                     0.0093
  2453569.75543                  15.8370                     0.0105
  2453573.65826                  15.8380                     0.0105
  2453574.51423                  15.8300                     0.0105
  2453575.74096                  15.8340                     0.0093
  2453576.47772                  15.8210                     0.0093
  2453577.53357                  15.8290                     0.0093
  2453578.48293                  15.8200                     0.0093
  2453579.53787                  15.8200                     0.0093
  2453580.50465                  15.8210                     0.0093
  2453581.51097                  15.8100                     0.0093
  2453582.49317                  15.8350                     0.0093
  2453583.67387                  15.8200                     0.0093
  2453584.49537                  15.8190                     0.0093
  2453585.48624                  15.8210                     0.0093
  2453586.47348                  15.8310                     0.0105
  2453587.65586                  15.8370                     0.0105
  2453589.48192                  15.8260                     0.0093
  2453590.52574                  15.8290                     0.0093
  2453591.53609                  15.8180                     0.0093
  2453592.61022                  15.8210                     0.0093
  2453593.63379                  15.8150                     0.0093
  2453594.72552                  15.8230                     0.0093
  2453601.50220                  15.8150                     0.0105
  2453602.66064                  15.8140                     0.0105
  2453603.53794                  15.8250                     0.0105
  2453604.47943                  15.8360                     0.0093
  2453607.50266                  15.8220                     0.0093
  2453608.58104                  15.8260                     0.0105
  2453617.54965                  15.8380                     0.0105
  2453618.52260                  15.8340                     0.0093
  2453619.49579                  15.8210                     0.0093
  2453620.50622                  15.8330                     0.0093
  2453622.48558                  15.8260                     0.0105
  2453628.55742                  15.8310                     0.0105
  2453629.50460                  15.8290                     0.0093
  2453631.54422                  15.8360                     0.0117
  2453632.57454                  15.8450                     0.0105
  2453634.50469                  15.8370                     0.0105
  2453639.51066                  15.8240                     0.0093
  2453644.52220                  15.8270                     0.0093
  2453649.52586                  15.8240                     0.0081
  2453650.52854                  15.8340                     0.0105
  2453651.53315                  15.8350                     0.0105
  2453655.49980                  15.8290                     0.0105
  2453656.57284                  15.8290                     0.0105
  2453660.56718                  15.8360                     0.0117
  2453665.49943                  15.8500                     0.0105
  2453666.50313                  15.8240                     0.0105
  2453774.84921                  15.8320                     0.0093
  2453777.83387                  15.8310                     0.0105
  2453778.83521                  15.8200                     0.0105
  2453782.86963                  15.8190                     0.0093
  2453783.87165                  15.8160                     0.0081
  2453785.85973                  15.8180                     0.0093
  2453786.88935                  15.8280                     0.0105
  2453790.85988                  15.8290                     0.0105
  2453793.84986                  15.8220                     0.0093
  2453795.89284                  15.8200                     0.0093
  2453803.91072                  15.8190                     0.0105
  2453804.83836                  15.8280                     0.0093
  2453805.87570                  15.8250                     0.0093
  2453806.87865                  15.8250                     0.0093
  2453809.84907                  15.8340                     0.0105
  2453810.89711                  15.8230                     0.0093
  2453812.76605                  15.8330                     0.0105
  2453814.75663                  15.8380                     0.0093
  2453818.81758                  15.8390                     0.0093
  2453820.84492                  15.8380                     0.0093
  2453821.85496                  15.8340                     0.0093
  2453822.89981                  15.8350                     0.0093
  2453823.86337                  15.8290                     0.0093
  2453825.88679                  15.8260                     0.0093
  2453826.86418                  15.8390                     0.0093
  2453827.88577                  15.8320                     0.0093
  2453828.85983                  15.8420                     0.0093
  2453829.83757                  15.8340                     0.0093
  2453830.84786                  15.8320                     0.0093
  2453832.82162                  15.8280                     0.0093
  2453833.69596                  15.8190                     0.0093
  2453834.83793                  15.8340                     0.0093
  2453835.78836                  15.8240                     0.0093
  2453836.78641                  15.8380                     0.0093
  2453837.78330                  15.8210                     0.0093
  2453838.78749                  15.8440                     0.0105
  2453839.78343                  15.8390                     0.0093
  2453840.79053                  15.8120                     0.0093
  2453841.76861                  15.8240                     0.0093
  2453842.79290                  15.8430                     0.0117
  2453846.77407                  15.8230                     0.0093
  2453847.84971                  15.8270                     0.0093
  2453848.79771                  15.8490                     0.0093
  2453849.80012                  15.8350                     0.0093
  2453850.74377                  15.8450                     0.0093
  2453852.74219                  15.8460                     0.0105
  2453853.73491                  15.8260                     0.0081
  2453856.72382                  15.8350                     0.0093
  2453858.78397                  15.8240                     0.0093
  2453859.68119                  15.8360                     0.0105
  2453860.87411                  15.8330                     0.0105
  2453861.71598                  15.8240                     0.0093
  2453862.72940                  15.8320                     0.0093
  2453863.74105                  15.8290                     0.0093
  2453864.73420                  15.8350                     0.0093
  2453865.61957                  15.8350                     0.0093
  2453866.61978                  15.8240                     0.0093
  2453867.77249                  15.8330                     0.0093
  2453868.61904                  15.8440                     0.0105
  2453869.78374                  15.8160                     0.0117
  2453873.60458                  15.8250                     0.0105
  2453874.82817                  15.8480                     0.0093
  2453875.59974                  15.8240                     0.0093
  2453876.70823                  15.8250                     0.0081
  2453877.59434                  15.8340                     0.0093
  2453880.69830                  15.8280                     0.0081
  2453881.70646                  15.8150                     0.0093
  2453882.64150                  15.8260                     0.0093
  2453883.69407                  15.8330                     0.0093
  2453886.65285                  15.8340                     0.0105
  2453887.64842                  15.8400                     0.0093
  2453889.80312                  15.8330                     0.0093
  2453890.59376                  15.8170                     0.0093
  2453891.72650                  15.8180                     0.0093
  2453892.77935                  15.8380                     0.0105
  2453893.67746                  15.8260                     0.0093
  2453894.72496                  15.8410                     0.0105
  2453896.66615                  15.8250                     0.0105
  2453896.80117                  15.8310                     0.0130
  2453900.57773                  15.8270                     0.0093
  2453901.59794                  15.8380                     0.0105
  2453902.61255                  15.8380                     0.0093
  2453903.70831                  15.8310                     0.0093
  2453904.59554                  15.8260                     0.0081
  2453905.59576                  15.8330                     0.0093
  2453906.58385                  15.8510                     0.0093
  2453907.64068                  15.8510                     0.0105
  2453908.57381                  15.8310                     0.0093
  2453909.57987                  15.8450                     0.0093
  2453910.63509                  15.8300                     0.0093
  2453912.58131                  15.8260                     0.0081
  2453913.57883                  15.8210                     0.0081
  2453914.59678                  15.8350                     0.0093
  2453915.57668                  15.8420                     0.0093
  2453916.62789                  15.8390                     0.0093
  2453917.66836                  15.8480                     0.0093
  2453918.66698                  15.8340                     0.0093
  2453919.60818                  15.8550                     0.0093
  2453920.56012                  15.8390                     0.0093
  2453920.83772                  15.8320                     0.0093
  2453921.57223                  15.8510                     0.0105
  2453922.75947                  15.8620                     0.0117
  2453930.61311                  15.8420                     0.0093
  2453931.55824                  15.8390                     0.0093
  2453931.69587                  15.8440                     0.0093
  2453932.64874                  15.8440                     0.0093
  2453933.56238                  15.8380                     0.0093
  2453934.53310                  15.8260                     0.0093
  2453935.61127                  15.8330                     0.0093
  2453936.53358                  15.8520                     0.0093
  2453937.60920                  15.8410                     0.0093
  2453938.54220                  15.8450                     0.0105
  2453940.67826                  15.8250                     0.0081
  2453944.61329                  15.8540                     0.0081
  2453945.56365                  15.8290                     0.0093
  2453946.56083                  15.8320                     0.0093
  2453950.56442                  15.8470                     0.0093
  2453951.57313                  15.8410                     0.0105
  2453956.61023                  15.8380                     0.0105
  2453957.54786                  15.8360                     0.0105
  2453958.62032                  15.8340                     0.0105
  2453959.56053                  15.8270                     0.0093
  2453960.53820                  15.8230                     0.0093
  2453961.61341                  15.8600                     0.0117
  2453963.58337                  15.8380                     0.0093
  2453964.57310                  15.8340                     0.0093
  2453965.56670                  15.8230                     0.0093
  2453966.55460                  15.8440                     0.0093
  2453967.58704                  15.8470                     0.0105
  2453968.54117                  15.8520                     0.0105
  2453969.54853                  15.8430                     0.0093
  2453970.55344                  15.8400                     0.0105
  2453971.59348                  15.8560                     0.0105
  2453973.62319                  15.8290                     0.0093
  2453974.54818                  15.8490                     0.0105
  2453975.55052                  15.8270                     0.0093
  2453976.54805                  15.8280                     0.0093
  2453979.56272                  15.8270                     0.0105
  2453982.48166                  15.8500                     0.0143
  2453983.48291                  15.8430                     0.0117
  2453986.57428                  15.8440                     0.0117
  2453986.62466                  15.8440                     0.0105
  2453987.54466                  15.8290                     0.0093
  2453988.55757                  15.8330                     0.0081
  2453991.52034                  15.8250                     0.0093
  2453994.58895                  15.8490                     0.0105
  2453994.62141                  15.8500                     0.0105
  2453995.61661                  15.8360                     0.0093
  2453999.52311                  15.8470                     0.0105
  2454001.54647                  15.8310                     0.0093
  2454002.54318                  15.8220                     0.0093
  2454005.58155                  15.8380                     0.0093
  2454006.56723                  15.8310                     0.0093
  2454011.48336                  15.8350                     0.0117
  2454012.56999                  15.8640                     0.0130
  2454015.51089                  15.8500                     0.0117
  2454017.48547                  15.8360                     0.0105
  2454019.48974                  15.8490                     0.0105
  2454024.52529                  15.8330                     0.0093
  2454026.52080                  15.8370                     0.0105
  2454028.53690                  15.8540                     0.0105
  2454031.53686                  15.8430                     0.0105
  2454145.87623                  15.8400                     0.0130
  2454151.83575                  15.8390                     0.0117
  2454154.84540                  15.8280                     0.0105
  2454157.81566                  15.8260                     0.0117
  2454159.83205                  15.8410                     0.0117
  2454161.88567                  15.8330                     0.0130
  2454163.90157                  15.8310                     0.0105
  2454168.86606                  15.8370                     0.0117
  2454170.88119                  15.8320                     0.0117
  2454175.89421                  15.8420                     0.0105
  2454177.79588                  15.8360                     0.0105
  2454178.84919                  15.8280                     0.0105
  2454179.88894                  15.8380                     0.0105
  2454181.82570                  15.8290                     0.0105
  2454182.87410                  15.8340                     0.0105
  2454183.90635                  15.8220                     0.0105
  2454184.76538                  15.8320                     0.0105
  2454185.88403                  15.8350                     0.0117
  2454190.75120                  15.8280                     0.0117
  2454191.87030                  15.8390                     0.0130
  2454192.78892                  15.8280                     0.0117
  2454193.80735                  15.8260                     0.0117
  2454194.82889                  15.8320                     0.0105
  2454196.81735                  15.8220                     0.0105
  2454202.79888                  15.8250                     0.0105
  2454203.78696                  15.8400                     0.0105
  2454204.77907                  15.8340                     0.0105
  2454205.77741                  15.8380                     0.0105
  2454207.77384                  15.8410                     0.0105
  2454208.77079                  15.8500                     0.0105
  2454211.83394                  15.8470                     0.0105
  2454213.77803                  15.8300                     0.0105
  2454215.78452                  15.8360                     0.0117
  2454216.74227                  15.8210                     0.0105
  2454217.74985                  15.8380                     0.0105
  2454218.80183                  15.8550                     0.0117
  2454219.82135                  15.8250                     0.0117
  2454220.75992                  15.8270                     0.0105
  2454222.72859                  15.8350                     0.0117
  2454224.75634                  15.8320                     0.0130
  2454224.83095                  15.8440                     0.0117
  2454227.90738                  15.8190                     0.0105
  2454228.65090                  15.8210                     0.0117
  2454228.72937                  15.8330                     0.0105
  2454229.71369                  15.8280                     0.0117
  2454230.70352                  15.8600                     0.0117
  2454231.68579                  15.8270                     0.0093
  2454232.69798                  15.8380                     0.0105
  2454233.87633                  15.8600                     0.0105
  2454234.86211                  15.8340                     0.0117
  2454235.65958                  15.8290                     0.0105
  2454235.93383                  15.8400                     0.0117
  2454238.72915                  15.8310                     0.0105
  2454239.67977                  15.8340                     0.0105
  2454240.72270                  15.8320                     0.0105
  2454241.61400                  15.8120                     0.0093
  2454244.65711                  15.8460                     0.0117
  2454245.65045                  15.8360                     0.0105
  2454246.70924                  15.8360                     0.0105
  2454247.73010                  15.8420                     0.0105
  2454250.77315                  15.8290                     0.0117
  2454256.56605                  15.8350                     0.0130
  2454258.57326                  15.8440                     0.0130
  2454267.54278                  15.8330                     0.0117
  2454268.77895                  15.8100                     0.0105
  2454269.52580                  15.8390                     0.0130
  2454272.54920                  15.8230                     0.0093
  2454273.74777                  15.8320                     0.0105
  2454274.60721                  15.8220                     0.0117
  2454275.64004                  15.8430                     0.0117
  2454276.73244                  15.8310                     0.0117
  2454277.65582                  15.8370                     0.0105
  2454278.61324                  15.8420                     0.0130
  2454283.55086                  15.8290                     0.0117
  2454284.54268                  15.8230                     0.0117
  2454285.54608                  15.8360                     0.0117
  2454286.54561                  15.8430                     0.0143
  2454289.55944                  15.8280                     0.0130
  2454290.60293                  15.8340                     0.0117
  2454292.52803                  15.8340                     0.0105
  2454293.53425                  15.8270                     0.0105
  2454294.52732                  15.8290                     0.0105
  2454295.54159                  15.8170                     0.0105
  2454295.79516                  15.8380                     0.0105
  2454296.53178                  15.8290                     0.0105
  2454297.65536                  15.8310                     0.0105
  2454298.49456                  15.8360                     0.0117
  2454299.46640                  15.8290                     0.0117
  2454300.57304                  15.8390                     0.0105
  2454301.75426                  15.8230                     0.0105
  2454302.71052                  15.8340                     0.0105
  2454303.71879                  15.8290                     0.0105
  2454304.48925                  15.8390                     0.0143
  2454307.69012                  15.8350                     0.0117
  2454310.65695                  15.8340                     0.0143
  2454312.56564                  15.8310                     0.0117
  2454315.57301                  15.8240                     0.0105
  2454316.65581                  15.8360                     0.0117
  2454317.57963                  15.8340                     0.0117
  2454319.55645                  15.8340                     0.0105
  2454320.64320                  15.8260                     0.0117
  2454326.57442                  15.8310                     0.0105
  2454327.53193                  15.8360                     0.0117
  2454328.53766                  15.8470                     0.0117
  2454329.47525                  15.8460                     0.0130
  2454330.54358                  15.8430                     0.0105
  2454331.53942                  15.8240                     0.0117
  2454332.55334                  15.8280                     0.0105
  2454333.47444                  15.8310                     0.0130
  2454338.54113                  15.8410                     0.0117
  2454339.53727                  15.8170                     0.0105
  2454340.47582                  15.8410                     0.0143
  2454340.66069                  15.8290                     0.0117
  2454341.54170                  15.8230                     0.0117
  2454342.57779                  15.8300                     0.0117
  2454343.55735                  15.8290                     0.0105
  2454344.58742                  15.8380                     0.0117
  2454345.55351                  15.8330                     0.0105
  2454346.55909                  15.8280                     0.0117
  2454346.69027                  15.8460                     0.0130
  2454347.57301                  15.8340                     0.0117
  2454348.61969                  15.8330                     0.0117
  2454349.54172                  15.8250                     0.0105
  2454350.59952                  15.8280                     0.0105
  2454351.54701                  15.8260                     0.0105
  2454353.56354                  15.8320                     0.0117
  2454354.58289                  15.8310                     0.0117
  2454355.59929                  15.8260                     0.0117
  2454356.54783                  15.8400                     0.0117
  2454358.56703                  15.8250                     0.0117
  2454361.59316                  15.8400                     0.0130
  2454367.55737                  15.8280                     0.0117
  2454371.55650                  15.8410                     0.0105
  2454377.52200                  15.8410                     0.0117
  2454380.60147                  15.8280                     0.0117
  2454383.59612                  15.8300                     0.0130
  2454393.56909                  15.8240                     0.0105
  2454505.85934                  15.8530                     0.0117
  2454508.85150                  15.8200                     0.0105
  2454511.88873                  15.8290                     0.0093
  2454514.84949                  15.8240                     0.0105
  2454518.83912                  15.8090                     0.0117
  2454521.87101                  15.8210                     0.0117
  2454523.81186                  15.8290                     0.0117
  2454525.80393                  15.8390                     0.0130
  2454531.81817                  15.8570                     0.0130
  2454534.77832                  15.8610                     0.0117
  2454536.85958                  15.8330                     0.0105
  2454538.78110                  15.8350                     0.0117
  2454539.89459                  15.8290                     0.0093
  2454540.76539                  15.8250                     0.0105
  2454541.86236                  15.8400                     0.0105
  2454542.82581                  15.8330                     0.0105
  2454543.91393                  15.8270                     0.0105
  2454544.91130                  15.8280                     0.0105
  2454545.89798                  15.8360                     0.0105
  2454546.81226                  15.8320                     0.0105
  2454547.84324                  15.8330                     0.0105
  2454548.90904                  15.8380                     0.0117
  2454550.90483                  15.8310                     0.0105
  2454551.82498                  15.8280                     0.0105
  2454552.83030                  15.8410                     0.0155
  2454556.79753                  15.8360                     0.0093
  2454557.82057                  15.8200                     0.0105
  2454558.78920                  15.8290                     0.0093
  2454559.78778                  15.8310                     0.0105
  2454560.78818                  15.8360                     0.0105
  2454561.77709                  15.8320                     0.0093
  2454564.78127                  15.8280                     0.0093
  2454565.76588                  15.8290                     0.0093
  2454566.76671                  15.8270                     0.0093
  2454567.76567                  15.8320                     0.0105
  2454568.77490                  15.8270                     0.0081
  2454569.78488                  15.8280                     0.0105
  2454570.77527                  15.8350                     0.0105
  2454571.76596                  15.8220                     0.0105
  2454572.78915                  15.8380                     0.0105
  2454573.77674                  15.8340                     0.0093
  2454574.77914                  15.8410                     0.0105
  2454575.78791                  15.8430                     0.0105
  2454577.87685                  15.8380                     0.0105
  2454578.83049                  15.8300                     0.0117
  2454583.78266                  15.8250                     0.0117
  2454585.68713                  15.8370                     0.0117
  2454586.89870                  15.8280                     0.0105
  2454587.65178                  15.8500                     0.0130
  2454588.63171                  15.8420                     0.0105
  2454589.79541                  15.8470                     0.0105
  2454590.63253                  15.8380                     0.0130
  2454591.79144                  15.8350                     0.0105
  2454592.70312                  15.8330                     0.0105
  2454593.69216                  15.8430                     0.0105
  2454594.71344                  15.8350                     0.0105
  2454595.70575                  15.8360                     0.0105
  2454596.69772                  15.8370                     0.0105
  2454597.72240                  15.8260                     0.0105
  2454598.69845                  15.8270                     0.0093
  2454599.67098                  15.8260                     0.0105
  2454600.68334                  15.8170                     0.0093
  2454601.68604                  15.8290                     0.0093
  2454602.67837                  15.8230                     0.0093
  2454603.90141                  15.8360                     0.0105
  2454606.68636                  15.8110                     0.0117
  2454610.78969                  15.8200                     0.0117
  2454611.66528                  15.8290                     0.0105
  2454611.85618                  15.8270                     0.0105
  2454612.68972                  15.8450                     0.0105
  2454615.83226                  15.8390                     0.0117
  2454616.64818                  15.8350                     0.0105
  2454617.74783                  15.8350                     0.0117
  2454618.68908                  15.8380                     0.0105
  2454622.55498                  15.8550                     0.0117
  2454622.84786                  15.8470                     0.0117
  2454623.70946                  15.8290                     0.0105
  2454624.63103                  15.8350                     0.0117
  2454625.54519                  15.8380                     0.0130
  2454626.66629                  15.8320                     0.0117
  2454627.60439                  15.8310                     0.0105
  2454628.60720                  15.8310                     0.0105
  2454629.67193                  15.8390                     0.0105
  2454630.60546                  15.8270                     0.0105
  2454631.63042                  15.8320                     0.0105
  2454632.61507                  15.8270                     0.0105
  2454633.61080                  15.8360                     0.0105
  2454638.79468                  15.8300                     0.0105
  2454639.61579                  15.8290                     0.0117
  2454640.63267                  15.8400                     0.0105
  2454641.71516                  15.8380                     0.0105
  2454642.63124                  15.8250                     0.0105
  2454643.59739                  15.8290                     0.0105
  2454644.65875                  15.8380                     0.0105
  2454645.57118                  15.8250                     0.0105
  2454646.56772                  15.8280                     0.0105
  2454647.56134                  15.8220                     0.0117
  2454648.56577                  15.8340                     0.0105
  2454649.56787                  15.8300                     0.0105
  2454650.60058                  15.8340                     0.0105
  2454651.57207                  15.8250                     0.0105
  2454652.54485                  15.8310                     0.0117
  2454653.53882                  15.8290                     0.0130
  2454654.57800                  15.8350                     0.0105
  2454655.53865                  15.8330                     0.0105
  2454656.54059                  15.8420                     0.0105
  2454658.69929                  15.8460                     0.0117
  2454660.65202                  15.8370                     0.0105
  2454661.52869                  15.8240                     0.0105
  2454665.69646                  15.8300                     0.0117
  2454666.60172                  15.8280                     0.0105
  2454670.66663                  15.8410                     0.0117
  2454671.71386                  15.8390                     0.0105
  2454672.54757                  15.8230                     0.0093
  2454674.55350                  15.8360                     0.0105
  2454677.53015                  15.8210                     0.0105
  2454678.64637                  15.8300                     0.0093
  2454681.47621                  15.8210                     0.0105
  2454682.51984                  15.8280                     0.0105
  2454683.55834                  15.8420                     0.0117
  2454684.55167                  15.8350                     0.0105
  2454685.54203                  15.8330                     0.0105
  2454686.54301                  15.8400                     0.0105
  2454687.54303                  15.8330                     0.0105
  2454688.53625                  15.8320                     0.0105
  2454693.70456                  15.8340                     0.0105
  2454694.47596                  15.8420                     0.0143
  2454697.53987                  15.8520                     0.0117
  2454698.54874                  15.8350                     0.0105
  2454699.56035                  15.8460                     0.0117
  2454700.56128                  15.8490                     0.0105
  2454701.54420                  15.8450                     0.0117
  2454702.55909                  15.8440                     0.0105
  2454703.62648                  15.8340                     0.0117
  2454705.61045                  15.8370                     0.0105
  2454707.65563                  15.8320                     0.0105
  2454709.55438                  15.8570                     0.0117
  2454710.59496                  15.8300                     0.0105
  2454716.62722                  15.8460                     0.0143
  2454721.54514                  15.8440                     0.0130
  2454724.55203                  15.8440                     0.0117
  2454725.57962                  15.8360                     0.0117
  2454730.61414                  15.8520                     0.0117
  2454733.63560                  15.8310                     0.0117
  2454739.52681                  15.8440                     0.0117
  2454743.58831                  15.8510                     0.0117
  2454748.53195                  15.8450                     0.0130
  2454754.50726                  15.8500                     0.0130
  2454758.55244                  15.8600                     0.0130
  2454874.86611                  15.7980                     0.0117
  2454877.89686                  15.8090                     0.0130
  2454884.89316                  15.8160                     0.0105
  2454887.86557                  15.8050                     0.0093
  2454891.82212                  15.7990                     0.0105
  2454897.81145                  15.7980                     0.0105
  2454899.90680                  15.8200                     0.0105
  2454900.81798                  15.8120                     0.0105
  2454902.79503                  15.8010                     0.0105
  2454904.82333                  15.8130                     0.0093
  2454906.84579                  15.8060                     0.0117
  2454910.85241                  15.8080                     0.0093
  2454911.81762                  15.8020                     0.0093
  2454912.90777                  15.8100                     0.0093
  2454914.81709                  15.7970                     0.0105
  2454919.73378                  15.8090                     0.0093
  2454925.73706                  15.7920                     0.0105
  2454927.75316                  15.7920                     0.0105
  2454929.75272                  15.7950                     0.0105
  2454930.89196                  15.8020                     0.0105
  2454931.73676                  15.7970                     0.0105
  2454932.86969                  15.8030                     0.0105
  2454933.86442                  15.7960                     0.0105
  2454938.73392                  15.7870                     0.0093
  2454939.75694                  15.8010                     0.0105
  2454941.71335                  15.7900                     0.0105
  2454942.81780                  15.7750                     0.0093
  2454943.82583                  15.7990                     0.0093
  2454944.84169                  15.7820                     0.0093
  2454945.73523                  15.7750                     0.0093
  2454950.81743                  15.7650                     0.0093
  2454951.80342                  15.7700                     0.0105
  2454953.70002                  15.7750                     0.0093
  2454954.69420                  15.7650                     0.0093
  2454955.70115                  15.7810                     0.0093
