\STAR_ID                              = "MOA 2011-BLG-262L"
\DATA_CATEGORY                        = "Photometric light curve"
\RA                                   = "18h00m23.48s"
\RA_UNITS                             = "sexagesimal"
\DEC                                  = "-31d14m42.93s"
\DEC_UNITS                            = "sexagesimal"
\EQUINOX                              = "J2000.0"
\NUMBER_OF_POINTS                     = "143"
\TIME_REFERENCE_FRAME                 = "Heliocentric JD"
\MINIMUM_DATE                         = "2455739.1159400"
\MAXIMUM_DATE                         = "2455743.1376700"
\DATE_UNITS                           = "days"
\REFERENCES                           = "Bennett et al. 2014"
\BIBCODES                             = "2014ApJ...785..155B"
\TELESCOPE                            = "Boller & Chivens Telescope (0.61 m)"
\INSTRUMENT                           = "unknown"
\TIME_SERIES_DATA_FILTER              = "V"
\OBSERVATORY_SITE                     = "Mt. John Observatory, New Zealand"
\COLUMN_JD                            = "Heliocentric Julian Day"
\COMMENT                              = ""
|              JD| RELATIVE_MAGNITUDE| MAGNITUDE_UNCERTAINTY| RELATIVE_FLUX| FLUX_UNCERTAINTY|
|            real|               real|                  real|          real|             real|
|            days|                mag|                   mag|              |                 |
  2455739.11594               10.9287                 0.0144
  2455739.11738               10.9012                 0.0144
  2455739.11881               10.8917                 0.0139
  2455739.12836               10.7714                 0.0150
  2455739.12980               10.7960                 0.0182
  2455739.13123               10.7482                 0.0164
  2455739.13802               10.7568                 0.0137
  2455739.13946               10.7148                 0.0128
  2455739.14091               10.7413                 0.0131
  2455739.14712               10.7444                 0.0141
  2455739.14856               10.7472                 0.0151
  2455739.14999               10.7739                 0.0141
  2455739.15809               10.8554                 0.0183
  2455739.15953               10.8947                 0.0185
  2455739.16096               10.9147                 0.0197
  2455739.16728               11.0152                 0.0243
  2455739.16872               11.1143                 0.0235
  2455739.17015               11.0941                 0.0231
  2455739.17638               11.1582                 0.0278
  2455739.17782               11.1357                 0.0241
  2455739.17925               11.1478                 0.0276
  2455739.18547               11.1838                 0.0315
  2455739.18691               11.2053                 0.0286
  2455739.19476               11.2746                 0.0274
  2455739.19620               11.3152                 0.0308
  2455739.19763               11.2882                 0.0303
  2455739.20385               11.3417                 0.0377
  2455739.20528               11.3790                 0.0373
  2455739.20672               11.3276                 0.0355
  2455739.21455               11.4381                 0.0361
  2455739.21599               11.4340                 0.0387
  2455739.22219               11.5135                 0.0578
  2455739.22363               11.5949                 0.0685
  2455739.22506               11.4722                 0.0611
  2455739.23126               11.4826                 0.0566
  2455739.23269               11.4532                 0.1079
  2455739.23412               11.7010                 0.1833
  2455739.84307               12.9907                 0.1393
  2455739.84450               12.9872                 0.1627
  2455739.84593               12.9420                 0.1488
  2455739.91661               12.9022                 0.1027
  2455739.99809               13.1651                 0.1083
  2455739.99952               13.0058                 0.1038
  2455740.00096               12.9580                 0.1041
  2455740.01733               13.3187                 0.3446
  2455740.01877               13.1371                 0.1140
  2455740.02019               12.9466                 0.0950
  2455740.03296               13.1785                 0.1280
  2455740.03439               12.9086                 0.0999
  2455740.03583               13.2772                 0.1483
  2455740.04203               13.0068                 0.1178
  2455740.04347               12.9503                 0.0872
  2455740.04490               12.9359                 0.0889
  2455740.05111               12.9567                 0.0874
  2455740.05254               13.0675                 0.0973
  2455740.05397               13.2343                 0.1152
  2455740.06309               13.1523                 0.1191
  2455740.06452               13.1357                 0.1105
  2455740.06596               12.9172                 0.0975
  2455740.07218               12.9284                 0.1016
  2455740.07362               13.1176                 0.1125
  2455740.07505               12.9907                 0.1045
  2455740.08127               12.9953                 0.1138
  2455740.08270               12.9904                 0.1154
  2455740.08414               13.1769                 0.1539
  2455740.09038               13.1604                 0.1423
  2455740.09182               13.1440                 0.1457
  2455740.10944               13.1497                 0.1454
  2455740.11088               13.0347                 0.1352
  2455740.11231               13.1023                 0.1221
  2455740.16126               13.1904                 0.1353
  2455740.16269               12.9792                 0.1200
  2455740.24124               13.0117                 0.1404
  2455740.24267               13.0305                 0.1342
  2455740.24410               13.0691                 0.1463
  2455741.07009               13.4945                 0.3067
  2455741.07153               13.0912                 0.2383
  2455741.14538               13.9654                 0.4103
  2455741.14681               13.9153                 0.5793
  2455741.14825               12.9866                 0.3657
  2455741.76976               12.9791                 0.3200
  2455741.78898               12.6241                 0.2756
  2455741.79042               13.3231                 0.3434
  2455741.79185               13.2482                 0.3170
  2455741.83065               12.4265                 0.7887
  2455741.83686               12.2607                 0.3455
  2455741.84596               12.6688                 0.4501
  2455741.84740               16.2047                 9.5442
  2455741.85648               12.3020                 0.5137
  2455742.88753               13.4942                 0.1264
  2455742.88897               13.2568                 0.1134
  2455742.89802               13.0990                 0.1192
  2455742.89945               13.2375                 0.1184
  2455742.90089               13.3697                 0.1323
  2455742.90710               13.7373                 0.1668
  2455742.90854               13.5189                 0.1285
  2455742.90998               13.4061                 0.1196
  2455742.91619               13.4733                 0.1335
  2455742.91763               13.4305                 0.1223
  2455742.91907               13.5398                 0.1414
  2455742.92529               13.3984                 0.1189
  2455742.92672               13.6489                 0.1473
  2455742.92816               13.4029                 0.1338
  2455742.93438               13.3415                 0.1113
  2455742.93582               13.3756                 0.1181
  2455742.93725               13.5836                 0.1610
  2455742.94347               13.4047                 0.1168
  2455742.94491               13.8155                 0.6678
  2455742.94634               13.4854                 0.1299
  2455742.95533               13.3487                 0.1182
  2455742.95676               13.7341                 0.1565
  2455742.95819               13.5107                 0.1359
  2455742.96737               14.0199                 0.2406
  2455742.96881               13.5560                 0.1398
  2455742.97671               13.4940                 0.1556
  2455742.97815               13.4309                 0.1293
  2455742.97958               13.3799                 0.1279
  2455742.98587               13.4453                 0.1510
  2455742.98730               13.5661                 0.1323
  2455742.98874               13.5364                 0.4548
  2455742.99495               13.3578                 0.1618
  2455742.99639               13.6539                 0.1753
  2455742.99782               13.5424                 0.1777
  2455743.00404               13.6269                 0.2072
  2455743.00547               13.1357                 0.1941
  2455743.00691               13.6599                 0.1994
  2455743.01312               13.4171                 0.2086
  2455743.01456               13.6639                 0.2378
  2455743.01599               13.8647                 0.2815
  2455743.02223               13.5900                 0.1862
  2455743.02367               13.3393                 0.1490
  2455743.02510               13.3116                 0.1429
  2455743.03132               13.4637                 0.1496
  2455743.03275               13.6011                 0.2139
  2455743.03419               13.6948                 0.3454
  2455743.05199               13.4019                 0.1623
  2455743.05341               13.3475                 0.1303
  2455743.05485               13.4782                 0.1395
  2455743.06105               13.6893                 0.1733
  2455743.06248               13.7402                 0.5497
  2455743.06392               13.5596                 0.1525
  2455743.07018               13.3308                 0.1141
  2455743.13767               13.7040                 0.2206
