\STAR_ID                              = "MOA 2009-BLG-387L"
\DATA_CATEGORY                        = "Photometric light curve"
\RA                                   = "17h53m50.79s"
\RA_UNITS                             = "sexagesimal"
\DEC                                  = "-33d59m25s"
\DEC_UNITS                            = "sexagesimal"
\EQUINOX                              = "J2000.0"
\NUMBER_OF_POINTS                     = "92"
\TIME_REFERENCE_FRAME                 = "Heliocentric JD"
\MINIMUM_DATE                         = "2455041.311980"
\MAXIMUM_DATE                         = "2455042.329280"
\DATE_UNITS                           = "days"
\REFERENCES                           = "Batista et al. 2011"
\BIBCODES                             = "2011A&A...529A.102B"
\TELESCOPE                            = "Wise Telescope (1.0 m)"
\INSTRUMENT                           = "unknown"
\TIME_SERIES_DATA_FILTER              = "I"
\OBSERVATORY_SITE                     = "Wise Observatory, Mitzpe Ramon, Israel"
\COLUMN_JD                            = "Heliocentric Julian Day"
\COMMENT                              = "none"
|            HJD| RELATIVE_MAGNITUDE| MAGNITUDE_UNCERTAINTY| RELATIVE_FLUX| FLUX_UNCERTAINTY|
|           real|               real|                  real|          real|             real|
|           days|                mag|                   mag|              |                 |
  2455041.311980              17.377                 0.062
  2455041.312860              17.363                 0.053
  2455041.313740              17.448                 0.057
  2455041.314620              17.588                 0.066
  2455041.315490              17.533                 0.059
  2455041.316380              17.680                 0.072
  2455041.317250              17.709                 0.076
  2455041.318150              17.716                 0.069
  2455041.319020              17.694                 0.069
  2455041.319900              17.826                 0.076
  2455041.320780              17.767                 0.074
  2455041.321660              17.934                 0.090
  2455041.322540              18.019                 0.097
  2455041.323420              18.002                 0.093
  2455041.324310              18.042                 0.098
  2455041.325190              17.930                 0.090
  2455041.326070              18.065                 0.099
  2455041.326950              17.953                 0.091
  2455041.327830              18.157                 0.107
  2455041.328710              18.114                 0.097
  2455041.329600              18.210                 0.106
  2455041.330480              18.147                 0.103
  2455041.331360              18.378                 0.120
  2455041.332240              18.244                 0.112
  2455041.333120              18.357                 0.123
  2455041.334000              18.670                 0.161
  2455041.334880              18.317                 0.116
  2455041.335770              18.450                 0.129
  2455041.336650              18.823                 0.188
  2455041.337530              18.417                 0.127
  2455041.338410              18.539                 0.140
  2455041.339290              18.450                 0.129
  2455041.340170              18.440                 0.124
  2455041.341060              18.492                 0.127
  2455041.341940              18.675                 0.156
  2455041.342820              18.509                 0.133
  2455041.343700              18.367                 0.114
  2455041.344580              18.351                 0.114
  2455041.345460              18.438                 0.119
  2455041.346340              18.630                 0.147
  2455041.347230              18.713                 0.154
  2455041.348110              18.648                 0.144
  2455041.348990              18.931                 0.182
  2455041.349870              18.876                 0.176
  2455041.350750              18.849                 0.173
  2455041.351630              18.805                 0.163
  2455041.352520              18.985                 0.195
  2455041.353400              18.594                 0.129
  2455041.354280              18.355                 0.105
  2455041.355160              18.424                 0.104
  2455041.356040              18.686                 0.147
  2455041.356930              18.659                 0.139
  2455041.357810              18.382                 0.111
  2455041.358690              18.317                 0.103
  2455041.359570              18.391                 0.107
  2455041.361330              18.473                 0.112
  2455041.362220              18.331                 0.095
  2455041.363100              18.428                 0.109
  2455041.363980              18.724                 0.134
  2455041.364860              18.691                 0.131
  2455041.366630              18.765                 0.148
  2455042.293130              18.522                 0.225
  2455042.294020              18.106                 0.132
  2455042.294900              18.153                 0.135
  2455042.297540              18.272                 0.160
  2455042.298420              18.221                 0.143
  2455042.299310              18.378                 0.164
  2455042.300190              18.355                 0.162
  2455042.301070              18.128                 0.125
  2455042.301950              18.367                 0.159
  2455042.302830              18.236                 0.140
  2455042.303720              18.526                 0.187
  2455042.305480              18.122                 0.141
  2455042.306360              18.293                 0.157
  2455042.307240              18.442                 0.183
  2455042.308130              18.320                 0.155
  2455042.309010              18.296                 0.153
  2455042.309890              18.473                 0.191
  2455042.310770              18.729                 0.231
  2455042.311660              18.919                 0.265
  2455042.312530              18.724                 0.214
  2455042.313410              18.888                 0.248
  2455042.314300              19.162                 0.346
  2455042.318700              19.162                 0.324
  2455042.320470              18.788                 0.228
  2455042.323990              18.991                 0.284
  2455042.324870              19.184                 0.358
  2455042.325760              18.757                 0.251
  2455042.326640              18.840                 0.258
  2455042.327520              18.940                 0.293
  2455042.328400              18.342                 0.174
  2455042.329280              18.464                 0.190
