\STAR_ID                              = "OGLE 2012-BLG-724L"
\DATA_CATEGORY                        = "Photometric light curve"
\RA                                   = "17h55m52.39s"
\RA_UNITS                             = "sexagesimal"
\DEC                                  = "-29d49m6.7s"
\DEC_UNITS                            = "sexagesimal"
\EQUINOX                              = "J2000.0"
\NUMBER_OF_POINTS                     = "108"
\TIME_REFERENCE_FRAME                 = "Heliocentric JD"
\MINIMUM_DATE                         = "2455266.8444900"
\MAXIMUM_DATE                         = "2456896.5097000"
\DATE_UNITS                           = "days"
\REFERENCES                           = "Hirao et al. 2016"
\BIBCODES                             = "2016arXiv160405463H"
\TELESCOPE                            = "Warsaw Telescope (1.3 m)"
\INSTRUMENT                           = "unknown"
\TIME_SERIES_DATA_FILTER              = "V"
\OBSERVATORY_SITE                     = "Las Campanas Observatory"
\COLUMN_JD                            = "Heliocentric Julian Day"
\COMMENT                              = "none"
|              HJD| RELATIVE_MAGNITUDE| MAGNITUDE_UNCERTAINTY| RELATIVE_FLUX| FLUX_UNCERTAINTY|
|             real|               real|                  real|          real|             real|
|             days|                mag|                   mag|              |                 |
  2455266.8444900             20.89000                0.10000       17.53881           1.61538
  2455280.9033600             20.88900                0.07100       17.55497           1.14798
  2455287.8961900             20.96300                0.16400       16.39834           2.47696
  2455292.8528000             21.34300                0.22200       11.55580           2.36281
  2455627.8884400             20.98800                0.07400       16.02507           1.09221
  2455633.9006000             20.90400                0.08900       17.31410           1.41927
  2455648.7869900             20.80800                0.08800       18.91472           1.53306
  2455653.8275400             21.04100                0.08300       15.26160           1.16669
  2455667.8629200             20.96400                0.11200       16.38325           1.69003
  2455675.8815600             21.14300                0.14700       13.89313           1.88102
  2455681.7727800             20.97100                0.08400       16.27796           1.25937
  2455685.7540700             20.84600                0.06800       18.26417           1.14389
  2455689.7273100             21.33000                0.12300       11.69499           1.32489
  2455693.7149100             20.88400                0.08700       17.63600           1.41317
  2455697.6846800             21.31800                0.24700       11.82497           2.69013
  2455712.6242000             20.77200                0.07300       19.55240           1.31461
  2455722.5792800             21.15700                0.13100       13.71513           1.65481
  2455726.5880600             20.87800                0.24700       17.73373           4.03434
  2455738.6808300             21.03400                0.07800       15.36031           1.10349
  2455741.6691000             20.95100                0.08500       16.58059           1.29806
  2455745.6720900             21.00400                0.07800       15.79065           1.13441
  2455760.5475600             20.77400                0.11400       19.51641           2.04918
  2455767.6841200             20.86000                0.07700       18.03018           1.27869
  2455779.6719200             20.88100                0.11400       17.68479           1.85687
  2455788.5398900             21.12800                0.22800       14.08640           2.95808
  2455795.5519800             21.11800                0.14600       14.21674           1.91174
  2455801.4886400             21.32000                0.14800       11.80321           1.60893
  2455805.5152700             21.05500                0.09200       15.06607           1.27663
  2455817.4935200             20.83300                0.12300       18.48417           2.09402
  2455826.5331900             20.93800                0.11500       16.78031           1.77735
  2455990.9001800             20.74900                0.09000       19.97101           1.65546
  2456003.8774500             21.09100                0.14400       14.57471           1.93303
  2456008.8444000             20.85400                0.08800       18.13009           1.46946
  2456013.8553200             21.19100                0.12000       13.29230           1.46912
  2456019.7956600             21.02900                0.11300       15.43121           1.60603
  2456024.8075900             21.29100                0.27200       12.12272           3.03700
  2456033.8255700             21.19200                0.11000       13.28006           1.34545
  2456038.7844100             20.97000                0.09100       16.29296           1.36558
  2456047.8078200             21.05600                0.07900       15.05220           1.09522
  2456051.7662600             21.35900                0.18000       11.38676           1.88777
  2456062.7814500             21.01800                0.08600       15.58834           1.23474
  2456066.7359000             20.81100                0.06600       18.86253           1.14662
  2456069.7936500             20.60600                0.05200       22.78243           1.09114
  2456070.7878500             19.61000                0.03000       57.01643           1.57542
  2456078.7477100             20.91200                0.09100       17.18700           1.44051
  2456089.7078600             21.17100                0.09600       13.53942           1.19715
  2456097.6879800             20.97400                0.10600       16.23305           1.58483
  2456101.7144700             21.05700                0.08200       15.03834           1.13577
  2456106.7039300             20.62800                0.11400       22.32544           2.34412
  2456118.6115800             20.90100                0.05900       17.36201           0.94347
  2456123.6197600             20.90000                0.09200       17.37801           1.47253
  2456131.6013500             21.42900                0.12700       10.67579           1.24876
  2456136.6857800             20.74400                0.14200       20.06319           2.62400
  2456148.5462700             21.35500                0.09200       11.42878           0.96842
  2456158.5593600             20.96400                0.09700       16.38325           1.46368
  2456164.5445700             20.62400                0.09800       22.40784           2.02256
  2456172.5305600             20.92200                0.11000       17.02943           1.72531
  2456185.5197700             20.98500                0.07700       16.06941           1.13964
  2456203.5318300             20.89200                0.12900       17.50653           2.08001
  2456376.8065800             21.07800                0.14500       14.75027           1.96990
  2456393.8144300             21.09600                0.09900       14.50775           1.32285
  2456397.7956300             21.01600                0.07000       15.61709           1.00687
  2456402.7512100             21.20700                0.13600       13.09785           1.64064
  2456415.8912900             21.35300                0.15700       11.44986           1.65568
  2456419.8740900             21.05000                0.08900       15.13561           1.24070
  2456424.7067800             20.82900                0.05900       18.55240           1.00816
  2456432.7521300             20.96600                0.09200       16.35310           1.38568
  2456436.7654900             20.86300                0.13800       17.98043           2.28536
  2456446.6805000             21.21100                0.07100       13.04968           0.85336
  2456450.6824200             21.11200                0.06900       14.29552           0.90850
  2456456.6688200             20.97700                0.05700       16.18825           0.84987
  2456461.7356400             21.00800                0.10400       15.73258           1.50699
  2456462.6739600             20.78700                0.09500       19.28413           1.68733
  2456469.6702400             21.09200                0.14700       14.56129           1.97148
  2456480.6623200             20.96600                0.08700       16.35310           1.31037
  2456487.6609200             21.14800                0.07800       13.82929           0.99351
  2456501.5482900             21.22200                0.15400       12.91814           1.83230
  2456508.5257800             20.86500                0.08800       17.94734           1.45465
  2456514.6100800             21.08400                0.08100       14.66898           1.09436
  2456532.5178800             21.10100                0.09500       14.44109           1.26357
  2456538.5394800             21.48400                0.17200       10.14846           1.60770
  2456560.5153000             21.24700                0.12900       12.62409           1.49991
  2456560.5479800             21.20200                0.11000       13.15831           1.33312
  2456571.5076100             21.27800                0.17600       12.26874           1.98879
  2456572.5574400             21.18300                0.13000       13.39060           1.60332
  2456595.4887100             20.89000                0.29800       17.53881           4.81384
  2456748.8194500             21.25200                0.10300       12.56609           1.19210
  2456756.7872900             21.05100                0.07000       15.12168           0.97493
  2456762.8443200             21.03200                0.09100       15.38863           1.28978
  2456784.7454300             21.16100                0.17200       13.66470           2.16473
  2456785.7587400             21.08600                0.08100       14.64199           1.09235
  2456786.7377000             20.94100                0.09300       16.73401           1.43337
  2456805.7728300             21.04200                0.10100       15.24755           1.41839
  2456809.8344300             20.95300                0.09100       16.55008           1.38713
  2456815.7299700             21.00000                0.10600       15.84893           1.54733
  2456825.6817200             20.84400                0.11500       18.29785           1.93809
  2456826.8487600             21.31700                0.20200       11.83586           2.20205
  2456827.7216500             21.18100                0.10600       13.41529           1.30973
  2456828.7522400             21.10400                0.09800       14.40124           1.29988
  2456831.6728000             20.91500                0.06000       17.13957           0.94717
  2456835.6473400             20.92400                0.09000       16.99809           1.40902
  2456836.6367400             21.00900                0.11000       15.71810           1.59246
  2456840.6964000             21.00200                0.13500       15.81976           1.96702
  2456845.6759100             21.13300                0.11200       14.02168           1.44642
  2456859.6162700             20.99300                0.09400       15.95144           1.38103
  2456882.5031500             21.20100                0.12900       13.17043           1.56482
  2456888.5278800             21.23900                0.09600       12.71745           1.12447
  2456896.5097000             21.01200                0.09600       15.67473           1.38595
\STAR_ID                              = "OGLE 2005-BLG-169L"
\DATA_CATEGORY                        = "Photometric light curve"
\RA                                   = "18h06m05.32s"
\RA_UNITS                             = "sexagesimal"
\DEC                                  = "-30d43m57.50s"
\DEC_UNITS                            = "sexagesimal"
\EQUINOX                              = "J2000.0"
\NUMBER_OF_POINTS                     = "74"
\TIME_REFERENCE_FRAME                 = "Heliocentric JD"
\MINIMUM_DATE                         = "2453491.97128"
\MAXIMUM_DATE                         = "2453492.25783"
\DATE_UNITS                           = "days"
\MINIMUM_VALUE                        = "14.6770"
\MAXIMUM_VALUE                        = "16.0730"
\VALUE_UNITS                          = "mag"
\REFERENCES                           = "Gould et al. 2006"
\BIBCODES                             = "2006ApJ...644L..37G"
\TELESCOPE                            = "Nustrini Telescope (0.35 m)"
\INSTRUMENT                           = "unknown"
\TIME_SERIES_DATA_FILTER              = "unfiltered"
\OBSERVATORY_SITE                     = "Auckland, New Zealand"
\COLUMN_JD                            = "Heliocentric Julian Day"
\COLUMN_RELATIVE_MAGNITUDE            = "Relative or Instrument Magnitude"
\COLUMN_MAGNITUDE_UNCERTAINTY         = "Magnitude Uncertainty"
|           HJD | RELATIVE_MAGNITUDE |  MAGNITUDE_UNCERTAINTY |
|          real |               real |                   real |
|          days |                mag |                    mag |
  2453491.97128              14.6770                   0.0110
  2453491.97286              14.6930                   0.0110
  2453491.97446              14.6820                   0.0103
  2453491.97606              14.6780                   0.0103
  2453491.97766              14.7180                   0.0110
  2453491.97925              14.7090                   0.0110
  2453491.98084              14.7470                   0.0110
  2453491.98244              14.7650                   0.0110
  2453491.98402              14.7690                   0.0110
  2453491.98563              14.7770                   0.0110
  2453491.98723              14.7880                   0.0110
  2453491.98882              14.8020                   0.0110
  2453491.99042              14.8450                   0.0110
  2453491.99202              14.8390                   0.0110
  2453491.99359              14.8450                   0.0110
  2453491.99520              14.8610                   0.0118
  2453491.99679              14.8600                   0.0110
  2453491.99838              14.8970                   0.0118
  2453491.99997              14.8880                   0.0110
  2453492.00156              14.9310                   0.0118
  2453492.00315              14.9130                   0.0110
  2453492.00473              14.9310                   0.0110
  2453492.00632              14.9620                   0.0118
  2453492.00792              14.9350                   0.0118
  2453492.00952              14.9740                   0.0118
  2453492.01110              14.9600                   0.0118
  2453492.01270              14.9620                   0.0118
  2453492.01430              15.0180                   0.0118
  2453492.01587              15.0210                   0.0118
  2453492.01747              15.0140                   0.0118
  2453492.02066              15.0560                   0.0126
  2453492.02225              15.0710                   0.0126
  2453492.02544              15.0820                   0.0126
  2453492.02704              15.0870                   0.0118
  2453492.03021              15.0900                   0.0118
  2453492.03180              15.1290                   0.0126
  2453492.06050              15.2840                   0.0142
  2453492.06211              15.2820                   0.0151
  2453492.15231              15.7210                   0.0168
  2453492.15549              15.7510                   0.0177
  2453492.15709              15.7380                   0.0186
  2453492.16028              15.7320                   0.0168
  2453492.16691              15.7790                   0.0168
  2453492.16852              15.7710                   0.0168
  2453492.17171              15.7980                   0.0186
  2453492.17330              15.7960                   0.0186
  2453492.17490              15.8090                   0.0195
  2453492.17650              15.8130                   0.0186
  2453492.17809              15.8320                   0.0195
  2453492.19087              15.8710                   0.0205
  2453492.19565              15.8700                   0.0195
  2453492.19725              15.9050                   0.0214
  2453492.20684              15.9070                   0.0195
  2453492.20844              15.9240                   0.0195
  2453492.21002              15.9340                   0.0195
  2453492.21161              15.9110                   0.0195
  2453492.21321              15.9460                   0.0205
  2453492.21799              15.9440                   0.0205
  2453492.21960              15.9540                   0.0214
  2453492.22119              15.9680                   0.0205
  2453492.22278              15.9900                   0.0223
  2453492.22438              16.0090                   0.0223
  2453492.22598              15.9940                   0.0214
  2453492.22757              15.9760                   0.0214
  2453492.22916              15.9770                   0.0214
  2453492.23076              16.0070                   0.0214
  2453492.23235              16.0040                   0.0223
  2453492.23873              16.0350                   0.0233
  2453492.24668              16.0620                   0.0252
  2453492.24828              16.0720                   0.0252
  2453492.24987              16.0260                   0.0242
  2453492.25146              16.0390                   0.0242
  2453492.25306              16.0510                   0.0252
  2453492.25783              16.0730                   0.0290
