\STAR_ID                              = "MOA 2009-BLG-387L"
\DATA_CATEGORY                        = "Photometric light curve"
\RA                                   = "17h53m50.79s"
\RA_UNITS                             = "sexagesimal"
\DEC                                  = "-33d59m25s"
\DEC_UNITS                            = "sexagesimal"
\EQUINOX                              = "J2000.0"
\NUMBER_OF_POINTS                     = "84"
\TIME_REFERENCE_FRAME                 = "Heliocentric JD"
\MINIMUM_DATE                         = "2455046.800650"
\MAXIMUM_DATE                         = "2455050.010430"
\DATE_UNITS                           = "days"
\REFERENCES                           = "Batista et al. 2011"
\BIBCODES                             = "2011A&A...529A.102B"
\TELESCOPE                            = "Farm Cove Telescope (0.35 m)"
\INSTRUMENT                           = "unknown"
\TIME_SERIES_DATA_FILTER              = "unfiltered"
\OBSERVATORY_SITE                     = "Farm Cove Observatory, New Zealand"
\COLUMN_JD                            = "Heliocentric Julian Day"
\COMMENT                              = "none"
|            HJD| RELATIVE_MAGNITUDE| MAGNITUDE_UNCERTAINTY| RELATIVE_FLUX| FLUX_UNCERTAINTY|
|           real|               real|                  real|          real|             real|
|           days|                mag|                   mag|              |                 |
  2455046.800650              18.486                 0.219
  2455046.804310              19.276                 0.839
  2455046.861780              18.573                 0.179
  2455046.980030              18.909                 0.236
  2455046.990920              19.185                 0.297
  2455046.998200              18.899                 0.225
  2455047.001830              19.515                 0.394
  2455048.768170              18.405                 0.199
  2455048.768170              18.405                 0.199
  2455048.771780              17.962                 0.104
  2455048.775420              18.187                 0.102
  2455048.779050              18.176                 0.086
  2455048.782670              18.138                 0.079
  2455048.786310              17.976                 0.070
  2455048.789940              18.170                 0.081
  2455048.793560              18.159                 0.085
  2455048.797180              18.176                 0.081
  2455048.800800              18.000                 0.071
  2455048.804430              18.209                 0.083
  2455048.808070              18.132                 0.073
  2455048.811700              18.391                 0.102
  2455048.815310              18.132                 0.083
  2455048.818940              18.143                 0.079
  2455048.822570              18.090                 0.076
  2455048.826200              18.064                 0.075
  2455048.829840              17.966                 0.095
  2455048.833460              18.044                 0.073
  2455048.837070              18.170                 0.081
  2455048.840710              18.154                 0.100
  2455048.844350              18.170                 0.136
  2455048.847970              18.285                 0.094
  2455048.851600              18.372                 0.100
  2455048.855240              18.122                 0.078
  2455048.858860              18.226                 0.084
  2455048.862480              18.029                 0.068
  2455048.866120              18.095                 0.072
  2455048.873390              18.209                 0.114
  2455048.877000              18.080                 0.080
  2455048.921070              18.100                 0.086
  2455048.924690              18.111                 0.087
  2455048.928310              18.044                 0.078
  2455048.931950              18.059                 0.084
  2455048.935580              17.952                 0.159
  2455048.971090              17.911                 0.067
  2455048.974750              17.981                 0.070
  2455048.978370              17.920                 0.067
  2455048.982000              18.059                 0.079
  2455048.985640              17.906                 0.066
  2455048.989270              17.943                 0.068
  2455048.992900              17.934                 0.064
  2455048.996540              17.870                 0.061
  2455049.000170              17.866                 0.061
  2455049.003810              17.897                 0.066
  2455049.007440              17.902                 0.070
  2455049.011060              17.966                 0.074
  2455049.014680              18.024                 0.081
  2455049.018310              18.010                 0.081
  2455049.021940              17.947                 0.073
  2455049.025570              17.870                 0.069
  2455049.029220              17.806                 0.062
  2455049.032840              17.929                 0.072
  2455049.036470              18.080                 0.099
  2455049.040100              17.995                 0.084
  2455049.043720              17.947                 0.081
  2455049.047350              18.122                 0.097
  2455049.050990              18.005                 0.085
  2455049.054620              18.090                 0.095
  2455049.058270              18.019                 0.090
  2455049.914740              18.969                 0.143
  2455049.918360              19.101                 0.170
  2455049.921990              18.717                 0.116
  2455049.925620              18.980                 0.144
  2455049.929260              18.683                 0.113
  2455049.932890              18.909                 0.127
  2455049.936520              18.949                 0.131
  2455049.940150              18.667                 0.104
  2455049.943790              19.276                 0.185
  2455049.947400              18.700                 0.115
  2455049.951020              19.001                 0.147
  2455049.954630              19.045                 0.162
  2455049.999540              19.001                 0.176
  2455050.003170              18.627                 0.115
  2455050.006790              19.125                 0.195
  2455050.010430              18.760                 0.136
