2457069.87628 19.988 0.113 4.43 466.0
2457074.88664 20.177 0.153 5.43 457.0
2457075.86271 20.379 0.158 4.98 419.0
2457078.86521 20.380 0.134 4.04 391.0
2457082.86705 20.023 0.085 3.95 346.0
2457086.89543 19.841 0.095 3.87 546.0
2457090.82554 19.987 0.121 4.31 539.0
2457097.89470 20.062 0.073 3.04 326.0
2457100.87989 20.253 0.120 3.76 388.0
2457110.80722 20.047 0.085 3.76 383.0
2457112.91819 20.015 0.111 3.79 570.0
2457115.73226 20.095 0.137 4.60 562.0
2457117.71417 20.083 0.173 4.80 831.0
2457119.77642 20.310 0.178 4.39 659.0
2457126.87745 20.126 0.096 3.34 439.0
2457130.77798 19.781 0.076 4.00 326.0
2457132.68558 20.396 0.255 6.72 502.0
2457134.75753 20.103 0.135 5.56 387.0
2457135.91579 20.042 0.084 3.33 376.0
2457137.76039 20.039 0.073 3.32 318.0
2457138.88771 20.111 0.112 3.95 423.0
2457140.74357 19.875 0.099 4.46 464.0
2457141.87687 20.036 0.090 3.13 447.0
2457143.69872 20.035 0.141 4.78 466.0
2457144.82729 20.088 0.218 7.15 559.0
2457146.71794 20.194 0.159 4.12 827.0
2457147.73765 20.052 0.165 4.91 807.0
2457152.89580 20.127 0.152 5.06 603.0
2457154.65407 20.136 0.092 3.75 328.0
2457155.72946 20.164 0.100 3.64 372.0
2457157.61898 20.102 0.116 4.24 421.0
2457158.75690 20.102 0.109 4.51 367.0
2457159.82499 19.915 0.083 3.70 380.0
2457160.89555 20.313 0.129 3.91 427.0
2457162.61936 19.989 0.125 5.40 386.0
2457163.67336 19.913 0.136 5.83 435.0
2457164.81664 20.105 0.112 4.33 374.0
2457166.60329 19.729 0.121 6.04 473.0
2457166.78686 20.202 0.130 4.53 401.0
2457168.70497 20.339 0.184 6.19 371.0
2457169.69279 20.040 0.093 4.31 346.0
2457169.88758 20.194 0.124 4.59 395.0
2457170.67980 20.063 0.100 4.27 379.0
2457170.86932 20.198 0.123 4.16 430.0
2457172.68208 19.994 0.122 4.46 540.0
2457172.87292 20.001 0.139 5.54 451.0
2457173.65890 20.115 0.152 4.58 633.0
2457173.85460 20.069 0.132 3.96 712.0
2457174.62352 19.875 0.123 4.07 765.0
2457175.57956 19.838 0.152 4.52 1069.0
2457175.75532 19.998 0.145 4.20 921.0
2457178.67754 20.111 0.133 3.82 670.0
2457178.84898 19.861 0.118 4.02 765.0
2457179.62205 19.788 0.130 5.31 546.0
2457179.78662 20.066 0.157 5.38 538.0
2457180.57443 19.816 0.114 5.29 425.0
2457180.73563 20.021 0.122 5.04 392.0
2457180.90958 19.986 0.146 4.86 646.0
2457181.69591 20.376 0.135 4.12 367.0
2457181.86608 19.905 0.120 4.70 471.0
2457182.63029 19.995 0.094 4.82 277.0
2457182.82259 19.853 0.090 4.39 342.0
2457183.58368 20.056 0.108 4.52 316.0
2457183.76821 20.370 0.181 5.78 342.0
2457184.57401 20.228 0.222 7.43 431.0
2457184.75934 20.054 0.128 5.53 340.0
2457184.92323 20.234 0.198 5.97 540.0
2457185.72238 20.006 0.118 5.05 369.0
2457185.88925 20.138 0.220 7.02 530.0
2457186.84550 20.067 0.144 5.07 499.0
2457187.62648 19.976 0.132 6.18 338.0
2457187.80962 19.884 0.101 4.86 386.0
2457188.59666 20.023 0.108 4.41 390.0
2457188.78370 19.837 0.136 6.59 410.0
2457189.64184 20.241 0.141 4.99 402.0
2457189.82260 20.077 0.115 4.17 505.0
2457190.61216 20.008 0.117 4.69 437.0
2457190.81061 20.455 0.194 4.52 624.0
2457191.63881 19.945 0.101 4.41 431.0
2457192.84720 20.029 0.117 4.69 426.0
2457192.87245 20.199 0.168 5.41 504.0
2457193.66917 19.992 0.071 3.44 300.0
2457193.85368 20.020 0.106 4.18 461.0
2457194.61668 20.201 0.110 4.37 330.0
2457194.80865 19.875 0.085 4.14 465.0
2457197.64863 20.125 0.103 4.34 330.0
2457198.62827 19.958 0.092 4.36 331.0
2457198.81411 20.074 0.229 5.62 1085.0
2457199.58850 20.069 0.100 4.16 400.0
2457199.77122 20.207 0.115 4.33 356.0
2457200.52665 20.039 0.117 3.96 619.0
2457200.70639 20.076 0.090 3.34 390.0
2457202.64437 20.033 0.168 5.32 676.0
2457202.86611 20.133 0.234 5.34 1090.0
2457206.67782 19.907 0.154 4.91 844.0
2457207.64671 19.865 0.103 4.22 590.0
2457207.83585 20.011 0.206 5.63 1023.0
2457209.74243 19.877 0.119 4.63 556.0
2457211.52053 20.194 0.174 5.32 529.0
2457211.70284 20.200 0.125 4.62 370.0
2457212.57527 19.951 0.094 4.60 349.0
2457214.65104 20.157 0.136 5.74 432.0
2457217.59901 20.185 0.145 5.45 370.0
2457219.51173 19.888 0.126 5.36 496.0
2457219.71971 19.895 0.091 4.44 381.0
2457220.61146 20.325 0.114 4.15 316.0
2457220.79138 20.107 0.116 4.71 401.0
2457221.58910 20.125 0.109 4.43 348.0
2457221.77150 20.183 0.111 4.05 374.0
2457222.56277 19.935 0.119 5.58 563.0
2457222.77752 20.213 0.176 5.64 616.0
2457223.61756 19.990 0.130 5.66 371.0
2457224.46873 20.168 0.140 4.21 669.0
2457224.66259 20.077 0.159 7.22 323.0
2457225.50079 20.170 0.146 5.06 577.0
2457226.51657 20.146 0.141 5.36 389.0
2457226.70146 20.143 0.116 4.67 336.0
2457227.48515 19.971 0.174 5.67 830.0
2457227.66002 19.987 0.084 4.16 309.0
2457228.48663 20.116 0.143 5.15 489.0
2457228.67070 20.049 0.144 5.19 513.0
2457229.51492 20.310 0.146 4.32 536.0
2457229.67959 19.957 0.117 3.53 824.0
2457233.49283 19.957 0.205 5.73 1016.0
2457233.53467 19.912 0.282 5.22 2410.0
2457235.69998 20.103 0.159 4.74 753.0
2457236.55971 19.839 0.169 5.57 935.0
2457249.55783 20.018 0.136 5.96 357.0
2457249.70255 20.074 0.164 7.03 351.0
2457252.53641 20.198 0.161 5.62 426.0
2457253.49134 19.935 0.106 4.79 408.0
2457253.68348 19.978 0.118 4.83 443.0
2457255.65107 20.074 0.138 5.87 359.0
2457256.65418 20.250 0.209 6.28 515.0
2457261.50937 19.909 0.204 6.44 808.0
2457261.67037 20.096 0.244 6.59 974.0
2457264.58237 19.801 0.105 4.39 608.0
2457265.54566 19.922 0.102 4.09 479.0
2457267.48020 19.865 0.134 5.85 482.0
2457268.48138 20.047 0.113 4.53 426.0
2457268.67680 19.975 0.106 4.50 470.0
2457269.66517 20.202 0.143 5.28 402.0
2457270.60894 20.272 0.127 4.62 351.0
2457271.56480 20.173 0.157 6.14 350.0
2457273.53563 19.740 0.144 7.51 421.0
2457275.54016 19.873 0.194 6.13 1004.0
2457277.51491 20.118 0.146 6.24 355.0
2457278.49847 19.862 0.158 6.96 439.0
2457281.51010 20.307 0.262 8.27 407.0
2457284.54963 20.227 0.145 5.15 478.0
2457299.56817 19.971 0.152 6.60 513.0
2457318.53199 20.064 0.180 5.30 795.0
2457436.82907 20.040 0.149 6.35 404.0
2457437.82749 20.121 0.114 4.57 379.0
2457438.89126 19.856 0.139 5.68 574.0
2457440.82396 20.159 0.157 4.15 805.0
2457441.86815 19.930 0.113 4.13 600.0
2457442.89237 20.059 0.155 4.87 674.0
2457445.86701 19.874 0.089 4.09 466.0
2457446.87797 20.075 0.090 3.49 438.0
2457447.88568 20.000 0.110 4.29 436.0
2457448.89955 20.137 0.103 4.04 453.0
2457451.82925 20.286 0.142 4.02 593.0
2457452.86124 19.994 0.077 3.49 344.0
2457453.86759 19.908 0.072 3.34 354.0
2457455.81853 20.164 0.135 5.49 345.0
2457456.82467 20.062 0.133 5.30 420.0
2457457.82022 20.074 0.135 4.66 505.0
2457458.81545 19.991 0.107 4.55 398.0
2457461.81523 20.215 0.107 4.00 369.0
2457462.80220 20.180 0.113 3.90 421.0
2457463.82912 20.131 0.117 4.60 370.0
2457465.77112 20.229 0.150 4.95 463.0
2457465.89961 20.369 0.154 4.33 491.0
2457467.83380 19.996 0.111 4.92 376.0
2457470.79069 20.189 0.193 5.69 626.0
2457470.91776 19.915 0.210 5.17 1383.0
2457471.87456 19.874 0.137 5.47 560.0
2457472.81283 20.307 0.178 4.92 550.0
2457473.78116 20.221 0.182 4.63 960.0
2457474.81366 20.301 0.164 4.61 574.0
2457474.91872 19.940 0.158 4.20 1189.0
2457475.84940 19.743 0.192 6.29 1189.0
2457484.80529 20.386 0.162 5.42 358.0
2457485.91171 20.066 0.111 4.76 360.0
2457486.72209 19.797 0.136 6.77 410.0
2457487.82399 19.997 0.119 5.23 421.0
2457489.80141 20.113 0.121 4.95 432.0
2457492.71536 20.276 0.138 5.00 358.0
2457493.70879 20.072 0.125 4.87 422.0
2457493.92848 20.335 0.240 4.23 1196.0
2457494.91694 19.847 0.078 3.53 448.0
2457495.89560 20.186 0.146 5.41 385.0
2457498.79051 20.341 0.186 4.78 576.0
2457499.78197 20.137 0.121 4.15 531.0
2457500.72332 20.172 0.179 4.75 677.0
2457500.92490 19.982 0.149 4.91 695.0
2457508.76861 20.028 0.078 3.58 354.0
2457509.86502 19.916 0.097 4.44 422.0
2457512.80023 20.110 0.086 3.58 333.0
2457522.87119 19.925 0.186 7.27 557.0
2457526.77668 19.921 0.105 4.00 680.0
2457529.80287 19.813 0.187 6.52 814.0
2457534.78386 20.375 0.143 4.18 475.0
2457536.78302 20.274 0.155 5.13 419.0
2457545.92490 19.883 0.137 6.17 525.0
2457547.55895 20.299 0.194 6.43 378.0
2457547.89957 19.968 0.179 7.86 426.0
2457549.81365 19.999 0.098 5.03 330.0
2457550.79225 19.898 0.100 4.92 439.0
2457554.89524 20.126 0.204 7.69 709.0
2457555.51788 19.842 0.209 6.09 1421.0
2457555.84131 20.241 0.161 5.47 435.0
2457561.62651 20.093 0.129 3.93 664.0
2457562.61089 20.019 0.136 4.55 761.0
2457566.81354 19.769 0.134 6.36 547.0
2457567.49053 20.403 0.236 6.59 556.0
2457567.75748 20.124 0.142 5.24 468.0
2457568.49189 19.702 0.154 8.42 477.0
2457568.75633 20.106 0.169 7.05 386.0
2457569.49078 20.132 0.205 7.55 509.0
2457569.77381 20.185 0.155 5.80 411.0
2457570.72554 20.258 0.140 5.76 281.0
2457573.64313 19.972 0.115 5.82 291.0
2457575.57487 19.729 0.105 6.54 304.0
2457575.74280 19.902 0.085 4.49 305.0
2457576.50818 20.099 0.119 5.25 363.0
2457576.70148 19.946 0.093 4.90 291.0
2457576.84159 19.800 0.138 7.17 404.0
2457579.69885 20.141 0.131 5.88 330.0
2457581.82191 19.884 0.162 7.97 445.0
2457584.52939 19.861 0.130 5.50 528.0
2457584.67219 19.941 0.123 5.19 469.0
2457589.63049 20.176 0.180 4.86 753.0
2457589.78560 19.899 0.184 5.77 1042.0
2457590.57592 20.227 0.127 3.77 575.0
2457590.72358 20.114 0.133 4.71 533.0
2457593.50058 20.031 0.122 5.82 310.0
2457593.66639 20.021 0.093 4.83 303.0
2457595.56393 19.773 0.133 7.12 358.0
2457596.59310 20.095 0.085 4.03 292.0
2457599.50187 19.806 0.125 5.78 388.0
2457599.56934 20.220 0.176 6.20 340.0
2457599.67865 20.230 0.138 5.01 323.0
2457599.69113 20.088 0.115 4.36 325.0
2457600.51084 20.145 0.179 6.64 350.0
2457600.55136 19.795 0.112 6.09 348.0
2457600.60456 20.002 0.132 5.99 340.0
2457600.73416 19.664 0.096 5.99 624.0
2457601.73195 19.968 0.097 5.14 298.0
2457601.74435 20.203 0.130 5.43 309.0
2457602.57152 19.746 0.098 5.66 327.0
2457602.73253 20.140 0.228 8.52 409.0
2457603.54708 19.919 0.089 4.70 288.0
2457603.69546 20.139 0.096 4.37 271.0
2457604.52391 20.118 0.153 6.01 373.0
2457604.66528 19.827 0.080 5.05 265.0
2457605.50271 20.013 0.121 5.87 299.0
2457605.66900 20.151 0.130 5.35 336.0
2457606.67753 20.061 0.146 6.80 312.0
2457607.58675 20.041 0.117 5.47 290.0
2457607.74558 20.034 0.150 6.79 340.0
2457608.66707 19.983 0.088 3.99 312.0
2457609.52215 20.280 0.196 6.13 394.0
2457609.71279 20.116 0.129 5.37 346.0
2457610.55766 20.256 0.157 5.18 377.0
2457611.51170 19.763 0.129 5.87 519.0
2457612.51200 19.770 0.106 5.19 455.0
2457612.65305 20.234 0.160 5.24 477.0
2457616.51633 19.931 0.149 5.36 652.0
2457616.69590 19.849 0.124 4.80 710.0
2457617.63538 20.348 0.220 5.41 627.0
2457618.52328 19.867 0.142 5.54 621.0
2457618.68533 20.025 0.189 5.82 799.0
2457621.70352 20.044 0.199 7.27 524.0
2457622.65542 20.131 0.106 3.71 391.0
2457623.55288 20.131 0.118 4.88 342.0
2457624.49332 20.163 0.140 5.23 372.0
2457624.68443 20.177 0.148 5.69 397.0
2457625.65675 19.921 0.115 5.90 336.0
2457626.64984 20.058 0.120 5.66 342.0
2457630.62415 20.124 0.136 5.60 337.0
2457631.60142 20.160 0.117 4.91 333.0
2457632.58664 19.956 0.099 4.71 338.0
2457633.62880 20.186 0.164 5.99 366.0
2457635.54532 19.881 0.148 7.23 399.0
2457636.59675 20.286 0.203 6.81 387.0
2457637.58659 20.190 0.119 4.83 337.0
2457638.61301 20.084 0.129 4.80 529.0
2457643.51019 19.719 0.164 7.52 584.0
2457644.56878 20.208 0.278 6.02 997.0
2457647.55126 20.334 0.198 4.99 655.0
2457648.58985 19.809 0.125 4.92 645.0
2457649.61497 20.371 0.172 4.45 643.0
2457650.50065 20.178 0.114 4.65 349.0
2457650.52067 20.110 0.116 5.05 359.0
2457651.51596 20.103 0.131 5.07 451.0
2457651.55999 20.229 0.138 4.52 514.0
2457652.50315 20.150 0.110 4.59 342.0
2457652.58004 20.023 0.105 4.66 423.0
2457653.50259 20.200 0.141 5.47 370.0
2457654.48803 20.163 0.173 6.07 474.0
2457654.50721 19.843 0.116 5.85 432.0
2457655.50392 19.721 0.097 5.93 380.0
2457656.50572 20.419 0.207 5.97 443.0
2457656.53004 20.151 0.169 6.34 413.0
2457657.55618 19.844 0.098 4.76 434.0
2457658.48669 19.835 0.145 6.42 512.0
2457658.51228 19.975 0.111 4.48 417.0
2457659.51431 20.195 0.170 5.85 459.0
2457660.50433 19.893 0.148 6.27 477.0
2457660.55517 19.715 0.125 6.44 487.0
2457661.50591 19.815 0.118 5.97 421.0
2457662.50598 20.211 0.176 5.62 502.0
2457662.52667 19.742 0.129 6.28 513.0
2457664.50470 20.001 0.169 6.34 515.0
2457665.50862 19.862 0.143 6.23 497.0
2457666.50690 19.934 0.145 6.11 501.0
2457666.55330 19.934 0.125 5.44 491.0
2457667.51199 19.803 0.120 5.38 544.0
2457671.49311 19.887 0.162 6.24 669.0
2457672.49452 20.214 0.178 5.50 535.0
2457673.50106 19.887 0.153 5.19 829.0
2457682.49695 19.960 0.161 5.98 681.0
2457683.49617 19.864 0.160 6.22 706.0
2457791.88014 20.080 0.132 4.45 575.0
2457792.88296 19.956 0.153 5.47 760.0
2457793.87443 20.292 0.148 4.43 514.0
2457794.88141 19.777 0.154 6.11 776.0
2457795.88544 20.129 0.201 5.53 819.0
2457798.85536 19.890 0.123 4.92 546.0
2457800.85975 19.993 0.115 4.45 506.0
2457807.85423 20.022 0.119 5.18 372.0
2457810.83119 20.397 0.182 5.24 439.0
2457812.89626 20.138 0.106 3.78 412.0
2457816.82400 20.116 0.128 4.88 413.0
2457818.86706 20.239 0.116 4.07 376.0
2457820.90120 19.806 0.083 4.07 413.0
2457823.80578 20.276 0.171 4.39 674.0
2457825.83788 20.168 0.151 4.90 580.0
2457827.81525 19.953 0.119 4.59 554.0
2457834.80558 20.086 0.121 4.92 383.0
2457834.91560 20.121 0.143 4.50 648.0
2457835.88230 20.035 0.114 5.23 339.0
2457836.83497 20.225 0.151 6.09 326.0
2457837.77155 20.106 0.136 5.96 324.0
2457837.87992 19.973 0.095 4.72 322.0
2457838.82698 20.104 0.105 4.49 360.0
2457839.76266 20.079 0.090 4.08 296.0
2457839.88784 20.251 0.095 3.51 283.0
2457841.75838 20.059 0.178 7.50 339.0
2457841.86910 20.000 0.165 7.29 345.0
2457842.78469 20.264 0.142 5.60 313.0
2457842.89398 20.164 0.122 4.93 337.0
2457843.82563 20.061 0.107 5.02 288.0
2457844.73582 20.077 0.112 5.02 335.0
2457844.85274 19.853 0.116 6.32 318.0
2457845.76004 19.964 0.111 5.46 328.0
2457845.87767 20.188 0.118 4.85 311.0
2457846.80794 20.141 0.111 4.86 297.0
2457846.91705 20.146 0.129 4.94 376.0
2457847.81863 20.074 0.112 4.82 321.0
2457848.72492 20.213 0.153 5.30 427.0
2457848.83182 20.071 0.108 5.12 298.0
2457849.73749 19.941 0.117 5.23 437.0
2457849.85478 20.185 0.094 3.75 310.0
2457850.74965 19.833 0.114 5.15 448.0
2457850.86845 19.940 0.087 4.35 326.0
2457851.76739 19.850 0.127 5.71 471.0
2457851.88752 20.139 0.117 4.96 320.0
2457852.87370 20.196 0.163 6.27 369.0
2457853.92631 19.933 0.224 7.05 832.0
2457854.80736 19.825 0.093 4.01 536.0
2457854.92038 20.232 0.131 3.42 638.0
2457855.82874 19.852 0.118 4.51 611.0
2457856.72687 20.297 0.261 6.40 667.0
2457856.83940 19.980 0.199 7.20 582.0
2457857.86676 20.029 0.215 6.92 637.0
2457862.68851 20.189 0.153 5.53 419.0
2457862.79848 20.059 0.129 5.17 389.0
2457862.92264 19.944 0.106 4.58 420.0
2457863.89258 20.047 0.108 4.45 384.0
2457864.85085 20.209 0.104 4.15 335.0
2457865.70731 19.822 0.082 4.46 340.0
2457865.82658 20.083 0.085 3.46 359.0
2457866.70303 20.146 0.111 4.31 354.0
2457866.83052 20.352 0.106 3.64 338.0
2457867.70632 20.022 0.090 3.89 345.0
2457867.83461 20.076 0.076 3.31 310.0
2457868.76242 19.849 0.118 5.76 361.0
2457868.90251 20.024 0.178 7.30 425.0
2457869.76207 20.083 0.096 4.19 328.0
2457869.89390 20.221 0.104 3.47 400.0
2457870.77365 19.976 0.071 3.44 310.0
2457870.90469 19.899 0.084 3.87 357.0
2457871.78834 20.141 0.090 3.46 351.0
2457871.93131 20.181 0.152 3.70 896.0
2457872.79830 20.186 0.084 3.15 343.0
2457872.93658 19.919 0.194 3.80 2266.0
2457873.76731 20.172 0.087 3.26 335.0
2457873.90287 20.207 0.124 4.31 398.0
2457874.73606 20.244 0.191 6.59 375.0
2457874.85882 20.092 0.126 4.74 431.0
2457875.81502 20.043 0.088 3.75 684.0
2457875.92671 20.054 0.123 4.69 486.0
2457876.74042 20.032 0.103 4.23 412.0
2457876.87743 19.878 0.122 5.59 431.0
2457877.70101 20.193 0.115 4.02 403.0
2457877.83319 20.131 0.102 3.58 436.0
2457878.73894 20.040 0.085 3.40 411.0
2457878.87417 20.100 0.092 3.56 398.0
2457879.69846 20.169 0.168 5.81 455.0
2457879.85104 19.800 0.123 6.25 406.0
2457880.84912 20.234 0.212 6.79 473.0
2457881.80525 19.988 0.133 5.06 516.0
2457881.92602 19.943 0.170 6.58 581.0
2457882.80302 20.279 0.183 5.32 556.0
2457890.69771 20.020 0.199 6.98 511.0
2457890.85560 20.004 0.126 4.53 582.0
2457893.67639 20.116 0.140 5.77 365.0
2457893.80512 20.085 0.127 5.10 389.0
2457893.91481 20.250 0.184 5.68 507.0
2457894.66017 20.117 0.128 5.02 411.0
2457894.78792 20.137 0.104 4.12 364.0
2457894.89732 19.989 0.119 4.79 443.0
2457895.76167 19.718 0.078 4.54 422.0
2457897.70136 20.111 0.144 5.66 365.0
2457900.91582 19.828 0.163 7.62 469.0
2457901.63696 20.262 0.144 5.31 349.0
2457901.79233 20.061 0.114 4.77 367.0
2457902.62772 19.885 0.133 6.43 383.0
2457902.75043 19.979 0.094 4.32 360.0
2457902.92576 19.959 0.213 7.50 665.0
2457903.79653 19.927 0.129 6.41 348.0
2457904.65585 20.216 0.146 5.72 341.0
2457904.78432 19.988 0.093 4.47 307.0
2457904.89371 20.002 0.141 5.96 432.0
2457905.62271 19.956 0.102 4.86 362.0
2457905.74996 20.017 0.082 3.61 349.0
2457905.86260 20.132 0.139 4.72 485.0
2457906.57118 20.160 0.155 5.21 501.0
2457906.68939 19.949 0.078 3.48 378.0
2457906.81163 19.965 0.106 4.44 451.0
2457906.92055 19.711 0.114 5.19 708.0
2457907.68754 19.926 0.097 4.15 455.0
2457907.81880 19.994 0.118 4.56 580.0
2457908.63450 20.086 0.145 5.06 516.0
2457908.76389 19.867 0.111 4.74 508.0
2457909.56548 19.952 0.176 5.82 806.0
2457909.68556 19.996 0.104 3.96 475.0
2457909.79659 20.270 0.155 3.88 686.0
2457909.90245 19.882 0.113 4.61 600.0
2457910.58275 20.021 0.161 5.47 620.0
2457910.70075 19.850 0.088 3.98 468.0
2457910.82291 20.191 0.129 4.06 542.0
2457911.55266 19.933 0.217 6.57 993.0
2457911.65808 19.844 0.113 4.61 618.0
2457911.82759 20.033 0.227 6.95 754.0
2457916.61086 18.797 0.042 4.06 696.0
2457916.70519 18.792 0.044 4.23 691.0
2457916.80923 18.705 0.042 4.13 694.0
2457916.90448 18.539 0.077 5.94 1984.0
2457917.64230 18.590 0.036 4.78 475.0
2457917.75748 18.796 0.037 3.76 519.0
2457917.86430 18.919 0.063 5.58 749.0
2457918.61917 19.427 0.095 5.98 583.0
2457922.61890 19.845 0.100 5.17 377.0
2457922.74897 20.007 0.148 6.02 427.0
2457923.61836 19.780 0.091 5.11 375.0
2457923.75547 19.770 0.130 7.36 434.0
2457923.87493 20.016 0.199 7.33 522.0
2457924.54115 20.284 0.159 5.25 417.0
2457924.64661 19.653 0.078 4.95 345.0
2457924.77550 19.909 0.097 4.50 376.0
2457924.87753 19.839 0.108 4.86 576.0
2457925.67285 19.934 0.078 3.92 300.0
2457925.81005 19.981 0.134 6.18 350.0
2457926.57936 19.916 0.132 6.42 361.0
2457926.72751 19.864 0.128 6.42 379.0
2457928.57699 19.867 0.113 5.74 397.0
2457932.60823 19.984 0.117 5.38 357.0
2457932.73287 20.269 0.139 5.19 330.0
2457933.51742 20.165 0.200 7.27 392.0
2457933.59884 19.993 0.139 6.48 342.0
2457933.72065 20.084 0.132 6.19 306.0
2457934.53447 20.126 0.137 5.45 393.0
2457934.65061 20.044 0.112 4.98 344.0
2457934.76482 20.274 0.153 5.35 382.0
2457935.50390 19.867 0.110 5.10 468.0
2457935.63253 20.164 0.118 4.67 326.0
2457935.74483 20.169 0.108 4.41 305.0
2457935.86396 20.207 0.140 5.11 391.0
2457936.49020 20.122 0.153 5.20 474.0
2457936.60673 20.066 0.118 5.24 330.0
2457936.74223 19.970 0.114 5.54 314.0
2457936.85863 20.008 0.165 7.28 389.0
2457937.54794 19.952 0.131 5.36 477.0
2457937.65861 19.887 0.105 5.25 380.0
2457937.79029 20.057 0.122 5.53 330.0
2457938.57063 19.979 0.147 5.95 468.0
2457944.46871 19.980 0.195 5.94 901.0
2457944.52152 20.114 0.178 5.07 736.0
2457944.56291 20.066 0.144 4.45 670.0
2457944.61334 20.208 0.159 4.50 628.0
2457944.66335 20.470 0.213 4.86 564.0
2457944.72353 20.270 0.187 5.23 620.0
2457944.77278 20.401 0.191 4.54 661.0
2457945.48038 20.109 0.165 5.62 566.0
2457945.58002 20.089 0.129 4.69 475.0
2457945.69115 20.254 0.114 3.78 432.0
2457945.80137 20.115 0.144 4.64 618.0
2457946.51338 20.227 0.132 4.74 358.0
2457946.63481 19.904 0.108 5.04 403.0
2457946.76322 19.891 0.123 5.44 429.0
2457947.51435 19.868 0.122 6.43 331.0
2457947.61792 20.084 0.139 5.89 364.0
2457947.77864 20.213 0.154 5.30 455.0
2457948.50720 20.063 0.124 5.47 341.0
2457948.64070 20.139 0.146 5.33 426.0
2457948.77534 19.880 0.112 5.26 463.0
2457949.56645 19.910 0.155 5.95 613.0
2457949.68982 19.586 0.118 6.53 478.0
2457952.70783 19.981 0.130 6.14 323.0
2457953.47796 20.090 0.161 6.00 456.0
2457953.60999 20.065 0.113 5.15 325.0
2457953.73500 19.956 0.093 5.00 286.0
2457954.48979 20.350 0.163 4.80 572.0
2457954.63356 20.139 0.108 4.47 304.0
2457954.76919 20.230 0.129 4.53 392.0
2457955.79906 20.006 0.138 6.52 402.0
2457956.60430 20.156 0.093 3.73 298.0
2457956.73552 20.065 0.115 4.84 360.0
2457957.66063 20.425 0.182 5.79 346.0
2457958.57544 20.344 0.220 6.73 425.0
2457958.66610 20.014 0.157 8.33 355.0
2457958.78404 20.179 0.231 8.57 417.0
2457959.53237 19.781 0.084 4.67 356.0
2457959.65014 20.125 0.104 4.64 310.0
2457959.76626 20.059 0.137 6.42 351.0
2457960.51962 20.308 0.139 5.02 327.0
2457960.65528 20.205 0.122 5.48 280.0
2457960.78105 20.257 0.157 6.00 351.0
2457961.60090 19.991 0.102 5.10 356.0
2457961.70762 19.952 0.100 4.98 409.0
2457962.52800 20.260 0.137 4.94 366.0
2457963.61905 20.324 0.126 4.35 375.0
2457964.59470 20.312 0.141 4.64 376.0
2457964.73446 19.837 0.120 6.25 461.0
2457965.67794 20.094 0.116 4.50 409.0
2457966.55163 19.950 0.152 6.77 428.0
2457966.64893 19.982 0.126 5.76 361.0
2457967.68492 19.851 0.137 6.19 483.0
2457967.74209 19.799 0.175 7.87 552.0
2457971.51422 20.592 0.261 5.04 685.0
2457971.60303 20.002 0.162 5.47 610.0
2457971.64292 20.317 0.174 4.45 635.0
2457971.69376 20.103 0.159 4.61 730.0
2457971.73402 20.041 0.178 4.83 894.0
2457972.52595 19.807 0.198 7.80 655.0
2457972.56482 19.831 0.185 7.52 617.0
2457972.61920 20.105 0.193 5.82 631.0
2457972.66691 19.912 0.170 5.64 670.0
2457972.72221 19.822 0.150 5.11 808.0
2457973.54133 19.990 0.215 7.38 619.0
2457973.66637 20.166 0.182 5.27 698.0
2457974.53100 19.910 0.106 4.49 447.0
2457974.64683 20.098 0.133 4.52 491.0
2457975.47643 19.788 0.147 7.05 458.0
2457979.52680 19.940 0.095 4.59 356.0
2457979.64617 20.026 0.091 3.92 389.0
2457980.58053 19.701 0.112 5.51 486.0
2457981.47875 19.962 0.172 6.49 553.0
2457981.63253 20.050 0.111 4.24 444.0
2457982.54204 20.116 0.135 5.29 347.0
2457982.65297 20.168 0.137 5.13 380.0
2457983.58067 20.300 0.141 4.55 379.0
2457984.48954 19.953 0.148 6.73 391.0
2457984.60726 20.238 0.144 5.18 361.0
2457985.53728 20.414 0.276 7.61 424.0
2457986.49283 20.215 0.113 4.23 392.0
2457986.63272 20.045 0.101 4.58 344.0
2457987.55994 20.087 0.103 4.06 395.0
2457990.47892 20.173 0.160 5.50 468.0
2457990.61116 19.990 0.125 5.62 386.0
2457991.53068 19.918 0.122 5.73 409.0
2457991.65993 20.041 0.147 6.20 404.0
2457992.57599 19.984 0.107 4.92 377.0
2457993.51288 20.297 0.178 5.45 443.0
2457993.62315 19.963 0.119 5.73 366.0
2457994.55711 20.449 0.278 6.23 673.0
2457998.52286 20.195 0.148 4.41 566.0
2457998.57113 19.827 0.145 4.55 1103.0
2457998.61464 19.996 0.178 4.86 1145.0
2458000.49556 19.835 0.135 5.78 526.0
2458000.54908 20.170 0.168 5.38 547.0
2458000.59087 19.904 0.153 6.04 611.0
2458001.48094 20.070 0.159 5.13 608.0
2458001.59181 20.207 0.173 5.34 576.0
2458003.60648 20.498 0.285 5.93 609.0
2458004.59459 20.110 0.185 6.41 530.0
2458007.55888 20.118 0.190 7.11 423.0
2458008.57685 19.830 0.132 7.04 403.0
2458011.51736 19.852 0.168 7.23 448.0
2458012.54171 20.107 0.124 4.52 495.0
2458013.54511 20.236 0.139 4.64 472.0
2458014.55412 20.133 0.138 5.25 429.0
2458015.55245 19.944 0.151 6.82 421.0
2458016.56098 20.199 0.169 6.39 383.0
2458018.49140 20.054 0.142 5.34 458.0
2458019.52922 20.077 0.105 4.24 400.0
2458020.56318 20.061 0.132 4.73 426.0
2458026.52622 20.075 0.205 4.81 1214.0
2458030.51879 19.823 0.111 4.01 727.0
2458040.49979 19.920 0.192 6.81 630.0
