2458346.727899 22.031132 0.006638
2458347.220966 22.033308 0.006651
2458347.714033 22.043429 0.006713
2458348.217627 22.049250 0.006749
2458348.710694 22.046751 0.006734
2458349.203761 22.036134 0.006668
2458349.707355 22.032309 0.006645
2458350.200422 22.029101 0.006625
2458350.693489 22.033523 0.006652
2458351.197082 22.046209 0.006731
2458351.690150 22.033594 0.006653
2458352.183217 22.038967 0.006686
2458352.686810 22.035848 0.006667
2458353.179877 22.029137 0.006626
2458353.672944 22.038860 0.006685
2458354.176538 22.033916 0.006655
2458354.669605 22.033094 0.006650
2458355.162672 22.034345 0.006657
2458355.666266 22.035597 0.006665
2458356.159333 22.038608 0.006684
2458356.652400 22.045848 0.006728
2458357.155994 22.030276 0.006633
2458357.649061 22.035347 0.006664
2458358.142128 22.038249 0.006681
2458358.645721 22.044692 0.006721
2458359.138788 22.037747 0.006678
2458359.631856 22.041304 0.006700
2458360.135449 22.028710 0.006623
2458360.628516 22.039650 0.006690
2458361.121583 22.038931 0.006686
2458361.625177 22.039578 0.006690
2458362.118244 22.038860 0.006685
2458362.611311 22.033058 0.006650
2458363.114905 22.044692 0.006721
2458363.607972 22.037639 0.006678
2458364.101039 22.031346 0.006639
2458364.604632 22.037962 0.006680
2458365.097700 22.028781 0.006623
2458365.590767 22.040333 0.006694
2458366.094360 22.050882 0.006760
2458366.587427 22.042924 0.006710
2458367.080494 22.039434 0.006689
2458367.584088 22.037317 0.006676
2458368.077155 22.025407 0.006603
2458368.570222 22.028283 0.006620
2458369.073816 22.043609 0.006714
2458369.566883 22.040153 0.006693
2458370.059950 22.043141 0.006712
2458370.563544 22.038895 0.006685
2458371.056611 22.040153 0.006693
2458371.549678 22.048742 0.006746
2458372.053271 22.025726 0.006605
2458372.546338 22.029778 0.006629
2458373.039406 22.030276 0.006633
2458373.542999 22.039147 0.006687
2458374.036066 22.040800 0.006697
2458374.529133 22.047475 0.006738
2458375.032727 22.038393 0.006682
2458375.525794 22.031809 0.006642
2458376.018861 22.041160 0.006699
2458376.522455 22.032773 0.006648
2458377.015522 22.037675 0.006678
2458377.508589 22.039398 0.006689
2458378.012182 22.048742 0.006746
2458378.505250 22.030739 0.006635
2458378.998317 22.043573 0.006714
2458379.501910 22.040800 0.006697
2458379.994977 22.037675 0.006678
2458380.488044 22.031452 0.006640
2458380.991638 22.041088 0.006699
2458381.484705 22.031809 0.006642
2458381.977772 22.050156 0.006755
2458382.481366 22.043321 0.006713
2458382.974433 21.940577 0.006361
2458383.467500 20.395904 0.003159
2458383.971094 19.321571 0.002097
2458384.464161 19.321983 0.002097
2458384.957228 19.322068 0.002098
2458385.460821 19.322618 0.002099
2458385.953888 19.325960 0.002105
2458386.446956 19.319832 0.002093
2458386.950549 19.322283 0.002098
2458387.443616 19.319216 0.002092
2458387.936683 19.321586 0.002097
2458388.440277 19.324034 0.002101
2458388.933344 19.320149 0.002094
2458389.426411 19.513023 0.002245
2458389.930005 19.809112 0.002495
2458390.423072 20.101271 0.002806
2458390.916139 20.369736 0.003123
2458391.419732 20.636471 0.003501
2458391.912800 20.869490 0.003863
2458392.405867 21.088744 0.004261
2458392.909460 21.293526 0.004689
2458393.402527 21.462469 0.005067
2458393.895594 21.606162 0.005416
2458394.399188 21.725266 0.005718
2458394.892255 21.834754 0.006054
2458395.385322 21.920591 0.006328
2458395.888916 21.978354 0.006491
2458396.381983 22.030882 0.006671
2458396.875050 22.036851 0.006673
2458397.378644 22.040764 0.006697
2458397.871711 22.045378 0.006725
2458398.364778 22.039183 0.006687
2458398.868371 22.048344 0.006744
2458399.361438 22.048634 0.006746
2458399.854506 22.042096 0.006705
2458400.358099 22.035633 0.006665
2458400.851166 22.032059 0.006643
2458401.344233 22.041412 0.006701
2458401.847827 22.042456 0.006707
2458402.340894 22.038213 0.006681
2458402.833961 22.038608 0.006684
2458403.337555 22.039506 0.006689
2458403.830622 22.041484 0.006701
2458404.323689 22.036887 0.006673
2458404.827282 22.038572 0.006683
2458405.320350 22.051282 0.006762
2458405.813417 22.045920 0.006729
2458406.317010 22.028603 0.006622
2458406.810077 22.042636 0.006708
2458407.303144 22.041556 0.006702
2458407.806738 22.039362 0.006688
2458408.299805 22.036994 0.006674
2458408.792872 22.051645 0.006764
2458409.296466 22.034953 0.006661
2458409.789533 22.039614 0.006690
2458410.282600 22.045992 0.006729
2458410.786194 22.046354 0.006731
2458411.279261 22.038106 0.006681
2458411.772328 22.043501 0.006714
2458412.275921 22.039614 0.006690
2458412.768988 22.042240 0.006706
2458413.262056 22.051427 0.006763
2458413.765649 22.030134 0.006632
2458414.258716 22.051028 0.006761
2458414.751783 22.054446 0.006782
2458415.255377 22.037424 0.006676
2458415.748444 22.038680 0.006684
2458416.241511 22.050664 0.006758
2458416.745105 22.050701 0.006758
2458417.238172 22.039506 0.006689
2458417.731239 22.031203 0.006638
2458418.234832 22.036063 0.006668
2458526.481367 22.043429 0.006713
2458526.984960 22.026010 0.006607
2458527.478027 22.041844 0.006704
2458527.971094 22.057181 0.006799
2458528.474688 22.046715 0.006734
2458528.967755 22.045270 0.006725
2458529.460822 22.050120 0.006755
2458529.964416 22.049612 0.006752
2458530.457483 22.030953 0.006637
2458530.950550 22.041232 0.006700
2458531.454144 22.032023 0.006643
2458531.947211 22.043213 0.006712
2458532.440278 22.036600 0.006671
2458532.943871 22.041448 0.006701
2458533.436938 22.031880 0.006642
2458533.930006 22.045450 0.006726
2458534.433599 22.031452 0.006640
2458534.926666 22.054118 0.006780
2458535.419733 22.035991 0.006668
2458535.923327 22.048416 0.006744
2458536.416394 22.034023 0.006655
2458536.909461 22.040512 0.006695
2458537.413055 22.033916 0.006655
2458537.906122 22.026223 0.006608
2458538.399189 22.030454 0.006634
2458538.902782 22.045270 0.006725
2458539.395850 22.039722 0.006690
2458539.888917 22.038285 0.006682
2458540.392510 22.031845 0.006642
2458540.885577 22.052881 0.006772
2458541.378644 22.049177 0.006749
2458541.882238 22.047765 0.006740
2458542.375305 22.043105 0.006711
2458542.868372 22.038680 0.006684
2458543.371966 22.053572 0.006776
2458543.865033 22.036743 0.006672
2458544.358100 22.042204 0.006706
2458544.861694 22.041016 0.006698
2458545.354761 22.048706 0.006746
2458545.847828 22.031631 0.006641
2458546.351421 22.032951 0.006649
2458546.844488 22.039578 0.006690
2458547.337556 22.055357 0.006788
2458547.841149 22.056378 0.006794
2458548.334216 22.035919 0.006667
2458548.827283 22.043393 0.006713
2458549.330877 22.019501 0.006567
2458549.823944 22.038644 0.006684
2458550.317011 22.036063 0.006668
2458550.820605 22.056999 0.006798
2458551.313672 22.044945 0.006723
2458551.806739 22.032630 0.006647
2458552.310332 22.032237 0.006645
2458552.803400 22.034774 0.006660
2458553.296467 22.036994 0.006674
2458553.800060 22.042852 0.006710
2458554.293127 22.040728 0.006697
2458554.786194 22.044836 0.006722
2458555.289788 22.040800 0.006697
2458555.782855 22.031060 0.006637
2458556.275922 22.052845 0.006772
2458556.779516 22.048199 0.006743
2458557.272583 22.034130 0.006656
2458557.765650 22.043573 0.006714
2458558.269244 22.054628 0.006783
2458558.762311 22.035096 0.006662
2458559.255378 22.037460 0.006677
2458559.758971 22.040333 0.006694
2458560.252038 22.045017 0.006723
2458560.745106 22.032416 0.006646
2458561.248699 22.036457 0.006670
2458561.741766 22.054774 0.006784
2458562.234833 22.031346 0.006639
2458562.738427 22.043754 0.006715
2458563.231494 22.030989 0.006637
2458563.724561 22.031452 0.006640
2458564.228155 22.032951 0.006649
2458564.721222 22.040117 0.006693
2458565.214289 22.043898 0.006716
2458565.717882 22.047366 0.006738
2458566.210950 22.035382 0.006664
2458566.704017 22.036385 0.006670
2458567.207610 22.042600 0.006708
2458567.700677 22.035776 0.006666
2458568.193744 22.040656 0.006696
2458568.697338 22.046571 0.006733
2458569.190405 22.035848 0.006667
2458569.683472 22.044475 0.006720
2458570.187066 22.041844 0.006704
2458570.680133 22.034416 0.006658
2458571.173200 22.026294 0.006608
2458571.676794 22.040980 0.006698
2458572.169861 22.039614 0.006690
2458572.662928 22.056232 0.006793
2458573.166521 22.039326 0.006688
2458573.659588 22.038429 0.006683
2458574.152656 22.043213 0.006712
2458574.656249 22.034452 0.006658
2458575.149316 22.042024 0.006705
2458575.642383 22.022786 0.006587
2458576.145977 22.043105 0.006711
2458576.639044 22.037245 0.006675
2458577.132111 22.036779 0.006672
2458577.635705 22.026258 0.006608
2458578.128772 22.041880 0.006704
2458578.621839 22.039326 0.006688
2458579.125432 22.044836 0.006722
2458579.618500 22.039901 0.006692
2458580.111567 22.040584 0.006696
2458580.615160 22.046426 0.006732
2458581.108227 22.039291 0.006688
2458581.601294 22.043105 0.006711
2458582.104888 22.034631 0.006659
2458582.597955 22.041340 0.006700
2458583.091022 22.042276 0.006706
2458583.594616 22.049250 0.006749
2458584.087683 22.045270 0.006725
2458584.580750 22.033952 0.006655
2458585.084344 22.037926 0.006679
2458585.577411 22.032487 0.006646
2458586.070478 22.033630 0.006653
2458586.574071 22.037891 0.006679
2458587.067138 22.035311 0.006663
2458587.560206 22.039973 0.006692
2458588.063799 22.051318 0.006762
2458588.556866 22.052190 0.006768
2458589.049933 22.032130 0.006644
2458589.553527 22.047258 0.006737
2458590.046594 22.049540 0.006751
2458590.539661 22.044692 0.006721
2458591.043255 22.036421 0.006670
2458591.536322 22.034238 0.006657
2458592.029389 22.039147 0.006687
2458592.532982 22.023954 0.006594
2458593.026050 22.040872 0.006698
2458593.519117 22.030882 0.006636
2458594.022710 22.039865 0.006691
2458594.515777 22.030633 0.006635
2458595.008844 22.040584 0.006696
2458595.512438 22.050810 0.006759
2458596.005505 22.040908 0.006698
2458596.498572 22.034631 0.006659
2458597.002166 22.034488 0.006658
2458597.495233 22.029706 0.006629
2458597.988300 22.048235 0.006743
2458712.204272 22.040441 0.006695
2458712.697339 22.046426 0.006732
2458713.200932 22.029813 0.006630
2458713.694000 22.038788 0.006685
2458714.187067 22.046968 0.006735
2458714.690660 22.039398 0.006689
2458715.183727 22.043682 0.006715
2458715.676794 22.043862 0.006716
2458716.180388 22.043069 0.006711
2458716.673455 22.041016 0.006698
2458717.166522 22.042240 0.006706
2458717.670116 22.048453 0.006745
2458718.163183 22.037639 0.006678
2458718.656250 22.037998 0.006680
2458719.159844 22.027857 0.006618
2458719.652911 22.033451 0.006652
2458720.145978 22.041952 0.006704
2458720.649571 22.045089 0.006724
2458721.142638 22.037030 0.006674
2458721.635706 22.026897 0.006612
2458722.139299 22.032808 0.006648
2458722.632366 22.031880 0.006642
2458723.125433 22.047801 0.006740
2458723.629027 22.054264 0.006781
2458724.122094 22.037639 0.006678
2458724.615161 22.046607 0.006733
2458725.118755 22.043105 0.006711
2458725.611822 22.045775 0.006728
2458726.104889 22.031631 0.006641
2458726.608482 22.035991 0.006668
2458727.101550 22.051572 0.006764
2458727.594617 22.035561 0.006665
2458728.098210 22.035275 0.006663
2458728.591277 22.034559 0.006659
2458729.084344 22.034881 0.006661
2458729.587938 22.039973 0.006692
2458730.081005 22.040369 0.006694
2458730.574072 22.033987 0.006655
2458731.077666 22.032202 0.006644
2458731.570733 22.037891 0.006679
2458732.063800 22.034667 0.006659
2458732.567394 22.038895 0.006685
2458733.060461 22.029030 0.006625
2458733.553528 22.033380 0.006652
2458734.057121 22.038895 0.006685
2458734.550188 22.039758 0.006691
2458735.043256 22.046173 0.006730
2458735.546849 22.037926 0.006679
2458736.039916 22.038895 0.006685
2458736.532983 22.046751 0.006734
2458737.036577 22.034202 0.006657
2458737.529644 22.035060 0.006662
2458738.022711 22.041376 0.006701
2458738.526305 22.041016 0.006698
2458739.019372 22.039362 0.006688
2458739.512439 22.028248 0.006620
2458740.016032 22.048380 0.006744
2458740.509100 22.037998 0.006680
2458741.002167 22.038716 0.006684
2458741.505760 22.038824 0.006685
2458741.998827 22.044042 0.006717
2458742.491894 22.024698 0.006599
2458742.995488 22.037855 0.006679
2458743.488555 22.037424 0.006676
2458743.981622 22.053536 0.006776
2458744.485216 22.040584 0.006696
2458744.978283 22.025975 0.006606
2458745.471350 22.047982 0.006742
2458745.974944 22.037926 0.006679
2458746.468011 22.052263 0.006768
2458746.961078 22.044620 0.006721
2458747.464671 22.038142 0.006681
2458747.957738 22.039183 0.006687
2458748.450806 22.038321 0.006682
2458748.954399 22.051209 0.006762
2458749.447466 22.031631 0.006641
2458749.940533 22.035955 0.006667
2458750.444127 22.032880 0.006648
2458750.937194 22.038931 0.006686
2458751.430261 22.039003 0.006686
2458751.933855 22.031132 0.006638
2458752.426922 22.040225 0.006694
2458752.919989 22.045414 0.006726
2458753.423582 22.051100 0.006761
2458753.916650 22.037460 0.006677
2458754.409717 22.038608 0.006684
2458754.913310 22.041232 0.006700
2458755.406377 22.040908 0.006698
2458755.899444 22.046788 0.006734
2458756.403038 22.037209 0.006675
2458756.896105 22.047946 0.006741
2458757.389172 22.038824 0.006685
2458757.892766 22.035561 0.006665
2458758.385833 22.036063 0.006668
2458758.878900 22.034238 0.006657
2458759.382494 22.037102 0.006674
2458759.875561 22.034238 0.006657
2458760.368628 22.045811 0.006728
2458760.872221 22.039865 0.006691
2458761.365288 22.054992 0.006785
2458761.858356 22.050628 0.006758
2458762.361949 22.050011 0.006754
2458762.855016 22.035704 0.006666
2458763.348083 22.037245 0.006675
2458763.851677 22.035275 0.006663
2458764.344744 22.030953 0.006637
2458764.837811 22.034881 0.006661
2458765.341405 22.039829 0.006691
2458765.834472 22.041844 0.006704
2458766.327539 22.038752 0.006685
2458766.831132 22.036098 0.006668
2458767.324200 22.051609 0.006764
2458767.817267 22.045884 0.006729
2458768.320860 22.053791 0.006778
2458768.813927 22.051100 0.006761
2458769.306994 22.044728 0.006721
2458769.810588 22.051463 0.006763
2458770.303655 22.044908 0.006723
2458770.796722 22.045884 0.006729
2458771.300316 22.050120 0.006755
2458771.793383 22.039901 0.006692
2458772.286450 22.034095 0.006656
2458772.790044 22.041448 0.006701
2458773.283111 22.030953 0.006637
2458773.776178 22.039865 0.006691
2458774.279771 22.044800 0.006722
2458774.772838 22.041628 0.006702
2458775.265906 22.030241 0.006632
2458775.769499 22.036636 0.006672
2458776.262566 22.046607 0.006733
2458776.755633 22.033523 0.006652
2458777.259227 22.050374 0.006756
2458777.752294 22.048453 0.006745
2458778.245361 22.036457 0.006670
2458778.748955 22.058606 0.006808
2458779.242022 22.032916 0.006649
2458779.735089 22.040225 0.006694
2458780.238682 22.027928 0.006618
2458780.731750 22.033380 0.006652
2458781.224817 22.036242 0.006669
2458781.728410 22.039686 0.006690
2458782.221477 22.036994 0.006674
2458782.714544 22.041772 0.006703
2458783.218138 22.042744 0.006709
2458783.711205 22.031524 0.006640
2459622.427944 22.045920 0.006729
2459622.921011 22.042312 0.006706
2459623.424605 22.045342 0.006725
2459623.917672 22.034559 0.006659
2459624.410739 22.035418 0.006664
2459624.914332 22.030383 0.006633
2459625.407400 22.050737 0.006759
2459625.900467 22.041844 0.006704
2459626.404060 22.050773 0.006759
2459626.897127 22.050374 0.006756
2459627.390194 22.033916 0.006655
2459627.893788 22.036313 0.006670
2459628.386855 22.041988 0.006704
2459628.879922 22.033273 0.006651
2459629.383516 22.035740 0.006666
2459629.876583 22.038249 0.006681
2459630.369650 22.048018 0.006742
2459630.873244 22.053281 0.006775
2459631.366311 22.047330 0.006738
2459631.859378 22.030918 0.006636
2459632.362971 22.028923 0.006624
2459632.856038 22.050410 0.006757
2459633.349106 22.042276 0.006706
2459633.852699 22.029529 0.006628
2459634.345766 22.049757 0.006753
2459634.838833 22.039650 0.006690
2459635.342427 22.032630 0.006647
2459635.835494 22.035740 0.006666
2459636.328561 22.041808 0.006703
2459636.832155 22.038680 0.006684
2459637.325222 22.040908 0.006698
2459637.818289 22.050048 0.006754
2459638.321882 22.039003 0.006686
2459638.814950 22.036421 0.006670
2459639.308017 22.041124 0.006699
2459639.811610 22.046643 0.006733
2459640.304677 22.051391 0.006763
2459640.797744 22.040045 0.006692
2459641.301338 22.029101 0.006625
2459641.794405 22.036779 0.006672
2459642.287472 22.035883 0.006667
2459642.791066 22.057291 0.006800
2459643.284133 22.039758 0.006691
2459643.777200 22.033559 0.006653
2459644.280794 22.033701 0.006654
2459644.773861 22.045270 0.006725
2459645.266928 22.039758 0.006691
2459645.770521 22.047330 0.006738
2459646.263588 22.031702 0.006641
2459646.756656 22.028390 0.006621
2459647.260249 22.037891 0.006679
2459647.753316 22.036743 0.006672
2459648.246383 22.033987 0.006655
2459648.749977 22.051427 0.006763
2459649.243044 22.042132 0.006705
2459649.736111 22.045053 0.006723
2459650.239705 22.043105 0.006711
2459650.732772 22.046426 0.006732
2459651.225839 22.029386 0.006627
2459651.729432 22.044908 0.006723
2459652.222500 22.033058 0.006650
2459652.715567 22.034524 0.006659
2459653.219160 22.044836 0.006722
2459653.712227 22.046715 0.006734
2459654.205294 22.044584 0.006721
2459654.708888 22.055393 0.006788
2459655.201955 22.033773 0.006654
2459655.695022 22.039075 0.006687
2459656.198616 22.030027 0.006631
2459656.691683 22.049757 0.006753
2459657.184750 22.053136 0.006774
2459657.688344 22.029564 0.006628
2459658.181411 22.042708 0.006709
2459658.674478 22.045956 0.006729
2459659.178071 22.034738 0.006660
2459659.671138 22.038536 0.006683
2459660.164206 22.038788 0.006685
2459660.667799 22.040800 0.006697
2459661.160866 22.037675 0.006678
2459661.653933 22.032130 0.006644
2459662.157527 22.034810 0.006660
2459662.650594 22.047547 0.006739
2459663.143661 22.029137 0.006626
2459663.647255 22.048489 0.006745
2459664.140322 22.049540 0.006751
2459664.633389 22.043357 0.006713
2459665.136982 22.037102 0.006674
2459665.630050 22.032844 0.006648
2459666.123117 22.034524 0.006659
2459666.626710 22.041232 0.006700
2459667.119777 22.034738 0.006660
2459667.612844 22.037388 0.006676
2459668.116438 22.033130 0.006650
2459668.609505 22.038788 0.006685
2459669.102572 22.033308 0.006651
2459669.606166 22.042348 0.006707
2459670.099233 22.045125 0.006724
2459670.592300 22.041016 0.006698
2459671.095894 22.032237 0.006645
2459671.588961 22.038034 0.006680
2459672.082028 22.044223 0.006718
2459672.585621 22.042996 0.006711
2459673.078688 22.032202 0.006644
2459673.571756 22.039219 0.006687
2459674.075349 22.043790 0.006716
2459674.568416 22.039362 0.006688
2459675.061483 22.034881 0.006661
2459675.565077 22.037388 0.006676
2459676.058144 22.051391 0.006763
2459676.551211 22.044439 0.006720
2459677.054805 22.032237 0.006645
2459677.547872 22.042204 0.006706
2459678.040939 22.043501 0.006714
2459678.544532 22.030526 0.006634
2459679.037600 22.039686 0.006690
2459679.530667 22.034989 0.006661
2459680.034260 22.041412 0.006701
2459680.527327 22.033594 0.006653
2459681.020394 22.045595 0.006727
2459681.523988 22.035311 0.006663
2459682.017055 22.042492 0.006708
2459682.510122 22.036242 0.006669
2459683.013716 22.051899 0.006766
2459683.506783 22.039865 0.006691
2459683.999850 22.043069 0.006711
2459684.503444 22.033666 0.006653
2459684.996511 22.041052 0.006699
2459685.489578 22.033094 0.006650
2459685.993171 22.049141 0.006749
2459686.486238 22.034095 0.006656
2459686.979306 22.046101 0.006730
2459687.482899 22.032273 0.006645
2459687.975966 22.054082 0.006780
2459688.469033 22.035740 0.006666
2459688.972627 22.039434 0.006689
2459689.465694 22.043934 0.006717
2459689.958761 22.055831 0.006791
2459690.462355 22.055065 0.006786
2459690.955422 22.037102 0.006674
2459691.448489 22.040009 0.006692
2459691.952082 22.038106 0.006681
2459692.445150 22.029493 0.006628
2459692.938217 22.052117 0.006767
2459693.441810 22.037675 0.006678
2459693.934877 22.042924 0.006710
2459807.647256 22.032951 0.006649
2459808.150849 22.035740 0.006666
2459808.643916 22.044511 0.006720
2459809.136983 22.038357 0.006682
2459809.640577 22.024698 0.006599
2459810.133644 22.039722 0.006690
2459810.626711 22.040620 0.006696
2459811.130305 22.029849 0.006630
2459811.623372 22.045920 0.006729
2459812.116439 22.031916 0.006643
2459812.620032 22.037783 0.006679
2459813.113100 22.033701 0.006654
2459813.606167 22.023352 0.006590
2459814.109760 22.031025 0.006637
2459814.602827 22.045595 0.006727
2459815.095894 22.040117 0.006693
2459815.599488 22.037137 0.006675
2459816.092555 22.041988 0.006704
2459816.585622 22.041880 0.006704
2459817.089216 22.033737 0.006654
2459817.582283 22.047403 0.006738
2459818.075350 22.038788 0.006685
2459818.578944 22.042240 0.006706
2459819.072011 22.025655 0.006604
2459819.565078 22.046643 0.006733
2459820.068671 22.044908 0.006723
2459820.561738 22.033952 0.006655
2459821.054806 22.027715 0.006617
2459821.558399 22.040476 0.006695
2459822.051466 22.041016 0.006698
2459822.544533 22.046607 0.006733
2459823.048127 22.023246 0.006590
2459823.541194 22.043357 0.006713
2459824.034261 22.032059 0.006643
2459824.537855 22.038393 0.006682
2459825.030922 22.038860 0.006685
2459825.523989 22.037568 0.006677
2459826.027582 22.040476 0.006695
2459826.520650 22.043645 0.006715
2459827.013717 22.041484 0.006701
2459827.517310 22.029386 0.006627
2459828.010377 22.033666 0.006653
2459828.503444 22.052517 0.006770
2459829.007038 22.044692 0.006721
2459829.500105 22.047222 0.006737
2459829.993172 22.031845 0.006642
2459830.496766 22.029635 0.006629
2459830.989833 22.043862 0.006716
2459831.482900 22.027786 0.006617
2459831.986494 22.042420 0.006707
2459832.479561 22.047692 0.006740
2459832.972628 22.031346 0.006639
2459833.476221 22.039937 0.006692
2459833.969288 22.034452 0.006658
2459834.462356 22.028532 0.006622
2459834.965949 22.041232 0.006700
2459835.459016 22.034023 0.006655
2459835.952083 22.037998 0.006680
2459836.455677 22.037711 0.006678
2459836.948744 22.044223 0.006718
2459837.441811 22.041736 0.006703
2459837.945405 22.038429 0.006683
2459838.438472 22.038393 0.006682
2459838.931539 22.040908 0.006698
2459839.435132 22.050556 0.006758
2459839.928200 22.040764 0.006697
2459840.421267 22.032273 0.006645
2459840.924860 22.041268 0.006700
2459841.417927 22.035096 0.006662
2459841.910994 22.039506 0.006689
2459842.414588 22.037891 0.006679
2459842.907655 22.053863 0.006778
2459843.400722 22.050374 0.006756
2459843.904316 22.036851 0.006673
2459844.397383 22.027537 0.006616
2459844.890450 22.051136 0.006761
2459845.394044 22.023600 0.006592
2459845.887111 22.030490 0.006634
2459846.380178 22.042132 0.006705
2459846.883771 22.034381 0.006658
2459847.376838 22.037962 0.006680
2459847.869906 22.029706 0.006629
2459848.373499 22.047005 0.006736
2459848.866566 22.030098 0.006631
2459849.359633 22.052263 0.006768
2459849.863227 22.040081 0.006693
2459850.356294 22.053463 0.006776
2459850.849361 22.042492 0.006708
2459851.352955 22.036063 0.006668
2459851.846022 22.035490 0.006664
2459852.339089 22.032987 0.006649
2459852.842682 22.034774 0.006660
2459853.335750 22.048453 0.006745
2459853.828817 22.040512 0.006695
2459854.332410 22.037532 0.006677
2459854.825477 22.042024 0.006705
2459855.318544 22.037819 0.006679
2459855.822138 22.041052 0.006699
2459856.315205 22.042888 0.006710
2459856.808272 22.033559 0.006653
2459857.311866 22.030027 0.006631
2459857.804933 22.045992 0.006729
2459858.298000 22.043321 0.006713
2459858.801594 22.042240 0.006706
2459859.294661 22.032987 0.006649
2459859.787728 22.041340 0.006700
2459860.291321 22.028034 0.006619
2459860.784388 22.046932 0.006735
2459861.277456 22.040405 0.006695
2459861.781049 22.045197 0.006724
2459862.274116 22.044945 0.006723
2459862.767183 22.038895 0.006685
2459863.270777 22.025691 0.006605
2459863.763844 22.033487 0.006652
2459864.256911 22.039865 0.006691
2459864.760505 22.038321 0.006682
2459865.253572 22.028995 0.006625
2459865.746639 22.033773 0.006654
2459866.250232 22.028390 0.006621
2459866.743300 22.038967 0.006686
2459867.236367 22.041376 0.006701
2459867.739960 22.042096 0.006705
2459868.233027 22.041448 0.006701
2459868.726094 22.039255 0.006688
2459869.229688 22.034166 0.006656
2459869.722755 22.036349 0.006670
2459870.215822 22.045522 0.006726
2459870.719416 22.032095 0.006644
2459871.212483 22.027146 0.006613
2459871.705550 22.029813 0.006630
2459872.209144 22.037137 0.006675
2459872.702211 22.036242 0.006669
2459873.195278 22.038608 0.006684
2459873.698871 22.033451 0.006652
2459874.191938 22.047656 0.006740
2459874.685006 22.041844 0.006704
2459875.188599 22.043862 0.006716
2459875.681666 22.034488 0.006658
2459876.174733 22.061645 0.006827
2459876.678327 22.035203 0.006663
2459877.171394 22.044187 0.006718
2459877.664461 22.038213 0.006681
2459878.168055 22.036349 0.006670
2459878.661122 22.032059 0.006643
2459879.154189 22.024308 0.006596
2459987.411250 22.035776 0.006666
2459987.904317 22.041304 0.006700
2459988.407910 22.039793 0.006691
2459988.900977 22.027821 0.006618
2459989.394044 22.028995 0.006625
2459989.897638 22.038393 0.006682
2459990.390705 22.047547 0.006739
2459990.883772 22.034953 0.006661
2459991.387366 22.041772 0.006703
2459991.880433 22.042456 0.006707
2459992.373500 22.030490 0.006634
2459992.877094 22.037281 0.006675
2459993.370161 22.034309 0.006657
2459993.863228 22.036206 0.006669
2459994.366821 22.036242 0.006669
2459994.859888 22.043537 0.006714
2459995.352956 22.055831 0.006791
2459995.856549 22.039255 0.006688
2459996.349616 22.031631 0.006641
2459996.842683 22.033237 0.006651
2459997.346277 22.042492 0.006708
2459997.839344 22.045703 0.006727
2459998.332411 22.039722 0.006690
2459998.836005 22.044692 0.006721
2459999.329072 22.044945 0.006723
2459999.822139 22.034309 0.006657
2460000.325732 22.042024 0.006705
2460000.818800 22.039758 0.006691
2460001.311867 22.025833 0.006605
2460001.815460 22.036779 0.006672
2460002.308527 22.041916 0.006704
2460002.801594 22.031916 0.006643
2460003.305188 22.043357 0.006713
2460003.798255 22.038178 0.006681
2460004.291322 22.033952 0.006655
2460004.794916 22.026507 0.006610
2460005.287983 22.049794 0.006753
2460005.781050 22.038752 0.006685
2460006.284644 22.035239 0.006663
2460006.777711 22.028141 0.006620
2460007.270778 22.039506 0.006689
2460007.774371 22.037532 0.006677
2460008.267438 22.036492 0.006671
2460008.760506 22.037604 0.006677
2460009.264099 22.037317 0.006676
2460009.757166 22.043393 0.006713
2460010.250233 22.045233 0.006725
2460010.753827 22.044908 0.006723
2460011.246894 22.026436 0.006609
2460011.739961 22.049467 0.006751
2460012.243555 22.038034 0.006680
2460012.736622 22.044800 0.006722
2460013.229689 22.046245 0.006731
2460013.733282 22.031488 0.006640
2460014.226350 22.054883 0.006785
2460014.719417 22.025797 0.006605
2460015.223010 22.041628 0.006702
2460015.716077 22.033844 0.006654
2460016.209144 22.033987 0.006655
2460016.712738 22.036206 0.006669
2460017.205805 22.043321 0.006713
2460017.698872 22.026152 0.006607
2460018.202466 22.041484 0.006701
2460018.695533 22.042024 0.006705
2460019.188600 22.036958 0.006673
2460019.692194 22.037424 0.006676
2460020.185261 22.035848 0.006667
2460020.678328 22.033451 0.006652
2460021.181921 22.040980 0.006698
2460021.674988 22.041124 0.006699
2460022.168056 22.047728 0.006740
2460022.671649 22.033701 0.006654
2460023.164716 22.023848 0.006593
2460023.657783 22.030276 0.006633
2460024.161377 22.042420 0.006707
2460024.654444 22.039183 0.006687
2460025.147511 22.045450 0.006726
2460025.651105 22.036349 0.006670
2460026.144172 22.042240 0.006706
2460026.637239 22.037137 0.006675
2460027.140832 22.042024 0.006705
2460027.633900 22.033523 0.006652
2460028.126967 22.039829 0.006691
2460028.630560 22.037281 0.006675
2460029.123627 22.033630 0.006653
2460029.616694 22.042996 0.006711
2460030.120288 22.054082 0.006780
2460030.613355 22.049214 0.006749
2460031.106422 22.036421 0.006670
2460031.610016 22.044728 0.006721
2460032.103083 22.030989 0.006637
2460032.596150 22.050193 0.006755
2460033.099744 22.046209 0.006731
2460033.592811 22.040800 0.006697
2460034.085878 22.029849 0.006630
2460034.589471 22.046643 0.006733
2460035.082538 22.053718 0.006777
2460035.575606 22.043682 0.006715
2460036.079199 22.029778 0.006629
2460036.572266 22.043826 0.006716
2460037.065333 22.035633 0.006665
2460037.568927 22.035883 0.006667
2460038.061994 22.031880 0.006642
2460038.555061 22.047185 0.006737
2460039.058655 22.040944 0.006698
2460039.551722 22.041016 0.006698
2460040.044789 22.034345 0.006657
2460040.548382 22.058460 0.006807
2460041.041450 22.039722 0.006690
2460041.534517 22.032666 0.006647
2460042.038110 22.042492 0.006708
2460042.531177 22.029956 0.006631
2460043.024244 22.041952 0.006704
2460043.527838 22.042456 0.006707
2460044.020905 22.028390 0.006621
2460044.513972 22.041772 0.006703
2460045.017566 22.037424 0.006676
2460045.510633 22.045522 0.006726
2460046.003700 22.036922 0.006673
2460046.507294 22.042348 0.006707
2460047.000361 22.037998 0.006680
2460047.493428 22.028959 0.006625
2460047.997021 22.042672 0.006709
2460048.490088 22.054373 0.006781
2460048.983156 22.037711 0.006678
2460049.486749 22.042168 0.006706
2460049.979816 22.048271 0.006743
2460050.472883 22.048561 0.006745
2460050.976477 22.035096 0.006662
2460051.469544 22.036636 0.006672
2460051.962611 22.046101 0.006730
2460052.466205 22.030526 0.006634
2460052.959272 22.032344 0.006645
2460053.452339 22.044800 0.006722
2460053.955932 22.045378 0.006725
2460054.449000 22.050374 0.006756
2460054.942067 22.031274 0.006639
2460055.445660 22.054118 0.006780
2460055.938727 22.044187 0.006718
2460056.431794 22.039901 0.006692
2460056.935388 22.042456 0.006707
2460057.428455 22.048489 0.006745
2460057.921522 22.044042 0.006717
2460058.425116 22.040369 0.006694
2460058.918183 22.041736 0.006703
