2458346.727899 19.328348 0.002579
2458347.220966 19.323684 0.002568
2458347.714033 19.320837 0.002562
2458348.217627 19.319826 0.002559
2458348.710694 19.322509 0.002566
2458349.203761 19.321848 0.002564
2458349.707355 19.323302 0.002567
2458350.200422 19.324350 0.002570
2458350.693489 19.322616 0.002566
2458351.197082 19.323845 0.002569
2458351.690150 19.325513 0.002573
2458352.183217 19.321599 0.002563
2458352.686810 19.326043 0.002574
2458353.179877 19.322156 0.002565
2458353.672944 19.323018 0.002567
2458354.176538 19.319538 0.002558
2458354.669605 19.326485 0.002575
2458355.162672 19.321086 0.002562
2458355.666266 19.318411 0.002556
2458356.159333 19.321208 0.002562
2458356.652400 19.325866 0.002573
2458357.155994 19.320895 0.002562
2458357.649061 19.326043 0.002574
2458358.142128 19.321858 0.002564
2458358.645721 19.322201 0.002565
2458359.138788 19.324380 0.002570
2458359.631856 19.321061 0.002562
2458360.135449 19.322430 0.002565
2458360.628516 19.325787 0.002573
2458361.121583 19.324218 0.002570
2458361.625177 19.321883 0.002564
2458362.118244 19.320372 0.002560
2458362.611311 19.323517 0.002568
2458363.114905 19.319333 0.002558
2458363.607972 19.324708 0.002571
2458364.101039 19.321848 0.002564
2458364.604632 19.323062 0.002567
2458365.097700 19.323424 0.002568
2458365.590767 19.322802 0.002566
2458366.094360 19.320011 0.002560
2458366.587427 19.325768 0.002573
2458367.080494 19.319967 0.002560
2458367.584088 19.319372 0.002558
2458368.077155 19.317193 0.002553
2458368.570222 19.320329 0.002560
2458369.073816 19.319606 0.002559
2458369.566883 19.316395 0.002551
2458370.059950 19.318728 0.002557
2458370.563544 19.323679 0.002568
2458371.056611 19.322186 0.002565
2458371.549678 19.323361 0.002568
2458372.053271 19.320773 0.002561
2458372.546338 19.321897 0.002564
2458373.039406 19.321677 0.002564
2458373.542999 19.320734 0.002561
2458374.036066 19.321232 0.002562
2458374.529133 19.322675 0.002566
2458375.032727 19.319816 0.002559
2458375.525794 19.326873 0.002576
2458376.018861 19.322817 0.002566
2458376.522455 19.323929 0.002569
2458377.015522 19.320363 0.002560
2458377.508589 19.320519 0.002561
2458378.012182 19.326234 0.002574
2458378.505250 19.323517 0.002568
2458378.998317 19.316181 0.002551
2458379.501910 19.318250 0.002555
2458379.994977 19.322161 0.002565
2458380.488044 19.320226 0.002560
2458380.991638 19.320529 0.002561
2458381.484705 19.321628 0.002563
2458381.977772 19.321193 0.002562
2458382.481366 19.321922 0.002564
2458382.974433 19.318923 0.002557
2458383.467500 19.320446 0.002561
2458383.971094 19.322621 0.002566
2458384.464161 19.322181 0.002565
2458384.957228 19.320236 0.002560
2458385.460821 19.316945 0.002552
2458385.953888 19.322612 0.002566
2458386.446956 19.321819 0.002564
2458386.950549 19.322313 0.002565
2458387.443616 19.319948 0.002559
2458387.936683 19.322788 0.002566
2458388.440277 19.321096 0.002562
2458388.933344 19.321799 0.002564
2458389.426411 19.323356 0.002568
2458389.930005 19.319401 0.002558
2458390.423072 19.323405 0.002568
2458390.916139 19.321604 0.002563
2458391.419732 19.324218 0.002570
2458391.912800 19.320734 0.002561
2458392.405867 19.322793 0.002566
2458392.909460 19.319801 0.002559
2458393.402527 19.317909 0.002555
2458393.895594 19.319992 0.002560
2458394.399188 19.317709 0.002554
2458394.892255 19.322607 0.002566
2458395.385322 19.322357 0.002565
2458395.888916 19.323747 0.002568
2458396.381983 19.316560 0.002551
2458396.875050 19.327929 0.002578
2458397.378644 19.325483 0.002573
2458397.871711 19.322587 0.002566
2458398.364778 19.318767 0.002557
2458398.868371 19.319118 0.002558
2458399.361438 19.325424 0.002572
2458399.854506 19.322866 0.002566
2458400.358099 19.320700 0.002561
2458400.851166 19.320514 0.002561
2458401.344233 19.323106 0.002567
2458401.847827 19.317816 0.002554
2458402.340894 19.316911 0.002552
2458402.833961 19.315388 0.002549
2458403.337555 19.322788 0.002566
2458403.830622 19.320182 0.002560
2458404.323689 19.321286 0.002563
2458404.827282 19.321863 0.002564
2458405.320350 19.321653 0.002563
2458405.813417 19.320456 0.002561
2458406.317010 19.322944 0.002567
2458406.810077 19.320162 0.002560
2458407.303144 19.328515 0.002580
2458407.806738 19.318947 0.002557
2458408.299805 19.322993 0.002567
2458408.792872 19.317948 0.002555
2458409.296466 19.325974 0.002574
2458409.789533 19.322695 0.002566
2458410.282600 19.320221 0.002560
2458410.786194 19.319352 0.002558
2458411.279261 19.321051 0.002562
2458411.772328 19.321144 0.002562
2458412.275921 19.323566 0.002568
2458412.768988 19.318294 0.002556
2458413.262056 19.322357 0.002565
2458413.765649 19.323101 0.002567
2458414.258716 19.325351 0.002572
2458414.751783 19.317963 0.002555
2458415.255377 19.327094 0.002576
2458415.748444 19.322382 0.002565
2458416.241511 19.321394 0.002563
2458416.745105 19.323390 0.002568
2458417.238172 19.318801 0.002557
2458417.731239 19.317646 0.002554
2458418.234832 19.322685 0.002566
2458526.481367 19.324777 0.002571
2458526.984960 19.318752 0.002557
2458527.478027 19.322504 0.002565
2458527.971094 19.326043 0.002574
2458528.474688 19.320060 0.002560
2458528.967755 19.319567 0.002559
2458529.460822 19.317597 0.002554
2458529.964416 19.323125 0.002567
2458530.457483 19.323228 0.002567
2458530.950550 19.318041 0.002555
2458531.454144 19.320773 0.002561
2458531.947211 19.321467 0.002563
2458532.440278 19.321819 0.002564
2458532.943871 19.327280 0.002577
2458533.436938 19.325272 0.002572
2458533.930006 19.320519 0.002561
2458534.433599 19.319220 0.002558
2458534.926666 19.321814 0.002564
2458535.419733 19.319142 0.002558
2458535.923327 19.322230 0.002565
2458536.416394 19.317865 0.002555
2458536.909461 19.321682 0.002564
2458537.413055 19.323488 0.002568
2458537.906122 19.321457 0.002563
2458538.399189 19.322181 0.002565
2458538.902782 19.324747 0.002571
2458539.395850 19.323684 0.002568
2458539.888917 19.322641 0.002566
2458540.392510 19.316424 0.002551
2458540.885577 19.324076 0.002569
2458541.378644 19.320465 0.002561
2458541.882238 19.320597 0.002561
2458542.375305 19.322411 0.002565
2458542.868372 19.324355 0.002570
2458543.371966 19.321306 0.002563
2458543.865033 19.323473 0.002568
2458544.358100 19.318777 0.002557
2458544.861694 19.322308 0.002565
2458545.354761 19.322656 0.002566
2458545.847828 19.323047 0.002567
2458546.351421 19.320646 0.002561
2458546.844488 19.317232 0.002553
2458547.337556 19.316346 0.002551
2458547.841149 19.314635 0.002547
2458548.334216 19.321086 0.002562
2458548.827283 19.323326 0.002567
2458549.330877 19.321848 0.002564
2458549.823944 19.322333 0.002565
2458550.317011 19.323380 0.002568
2458550.820605 19.319543 0.002559
2458551.313672 19.319333 0.002558
2458551.806739 19.324566 0.002570
2458552.310332 19.320079 0.002560
2458552.803400 19.318528 0.002556
2458553.296467 19.317402 0.002553
2458553.800060 19.323028 0.002567
2458554.293127 19.324541 0.002570
2458554.786194 19.322548 0.002566
2458555.289788 19.320099 0.002560
2458555.782855 19.318162 0.002555
2458556.275922 19.316653 0.002552
2458556.779516 19.323086 0.002567
2458557.272583 19.321736 0.002564
2458557.765650 19.318586 0.002556
2458558.269244 19.321809 0.002564
2458558.762311 19.320880 0.002562
2458559.255378 19.317660 0.002554
2458559.758971 19.326352 0.002575
2458560.252038 19.321408 0.002563
2458560.745106 19.315811 0.002550
2458561.248699 19.320197 0.002560
2458561.741766 19.322435 0.002565
2458562.234833 19.318552 0.002556
2458562.738427 19.317943 0.002555
2458563.231494 19.323395 0.002568
2458563.724561 19.319494 0.002558
2458564.228155 19.319201 0.002558
2458564.721222 19.320114 0.002560
2458565.214289 19.319933 0.002559
2458565.717882 19.324742 0.002571
2458566.210950 19.321540 0.002563
2458566.704017 19.324404 0.002570
2458567.207610 19.320753 0.002561
2458567.700677 19.323106 0.002567
2458568.193744 19.324968 0.002571
2458568.697338 19.320040 0.002560
2458569.190405 19.322773 0.002566
2458569.683472 19.322641 0.002566
2458570.187066 19.322842 0.002566
2458570.680133 19.324350 0.002570
2458571.173200 19.319499 0.002558
2458571.676794 19.325135 0.002572
2458572.169861 19.324556 0.002570
2458572.662928 19.318031 0.002555
2458573.166521 19.322362 0.002565
2458573.659588 19.319181 0.002558
2458574.152656 19.320465 0.002561
2458574.656249 19.326062 0.002574
2458575.149316 19.323547 0.002568
2458575.642383 19.326254 0.002574
2458576.145977 19.317505 0.002554
2458576.639044 19.319718 0.002559
2458577.132111 19.317573 0.002554
2458577.635705 19.320714 0.002561
2458578.128772 19.317266 0.002553
2458578.621839 19.319752 0.002559
2458579.125432 19.325071 0.002572
2458579.618500 19.325508 0.002573
2458580.111567 19.319796 0.002559
2458580.615160 19.324090 0.002569
2458581.108227 19.321345 0.002563
2458581.601294 19.322626 0.002566
2458582.104888 19.320021 0.002560
2458582.597955 19.321531 0.002563
2458583.091022 19.320607 0.002561
2458583.594616 19.322665 0.002566
2458584.087683 19.321736 0.002564
2458584.580750 19.320739 0.002561
2458585.084344 19.319992 0.002560
2458585.577411 19.322440 0.002565
2458586.070478 19.320109 0.002560
2458586.574071 19.321286 0.002563
2458587.067138 19.321081 0.002562
2458587.560206 19.323346 0.002567
2458588.063799 19.318148 0.002555
2458588.556866 19.320543 0.002561
2458589.049933 19.325051 0.002572
2458589.553527 19.321359 0.002563
2458590.046594 19.327905 0.002578
2458590.539661 19.320983 0.002562
2458591.043255 19.321135 0.002562
2458591.536322 19.324188 0.002569
2458592.029389 19.320446 0.002561
2458592.532982 19.326740 0.002576
2458593.026050 19.325046 0.002572
2458593.519117 19.320807 0.002561
2458594.022710 19.321511 0.002563
2458594.515777 19.323743 0.002568
2458595.008844 19.322881 0.002566
2458595.512438 19.318747 0.002557
2458596.005505 19.320280 0.002560
2458596.498572 19.318021 0.002555
2458597.002166 19.319162 0.002558
2458597.495233 19.323576 0.002568
2458597.988300 19.322225 0.002565
2458712.204272 19.320949 0.002562
2458712.697339 19.319953 0.002559
2458713.200932 19.320382 0.002560
2458713.694000 19.322245 0.002565
2458714.187067 19.319445 0.002558
2458714.690660 19.317081 0.002553
2458715.183727 19.322602 0.002566
2458715.676794 19.318523 0.002556
2458716.180388 19.322337 0.002565
2458716.673455 19.321917 0.002564
2458717.166522 19.321047 0.002562
2458717.670116 19.320348 0.002560
2458718.163183 19.321413 0.002563
2458718.656250 19.322685 0.002566
2458719.159844 19.320587 0.002561
2458719.652911 19.322470 0.002565
2458720.145978 19.323174 0.002567
2458720.649571 19.323831 0.002569
2458721.142638 19.321066 0.002562
2458721.635706 19.320636 0.002561
2458722.139299 19.318133 0.002555
2458722.632366 19.321443 0.002563
2458723.125433 19.322494 0.002565
2458723.629027 19.322196 0.002565
2458724.122094 19.321164 0.002562
2458724.615161 19.319279 0.002558
2458725.118755 19.319489 0.002558
2458725.611822 19.320465 0.002561
2458726.104889 19.326539 0.002575
2458726.608482 19.318572 0.002556
2458727.101550 19.323703 0.002568
2458727.594617 19.320915 0.002562
2458728.098210 19.317982 0.002555
2458728.591277 19.319752 0.002559
2458729.084344 19.321350 0.002563
2458729.587938 19.318996 0.002557
2458730.081005 19.321364 0.002563
2458730.574072 19.319377 0.002558
2458731.077666 19.316370 0.002551
2458731.570733 19.326902 0.002576
2458732.063800 19.318372 0.002556
2458732.567394 19.318616 0.002556
2458733.060461 19.320446 0.002561
2458733.553528 19.320016 0.002560
2458734.057121 19.326843 0.002576
2458734.550188 19.322616 0.002566
2458735.043256 19.315558 0.002549
2458735.546849 19.324100 0.002569
2458736.039916 19.319152 0.002558
2458736.532983 19.319440 0.002558
2458737.036577 19.321868 0.002564
2458737.529644 19.319362 0.002558
2458738.022711 19.322112 0.002565
2458738.526305 19.324208 0.002570
2458739.019372 19.322739 0.002566
2458739.512439 19.322421 0.002565
2458740.016032 19.325248 0.002572
2458740.509100 19.323728 0.002568
2458741.002167 19.325203 0.002572
2458741.505760 19.325002 0.002571
2458741.998827 19.329160 0.002581
2458742.491894 19.315719 0.002550
2458742.995488 19.318377 0.002556
2458743.488555 19.330800 0.002585
2458743.981622 19.322665 0.002566
2458744.485216 19.317622 0.002554
2458744.978283 19.321677 0.002564
2458745.471350 19.324257 0.002570
2458745.974944 19.324836 0.002571
2458746.468011 19.318786 0.002557
2458746.961078 19.318450 0.002556
2458747.464671 19.319133 0.002558
2458747.957738 19.320075 0.002560
2458748.450806 19.324492 0.002570
2458748.954399 19.317446 0.002554
2458749.447466 19.321496 0.002563
2458749.940533 19.320700 0.002561
2458750.444127 19.319586 0.002559
2458750.937194 19.321863 0.002564
2458751.430261 19.322866 0.002566
2458751.933855 19.318991 0.002557
2458752.426922 19.322108 0.002565
2458752.919989 19.321892 0.002564
2458753.423582 19.319665 0.002559
2458753.916650 19.327256 0.002577
2458754.409717 19.321047 0.002562
2458754.913310 19.324870 0.002571
2458755.406377 19.317821 0.002554
2458755.899444 19.321995 0.002564
2458756.403038 19.320490 0.002561
2458756.896105 19.325385 0.002572
2458757.389172 19.324492 0.002570
2458757.892766 19.322064 0.002564
2458758.385833 19.323836 0.002569
2458758.878900 19.325758 0.002573
2458759.382494 19.324615 0.002570
2458759.875561 19.321711 0.002564
2458760.368628 19.318616 0.002556
2458760.872221 19.324850 0.002571
2458761.365288 19.317656 0.002554
2458761.858356 19.318908 0.002557
2458762.361949 19.322254 0.002565
2458762.855016 19.325429 0.002572
2458763.348083 19.322734 0.002566
2458763.851677 19.327246 0.002577
2458764.344744 19.317149 0.002553
2458764.837811 19.317544 0.002554
2458765.341405 19.323831 0.002569
2458765.834472 19.318192 0.002555
2458766.327539 19.319870 0.002559
2458766.831132 19.322543 0.002566
2458767.324200 19.320705 0.002561
2458767.817267 19.320646 0.002561
2458768.320860 19.322499 0.002565
2458768.813927 19.321423 0.002563
2458769.306994 19.319533 0.002558
2458769.810588 19.317977 0.002555
2458770.303655 19.323659 0.002568
2458770.796722 19.324139 0.002569
2458771.300316 19.318830 0.002557
2458771.793383 19.322289 0.002565
2458772.286450 19.321311 0.002563
2458772.790044 19.326455 0.002575
2458773.283111 19.327418 0.002577
2458773.776178 19.323111 0.002567
2458774.279771 19.321912 0.002564
2458774.772838 19.318504 0.002556
2458775.265906 19.318538 0.002556
2458775.769499 19.317836 0.002554
2458776.262566 19.319294 0.002558
2458776.755633 19.321120 0.002562
2458777.259227 19.322930 0.002567
2458777.752294 19.321594 0.002563
2458778.245361 19.318650 0.002556
2458778.748955 19.319796 0.002559
2458779.242022 19.322592 0.002566
2458779.735089 19.319684 0.002559
2458780.238682 19.322915 0.002566
2458780.731750 19.320895 0.002562
2458781.224817 19.322602 0.002566
2458781.728410 19.320104 0.002560
2458782.221477 19.323929 0.002569
2458782.714544 19.321359 0.002563
2458783.218138 19.320416 0.002561
2458783.711205 19.322876 0.002566
2459622.427944 19.288490 0.002528
2459622.921011 19.269657 0.002511
2459623.424605 19.236241 0.002483
2459623.917672 19.179308 0.002433
2459624.410739 19.093559 0.002356
2459624.914332 19.018936 0.002288
2459625.407400 19.040409 0.002305
2459625.900467 19.129014 0.002385
2459626.404060 19.206009 0.002454
2459626.897127 19.251199 0.002493
2459627.390194 19.283083 0.002530
2459627.893788 19.295914 0.002538
2459628.386855 19.310702 0.002560
2459628.879922 19.310281 0.002551
2459629.383516 19.313916 0.002555
2459629.876583 19.319001 0.002564
2459630.369650 19.319328 0.002563
2459630.873244 19.320470 0.002564
2459631.366311 19.322616 0.002568
2459631.859378 19.320416 0.002563
2459632.362971 19.323752 0.002570
2459632.856038 19.321213 0.002564
2459633.349106 19.317096 0.002554
2459633.852699 19.319255 0.002559
2459634.345766 19.327900 0.002579
2459634.838833 19.321433 0.002563
2459635.342427 19.325321 0.002573
2459635.835494 19.320197 0.002560
2459636.328561 19.316609 0.002552
2459636.832155 19.321017 0.002562
2459637.325222 19.322205 0.002565
2459637.818289 19.327231 0.002577
2459638.321882 19.323321 0.002568
2459638.814950 19.314168 0.002546
2459639.308017 19.322470 0.002566
2459639.811610 19.320255 0.002560
2459640.304677 19.319899 0.002559
2459640.797744 19.319884 0.002559
2459641.301338 19.323032 0.002567
2459641.794405 19.316555 0.002552
2459642.287472 19.319943 0.002560
2459642.791066 19.319889 0.002559
2459643.284133 19.323958 0.002569
2459643.777200 19.322039 0.002564
2459644.280794 19.319313 0.002558
2459644.773861 19.316964 0.002552
2459645.266928 19.320876 0.002562
2459645.770521 19.326018 0.002574
2459646.263588 19.318260 0.002556
2459646.756656 19.324095 0.002569
2459647.260249 19.325498 0.002573
2459647.753316 19.321799 0.002564
2459648.246383 19.321555 0.002563
2459648.749977 19.320802 0.002562
2459649.243044 19.320856 0.002562
2459649.736111 19.323801 0.002569
2459650.239705 19.327634 0.002578
2459650.732772 19.315573 0.002549
2459651.225839 19.320431 0.002561
2459651.729432 19.325890 0.002574
2459652.222500 19.319308 0.002558
2459652.715567 19.320084 0.002560
2459653.219160 19.320768 0.002561
2459653.712227 19.319494 0.002558
2459654.205294 19.324767 0.002571
2459654.708888 19.323302 0.002567
2459655.201955 19.319572 0.002559
2459655.695022 19.321555 0.002563
2459656.198616 19.318445 0.002556
2459656.691683 19.320299 0.002560
2459657.184750 19.320744 0.002561
2459657.688344 19.321105 0.002562
2459658.181411 19.321633 0.002563
2459658.674478 19.327802 0.002578
2459659.178071 19.323841 0.002569
2459659.671138 19.322729 0.002566
2459660.164206 19.320182 0.002560
2459660.667799 19.321399 0.002563
2459661.160866 19.326072 0.002574
2459661.653933 19.322274 0.002565
2459662.157527 19.322445 0.002565
2459662.650594 19.317436 0.002554
2459663.143661 19.323356 0.002568
2459663.647255 19.316380 0.002551
2459664.140322 19.322670 0.002566
2459664.633389 19.321863 0.002564
2459665.136982 19.323581 0.002568
2459665.630050 19.325665 0.002573
2459666.123117 19.321555 0.002563
2459666.626710 19.325179 0.002572
2459667.119777 19.322474 0.002565
2459667.612844 19.318109 0.002555
2459668.116438 19.317626 0.002554
2459668.609505 19.326976 0.002576
2459669.102572 19.321267 0.002563
2459669.606166 19.321658 0.002563
2459670.099233 19.322646 0.002566
2459670.592300 19.319747 0.002559
2459671.095894 19.326661 0.002575
2459671.588961 19.320680 0.002561
2459672.082028 19.321179 0.002562
2459672.585621 19.320128 0.002560
2459673.078688 19.318362 0.002556
2459673.571756 19.324130 0.002569
2459674.075349 19.324787 0.002571
2459674.568416 19.322293 0.002565
2459675.061483 19.320187 0.002560
2459675.565077 19.321917 0.002564
2459676.058144 19.321858 0.002564
2459676.551211 19.325832 0.002573
2459677.054805 19.318167 0.002555
2459677.547872 19.320451 0.002561
2459678.040939 19.322597 0.002566
2459678.544532 19.322186 0.002565
2459679.037600 19.320314 0.002560
2459679.530667 19.323532 0.002568
2459680.034260 19.318196 0.002555
2459680.527327 19.320964 0.002562
2459681.020394 19.321902 0.002564
2459681.523988 19.321306 0.002563
2459682.017055 19.325522 0.002573
2459682.510122 19.320910 0.002562
2459683.013716 19.318811 0.002557
2459683.506783 19.318211 0.002555
2459683.999850 19.322837 0.002566
2459684.503444 19.321535 0.002563
2459684.996511 19.317057 0.002553
2459685.489578 19.317831 0.002554
2459685.993171 19.319474 0.002558
2459686.486238 19.323375 0.002568
2459686.979306 19.320744 0.002561
2459687.482899 19.321482 0.002563
2459687.975966 19.320245 0.002560
2459688.469033 19.321707 0.002564
2459688.972627 19.319167 0.002558
2459689.465694 19.326652 0.002575
2459689.958761 19.320143 0.002560
2459690.462355 19.317914 0.002555
2459690.955422 19.323826 0.002569
2459691.448489 19.322284 0.002565
2459691.952082 19.320153 0.002560
2459692.445150 19.321858 0.002564
2459692.938217 19.321726 0.002564
2459693.441810 19.321594 0.002563
2459693.934877 19.324885 0.002571
2459807.647256 19.321193 0.002562
2459808.150849 19.316701 0.002552
2459808.643916 19.320959 0.002562
2459809.136983 19.321819 0.002564
2459809.640577 19.317802 0.002554
2459810.133644 19.318752 0.002557
2459810.626711 19.322059 0.002564
2459811.130305 19.323111 0.002567
2459811.623372 19.324556 0.002570
2459812.116439 19.324752 0.002571
2459812.620032 19.323610 0.002568
2459813.113100 19.321887 0.002564
2459813.606167 19.322426 0.002565
2459814.109760 19.325145 0.002572
2459814.602827 19.320470 0.002561
2459815.095894 19.323919 0.002569
2459815.599488 19.321022 0.002562
2459816.092555 19.316618 0.002552
2459816.585622 19.319499 0.002558
2459817.089216 19.324468 0.002570
2459817.582283 19.323067 0.002567
2459818.075350 19.318382 0.002556
2459818.578944 19.317914 0.002555
2459819.072011 19.327418 0.002577
2459819.565078 19.322362 0.002565
2459820.068671 19.326676 0.002575
2459820.561738 19.321575 0.002563
2459821.054806 19.321149 0.002562
2459821.558399 19.321462 0.002563
2459822.051466 19.326612 0.002575
2459822.544533 19.323111 0.002567
2459823.048127 19.321482 0.002563
2459823.541194 19.325571 0.002573
2459824.034261 19.314834 0.002547
2459824.537855 19.324659 0.002571
2459825.030922 19.319684 0.002559
2459825.523989 19.322029 0.002564
2459826.027582 19.318703 0.002557
2459826.520650 19.324086 0.002569
2459827.013717 19.320387 0.002561
2459827.517310 19.322993 0.002567
2459828.010377 19.323787 0.002569
2459828.503444 19.320021 0.002560
2459829.007038 19.318860 0.002557
2459829.500105 19.325066 0.002572
2459829.993172 19.315597 0.002549
2459830.496766 19.321692 0.002564
2459830.989833 19.323072 0.002567
2459831.482900 19.316560 0.002551
2459831.986494 19.323576 0.002568
2459832.479561 19.318479 0.002556
2459832.972628 19.315373 0.002549
2459833.476221 19.322240 0.002565
2459833.969288 19.320070 0.002560
2459834.462356 19.322245 0.002565
2459834.965949 19.321853 0.002564
2459835.459016 19.323292 0.002567
2459835.952083 19.321936 0.002564
2459836.455677 19.318743 0.002557
2459836.948744 19.320622 0.002561
2459837.441811 19.318421 0.002556
2459837.945405 19.317188 0.002553
2459838.438472 19.319708 0.002559
2459838.931539 19.321682 0.002564
2459839.435132 19.325841 0.002573
2459839.928200 19.320993 0.002562
2459840.421267 19.321135 0.002562
2459840.924860 19.321423 0.002563
2459841.417927 19.320646 0.002561
2459841.910994 19.321071 0.002562
2459842.414588 19.325326 0.002572
2459842.907655 19.323512 0.002568
2459843.400722 19.323155 0.002567
2459843.904316 19.319865 0.002559
2459844.397383 19.320793 0.002561
2459844.890450 19.324002 0.002569
2459845.394044 19.324556 0.002570
2459845.887111 19.324115 0.002569
2459846.380178 19.320714 0.002561
2459846.883771 19.320309 0.002560
2459847.376838 19.319528 0.002558
2459847.869906 19.318601 0.002556
2459848.373499 19.323233 0.002567
2459848.866566 19.321237 0.002563
2459849.359633 19.321883 0.002564
2459849.863227 19.317222 0.002553
2459850.356294 19.320617 0.002561
2459850.849361 19.321061 0.002562
2459851.352955 19.325557 0.002573
2459851.846022 19.316896 0.002552
2459852.339089 19.324517 0.002570
2459852.842682 19.320543 0.002561
2459853.335750 19.323654 0.002568
2459853.828817 19.323880 0.002569
2459854.332410 19.326327 0.002575
2459854.825477 19.323605 0.002568
2459855.318544 19.322925 0.002566
2459855.822138 19.325169 0.002572
2459856.315205 19.320920 0.002562
2459856.808272 19.324095 0.002569
2459857.311866 19.321301 0.002563
2459857.804933 19.322382 0.002565
2459858.298000 19.320187 0.002560
2459858.801594 19.319347 0.002558
2459859.294661 19.322533 0.002566
2459859.787728 19.316385 0.002551
2459860.291321 19.319547 0.002559
2459860.784388 19.316550 0.002551
2459861.277456 19.324983 0.002571
2459861.781049 19.321819 0.002564
2459862.274116 19.321902 0.002564
2459862.767183 19.320216 0.002560
2459863.270777 19.317851 0.002555
2459863.763844 19.321560 0.002563
2459864.256911 19.319523 0.002558
2459864.760505 19.321863 0.002564
2459865.253572 19.317144 0.002553
2459865.746639 19.324880 0.002571
2459866.250232 19.323645 0.002568
2459866.743300 19.320993 0.002562
2459867.236367 19.318899 0.002557
2459867.739960 19.324738 0.002571
2459868.233027 19.318031 0.002555
2459868.726094 19.324233 0.002570
2459869.229688 19.318703 0.002557
2459869.722755 19.319523 0.002558
2459870.215822 19.323199 0.002567
2459870.719416 19.323488 0.002568
2459871.212483 19.326381 0.002575
2459871.705550 19.320646 0.002561
2459872.209144 19.319996 0.002560
2459872.702211 19.321325 0.002563
2459873.195278 19.318504 0.002556
2459873.698871 19.322504 0.002565
2459874.191938 19.326617 0.002575
2459874.685006 19.325547 0.002573
2459875.188599 19.320011 0.002560
2459875.681666 19.322802 0.002566
2459876.174733 19.321638 0.002563
2459876.678327 19.320998 0.002562
2459877.171394 19.320710 0.002561
2459877.664461 19.319899 0.002559
2459878.168055 19.322494 0.002565
2459878.661122 19.321193 0.002562
2459879.154189 19.320119 0.002560
2459987.411250 19.322616 0.002566
2459987.904317 19.320411 0.002561
2459988.407910 19.322851 0.002566
2459988.900977 19.319928 0.002559
2459989.394044 19.320333 0.002560
2459989.897638 19.321320 0.002563
2459990.390705 19.320309 0.002560
2459990.883772 19.320206 0.002560
2459991.387366 19.319806 0.002559
2459991.880433 19.318816 0.002557
2459992.373500 19.323782 0.002569
2459992.877094 19.320167 0.002560
2459993.370161 19.326018 0.002574
2459993.863228 19.322592 0.002566
2459994.366821 19.324041 0.002569
2459994.859888 19.322602 0.002566
2459995.352956 19.322245 0.002565
2459995.856549 19.324963 0.002571
2459996.349616 19.322670 0.002566
2459996.842683 19.322563 0.002566
2459997.346277 19.322377 0.002565
2459997.839344 19.323488 0.002568
2459998.332411 19.322484 0.002565
2459998.836005 19.320548 0.002561
2459999.329072 19.323424 0.002568
2459999.822139 19.319181 0.002558
2460000.325732 19.321545 0.002563
2460000.818800 19.323135 0.002567
2460001.311867 19.324934 0.002571
2460001.815460 19.324487 0.002570
2460002.308527 19.323630 0.002568
2460002.801594 19.321658 0.002563
2460003.305188 19.325346 0.002572
2460003.798255 19.322695 0.002566
2460004.291322 19.319445 0.002558
2460004.794916 19.327335 0.002577
2460005.287983 19.326057 0.002574
2460005.781050 19.322964 0.002567
2460006.284644 19.320094 0.002560
2460006.777711 19.321056 0.002562
2460007.270778 19.318109 0.002555
2460007.774371 19.320480 0.002561
2460008.267438 19.322156 0.002565
2460008.760506 19.322700 0.002566
2460009.264099 19.323297 0.002567
2460009.757166 19.319557 0.002559
2460010.250233 19.323718 0.002568
2460010.753827 19.320148 0.002560
2460011.246894 19.318747 0.002557
2460011.739961 19.322900 0.002566
2460012.243555 19.323209 0.002567
2460012.736622 19.323934 0.002569
2460013.229689 19.323694 0.002568
2460013.733282 19.320202 0.002560
2460014.226350 19.322235 0.002565
2460014.719417 19.320954 0.002562
2460015.223010 19.322616 0.002566
2460015.716077 19.322196 0.002565
2460016.209144 19.322293 0.002565
2460016.712738 19.321550 0.002563
2460017.205805 19.324747 0.002571
2460017.698872 19.322367 0.002565
2460018.202466 19.319533 0.002558
2460018.695533 19.325042 0.002572
2460019.188600 19.320338 0.002560
2460019.692194 19.322553 0.002566
2460020.185261 19.327335 0.002577
2460020.678328 19.320172 0.002560
2460021.181921 19.320138 0.002560
2460021.674988 19.318621 0.002556
2460022.168056 19.321179 0.002562
2460022.671649 19.319884 0.002559
2460023.164716 19.321731 0.002564
2460023.657783 19.316292 0.002551
2460024.161377 19.323395 0.002568
2460024.654444 19.321814 0.002564
2460025.147511 19.319757 0.002559
2460025.651105 19.326195 0.002574
2460026.144172 19.316706 0.002552
2460026.637239 19.323458 0.002568
2460027.140832 19.317320 0.002553
2460027.633900 19.319430 0.002558
2460028.126967 19.317622 0.002554
2460028.630560 19.322127 0.002565
2460029.123627 19.324806 0.002571
2460029.616694 19.319567 0.002559
2460030.120288 19.322406 0.002565
2460030.613355 19.323542 0.002568
2460031.106422 19.321037 0.002562
2460031.610016 19.323263 0.002567
2460032.103083 19.320001 0.002560
2460032.596150 19.322807 0.002566
2460033.099744 19.322122 0.002565
2460033.592811 19.318816 0.002557
2460034.085878 19.320514 0.002561
2460034.589471 19.319821 0.002559
2460035.082538 19.324787 0.002571
2460035.575606 19.326912 0.002576
2460036.079199 19.318767 0.002557
2460036.572266 19.322367 0.002565
2460037.065333 19.327733 0.002578
2460037.568927 19.318786 0.002557
2460038.061994 19.324688 0.002571
2460038.555061 19.323821 0.002569
2460039.058655 19.322489 0.002565
2460039.551722 19.323875 0.002569
2460040.044789 19.321198 0.002562
2460040.548382 19.318343 0.002556
2460041.041450 19.318377 0.002556
2460041.534517 19.318972 0.002557
2460042.038110 19.324262 0.002570
2460042.531177 19.318664 0.002556
2460043.024244 19.320431 0.002561
2460043.527838 19.324257 0.002570
2460044.020905 19.323640 0.002568
2460044.513972 19.317446 0.002554
2460045.017566 19.326087 0.002574
2460045.510633 19.318279 0.002556
2460046.003700 19.320084 0.002560
2460046.507294 19.322729 0.002566
2460047.000361 19.322142 0.002565
2460047.493428 19.320631 0.002561
2460047.997021 19.319894 0.002559
2460048.490088 19.320949 0.002562
2460048.983156 19.320202 0.002560
2460049.486749 19.321061 0.002562
2460049.979816 19.319547 0.002559
2460050.472883 19.323219 0.002567
2460050.976477 19.319421 0.002558
2460051.469544 19.318489 0.002556
2460051.962611 19.320851 0.002562
2460052.466205 19.321418 0.002563
2460052.959272 19.322445 0.002565
2460053.452339 19.322005 0.002564
2460053.955932 19.324081 0.002569
2460054.449000 19.322098 0.002565
2460054.942067 19.320407 0.002561
2460055.445660 19.321780 0.002564
2460055.938727 19.318260 0.002555
2460056.431794 19.319874 0.002559
2460056.935388 19.319630 0.002559
2460057.428455 19.316930 0.002552
2460057.921522 19.321814 0.002564
2460058.425116 19.318611 0.002556
2460058.918183 19.323845 0.002569
