2458346.727899 20.265405 0.003763
2458347.220966 20.261079 0.003748
2458347.714033 20.262942 0.003755
2458348.217627 20.264626 0.003760
2458348.710694 20.256291 0.003732
2458349.203761 20.256007 0.003731
2458349.707355 20.265486 0.003763
2458350.200422 20.265738 0.003764
2458350.693489 20.260519 0.003746
2458351.197082 20.258078 0.003738
2458351.690150 20.262919 0.003755
2458352.183217 20.262748 0.003754
2458352.686810 20.256826 0.003734
2458353.179877 20.267598 0.003771
2458353.672944 20.254337 0.003725
2458354.176538 20.260793 0.003747
2458354.669605 20.262062 0.003752
2458355.162672 20.262073 0.003752
2458355.666266 20.256576 0.003733
2458356.159333 20.258477 0.003739
2458356.652400 20.256678 0.003733
2458357.155994 20.264557 0.003760
2458357.649061 20.260473 0.003746
2458358.142128 20.261833 0.003751
2458358.645721 20.261204 0.003749
2458359.138788 20.262256 0.003752
2458359.631856 20.260108 0.003745
2458360.135449 20.259093 0.003741
2458360.628516 20.256234 0.003731
2458361.121583 20.262016 0.003751
2458361.625177 20.256712 0.003733
2458362.118244 20.261421 0.003749
2458362.611311 20.262542 0.003753
2458363.114905 20.264408 0.003760
2458363.607972 20.260268 0.003745
2458364.101039 20.259424 0.003742
2458364.604632 20.264454 0.003760
2458365.097700 20.259070 0.003741
2458365.590767 20.256519 0.003732
2458366.094360 20.262542 0.003753
2458366.587427 20.260314 0.003746
2458367.080494 20.258967 0.003741
2458367.584088 20.254882 0.003727
2458368.077155 20.260405 0.003746
2458368.570222 20.261490 0.003750
2458369.073816 20.254144 0.003724
2458369.566883 20.266014 0.003765
2458370.059950 20.263824 0.003758
2458370.563544 20.267920 0.003772
2458371.056611 20.260188 0.003745
2458371.549678 20.262645 0.003754
2458372.053271 20.266679 0.003768
2458372.546338 20.263080 0.003755
2458373.039406 20.258033 0.003738
2458373.542999 20.261810 0.003751
2458374.036066 20.259834 0.003744
2458374.529133 20.261136 0.003748
2458375.032727 20.253043 0.003721
2458375.525794 20.259652 0.003743
2458376.018861 20.256985 0.003734
2458376.522455 20.264420 0.003760
2458377.015522 20.267012 0.003769
2458377.508589 20.257703 0.003737
2458378.012182 20.262290 0.003752
2458378.505250 20.257703 0.003737
2458378.998317 20.261650 0.003750
2458379.501910 20.256985 0.003734
2458379.994977 20.259572 0.003743
2458380.488044 20.260576 0.003746
2458380.991638 20.257520 0.003736
2458381.484705 20.263503 0.003757
2458381.977772 20.262027 0.003751
2458382.481366 20.262313 0.003752
2458382.974433 20.259401 0.003742
2458383.467500 20.256963 0.003734
2458383.971094 20.262462 0.003753
2458384.464161 20.259492 0.003743
2458384.957228 20.258580 0.003740
2458385.460821 20.265899 0.003765
2458385.953888 20.257748 0.003737
2458386.446956 20.258466 0.003739
2458386.950549 20.257202 0.003735
2458387.443616 20.267058 0.003769
2458387.936683 20.262771 0.003754
2458388.440277 20.267828 0.003772
2458388.933344 20.264695 0.003761
2458389.426411 20.263927 0.003758
2458389.930005 20.260690 0.003747
2458390.423072 20.260074 0.003745
2458390.916139 20.264374 0.003760
2458391.419732 20.256269 0.003732
2458391.912800 20.261444 0.003749
2458392.405867 20.261410 0.003749
2458392.909460 20.263973 0.003758
2458393.402527 20.255473 0.003729
2458393.895594 20.262988 0.003755
2458394.399188 20.264557 0.003760
2458394.892255 20.256075 0.003731
2458395.385322 20.260964 0.003748
2458395.888916 20.258204 0.003738
2458396.381983 20.263469 0.003756
2458396.875050 20.258819 0.003740
2458397.378644 20.259024 0.003741
2458397.871711 20.263744 0.003757
2458398.364778 20.263915 0.003758
2458398.868371 20.258910 0.003741
2458399.361438 20.261799 0.003751
2458399.854506 20.265566 0.003764
2458400.358099 20.262107 0.003752
2458400.851166 20.264294 0.003759
2458401.344233 20.270095 0.003779
2458401.847827 20.263171 0.003755
2458402.340894 20.263744 0.003757
2458402.833961 20.255189 0.003728
2458403.337555 20.260633 0.003747
2458403.830622 20.261764 0.003751
2458404.323689 20.258682 0.003740
2458404.827282 20.260257 0.003745
2458405.320350 20.259469 0.003743
2458405.813417 20.263778 0.003758
2458406.317010 20.261330 0.003749
2458406.810077 20.258147 0.003738
2458407.303144 20.267725 0.003771
2458407.806738 20.258922 0.003741
2458408.299805 20.262874 0.003754
2458408.792872 20.262771 0.003754
2458409.296466 19.602394 0.002843
2458409.789533 -99.000000 -99.000000
2458410.282600 -99.000000 -99.000000
2458410.786194 -99.000000 -99.000000
2458411.279261 -99.000000 -99.000000
2458411.772328 -99.000000 -99.000000
2458412.275921 -99.000000 -99.000000
2458412.768988 -99.000000 -99.000000
2458413.262056 -99.000000 -99.000000
2458413.765649 -99.000000 -99.000000
2458414.258716 -99.000000 -99.000000
2458414.751783 -99.000000 -99.000000
2458415.255377 -99.000000 -99.000000
2458415.748444 -99.000000 -99.000000
2458416.241511 -99.000000 -99.000000
2458416.745105 -99.000000 -99.000000
2458417.238172 -99.000000 -99.000000
2458417.731239 -99.000000 -99.000000
2458418.234832 -99.000000 -99.000000
2458526.481367 20.264454 0.003760
2458526.984960 20.257623 0.003736
2458527.478027 20.270879 0.003782
2458527.971094 20.261376 0.003749
2458528.474688 20.259207 0.003742
2458528.967755 20.265956 0.003765
2458529.460822 20.263881 0.003758
2458529.964416 20.266737 0.003768
2458530.457483 20.262027 0.003751
2458530.950550 20.259937 0.003744
2458531.454144 20.259366 0.003742
2458531.947211 20.262165 0.003752
2458532.440278 20.260040 0.003745
2458532.943871 20.262553 0.003753
2458533.436938 20.259195 0.003742
2458533.930006 20.257190 0.003735
2458534.433599 20.259435 0.003743
2458534.926666 20.263320 0.003756
2458535.419733 20.263560 0.003757
2458535.923327 20.254348 0.003725
2458536.416394 20.261250 0.003749
2458536.909461 20.256928 0.003734
2458537.413055 20.262782 0.003754
2458537.906122 20.267610 0.003771
2458538.399189 20.255234 0.003728
2458538.902782 20.264282 0.003759
2458539.395850 20.260005 0.003744
2458539.888917 20.261879 0.003751
2458540.392510 20.259686 0.003743
2458540.885577 20.259983 0.003744
2458541.378644 20.262599 0.003753
2458541.882238 20.261010 0.003748
2458542.375305 20.266565 0.003767
2458542.868372 20.264557 0.003760
2458543.371966 20.262988 0.003755
2458543.865033 20.263286 0.003756
2458544.358100 20.252998 0.003720
2458544.861694 20.260747 0.003747
2458545.354761 20.260199 0.003745
2458545.847828 20.258261 0.003738
2458546.351421 20.258774 0.003740
2458546.844488 20.256837 0.003734
2458547.337556 20.262210 0.003752
2458547.841149 20.257270 0.003735
2458548.334216 20.256815 0.003733
2458548.827283 20.261376 0.003749
2458549.330877 20.262805 0.003754
2458549.823944 20.267978 0.003772
2458550.317011 20.261639 0.003750
2458550.820605 20.263984 0.003758
2458551.313672 20.260633 0.003747
2458551.806739 20.260530 0.003746
2458552.310332 20.257976 0.003737
2458552.803400 20.260382 0.003746
2458553.296467 20.260222 0.003745
2458553.800060 20.256564 0.003733
2458554.293127 20.264763 0.003761
2458554.786194 20.264844 0.003761
2458555.289788 20.262645 0.003754
2458555.782855 20.258922 0.003741
2458556.275922 20.261319 0.003749
2458556.779516 20.263160 0.003755
2458557.272583 20.263366 0.003756
2458557.765650 20.261844 0.003751
2458558.269244 20.261410 0.003749
2458558.762311 20.261604 0.003750
2458559.255378 20.261593 0.003750
2458559.758971 20.264844 0.003761
2458560.252038 20.269588 0.003778
2458560.745106 20.256803 0.003733
2458561.248699 20.263309 0.003756
2458561.741766 20.264706 0.003761
2458562.234833 20.259846 0.003744
2458562.738427 20.257088 0.003734
2458563.231494 20.261079 0.003748
2458563.724561 20.255814 0.003730
2458564.228155 20.262279 0.003752
2458564.721222 20.261022 0.003748
2458565.214289 20.267380 0.003770
2458565.717882 20.261067 0.003748
2458566.210950 20.260519 0.003746
2458566.704017 20.257737 0.003737
2458567.207610 20.259287 0.003742
2458567.700677 20.258021 0.003738
2458568.193744 20.265073 0.003762
2458568.697338 20.264110 0.003759
2458569.190405 20.260108 0.003745
2458569.683472 20.265222 0.003763
2458570.187066 20.259195 0.003742
2458570.680133 20.263583 0.003757
2458571.173200 20.264282 0.003759
2458571.676794 20.260165 0.003745
2458572.169861 20.259036 0.003741
2458572.662928 20.262805 0.003754
2458573.166521 20.264718 0.003761
2458573.659588 20.269255 0.003777
2458574.152656 20.262142 0.003752
2458574.656249 20.260439 0.003746
2458575.149316 20.266886 0.003768
2458575.642383 20.258466 0.003739
2458576.145977 20.264007 0.003758
2458576.639044 20.258728 0.003740
2458577.132111 20.259868 0.003744
2458577.635705 20.256291 0.003732
2458578.128772 20.256416 0.003732
2458578.621839 20.260896 0.003748
2458579.125432 20.264763 0.003761
2458579.618500 20.260142 0.003745
2458580.111567 20.263572 0.003757
2458580.615160 20.257008 0.003734
2458581.108227 20.262096 0.003752
2458581.601294 20.258272 0.003739
2458582.104888 20.259549 0.003743
2458582.597955 20.251831 0.003716
2458583.091022 20.263767 0.003757
2458583.594616 20.260325 0.003746
2458584.087683 20.263171 0.003755
2458584.580750 20.251287 0.003715
2458585.084344 20.256667 0.003733
2458585.577411 20.268679 0.003775
2458586.070478 20.253077 0.003721
2458586.574071 20.259070 0.003741
2458587.067138 20.263435 0.003756
2458587.560206 20.252964 0.003720
2458588.063799 20.263057 0.003755
2458588.556866 20.263492 0.003757
2458589.049933 20.261307 0.003749
2458589.553527 20.260462 0.003746
2458590.046594 20.256143 0.003731
2458590.539661 20.252329 0.003718
2458591.043255 20.259971 0.003744
2458591.536322 20.268599 0.003774
2458592.029389 20.262462 0.003753
2458592.532982 20.259709 0.003743
2458593.026050 20.269519 0.003777
2458593.519117 20.262565 0.003753
2458594.022710 20.263870 0.003758
2458594.515777 20.264305 0.003759
2458595.008844 20.257372 0.003735
2458595.512438 20.259926 0.003744
2458596.005505 20.253735 0.003723
2458596.498572 20.264649 0.003761
2458597.002166 20.261204 0.003749
2458597.495233 20.258158 0.003738
2458597.988300 20.253043 0.003721
2458712.204272 20.263812 0.003758
2458712.697339 20.261159 0.003748
2458713.200932 20.263343 0.003756
2458713.694000 20.257930 0.003737
2458714.187067 20.254995 0.003727
2458714.690660 20.261764 0.003751
2458715.183727 20.256109 0.003731
2458715.676794 20.264786 0.003761
2458716.180388 20.255791 0.003730
2458716.673455 20.265486 0.003763
2458717.166522 20.260907 0.003748
2458717.670116 20.270671 0.003781
2458718.163183 20.262405 0.003753
2458718.656250 20.260005 0.003744
2458719.159844 20.263446 0.003756
2458719.652911 20.264821 0.003761
2458720.145978 20.263400 0.003756
2458720.649571 20.264339 0.003759
2458721.142638 20.259652 0.003743
2458721.635706 20.259868 0.003744
2458722.139299 20.255973 0.003731
2458722.632366 20.261010 0.003748
2458723.125433 20.268162 0.003773
2458723.629027 20.260428 0.003746
2458724.122094 20.262210 0.003752
2458724.615161 20.259230 0.003742
2458725.118755 20.262359 0.003753
2458725.611822 20.259127 0.003741
2458726.104889 20.259652 0.003743
2458726.608482 20.259435 0.003743
2458727.101550 20.258831 0.003740
2458727.594617 20.256849 0.003734
2458728.098210 20.260051 0.003745
2458728.591277 20.262233 0.003752
2458729.084344 20.259150 0.003742
2458729.587938 20.259161 0.003742
2458730.081005 20.260405 0.003746
2458730.574072 20.258979 0.003741
2458731.077666 20.261124 0.003748
2458731.570733 20.260199 0.003745
2458732.063800 20.260142 0.003745
2458732.567394 20.255666 0.003730
2458733.060461 20.270614 0.003781
2458733.553528 20.258796 0.003740
2458734.057121 20.260565 0.003746
2458734.550188 20.256951 0.003734
2458735.043256 20.262599 0.003753
2458735.546849 20.260428 0.003746
2458736.039916 20.258044 0.003738
2458736.532983 20.263835 0.003758
2458737.036577 20.258580 0.003740
2458737.529644 20.260302 0.003746
2458738.022711 20.263022 0.003755
2458738.526305 20.261250 0.003749
2458739.019372 20.258728 0.003740
2458739.512439 20.258306 0.003739
2458740.016032 20.259720 0.003743
2458740.509100 20.253735 0.003723
2458741.002167 20.257042 0.003734
2458741.505760 20.258739 0.003740
2458741.998827 20.261913 0.003751
2458742.491894 20.260919 0.003748
2458742.995488 20.259811 0.003744
2458743.488555 20.256758 0.003733
2458743.981622 20.263217 0.003756
2458744.485216 20.260862 0.003747
2458744.978283 20.259617 0.003743
2458745.471350 20.259104 0.003741
2458745.974944 20.263950 0.003758
2458746.468011 20.259686 0.003743
2458746.961078 20.262508 0.003753
2458747.464671 20.263790 0.003758
2458747.957738 20.263148 0.003755
2458748.450806 20.257554 0.003736
2458748.954399 20.266255 0.003766
2458749.447466 20.259811 0.003744
2458749.940533 20.260108 0.003745
2458750.444127 20.262325 0.003752
2458750.937194 20.264775 0.003761
2458751.430261 20.260713 0.003747
2458751.933855 20.255473 0.003729
2458752.426922 20.256883 0.003734
2458752.919989 20.256928 0.003734
2458753.423582 20.261810 0.003751
2458753.916650 20.263171 0.003755
2458754.409717 20.264706 0.003761
2458754.913310 20.255746 0.003730
2458755.406377 20.261982 0.003751
2458755.899444 20.257816 0.003737
2458756.403038 20.260279 0.003745
2458756.896105 20.260439 0.003746
2458757.389172 20.260907 0.003748
2458757.892766 20.258329 0.003739
2458758.385833 20.256963 0.003734
2458758.878900 20.250031 0.003710
2458759.382494 20.262782 0.003754
2458759.875561 20.259937 0.003744
2458760.368628 20.255268 0.003728
2458760.872221 20.260576 0.003746
2458761.365288 20.258728 0.003740
2458761.858356 20.257509 0.003736
2458762.361949 20.260371 0.003746
2458762.855016 20.257167 0.003735
2458763.348083 20.263148 0.003755
2458763.851677 20.262073 0.003752
2458764.344744 20.259606 0.003743
2458764.837811 20.262965 0.003755
2458765.341405 20.262393 0.003753
2458765.834472 20.262382 0.003753
2458766.327539 20.261022 0.003748
2458766.831132 20.261273 0.003749
2458767.324200 20.260793 0.003747
2458767.817267 20.257486 0.003736
2458768.320860 20.260485 0.003746
2458768.813927 20.263217 0.003756
2458769.306994 20.257486 0.003736
2458769.810588 20.261136 0.003748
2458770.303655 20.262965 0.003755
2458770.796722 20.259458 0.003743
2458771.300316 20.261593 0.003750
2458771.793383 20.262142 0.003752
2458772.286450 20.259252 0.003742
2458772.790044 20.261239 0.003749
2458773.283111 20.260953 0.003748
2458773.776178 20.262393 0.003753
2458774.279771 20.262702 0.003754
2458774.772838 20.262119 0.003752
2458775.265906 20.254837 0.003727
2458775.769499 20.260074 0.003745
2458776.262566 20.262942 0.003755
2458776.755633 20.250427 0.003712
2458777.259227 20.256428 0.003732
2458777.752294 20.259583 0.003743
2458778.245361 20.258979 0.003741
2458778.748955 20.258454 0.003739
2458779.242022 20.269416 0.003777
2458779.735089 20.257441 0.003736
2458780.238682 20.251378 0.003715
2458780.731750 20.256837 0.003734
2458781.224817 20.256371 0.003732
2458781.728410 20.265830 0.003765
2458782.221477 20.263389 0.003756
2458782.714544 20.263217 0.003756
2458783.218138 20.262748 0.003754
2458783.711205 20.265394 0.003763
2459622.427944 20.262702 0.003754
2459622.921011 20.266863 0.003768
2459623.424605 20.265520 0.003764
2459623.917672 20.255677 0.003730
2459624.410739 20.260747 0.003747
2459624.914332 20.261456 0.003749
2459625.407400 20.259880 0.003744
2459625.900467 20.262851 0.003754
2459626.404060 20.250914 0.003713
2459626.897127 20.259652 0.003743
2459627.390194 20.263709 0.003757
2459627.893788 20.258831 0.003740
2459628.386855 20.257133 0.003735
2459628.879922 20.259264 0.003742
2459629.383516 20.262508 0.003753
2459629.876583 20.256917 0.003734
2459630.369650 20.264534 0.003760
2459630.873244 20.256849 0.003734
2459631.366311 20.257498 0.003736
2459631.859378 20.261170 0.003748
2459632.362971 20.254030 0.003724
2459632.856038 20.257304 0.003735
2459633.349106 20.264351 0.003759
2459633.852699 20.264213 0.003759
2459634.345766 20.264912 0.003761
2459634.838833 20.262027 0.003751
2459635.342427 20.262245 0.003752
2459635.835494 20.262210 0.003752
2459636.328561 20.265578 0.003764
2459636.832155 20.254416 0.003725
2459637.325222 20.259629 0.003743
2459637.818289 20.260485 0.003746
2459638.321882 20.265188 0.003762
2459638.814950 20.260120 0.003745
2459639.308017 20.268771 0.003775
2459639.811610 20.261307 0.003749
2459640.304677 20.264786 0.003761
2459640.797744 20.266117 0.003766
2459641.301338 20.256519 0.003732
2459641.794405 20.261547 0.003750
2459642.287472 20.262954 0.003755
2459642.791066 20.256689 0.003733
2459643.284133 20.258204 0.003738
2459643.777200 20.266174 0.003766
2459644.280794 20.262725 0.003754
2459644.773861 20.254348 0.003725
2459645.266928 20.255245 0.003728
2459645.770521 20.264099 0.003759
2459646.263588 20.260747 0.003747
2459646.756656 20.261661 0.003750
2459647.260249 20.255257 0.003728
2459647.753316 20.255802 0.003730
2459648.246383 20.259127 0.003741
2459648.749977 20.259036 0.003741
2459649.243044 20.254814 0.003727
2459649.736111 20.261513 0.003750
2459650.239705 20.256951 0.003734
2459650.732772 20.253440 0.003722
2459651.225839 20.264362 0.003760
2459651.729432 20.256735 0.003733
2459652.222500 20.260245 0.003745
2459652.715567 20.259595 0.003743
2459653.219160 20.266829 0.003768
2459653.712227 20.263446 0.003756
2459654.205294 20.257725 0.003737
2459654.708888 20.267874 0.003772
2459655.201955 20.260599 0.003747
2459655.695022 20.256496 0.003732
2459656.198616 20.261730 0.003750
2459656.691683 20.256974 0.003734
2459657.184750 20.258967 0.003741
2459657.688344 20.255689 0.003730
2459658.181411 20.263435 0.003756
2459658.674478 20.260222 0.003745
2459659.178071 20.261501 0.003750
2459659.671138 20.256337 0.003732
2459660.164206 20.264248 0.003759
2459660.667799 20.260519 0.003746
2459661.160866 20.253293 0.003721
2459661.653933 20.255677 0.003730
2459662.157527 20.261147 0.003748
2459662.650594 20.253372 0.003722
2459663.143661 20.264878 0.003761
2459663.647255 20.257054 0.003734
2459664.140322 20.258443 0.003739
2459664.633389 20.259595 0.003743
2459665.136982 20.263595 0.003757
2459665.630050 20.261559 0.003750
2459666.123117 20.259218 0.003742
2459666.626710 20.259378 0.003742
2459667.119777 20.262039 0.003751
2459667.612844 20.258204 0.003738
2459668.116438 20.268012 0.003772
2459668.609505 20.257031 0.003734
2459669.102572 20.260017 0.003745
2459669.606166 20.260759 0.003747
2459670.099233 20.258796 0.003740
2459670.592300 20.265600 0.003764
2459671.095894 20.265532 0.003764
2459671.588961 20.257361 0.003735
2459672.082028 20.262519 0.003753
2459672.585621 20.262508 0.003753
2459673.078688 20.261524 0.003750
2459673.571756 20.261650 0.003750
2459674.075349 20.256633 0.003733
2459674.568416 20.256712 0.003733
2459675.061483 20.262325 0.003752
2459675.565077 20.261776 0.003751
2459676.058144 20.265692 0.003764
2459676.551211 20.265830 0.003765
2459677.054805 20.261764 0.003751
2459677.547872 20.263538 0.003757
2459678.040939 20.259754 0.003744
2459678.544532 20.263022 0.003755
2459679.037600 20.260827 0.003747
2459679.530667 20.266932 0.003768
2459680.034260 20.257281 0.003735
2459680.527327 20.257623 0.003736
2459681.020394 20.256075 0.003731
2459681.523988 20.257099 0.003734
2459682.017055 20.257122 0.003735
2459682.510122 20.256564 0.003733
2459683.013716 20.262233 0.003752
2459683.506783 20.260188 0.003745
2459683.999850 20.262462 0.003753
2459684.503444 20.259914 0.003744
2459684.996511 20.257395 0.003735
2459685.489578 20.255984 0.003731
2459685.993171 20.265153 0.003762
2459686.486238 20.261399 0.003749
2459686.979306 20.262839 0.003754
2459687.482899 20.253928 0.003724
2459687.975966 20.255882 0.003730
2459688.469033 20.266645 0.003767
2459688.972627 20.259800 0.003744
2459689.465694 20.259298 0.003742
2459689.958761 20.257964 0.003737
2459690.462355 20.260885 0.003748
2459690.955422 20.262222 0.003752
2459691.448489 20.258853 0.003741
2459691.952082 20.258990 0.003741
2459692.445150 20.269232 0.003776
2459692.938217 20.268024 0.003772
2459693.441810 20.266438 0.003767
2459693.934877 20.260302 0.003746
2459807.647256 20.258865 0.003741
2459808.150849 20.261387 0.003749
2459808.643916 20.262622 0.003754
2459809.136983 20.260599 0.003747
2459809.640577 20.268403 0.003774
2459810.133644 20.261273 0.003749
2459810.626711 20.260964 0.003748
2459811.130305 20.261639 0.003750
2459811.623372 20.255291 0.003728
2459812.116439 20.258762 0.003740
2459812.620032 20.264511 0.003760
2459813.113100 20.261490 0.003750
2459813.606167 20.254110 0.003724
2459814.109760 20.257452 0.003736
2459814.602827 20.260702 0.003747
2459815.095894 20.262187 0.003752
2459815.599488 20.264420 0.003760
2459816.092555 20.257509 0.003736
2459816.585622 20.256314 0.003732
2459817.089216 20.262851 0.003754
2459817.582283 20.253474 0.003722
2459818.075350 20.257372 0.003735
2459818.578944 20.256234 0.003731
2459819.072011 20.258466 0.003739
2459819.565078 20.260827 0.003747
2459820.068671 20.264935 0.003762
2459820.561738 20.256906 0.003734
2459821.054806 20.251151 0.003714
2459821.558399 20.260496 0.003746
2459822.051466 20.267380 0.003770
2459822.544533 20.257224 0.003735
2459823.048127 20.262393 0.003753
2459823.541194 20.269542 0.003778
2459824.034261 20.267805 0.003771
2459824.537855 20.258876 0.003741
2459825.030922 20.256985 0.003734
2459825.523989 20.259287 0.003742
2459826.027582 20.255416 0.003729
2459826.520650 20.259093 0.003741
2459827.013717 20.255302 0.003728
2459827.517310 20.262702 0.003754
2459828.010377 20.260154 0.003745
2459828.503444 20.257737 0.003737
2459829.007038 20.258147 0.003738
2459829.500105 20.264225 0.003759
2459829.993172 20.257031 0.003734
2459830.496766 20.253406 0.003722
2459830.989833 20.255018 0.003727
2459831.482900 20.252613 0.003719
2459831.986494 20.264832 0.003761
2459832.479561 20.253803 0.003723
2459832.972628 20.257338 0.003735
2459833.476221 20.255427 0.003729
2459833.969288 20.253826 0.003723
2459834.462356 20.258340 0.003739
2459834.965949 20.258990 0.003741
2459835.459016 20.260827 0.003747
2459835.952083 20.260610 0.003747
2459836.455677 20.267185 0.003769
2459836.948744 20.252227 0.003718
2459837.441811 20.253554 0.003722
2459837.945405 20.262428 0.003753
2459838.438472 20.254042 0.003724
2459838.931539 20.255325 0.003728
2459839.435132 20.264557 0.003760
2459839.928200 20.250382 0.003711
2459840.421267 20.263217 0.003756
2459840.924860 20.255370 0.003729
2459841.417927 20.265796 0.003765
2459841.910994 20.261947 0.003751
2459842.414588 20.259617 0.003743
2459842.907655 20.266530 0.003767
2459843.400722 20.261684 0.003750
2459843.904316 20.260040 0.003745
2459844.397383 20.269289 0.003777
2459844.890450 20.258637 0.003740
2459845.394044 20.261913 0.003751
2459845.887111 20.259104 0.003741
2459846.380178 20.258113 0.003738
2459846.883771 20.271951 0.003786
2459847.376838 20.256894 0.003734
2459847.869906 20.262245 0.003752
2459848.373499 20.264179 0.003759
2459848.866566 20.262702 0.003754
2459849.359633 20.262176 0.003752
2459849.863227 20.258101 0.003738
2459850.356294 20.261513 0.003750
2459850.849361 20.257452 0.003736
2459851.352955 20.254882 0.003727
2459851.846022 20.260999 0.003748
2459852.339089 20.259401 0.003742
2459852.842682 20.264397 0.003760
2459853.335750 20.266530 0.003767
2459853.828817 20.265532 0.003764
2459854.332410 20.257293 0.003735
2459854.825477 20.254609 0.003726
2459855.318544 20.261593 0.003750
2459855.822138 20.260462 0.003746
2459856.315205 20.262325 0.003752
2459856.808272 20.259401 0.003742
2459857.311866 20.259481 0.003743
2459857.804933 20.264706 0.003761
2459858.298000 20.257816 0.003737
2459858.801594 20.264993 0.003762
2459859.294661 20.254291 0.003725
2459859.787728 20.259298 0.003742
2459860.291321 20.262839 0.003754
2459860.784388 20.260302 0.003746
2459861.277456 20.265796 0.003765
2459861.781049 20.258739 0.003740
2459862.274116 20.262885 0.003754
2459862.767183 20.260462 0.003746
2459863.270777 20.264282 0.003759
2459863.763844 20.264993 0.003762
2459864.256911 20.262805 0.003754
2459864.760505 20.260656 0.003747
2459865.253572 20.269634 0.003778
2459865.746639 20.261821 0.003751
2459866.250232 20.263629 0.003757
2459866.743300 20.255484 0.003729
2459867.236367 20.261307 0.003749
2459867.739960 20.256883 0.003734
2459868.233027 20.256860 0.003734
2459868.726094 20.252035 0.003717
2459869.229688 20.261479 0.003750
2459869.722755 20.261136 0.003748
2459870.215822 20.255836 0.003730
2459870.719416 20.258648 0.003740
2459871.212483 20.259184 0.003742
2459871.705550 20.253735 0.003723
2459872.209144 20.265142 0.003762
2459872.702211 20.262542 0.003753
2459873.195278 20.259652 0.003743
2459873.698871 20.260393 0.003746
2459874.191938 20.265119 0.003762
2459874.685006 20.260336 0.003746
2459875.188599 20.260633 0.003747
2459875.681666 20.257190 0.003735
2459876.174733 20.270256 0.003780
2459876.678327 20.255166 0.003728
2459877.171394 20.260405 0.003746
2459877.664461 20.265979 0.003765
2459878.168055 20.256451 0.003732
2459878.661122 20.260690 0.003747
2459879.154189 20.263297 0.003756
2459987.411250 20.261353 0.003749
2459987.904317 20.260416 0.003746
2459988.407910 20.266232 0.003766
2459988.900977 20.261124 0.003748
2459989.394044 20.266610 0.003767
2459989.897638 20.258158 0.003738
2459990.390705 20.260942 0.003748
2459990.883772 20.265784 0.003764
2459991.387366 20.259777 0.003744
2459991.880433 20.260827 0.003747
2459992.373500 20.257441 0.003736
2459992.877094 20.258534 0.003739
2459993.370161 20.267782 0.003771
2459993.863228 20.256371 0.003732
2459994.366821 20.262622 0.003754
2459994.859888 20.258933 0.003741
2459995.352956 20.252749 0.003720
2459995.856549 20.263217 0.003756
2459996.349616 20.262817 0.003754
2459996.842683 20.259937 0.003744
2459997.346277 20.267208 0.003769
2459997.839344 20.262027 0.003751
2459998.332411 20.264844 0.003761
2459998.836005 20.265211 0.003762
2459999.329072 20.263858 0.003758
2459999.822139 20.264442 0.003760
2460000.325732 20.262267 0.003752
2460000.818800 20.258192 0.003738
2460001.311867 20.256576 0.003733
2460001.815460 20.260656 0.003747
2460002.308527 20.257327 0.003735
2460002.801594 20.262153 0.003752
2460003.305188 20.265440 0.003763
2460003.798255 20.259435 0.003743
2460004.291322 20.257680 0.003736
2460004.794916 20.253951 0.003724
2460005.287983 20.258318 0.003739
2460005.781050 20.253270 0.003721
2460006.284644 20.261364 0.003749
2460006.777711 20.272956 0.003789
2460007.270778 20.254189 0.003724
2460007.774371 20.254995 0.003727
2460008.267438 20.266794 0.003768
2460008.760506 20.261479 0.003750
2460009.264099 20.258238 0.003738
2460009.757166 20.260862 0.003747
2460010.250233 20.268162 0.003773
2460010.753827 20.256746 0.003733
2460011.246894 20.259469 0.003743
2460011.739961 20.264580 0.003760
2460012.243555 20.257907 0.003737
2460012.736622 20.259264 0.003742
2460013.229689 20.259309 0.003742
2460013.733282 20.257190 0.003735
2460014.226350 20.261879 0.003751
2460014.719417 20.258831 0.003740
2460015.223010 20.261524 0.003750
2460015.716077 20.256314 0.003732
2460016.209144 20.264362 0.003760
2460016.712738 20.262874 0.003754
2460017.205805 20.264053 0.003758
2460017.698872 20.265119 0.003762
2460018.202466 20.258375 0.003739
2460018.695533 20.264351 0.003759
2460019.188600 20.260428 0.003746
2460019.692194 20.254008 0.003724
2460020.185261 20.268070 0.003772
2460020.678328 20.260679 0.003747
2460021.181921 20.263790 0.003758
2460021.674988 20.258363 0.003739
2460022.168056 20.257315 0.003735
2460022.671649 20.261593 0.003750
2460023.164716 20.257566 0.003736
2460023.657783 20.252567 0.003719
2460024.161377 20.255166 0.003728
2460024.654444 20.263881 0.003758
2460025.147511 20.256792 0.003733
2460025.651105 20.262519 0.003753
2460026.144172 20.255086 0.003728
2460026.637239 20.259002 0.003741
2460027.140832 20.255859 0.003730
2460027.633900 20.258409 0.003739
2460028.126967 20.259811 0.003744
2460028.630560 20.258454 0.003739
2460029.123627 20.264420 0.003760
2460029.616694 20.258671 0.003740
2460030.120288 20.265818 0.003765
2460030.613355 20.262359 0.003753
2460031.106422 20.258215 0.003738
2460031.610016 20.266461 0.003767
2460032.103083 20.259720 0.003743
2460032.596150 20.260165 0.003745
2460033.099744 20.272840 0.003789
2460033.592811 20.264431 0.003760
2460034.085878 20.261022 0.003748
2460034.589471 20.256780 0.003733
2460035.082538 20.257372 0.003735
2460035.575606 20.263503 0.003757
2460036.079199 20.258432 0.003739
2460036.572266 20.258477 0.003739
2460037.065333 20.259948 0.003744
2460037.568927 20.254882 0.003727
2460038.061994 20.264981 0.003762
2460038.555061 20.263973 0.003758
2460039.058655 20.251955 0.003717
2460039.551722 20.263148 0.003755
2460040.044789 20.259184 0.003742
2460040.548382 20.259720 0.003743
2460041.041450 20.264958 0.003762
2460041.534517 20.262233 0.003752
2460042.038110 20.265623 0.003764
2460042.531177 20.260622 0.003747
2460043.024244 20.262897 0.003754
2460043.527838 20.254462 0.003725
2460044.020905 20.263503 0.003757
2460044.513972 20.264534 0.003760
2460045.017566 20.265578 0.003764
2460045.510633 20.264190 0.003759
2460046.003700 20.263606 0.003757
2460046.507294 20.260222 0.003745
2460047.000361 20.261182 0.003749
2460047.493428 20.258933 0.003741
2460047.997021 20.260976 0.003748
2460048.490088 20.259515 0.003743
2460048.983156 20.266220 0.003766
2460049.486749 20.260530 0.003746
2460049.979816 20.267357 0.003770
2460050.472883 20.270521 0.003781
2460050.976477 20.264351 0.003759
2460051.469544 20.261924 0.003751
2460051.962611 20.262405 0.003753
2460052.466205 20.253588 0.003722
2460052.959272 20.258204 0.003738
2460053.452339 20.262279 0.003752
2460053.955932 20.255223 0.003728
2460054.449000 20.260953 0.003748
2460054.942067 20.259503 0.003743
2460055.445660 20.258751 0.003740
2460055.938727 20.262805 0.003754
2460056.431794 20.263366 0.003756
2460056.935388 20.263709 0.003757
2460057.428455 20.257019 0.003734
2460057.921522 20.263412 0.003756
2460058.425116 20.261764 0.003751
2460058.918183 20.262714 0.003754
