2458346.727899 21.559984 0.004679
2458347.220966 21.564936 0.004701
2458347.714033 21.568926 0.004718
2458348.217627 21.564900 0.004700
2458348.710694 21.571777 0.004730
2458349.203761 21.566702 0.004708
2458349.707355 21.558103 0.004671
2458350.200422 21.566902 0.004709
2458350.693489 21.566647 0.004708
2458351.197082 21.565300 0.004702
2458351.690150 21.561342 0.004685
2458352.183217 21.563810 0.004696
2458352.686810 21.550648 0.004639
2458353.179877 21.564464 0.004698
2458353.672944 21.559043 0.004675
2458354.176538 21.563555 0.004695
2458354.669605 21.560473 0.004681
2458355.162672 21.561415 0.004685
2458355.666266 21.557146 0.004667
2458356.159333 21.564809 0.004700
2458356.652400 21.563919 0.004696
2458357.155994 21.566538 0.004707
2458357.649061 21.568670 0.004717
2458358.142128 21.566465 0.004707
2458358.645721 21.568962 0.004718
2458359.138788 21.566028 0.004705
2458359.631856 21.565846 0.004704
2458360.135449 21.560346 0.004681
2458360.628516 21.564300 0.004698
2458361.121583 21.567704 0.004713
2458361.625177 21.564827 0.004700
2458362.118244 21.561469 0.004686
2458362.611311 21.557597 0.004669
2458363.114905 21.569510 0.004720
2458363.607972 21.568397 0.004716
2458364.101039 21.560980 0.004683
2458364.604632 21.567157 0.004710
2458365.097700 21.565118 0.004701
2458365.590767 21.565810 0.004704
2458366.094360 21.568306 0.004715
2458366.587427 21.571520 0.004729
2458367.080494 21.564555 0.004699
2458367.584088 21.563973 0.004696
2458368.077155 21.560382 0.004681
2458368.570222 21.563392 0.004694
2458369.073816 21.568287 0.004715
2458369.566883 21.560165 0.004680
2458370.059950 21.560237 0.004680
2458370.563544 21.567977 0.004714
2458371.056611 21.570460 0.004724
2458371.549678 21.561433 0.004685
2458372.053271 21.556713 0.004665
2458372.546338 21.564409 0.004698
2458373.039406 21.565737 0.004704
2458373.542999 21.567886 0.004713
2458374.036066 21.569620 0.004721
2458374.529133 21.566046 0.004705
2458375.032727 21.560853 0.004683
2458375.525794 21.562920 0.004692
2458376.018861 21.565555 0.004703
2458376.522455 21.560147 0.004680
2458377.015522 21.561668 0.004686
2458377.508589 21.561904 0.004687
2458378.012182 21.566119 0.004706
2458378.505250 21.563428 0.004694
2458378.998317 21.571082 0.004727
2458379.501910 21.567430 0.004711
2458379.994977 21.563465 0.004694
2458380.488044 21.564973 0.004701
2458380.991638 21.566174 0.004706
2458381.484705 21.565173 0.004702
2458381.977772 21.564046 0.004697
2458382.481366 21.564282 0.004698
2458382.974433 21.562176 0.004689
2458383.467500 21.571392 0.004729
2458383.971094 21.568105 0.004714
2458384.464161 21.562865 0.004692
2458384.957228 21.568579 0.004716
2458385.460821 21.560726 0.004682
2458385.953888 21.565300 0.004702
2458386.446956 21.567704 0.004713
2458386.950549 21.565992 0.004705
2458387.443616 21.559875 0.004679
2458387.936683 21.563719 0.004695
2458388.440277 21.557615 0.004669
2458388.933344 21.561433 0.004685
2458389.426411 21.562303 0.004689
2458389.930005 21.560038 0.004679
2458390.423072 21.562684 0.004691
2458390.916139 21.571667 0.004730
2458391.419732 21.571758 0.004730
2458391.912800 21.563446 0.004694
2458392.405867 21.567594 0.004712
2458392.909460 21.564936 0.004701
2458393.402527 21.561415 0.004685
2458393.895594 21.575755 0.004748
2458394.399188 21.567266 0.004711
2458394.892255 21.564809 0.004700
2458395.385322 21.564137 0.004697
2458395.888916 21.574653 0.004743
2458396.381983 21.557561 0.004669
2458396.875050 21.562357 0.004689
2458397.378644 21.564845 0.004700
2458397.871711 21.559821 0.004678
2458398.364778 21.563319 0.004694
2458398.868371 21.567868 0.004713
2458399.361438 21.564864 0.004700
2458399.854506 21.566283 0.004706
2458400.358099 21.561614 0.004686
2458400.851166 21.567795 0.004713
2458401.344233 21.571960 0.004731
2458401.847827 21.569711 0.004721
2458402.340894 21.566374 0.004707
2458402.833961 21.572564 0.004734
2458403.337555 21.567230 0.004710
2458403.830622 21.568378 0.004715
2458404.323689 21.565846 0.004704
2458404.827282 21.558121 0.004671
2458405.320350 21.566301 0.004706
2458405.813417 21.569802 0.004722
2458406.317010 21.567758 0.004713
2458406.810077 21.571447 0.004729
2458407.303144 21.564464 0.004698
2458407.806738 21.564864 0.004700
2458408.299805 21.564137 0.004697
2458408.792872 21.569930 0.004722
2458409.296466 21.571136 0.004727
2458409.789533 21.566847 0.004709
2458410.282600 21.556929 0.004666
2458410.786194 21.569455 0.004720
2458411.279261 21.573681 0.004739
2458411.772328 21.561378 0.004685
2458412.275921 21.569273 0.004719
2458412.768988 21.564482 0.004699
2458413.262056 21.571832 0.004730
2458413.765649 21.567048 0.004710
2458414.258716 21.558844 0.004674
2458414.751783 21.571703 0.004730
2458415.255377 21.562085 0.004688
2458415.748444 21.569693 0.004721
2458416.241511 21.563319 0.004694
2458416.745105 21.563065 0.004692
2458417.238172 21.565227 0.004702
2458417.731239 21.557525 0.004669
2458418.234832 21.565373 0.004702
2458526.481367 21.565591 0.004703
2458526.984960 21.561070 0.004684
2458527.478027 21.561958 0.004688
2458527.971094 21.567029 0.004710
2458528.474688 21.572710 0.004734
2458528.967755 21.559658 0.004678
2458529.460822 21.560328 0.004681
2458529.964416 21.569601 0.004721
2458530.457483 21.566119 0.004706
2458530.950550 21.576251 0.004750
2458531.454144 21.561940 0.004688
2458531.947211 21.574085 0.004740
2458532.440278 21.562303 0.004689
2458532.943871 21.561542 0.004686
2458533.436938 21.562938 0.004692
2458533.930006 21.570332 0.004724
2458534.433599 21.571996 0.004731
2458534.926666 21.559622 0.004678
2458535.419733 21.571594 0.004729
2458535.923327 21.575810 0.004748
2458536.416394 21.576931 0.004753
2458536.909461 21.563573 0.004695
2458537.413055 21.562339 0.004689
2458537.906122 21.568707 0.004717
2458538.399189 21.561958 0.004688
2458538.902782 21.561523 0.004686
2458539.395850 21.559170 0.004676
2458539.888917 21.566720 0.004708
2458540.392510 21.557218 0.004667
2458540.885577 21.566319 0.004706
2458541.378644 21.565882 0.004705
2458541.882238 21.563719 0.004695
2458542.375305 21.566774 0.004708
2458542.868372 21.573425 0.004737
2458543.371966 21.564791 0.004700
2458543.865033 21.563864 0.004696
2458544.358100 21.564464 0.004698
2458544.861694 21.565682 0.004704
2458545.354761 21.566520 0.004707
2458545.847828 21.558392 0.004672
2458546.351421 21.564536 0.004699
2458546.844488 21.558157 0.004671
2458547.337556 21.567540 0.004712
2458547.841149 21.576067 0.004749
2458548.334216 21.566665 0.004708
2458548.827283 21.563247 0.004693
2458549.330877 21.561306 0.004685
2458549.823944 21.564700 0.004699
2458550.317011 21.563410 0.004694
2458550.820605 21.575699 0.004747
2458551.313672 21.556749 0.004665
2458551.806739 21.557561 0.004669
2458552.310332 21.566556 0.004708
2458552.803400 21.564918 0.004700
2458553.296467 21.562611 0.004690
2458553.800060 21.563047 0.004692
2458554.293127 21.565409 0.004703
2458554.786194 21.561070 0.004684
2458555.289788 21.568068 0.004714
2458555.782855 21.560491 0.004681
2458556.275922 21.559893 0.004679
2458556.779516 21.567303 0.004711
2458557.272583 21.564736 0.004700
2458557.765650 21.572106 0.004732
2458558.269244 21.564773 0.004700
2458558.762311 21.556370 0.004664
2458559.255378 21.560726 0.004682
2458559.758971 21.568725 0.004717
2458560.252038 21.563410 0.004694
2458560.745106 21.561705 0.004687
2458561.248699 21.567121 0.004710
2458561.741766 21.565664 0.004704
2458562.234833 21.568707 0.004717
2458562.738427 21.562285 0.004689
2458563.231494 21.566010 0.004705
2458563.724561 21.554963 0.004658
2458564.228155 21.565191 0.004702
2458564.721222 21.561052 0.004684
2458565.214289 21.563719 0.004695
2458565.717882 21.565118 0.004701
2458566.210950 21.570771 0.004726
2458566.704017 21.556731 0.004665
2458567.207610 21.569528 0.004720
2458567.700677 21.565646 0.004704
2458568.193744 21.558663 0.004673
2458568.697338 21.564736 0.004700
2458569.190405 21.563392 0.004694
2458569.683472 21.558989 0.004675
2458570.187066 21.562267 0.004689
2458570.680133 21.572875 0.004735
2458571.173200 21.553505 0.004651
2458571.676794 21.565100 0.004701
2458572.169861 21.562376 0.004689
2458572.662928 21.574250 0.004741
2458573.166521 21.568306 0.004715
2458573.659588 21.564137 0.004697
2458574.152656 21.559966 0.004679
2458574.656249 21.567522 0.004712
2458575.149316 21.556983 0.004666
2458575.642383 21.561958 0.004688
2458576.145977 21.568378 0.004715
2458576.639044 21.569108 0.004719
2458577.132111 21.564137 0.004697
2458577.635705 21.564118 0.004697
2458578.128772 21.567303 0.004711
2458578.621839 21.566683 0.004708
2458579.125432 21.563719 0.004695
2458579.618500 21.557561 0.004669
2458580.111567 21.568743 0.004717
2458580.615160 21.566665 0.004708
2458581.108227 21.562738 0.004691
2458581.601294 21.560907 0.004683
2458582.104888 21.561777 0.004687
2458582.597955 21.561777 0.004687
2458583.091022 21.557128 0.004667
2458583.594616 21.570917 0.004726
2458584.087683 21.568433 0.004716
2458584.580750 21.567795 0.004713
2458585.084344 21.564718 0.004700
2458585.577411 21.561940 0.004688
2458586.070478 21.568105 0.004714
2458586.574071 21.569547 0.004721
2458587.067138 21.567868 0.004713
2458587.560206 21.571594 0.004729
2458588.063799 21.565227 0.004702
2458588.556866 21.561632 0.004686
2458589.049933 21.567011 0.004709
2458589.553527 21.560400 0.004681
2458590.046594 21.563701 0.004695
2458590.539661 21.565992 0.004705
2458591.043255 21.564973 0.004701
2458591.536322 21.564918 0.004700
2458592.029389 21.563592 0.004695
2458592.532982 21.566410 0.004707
2458593.026050 21.565009 0.004701
2458593.519117 21.564246 0.004698
2458594.022710 21.551007 0.004641
2458594.515777 21.559567 0.004677
2458595.008844 21.561143 0.004684
2458595.512438 21.570734 0.004726
2458596.005505 21.568908 0.004718
2458596.498572 21.563265 0.004693
2458597.002166 21.561505 0.004686
2458597.495233 21.561650 0.004686
2458597.988300 21.565682 0.004704
2458712.204272 21.554657 0.004656
2458712.697339 21.562357 0.004689
2458713.200932 21.560310 0.004681
2458713.694000 21.563501 0.004694
2458714.187067 21.563810 0.004696
2458714.690660 21.561686 0.004686
2458715.183727 21.559369 0.004676
2458715.676794 21.564864 0.004700
2458716.180388 21.570003 0.004722
2458716.673455 21.561560 0.004686
2458717.166522 21.566101 0.004706
2458717.670116 21.572015 0.004731
2458718.163183 21.573186 0.004736
2458718.656250 21.568014 0.004714
2458719.159844 21.572490 0.004733
2458719.652911 21.566920 0.004709
2458720.145978 21.568214 0.004715
2458720.649571 21.565591 0.004703
2458721.142638 21.569985 0.004722
2458721.635706 21.565373 0.004702
2458722.139299 21.571795 0.004730
2458722.632366 21.559459 0.004677
2458723.125433 21.558428 0.004672
2458723.629027 21.571063 0.004727
2458724.122094 21.566174 0.004706
2458724.615161 21.560708 0.004682
2458725.118755 21.565409 0.004703
2458725.611822 21.560020 0.004679
2458726.104889 21.561306 0.004685
2458726.608482 21.571520 0.004729
2458727.101550 21.567886 0.004713
2458727.594617 21.569601 0.004721
2458728.098210 21.563101 0.004693
2458728.591277 21.567412 0.004711
2458729.084344 21.570350 0.004724
2458729.587938 21.570222 0.004723
2458730.081005 21.573608 0.004738
2458730.574072 21.563537 0.004694
2458731.077666 21.567485 0.004712
2458731.570733 21.559296 0.004676
2458732.063800 21.560454 0.004681
2458732.567394 21.562557 0.004690
2458733.060461 21.570698 0.004726
2458733.553528 21.559694 0.004678
2458734.057121 21.560310 0.004681
2458734.550188 21.564827 0.004700
2458735.043256 21.569127 0.004719
2458735.546849 21.563846 0.004696
2458736.039916 21.565482 0.004703
2458736.532983 21.564755 0.004700
2458737.036577 21.562630 0.004691
2458737.529644 21.566119 0.004706
2458738.022711 21.569528 0.004720
2458738.526305 21.555576 0.004660
2458739.019372 21.557489 0.004668
2458739.512439 21.564791 0.004700
2458740.016032 21.565955 0.004705
2458740.509100 21.567175 0.004710
2458741.002167 21.572747 0.004734
2458741.505760 21.563283 0.004693
2458741.998827 21.565264 0.004702
2458742.491894 21.563864 0.004696
2458742.995488 21.564246 0.004698
2458743.488555 21.560654 0.004682
2458743.981622 21.565518 0.004703
2458744.485216 21.560581 0.004682
2458744.978283 21.556875 0.004666
2458745.471350 21.571374 0.004728
2458745.974944 21.570661 0.004725
2458746.468011 21.562267 0.004689
2458746.961078 21.567102 0.004710
2458747.464671 21.560780 0.004683
2458747.957738 21.567923 0.004713
2458748.450806 21.562194 0.004689
2458748.954399 21.567321 0.004711
2458749.447466 21.573388 0.004737
2458749.940533 21.569419 0.004720
2458750.444127 21.574635 0.004743
2458750.937194 21.561668 0.004686
2458751.430261 21.564991 0.004701
2458751.933855 21.557128 0.004667
2458752.426922 21.567558 0.004712
2458752.919989 21.568032 0.004714
2458753.423582 21.566866 0.004709
2458753.916650 21.561686 0.004686
2458754.409717 21.564936 0.004701
2458754.913310 21.562702 0.004691
2458755.406377 21.562140 0.004688
2458755.899444 21.569254 0.004719
2458756.403038 21.557417 0.004668
2458756.896105 21.560382 0.004681
2458757.389172 21.560799 0.004683
2458757.892766 21.564718 0.004700
2458758.385833 21.563828 0.004696
2458758.878900 21.570679 0.004725
2458759.382494 21.561886 0.004687
2458759.875561 21.568269 0.004715
2458760.368628 21.564028 0.004697
2458760.872221 21.568634 0.004717
2458761.365288 21.568725 0.004717
2458761.858356 21.564646 0.004699
2458762.361949 21.562303 0.004689
2458762.855016 21.556478 0.004664
2458763.348083 21.557128 0.004667
2458763.851677 21.562339 0.004689
2458764.344744 21.576104 0.004749
2458764.837811 21.567503 0.004712
2458765.341405 21.560672 0.004682
2458765.834472 21.560654 0.004682
2458766.327539 21.570624 0.004725
2458766.831132 21.560889 0.004683
2458767.324200 21.561723 0.004687
2458767.817267 21.568634 0.004717
2458768.320860 21.567485 0.004712
2458768.813927 21.565318 0.004702
2458769.306994 21.566374 0.004707
2458769.810588 21.557453 0.004668
2458770.303655 21.559423 0.004677
2458770.796722 21.566647 0.004708
2458771.300316 21.564682 0.004699
2458771.793383 21.563792 0.004696
2458772.286450 21.567795 0.004713
2458772.790044 21.559387 0.004677
2458773.283111 21.569766 0.004721
2458773.776178 21.574231 0.004741
2458774.279771 21.568981 0.004718
2458774.772838 21.567175 0.004710
2458775.265906 21.566683 0.004708
2458775.769499 21.563610 0.004695
2458776.262566 21.570698 0.004726
2458776.755633 21.562630 0.004691
2458777.259227 21.572252 0.004732
2458777.752294 21.553901 0.004653
2458778.245361 21.572527 0.004733
2458778.748955 21.568068 0.004714
2458779.242022 21.562775 0.004691
2458779.735089 21.564936 0.004701
2458780.238682 21.560962 0.004683
2458780.731750 21.562267 0.004689
2458781.224817 21.569802 0.004722
2458781.728410 21.559369 0.004676
2458782.221477 21.555558 0.004660
2458782.714544 21.567613 0.004712
2458783.218138 21.577813 0.004757
2458783.711205 21.568962 0.004718
2459622.427944 21.563174 0.004693
2459622.921011 21.559730 0.004678
2459623.424605 21.562140 0.004688
2459623.917672 21.571155 0.004728
2459624.410739 21.559441 0.004677
2459624.914332 21.568105 0.004714
2459625.407400 21.567886 0.004713
2459625.900467 21.565901 0.004705
2459626.404060 21.554963 0.004658
2459626.897127 21.565755 0.004704
2459627.390194 21.561668 0.004686
2459627.893788 21.558374 0.004672
2459628.386855 21.564191 0.004697
2459628.879922 21.570954 0.004727
2459629.383516 21.571868 0.004731
2459629.876583 21.564282 0.004698
2459630.369650 21.562194 0.004689
2459630.873244 21.567485 0.004712
2459631.366311 21.569583 0.004721
2459631.859378 21.570588 0.004725
2459632.362971 21.566938 0.004709
2459632.856038 21.566356 0.004707
2459633.349106 21.564064 0.004697
2459633.852699 21.566702 0.004708
2459634.345766 21.563792 0.004696
2459634.838833 21.570423 0.004724
2459635.342427 21.564137 0.004697
2459635.835494 21.562974 0.004692
2459636.328561 21.563410 0.004694
2459636.832155 21.567777 0.004713
2459637.325222 21.571703 0.004730
2459637.818289 21.574103 0.004740
2459638.321882 21.567376 0.004711
2459638.814950 21.568962 0.004718
2459639.308017 21.566756 0.004708
2459639.811610 21.567758 0.004713
2459640.304677 21.562702 0.004691
2459640.797744 21.565973 0.004705
2459641.301338 21.570935 0.004727
2459641.794405 21.571850 0.004731
2459642.287472 21.562249 0.004689
2459642.791066 21.563755 0.004695
2459643.284133 21.563283 0.004693
2459643.777200 21.558934 0.004675
2459644.280794 21.559712 0.004678
2459644.773861 21.564900 0.004700
2459645.266928 21.560563 0.004682
2459645.770521 21.564264 0.004698
2459646.263588 21.563319 0.004694
2459646.756656 21.561759 0.004687
2459647.260249 21.568141 0.004714
2459647.753316 21.565337 0.004702
2459648.246383 21.566866 0.004709
2459648.749977 21.564373 0.004698
2459649.243044 21.566793 0.004709
2459649.736111 21.559025 0.004675
2459650.239705 21.561741 0.004687
2459650.732772 21.573095 0.004736
2459651.225839 21.557507 0.004668
2459651.729432 21.566283 0.004706
2459652.222500 21.571886 0.004731
2459652.715567 21.563083 0.004692
2459653.219160 21.564591 0.004699
2459653.712227 21.567394 0.004711
2459654.205294 21.559803 0.004678
2459654.708888 21.559875 0.004679
2459655.201955 21.568689 0.004717
2459655.695022 21.563592 0.004695
2459656.198616 21.567740 0.004713
2459656.691683 21.566811 0.004709
2459657.184750 21.557236 0.004667
2459657.688344 21.564900 0.004700
2459658.181411 21.570314 0.004724
2459658.674478 21.567540 0.004712
2459659.178071 21.563846 0.004696
2459659.671138 21.564246 0.004698
2459660.164206 21.567503 0.004712
2459660.667799 21.564337 0.004698
2459661.160866 21.563192 0.004693
2459661.653933 21.564282 0.004698
2459662.157527 21.572875 0.004735
2459662.650594 21.568816 0.004717
2459663.143661 21.564700 0.004699
2459663.647255 21.565409 0.004703
2459664.140322 21.563573 0.004695
2459664.633389 21.572893 0.004735
2459665.136982 21.559857 0.004679
2459665.630050 21.563610 0.004695
2459666.123117 21.564282 0.004698
2459666.626710 21.567522 0.004712
2459667.119777 21.567467 0.004711
2459667.612844 21.560599 0.004682
2459668.116438 21.565791 0.004704
2459668.609505 21.564228 0.004697
2459669.102572 21.567868 0.004713
2459669.606166 21.567102 0.004710
2459670.099233 21.567722 0.004713
2459670.592300 21.568999 0.004718
2459671.095894 21.564991 0.004701
2459671.588961 21.560273 0.004680
2459672.082028 21.562811 0.004691
2459672.585621 21.565373 0.004702
2459673.078688 21.568652 0.004717
2459673.571756 21.559730 0.004678
2459674.075349 21.565100 0.004701
2459674.568416 21.565700 0.004704
2459675.061483 21.569346 0.004720
2459675.565077 21.569839 0.004722
2459676.058144 21.556640 0.004665
2459676.551211 21.563537 0.004694
2459677.054805 21.570752 0.004726
2459677.547872 21.565737 0.004704
2459678.040939 21.563319 0.004694
2459678.544532 21.565955 0.004705
2459679.037600 21.567084 0.004710
2459679.530667 21.570570 0.004725
2459680.034260 21.573993 0.004740
2459680.527327 21.569145 0.004719
2459681.020394 21.573590 0.004738
2459681.523988 21.558934 0.004675
2459682.017055 21.562956 0.004692
2459682.510122 21.568178 0.004715
2459683.013716 21.563265 0.004693
2459683.506783 21.559260 0.004676
2459683.999850 21.565464 0.004703
2459684.503444 21.561396 0.004685
2459684.996511 21.565409 0.004703
2459685.489578 21.573535 0.004738
2459685.993171 21.562176 0.004689
2459686.486238 21.568269 0.004715
2459686.979306 21.566793 0.004709
2459687.482899 21.565300 0.004702
2459687.975966 21.566774 0.004708
2459688.469033 21.572619 0.004734
2459688.972627 21.566155 0.004706
2459689.465694 21.569327 0.004720
2459689.958761 21.558717 0.004674
2459690.462355 21.567230 0.004710
2459690.955422 21.564973 0.004701
2459691.448489 21.560690 0.004682
2459691.952082 21.558157 0.004671
2459692.445150 21.567813 0.004713
2459692.938217 21.564609 0.004699
2459693.441810 21.568488 0.004716
2459693.934877 21.566866 0.004709
2459807.647256 21.570241 0.004724
2459808.150849 21.573645 0.004738
2459808.643916 21.574268 0.004741
2459809.136983 21.556803 0.004665
2459809.640577 21.566428 0.004707
2459810.133644 21.564318 0.004698
2459810.626711 21.562085 0.004688
2459811.130305 21.568981 0.004718
2459811.623372 21.573755 0.004739
2459812.116439 21.568014 0.004714
2459812.620032 21.563138 0.004693
2459813.113100 21.567777 0.004713
2459813.606167 21.570259 0.004724
2459814.109760 21.564955 0.004701
2459814.602827 21.562394 0.004690
2459815.095894 21.574965 0.004744
2459815.599488 21.570405 0.004724
2459816.092555 21.561542 0.004686
2459816.585622 21.561705 0.004687
2459817.089216 21.567157 0.004710
2459817.582283 21.560310 0.004681
2459818.075350 21.567995 0.004714
2459818.578944 21.568543 0.004716
2459819.072011 21.567777 0.004713
2459819.565078 21.561614 0.004686
2459820.068671 21.569674 0.004721
2459820.561738 21.562793 0.004691
2459821.054806 21.558717 0.004674
2459821.558399 21.565209 0.004702
2459822.051466 21.563428 0.004694
2459822.544533 21.568670 0.004717
2459823.048127 21.567850 0.004713
2459823.541194 21.565646 0.004704
2459824.034261 21.564100 0.004697
2459824.537855 21.570222 0.004723
2459825.030922 21.558266 0.004672
2459825.523989 21.576030 0.004749
2459826.027582 21.565191 0.004702
2459826.520650 21.562974 0.004692
2459827.013717 21.560744 0.004682
2459827.517310 21.564464 0.004698
2459828.010377 21.562738 0.004691
2459828.503444 21.565318 0.004702
2459829.007038 21.564736 0.004700
2459829.500105 21.560708 0.004682
2459829.993172 21.557904 0.004670
2459830.496766 21.560382 0.004681
2459830.989833 21.568762 0.004717
2459831.482900 21.571703 0.004730
2459831.986494 21.558971 0.004675
2459832.479561 21.563101 0.004693
2459832.972628 21.565100 0.004701
2459833.476221 21.559459 0.004677
2459833.969288 21.559387 0.004677
2459834.462356 21.565992 0.004705
2459834.965949 21.569309 0.004719
2459835.459016 21.559242 0.004676
2459835.952083 21.566083 0.004705
2459836.455677 21.566501 0.004707
2459836.948744 21.565082 0.004701
2459837.441811 21.562212 0.004689
2459837.945405 21.554315 0.004655
2459838.438472 21.561958 0.004688
2459838.931539 21.564064 0.004697
2459839.435132 21.562067 0.004688
2459839.928200 21.570149 0.004723
2459840.421267 21.568561 0.004716
2459840.924860 21.562865 0.004692
2459841.417927 21.567740 0.004713
2459841.910994 21.565300 0.004702
2459842.414588 21.563410 0.004694
2459842.907655 21.570515 0.004725
2459843.400722 21.562847 0.004691
2459843.904316 21.567394 0.004711
2459844.397383 21.557561 0.004669
2459844.890450 21.564682 0.004699
2459845.394044 21.560255 0.004680
2459845.887111 21.571923 0.004731
2459846.380178 21.561977 0.004688
2459846.883771 21.565664 0.004704
2459847.376838 21.567686 0.004712
2459847.869906 21.573755 0.004739
2459848.373499 21.563519 0.004694
2459848.866566 21.558971 0.004675
2459849.359633 21.558157 0.004671
2459849.863227 21.564046 0.004697
2459850.356294 21.567850 0.004713
2459850.849361 21.567467 0.004711
2459851.352955 21.575920 0.004748
2459851.846022 21.560925 0.004683
2459852.339089 21.560183 0.004680
2459852.842682 21.562503 0.004690
2459853.335750 21.557543 0.004669
2459853.828817 21.564355 0.004698
2459854.332410 21.565901 0.004705
2459854.825477 21.572088 0.004732
2459855.318544 21.563792 0.004696
2459855.822138 21.563810 0.004696
2459856.315205 21.558139 0.004671
2459856.808272 21.560762 0.004682
2459857.311866 21.562575 0.004690
2459857.804933 21.559441 0.004677
2459858.298000 21.557742 0.004669
2459858.801594 21.565646 0.004704
2459859.294661 21.564209 0.004697
2459859.787728 21.558772 0.004674
2459860.291321 21.565391 0.004702
2459860.784388 21.568397 0.004716
2459861.277456 21.568762 0.004717
2459861.781049 21.567339 0.004711
2459862.274116 21.565264 0.004702
2459862.767183 21.560020 0.004679
2459863.270777 21.563192 0.004693
2459863.763844 21.564137 0.004697
2459864.256911 21.562793 0.004691
2459864.760505 21.569638 0.004721
2459865.253572 21.574892 0.004744
2459865.746639 21.569127 0.004719
2459866.250232 21.562049 0.004688
2459866.743300 21.572143 0.004732
2459867.236367 21.566392 0.004707
2459867.739960 21.569912 0.004722
2459868.233027 21.569072 0.004718
2459868.726094 21.567522 0.004712
2459869.229688 21.563828 0.004696
2459869.722755 21.568962 0.004718
2459870.215822 21.558754 0.004674
2459870.719416 21.562484 0.004690
2459871.212483 21.569839 0.004722
2459871.705550 21.565409 0.004703
2459872.209144 21.575553 0.004747
2459872.702211 21.571155 0.004728
2459873.195278 21.566884 0.004709
2459873.698871 21.561415 0.004685
2459874.191938 21.562702 0.004691
2459874.685006 21.570259 0.004724
2459875.188599 21.560056 0.004679
2459875.681666 21.568871 0.004718
2459876.174733 21.568597 0.004716
2459876.678327 21.563465 0.004694
2459877.171394 21.562829 0.004691
2459877.664461 21.568141 0.004714
2459878.168055 21.566010 0.004705
2459878.661122 21.557525 0.004669
2459879.154189 21.560038 0.004679
2459987.411250 21.567613 0.004712
2459987.904317 21.561958 0.004688
2459988.407910 21.556261 0.004663
2459988.900977 21.568397 0.004716
2459989.394044 21.566010 0.004705
2459989.897638 21.560726 0.004682
2459990.390705 21.564955 0.004701
2459990.883772 21.565155 0.004701
2459991.387366 21.567704 0.004713
2459991.880433 21.569254 0.004719
2459992.373500 21.560527 0.004681
2459992.877094 21.571905 0.004731
2459993.370161 21.566392 0.004707
2459993.863228 21.568287 0.004715
2459994.366821 21.557200 0.004667
2459994.859888 21.568032 0.004714
2459995.352956 21.567121 0.004710
2459995.856549 21.572179 0.004732
2459996.349616 21.559803 0.004678
2459996.842683 21.568105 0.004714
2459997.346277 21.565719 0.004704
2459997.839344 21.560436 0.004681
2459998.332411 21.568123 0.004714
2459998.836005 21.567303 0.004711
2459999.329072 21.566137 0.004706
2459999.822139 21.573333 0.004737
2460000.325732 21.563301 0.004693
2460000.818800 21.563701 0.004695
2460001.311867 21.565864 0.004705
2460001.815460 21.567831 0.004713
2460002.308527 21.569437 0.004720
2460002.801594 21.568871 0.004718
2460003.305188 21.569419 0.004720
2460003.798255 21.556460 0.004664
2460004.291322 21.557724 0.004669
2460004.794916 21.567339 0.004711
2460005.287983 21.565573 0.004703
2460005.781050 21.566155 0.004706
2460006.284644 21.567121 0.004710
2460006.777711 21.563101 0.004693
2460007.270778 21.571319 0.004728
2460007.774371 21.569127 0.004719
2460008.267438 21.563083 0.004692
2460008.760506 21.567868 0.004713
2460009.264099 21.558772 0.004674
2460009.757166 21.565664 0.004704
2460010.250233 21.557742 0.004669
2460010.753827 21.563664 0.004695
2460011.246894 21.566119 0.004706
2460011.739961 21.570789 0.004726
2460012.243555 21.568178 0.004715
2460012.736622 21.564173 0.004697
2460013.229689 21.562938 0.004692
2460013.733282 21.564827 0.004700
2460014.226350 21.559947 0.004679
2460014.719417 21.562067 0.004688
2460015.223010 21.565791 0.004704
2460015.716077 21.565882 0.004705
2460016.209144 21.559115 0.004675
2460016.712738 21.567740 0.004713
2460017.205805 21.569528 0.004720
2460017.698872 21.566483 0.004707
2460018.202466 21.560563 0.004682
2460018.695533 21.570807 0.004726
2460019.188600 21.569711 0.004721
2460019.692194 21.560799 0.004683
2460020.185261 21.566957 0.004709
2460020.678328 21.566283 0.004706
2460021.181921 21.564209 0.004697
2460021.674988 21.562140 0.004688
2460022.168056 21.556117 0.004662
2460022.671649 21.558916 0.004675
2460023.164716 21.560907 0.004683
2460023.657783 21.563338 0.004694
2460024.161377 21.560817 0.004683
2460024.654444 21.562575 0.004690
2460025.147511 21.568451 0.004716
2460025.651105 21.570789 0.004726
2460026.144172 21.570606 0.004725
2460026.637239 21.556261 0.004663
2460027.140832 21.567722 0.004713
2460027.633900 21.559966 0.004679
2460028.126967 21.566174 0.004706
2460028.630560 21.564882 0.004700
2460029.123627 21.564627 0.004699
2460029.616694 21.555450 0.004660
2460030.120288 21.570716 0.004726
2460030.613355 21.565009 0.004701
2460031.106422 21.570259 0.004724
2460031.610016 21.567850 0.004713
2460032.103083 21.559133 0.004675
2460032.596150 21.566574 0.004708
2460033.099744 21.555793 0.004661
2460033.592811 21.561070 0.004684
2460034.085878 21.570460 0.004724
2460034.589471 21.566337 0.004707
2460035.082538 21.563229 0.004693
2460035.575606 21.552606 0.004647
2460036.079199 21.565464 0.004703
2460036.572266 21.566246 0.004706
2460037.065333 21.562793 0.004691
2460037.568927 21.569236 0.004719
2460038.061994 21.556749 0.004665
2460038.555061 21.560799 0.004683
2460039.058655 21.561832 0.004687
2460039.551722 21.556406 0.004664
2460040.044789 21.554999 0.004658
2460040.548382 21.565901 0.004705
2460041.041450 21.563955 0.004696
2460041.534517 21.567850 0.004713
2460042.038110 21.570131 0.004723
2460042.531177 21.566483 0.004707
2460043.024244 21.563664 0.004695
2460043.527838 21.564500 0.004699
2460044.020905 21.563810 0.004696
2460044.513972 21.562974 0.004692
2460045.017566 21.565555 0.004703
2460045.510633 21.562593 0.004690
2460046.003700 21.571173 0.004728
2460046.507294 21.566246 0.004706
2460047.000361 21.563501 0.004694
2460047.493428 21.558356 0.004672
2460047.997021 21.571191 0.004728
2460048.490088 21.558464 0.004673
2460048.983156 21.565919 0.004705
2460049.486749 21.566337 0.004707
2460049.979816 21.561977 0.004688
2460050.472883 21.565628 0.004704
2460050.976477 21.562085 0.004688
2460051.469544 21.564173 0.004697
2460051.962611 21.568269 0.004715
2460052.466205 21.571191 0.004728
2460052.959272 21.565755 0.004704
2460053.452339 21.565518 0.004703
2460053.955932 21.565136 0.004701
2460054.449000 21.571191 0.004728
2460054.942067 21.563919 0.004696
2460055.445660 21.558175 0.004671
2460055.938727 21.570807 0.004726
2460056.431794 21.554171 0.004654
2460056.935388 21.561306 0.004685
2460057.428455 21.568944 0.004718
2460057.921522 21.567285 0.004711
2460058.425116 21.566884 0.004709
2460058.918183 21.565500 0.004703
