2458346.727899 22.097847 0.006384
2458347.220966 22.094884 0.006366
2458347.714033 22.095706 0.006371
2458348.217627 22.115059 0.006486
2458348.710694 22.098737 0.006389
2458349.203761 22.096365 0.006375
2458349.707355 22.093537 0.006358
2458350.200422 22.092257 0.006351
2458350.693489 22.102704 0.006412
2458351.197082 22.093176 0.006356
2458351.690150 22.094687 0.006365
2458352.183217 22.098605 0.006388
2458352.686810 22.104361 0.006422
2458353.179877 22.091503 0.006347
2458353.672944 22.101182 0.006403
2458354.176538 22.089833 0.006337
2458354.669605 22.102141 0.006409
2458355.162672 22.105854 0.006431
2458355.666266 22.104991 0.006426
2458356.159333 22.099100 0.006391
2458356.652400 22.104526 0.006423
2458357.155994 22.099397 0.006393
2458357.649061 22.083438 0.006300
2458358.142128 22.100487 0.006399
2458358.645721 22.098770 0.006389
2458359.138788 22.104228 0.006421
2458359.631856 22.110847 0.006461
2458360.135449 22.101314 0.006404
2458360.628516 22.099662 0.006394
2458361.121583 22.102604 0.006412
2458361.625177 22.103731 0.006418
2458362.118244 22.098375 0.006387
2458362.611311 22.093636 0.006359
2458363.114905 22.106884 0.006437
2458363.607972 22.101446 0.006405
2458364.101039 22.099001 0.006391
2458364.604632 22.099364 0.006393
2458365.097700 22.101843 0.006407
2458365.590767 22.096068 0.006373
2458366.094360 22.099959 0.006396
2458366.587427 22.098144 0.006386
2458367.080494 22.108747 0.006448
2458367.584088 22.089212 0.006333
2458368.077155 22.103896 0.006419
2458368.570222 22.085914 0.006314
2458369.073816 22.101082 0.006403
2458369.566883 22.109713 0.006454
2458370.059950 22.093800 0.006360
2458370.563544 22.096233 0.006374
2458371.056611 22.102406 0.006411
2458371.549678 22.104261 0.006422
2458372.053271 22.106685 0.006436
2458372.546338 22.099728 0.006395
2458373.039406 22.094556 0.006364
2458373.542999 22.099992 0.006396
2458374.036066 22.104427 0.006423
2458374.529133 22.106585 0.006435
2458375.032727 22.107582 0.006441
2458375.525794 22.091372 0.006346
2458376.018861 22.105622 0.006430
2458376.522455 22.109047 0.006450
2458377.015522 22.094457 0.006364
2458377.508589 22.091405 0.006346
2458378.012182 22.107981 0.006444
2458378.505250 22.092815 0.006354
2458378.998317 22.105024 0.006426
2458379.501910 22.101512 0.006405
2458379.994977 22.099067 0.006391
2458380.488044 22.106286 0.006434
2458380.991638 22.097484 0.006382
2458381.484705 22.103797 0.006419
2458381.977772 22.088068 0.006327
2458382.481366 22.092618 0.006353
2458382.974433 22.105290 0.006428
2458383.467500 22.101512 0.006405
2458383.971094 22.093866 0.006360
2458384.464161 22.103797 0.006419
2458384.957228 22.105489 0.006429
2458385.460821 22.098342 0.006387
2458385.953888 22.101446 0.006405
2458386.446956 22.099563 0.006394
2458386.950549 22.105456 0.006429
2458387.443616 22.099298 0.006392
2458387.936683 22.109013 0.006450
2458388.440277 22.098342 0.006387
2458388.933344 22.095608 0.006371
2458389.426411 22.097748 0.006383
2458389.930005 22.101314 0.006404
2458390.423072 22.103731 0.006418
2458390.916139 22.096826 0.006378
2458391.419732 22.098210 0.006386
2458391.912800 22.110180 0.006457
2458392.405867 22.117607 0.006501
2458392.909460 22.102505 0.006411
2458393.402527 22.102273 0.006410
2458393.895594 22.099827 0.006395
2458394.399188 22.104427 0.006423
2458394.892255 22.096035 0.006373
2458395.385322 22.101016 0.006402
2458395.888916 22.106352 0.006434
2458396.381983 22.097550 0.006382
2458396.875050 22.103167 0.006415
2458397.378644 22.101182 0.006403
2458397.871711 22.089997 0.006338
2458398.364778 22.103664 0.006418
2458398.868371 22.090422 0.006340
2458399.361438 22.099695 0.006395
2458399.854506 22.097023 0.006379
2458400.358099 22.100950 0.006402
2458400.851166 22.102638 0.006412
2458401.344233 22.105555 0.006429
2458401.847827 22.095213 0.006368
2458402.340894 22.100653 0.006400
2458402.833961 22.100686 0.006400
2458403.337555 22.096826 0.006378
2458403.830622 22.105754 0.006430
2458404.323689 22.092421 0.006352
2458404.827282 22.092946 0.006355
2458405.320350 22.101182 0.006403
2458405.813417 22.099827 0.006395
2458406.317010 22.095081 0.006368
2458406.810077 22.092421 0.006352
2458407.303144 22.100421 0.006399
2458407.806738 22.107981 0.006444
2458408.299805 22.095838 0.006372
2458408.792872 22.091372 0.006346
2458409.296466 22.103996 0.006420
2458409.789533 22.100620 0.006400
2458410.282600 22.103996 0.006420
2458410.786194 22.097254 0.006380
2458411.279261 22.101744 0.006407
2458411.772328 22.091602 0.006347
2458412.275921 22.104725 0.006424
2458412.768988 22.098770 0.006389
2458413.262056 22.094391 0.006363
2458413.765649 22.105323 0.006428
2458414.258716 22.106950 0.006438
2458414.751783 22.090815 0.006343
2458415.255377 22.102770 0.006413
2458415.748444 22.094490 0.006364
2458416.241511 22.094950 0.006367
2458416.745105 22.095509 0.006370
2458417.238172 22.105688 0.006430
2458417.731239 22.097715 0.006383
2458418.234832 22.105190 0.006427
2458526.481367 22.104792 0.006425
2458526.984960 22.099827 0.006395
2458527.478027 22.099199 0.006392
2458527.971094 22.100388 0.006399
2458528.474688 22.095805 0.006372
2458528.967755 22.097451 0.006381
2458529.460822 22.107549 0.006441
2458529.964416 22.115963 0.006491
2458530.457483 22.099100 0.006391
2458530.950550 22.091012 0.006344
2458531.454144 22.089604 0.006336
2458531.947211 22.091634 0.006347
2458532.440278 22.113686 0.006478
2458532.943871 22.102704 0.006412
2458533.436938 22.091831 0.006349
2458533.930006 22.097682 0.006383
2458534.433599 22.104460 0.006423
2458534.926666 22.105555 0.006429
2458535.419733 22.097155 0.006380
2458535.923327 22.102439 0.006411
2458536.416394 22.091634 0.006347
2458536.909461 22.088917 0.006331
2458537.413055 22.103068 0.006415
2458537.906122 22.104891 0.006425
2458538.399189 22.089997 0.006338
2458538.902782 22.101711 0.006407
2458539.395850 22.098210 0.006386
2458539.888917 22.094786 0.006366
2458540.392510 22.094786 0.006366
2458540.885577 22.103399 0.006417
2458541.378644 22.098177 0.006386
2458541.882238 22.091962 0.006349
2458542.375305 22.098375 0.006387
2458542.868372 22.105655 0.006430
2458543.371966 22.105920 0.006431
2458543.865033 22.099563 0.006394
2458544.358100 22.095871 0.006372
2458544.861694 22.091634 0.006347
2458545.354761 22.101380 0.006405
2458545.847828 22.104659 0.006424
2458546.351421 22.103134 0.006415
2458546.844488 22.104858 0.006425
2458547.337556 22.087414 0.006323
2458547.841149 22.102671 0.006412
2458548.334216 22.103101 0.006415
2458548.827283 22.092225 0.006351
2458549.330877 22.092159 0.006350
2458549.823944 22.094095 0.006362
2458550.317011 22.103101 0.006415
2458550.820605 22.099463 0.006393
2458551.313672 22.097847 0.006384
2458551.806739 22.104095 0.006421
2458552.310332 22.106319 0.006434
2458552.803400 22.098638 0.006388
2458553.296467 22.104294 0.006422
2458553.800060 22.094687 0.006365
2458554.293127 22.098540 0.006388
2458554.786194 22.101082 0.006403
2458555.289788 22.104858 0.006425
2458555.782855 22.095345 0.006369
2458556.275922 22.097880 0.006384
2458556.779516 22.090095 0.006338
2458557.272583 22.094227 0.006363
2458557.765650 22.085262 0.006310
2458558.269244 22.097320 0.006381
2458558.762311 22.108348 0.006446
2458559.255378 22.092717 0.006354
2458559.758971 22.105588 0.006429
2458560.252038 22.098375 0.006387
2458560.745106 22.102902 0.006414
2458561.248699 22.089670 0.006336
2458561.741766 22.096463 0.006376
2458562.234833 22.099662 0.006394
2458562.738427 22.098342 0.006387
2458563.231494 22.098342 0.006387
2458563.724561 22.102406 0.006411
2458564.228155 22.099893 0.006396
2458564.721222 22.094884 0.006366
2458565.214289 22.101578 0.006406
2458565.717882 22.102936 0.006414
2458566.210950 22.108481 0.006447
2458566.704017 22.101413 0.006405
2458567.207610 22.098276 0.006386
2458567.700677 22.103499 0.006417
2458568.193744 22.104626 0.006424
2458568.697338 22.099893 0.006396
2458569.190405 22.097386 0.006381
2458569.683472 22.100487 0.006399
2458570.187066 22.095838 0.006372
2458570.680133 22.099695 0.006395
2458571.173200 22.083146 0.006298
2458571.676794 22.094161 0.006362
2458572.169861 22.108914 0.006449
2458572.662928 22.108880 0.006449
2458573.166521 22.094687 0.006365
2458573.659588 22.090193 0.006339
2458574.152656 22.093373 0.006358
2458574.656249 22.101810 0.006407
2458575.149316 22.097451 0.006381
2458575.642383 22.104294 0.006422
2458576.145977 22.108081 0.006444
2458576.639044 22.094753 0.006366
2458577.132111 22.097616 0.006382
2458577.635705 22.100025 0.006397
2458578.128772 22.094227 0.006363
2458578.621839 22.112750 0.006472
2458579.125432 22.096529 0.006376
2458579.618500 22.101876 0.006408
2458580.111567 22.088166 0.006327
2458580.615160 22.093866 0.006360
2458581.108227 22.096891 0.006378
2458581.601294 22.097056 0.006379
2458582.104888 22.104460 0.006423
2458582.597955 22.091733 0.006348
2458583.091022 22.094490 0.006364
2458583.594616 22.101413 0.006405
2458584.087683 22.089310 0.006334
2458584.580750 22.106153 0.006433
2458585.084344 22.093275 0.006357
2458585.577411 22.092946 0.006355
2458586.070478 22.096200 0.006374
2458586.574071 22.090193 0.006339
2458587.067138 22.097023 0.006379
2458587.560206 22.099430 0.006393
2458588.063799 22.087741 0.006325
2458588.556866 22.104162 0.006421
2458589.049933 22.104195 0.006421
2458589.553527 22.090815 0.006343
2458590.046594 22.100950 0.006402
2458590.539661 22.099662 0.006394
2458591.043255 22.107649 0.006442
2458591.536322 22.105256 0.006427
2458592.029389 22.098704 0.006389
2458592.532982 22.099133 0.006391
2458593.026050 22.097946 0.006384
2458593.519117 22.086370 0.006317
2458594.022710 22.093669 0.006359
2458594.515777 22.100190 0.006398
2458595.008844 22.106917 0.006437
2458595.512438 22.105954 0.006432
2458596.005505 22.101082 0.006403
2458596.498572 22.105323 0.006428
2458597.002166 22.094358 0.006363
2458597.495233 22.105256 0.006427
2458597.988300 22.093176 0.006356
2458712.204272 22.093570 0.006359
2458712.697339 22.110013 0.006456
2458713.200932 22.099265 0.006392
2458713.694000 22.085620 0.006312
2458714.187067 22.105622 0.006430
2458714.690660 22.105688 0.006430
2458715.183727 22.105522 0.006429
2458715.676794 22.098276 0.006386
2458716.180388 22.089244 0.006333
2458716.673455 22.105821 0.006431
2458717.166522 22.089375 0.006334
2458717.670116 22.100520 0.006400
2458718.163183 22.099397 0.006393
2458718.656250 22.103532 0.006417
2458719.159844 22.092585 0.006353
2458719.652911 22.091176 0.006345
2458720.145978 22.103432 0.006417
2458720.649571 22.094161 0.006362
2458721.142638 22.093340 0.006357
2458721.635706 22.103797 0.006419
2458722.139299 22.106917 0.006437
2458722.632366 22.105290 0.006428
2458723.125433 22.101578 0.006406
2458723.629027 22.093931 0.006361
2458724.122094 22.103797 0.006419
2458724.615161 22.094983 0.006367
2458725.118755 22.107682 0.006442
2458725.611822 22.105389 0.006428
2458726.104889 22.103996 0.006420
2458726.608482 22.102373 0.006410
2458727.101550 22.104659 0.006424
2458727.594617 22.097023 0.006379
2458728.098210 22.102439 0.006411
2458728.591277 22.099596 0.006394
2458729.084344 22.099959 0.006396
2458729.587938 22.106884 0.006437
2458730.081005 22.102340 0.006410
2458730.574072 22.103002 0.006414
2458731.077666 22.087349 0.006322
2458731.570733 22.091831 0.006349
2458732.063800 22.101975 0.006408
2458732.567394 22.096891 0.006378
2458733.060461 22.083504 0.006300
2458733.553528 22.101876 0.006408
2458734.057121 22.096200 0.006374
2458734.550188 22.104725 0.006424
2458735.043256 22.095377 0.006369
2458735.546849 22.103234 0.006416
2458736.039916 22.093340 0.006357
2458736.532983 22.095674 0.006371
2458737.036577 22.098704 0.006389
2458737.529644 22.099067 0.006391
2458738.022711 22.105323 0.006428
2458738.526305 22.109613 0.006453
2458739.019372 22.104394 0.006422
2458739.512439 22.100851 0.006401
2458740.016032 22.103068 0.006415
2458740.509100 22.089179 0.006333
2458741.002167 22.090357 0.006340
2458741.505760 22.096661 0.006377
2458741.998827 22.105555 0.006429
2458742.491894 22.091340 0.006346
2458742.995488 22.095608 0.006371
2458743.488555 22.106319 0.006434
2458743.981622 22.101711 0.006407
2458744.485216 22.109946 0.006455
2458744.978283 22.103134 0.006415
2458745.471350 22.092225 0.006351
2458745.974944 22.098012 0.006385
2458746.468011 22.090422 0.006340
2458746.961078 22.103896 0.006419
2458747.464671 22.108780 0.006448
2458747.957738 22.097386 0.006381
2458748.450806 22.100752 0.006401
2458748.954399 22.099959 0.006396
2458749.447466 22.103731 0.006418
2458749.940533 22.101876 0.006408
2458750.444127 22.102969 0.006414
2458750.937194 22.100025 0.006397
2458751.430261 22.100884 0.006402
2458751.933855 22.088852 0.006331
2458752.426922 22.099629 0.006394
2458752.919989 22.102009 0.006408
2458753.423582 22.091733 0.006348
2458753.916650 22.092290 0.006351
2458754.409717 22.103930 0.006420
2458754.913310 22.103432 0.006417
2458755.406377 22.104062 0.006420
2458755.899444 22.107349 0.006440
2458756.403038 22.098408 0.006387
2458756.896105 22.094391 0.006363
2458757.389172 22.098803 0.006389
2458757.892766 22.102174 0.006409
2458758.385833 22.099265 0.006392
2458758.878900 22.097847 0.006384
2458759.382494 22.102207 0.006409
2458759.875561 22.102803 0.006413
2458760.368628 22.092815 0.006354
2458760.872221 22.093209 0.006357
2458761.365288 22.094753 0.006366
2458761.858356 22.092749 0.006354
2458762.361949 22.092914 0.006355
2458762.855016 22.103466 0.006417
2458763.348083 22.092651 0.006353
2458763.851677 22.100289 0.006398
2458764.344744 22.086631 0.006318
2458764.837811 22.094358 0.006363
2458765.341405 22.098803 0.006389
2458765.834472 22.110780 0.006460
2458766.327539 22.105057 0.006426
2458766.831132 22.110780 0.006460
2458767.324200 22.102571 0.006412
2458767.817267 22.099992 0.006396
2458768.320860 22.105124 0.006427
2458768.813927 22.089866 0.006337
2458769.306994 22.105256 0.006427
2458769.810588 22.109646 0.006454
2458770.303655 22.098935 0.006390
2458770.796722 22.103499 0.006417
2458771.300316 22.095213 0.006368
2458771.793383 22.100686 0.006400
2458772.286450 22.109247 0.006451
2458772.790044 22.109813 0.006455
2458773.283111 22.089833 0.006337
2458773.776178 22.096661 0.006377
2458774.279771 22.098935 0.006390
2458774.772838 22.102373 0.006410
2458775.265906 22.101909 0.006408
2458775.769499 22.102604 0.006412
2458776.262566 22.090946 0.006343
2458776.755633 22.102704 0.006412
2458777.259227 22.092782 0.006354
2458777.752294 22.112951 0.006473
2458778.245361 22.096826 0.006378
2458778.748955 22.103333 0.006416
2458779.242022 22.107682 0.006442
2458779.735089 22.102340 0.006410
2458780.238682 22.087512 0.006323
2458780.731750 22.095937 0.006373
2458781.224817 22.103167 0.006415
2458781.728410 22.111047 0.006462
2458782.221477 22.106718 0.006436
2458782.714544 22.099563 0.006394
2458783.218138 22.108914 0.006449
2458783.711205 22.085522 0.006312
2459622.427944 22.092848 0.006354
2459622.921011 22.103830 0.006419
2459623.424605 22.112917 0.006473
2459623.917672 22.101942 0.006408
2459624.410739 22.099629 0.006394
2459624.914332 22.103002 0.006414
2459625.407400 22.097847 0.006384
2459625.900467 22.083276 0.006299
2459626.404060 22.109447 0.006452
2459626.897127 22.107017 0.006438
2459627.390194 22.110180 0.006457
2459627.893788 22.097155 0.006380
2459628.386855 22.111080 0.006462
2459628.879922 22.093275 0.006357
2459629.383516 22.106651 0.006436
2459629.876583 22.102969 0.006414
2459630.369650 22.102108 0.006409
2459630.873244 22.100554 0.006400
2459631.366311 22.100289 0.006398
2459631.859378 22.101843 0.006407
2459632.362971 22.090848 0.006343
2459632.856038 22.100190 0.006398
2459633.349106 22.106086 0.006432
2459633.852699 22.097847 0.006384
2459634.345766 22.088852 0.006331
2459634.838833 22.102207 0.006409
2459635.342427 22.090815 0.006343
2459635.835494 22.099728 0.006395
2459636.328561 22.109280 0.006451
2459636.832155 22.101545 0.006406
2459637.325222 22.094128 0.006362
2459637.818289 22.097023 0.006379
2459638.321882 22.096990 0.006379
2459638.814950 22.100091 0.006397
2459639.308017 22.096529 0.006376
2459639.811610 22.096266 0.006374
2459640.304677 22.098704 0.006389
2459640.797744 22.099001 0.006391
2459641.301338 22.115729 0.006490
2459641.794405 22.086501 0.006317
2459642.287472 22.104991 0.006426
2459642.791066 22.108980 0.006450
2459643.284133 22.091438 0.006346
2459643.777200 22.082625 0.006295
2459644.280794 22.094818 0.006366
2459644.773861 22.100388 0.006399
2459645.266928 22.109213 0.006451
2459645.770521 22.107183 0.006439
2459646.263588 22.110046 0.006456
2459646.756656 22.099166 0.006392
2459647.260249 22.097583 0.006382
2459647.753316 22.105854 0.006431
2459648.246383 22.093340 0.006357
2459648.749977 22.104692 0.006424
2459649.243044 22.091634 0.006347
2459649.736111 22.094556 0.006364
2459650.239705 22.100851 0.006401
2459650.732772 22.108281 0.006445
2459651.225839 22.100686 0.006400
2459651.729432 22.096628 0.006377
2459652.222500 22.100653 0.006400
2459652.715567 22.099001 0.006391
2459653.219160 22.102571 0.006412
2459653.712227 22.092225 0.006351
2459654.205294 22.093471 0.006358
2459654.708888 22.097946 0.006384
2459655.201955 22.106552 0.006435
2459655.695022 22.104493 0.006423
2459656.198616 22.096694 0.006377
2459656.691683 22.093242 0.006357
2459657.184750 22.103565 0.006417
2459657.688344 22.100587 0.006400
2459658.181411 22.101182 0.006403
2459658.674478 22.097814 0.006384
2459659.178071 22.100785 0.006401
2459659.671138 22.087610 0.006324
2459660.164206 22.097353 0.006381
2459660.667799 22.093636 0.006359
2459661.160866 22.105223 0.006427
2459661.653933 22.095904 0.006372
2459662.157527 22.091766 0.006348
2459662.650594 22.104991 0.006426
2459663.143661 22.084187 0.006304
2459663.647255 22.097979 0.006385
2459664.140322 22.097386 0.006381
2459664.633389 22.099662 0.006394
2459665.136982 22.113887 0.006479
2459665.630050 22.094917 0.006367
2459666.123117 22.098704 0.006389
2459666.626710 22.094128 0.006362
2459667.119777 22.096101 0.006374
2459667.612844 22.102936 0.006414
2459668.116438 22.084285 0.006305
2459668.609505 22.091930 0.006349
2459669.102572 22.090357 0.006340
2459669.606166 22.110213 0.006457
2459670.099233 22.102108 0.006409
2459670.592300 22.090586 0.006341
2459671.095894 22.104891 0.006425
2459671.588961 22.099001 0.006391
2459672.082028 22.107283 0.006440
2459672.585621 22.101446 0.006405
2459673.078688 22.093603 0.006359
2459673.571756 22.100058 0.006397
2459674.075349 22.094753 0.006366
2459674.568416 22.098473 0.006387
2459675.061483 22.110780 0.006460
2459675.565077 22.098473 0.006387
2459676.058144 22.097583 0.006382
2459676.551211 22.095180 0.006368
2459677.054805 22.097583 0.006382
2459677.547872 22.095970 0.006373
2459678.040939 22.108647 0.006448
2459678.544532 22.089506 0.006335
2459679.037600 22.104029 0.006420
2459679.530667 22.100223 0.006398
2459680.034260 22.105456 0.006429
2459680.527327 22.098012 0.006385
2459681.020394 22.098177 0.006386
2459681.523988 22.084057 0.006303
2459682.017055 22.092815 0.006354
2459682.510122 22.100520 0.006400
2459683.013716 22.107549 0.006441
2459683.506783 22.093078 0.006356
2459683.999850 22.104195 0.006421
2459684.503444 22.098441 0.006387
2459684.996511 22.104958 0.006426
2459685.489578 22.105190 0.006427
2459685.993171 22.099695 0.006395
2459686.486238 22.104361 0.006422
2459686.979306 22.100587 0.006400
2459687.482899 22.093537 0.006358
2459687.975966 22.094128 0.006362
2459688.469033 22.099133 0.006391
2459688.972627 22.101380 0.006405
2459689.465694 22.103333 0.006416
2459689.958761 22.095805 0.006372
2459690.462355 22.102108 0.006409
2459690.955422 22.100917 0.006402
2459691.448489 22.103598 0.006418
2459691.952082 22.102042 0.006408
2459692.445150 22.096299 0.006375
2459692.938217 22.097419 0.006381
2459693.441810 22.100487 0.006399
2459693.934877 22.103134 0.006415
2459807.647256 22.097616 0.006382
2459808.150849 22.100587 0.006400
2459808.643916 22.098737 0.006389
2459809.136983 22.095575 0.006370
2459809.640577 22.110647 0.006459
2459810.133644 22.104460 0.006423
2459810.626711 22.099397 0.006393
2459811.130305 22.098935 0.006390
2459811.623372 22.108780 0.006448
2459812.116439 22.098473 0.006387
2459812.620032 22.095180 0.006368
2459813.113100 22.103432 0.006417
2459813.606167 22.095904 0.006372
2459814.109760 22.110980 0.006461
2459814.602827 22.099530 0.006394
2459815.095894 22.097847 0.006384
2459815.599488 22.101744 0.006407
2459816.092555 22.095410 0.006369
2459816.585622 22.109247 0.006451
2459817.089216 22.103731 0.006418
2459817.582283 22.105422 0.006428
2459818.075350 22.107649 0.006442
2459818.578944 22.109447 0.006452
2459819.072011 22.099860 0.006396
2459819.565078 22.091241 0.006345
2459820.068671 22.094490 0.006364
2459820.561738 22.100620 0.006400
2459821.054806 22.099166 0.006392
2459821.558399 22.096694 0.006377
2459822.051466 22.107250 0.006439
2459822.544533 22.102902 0.006414
2459823.048127 22.114289 0.006481
2459823.541194 22.105223 0.006427
2459824.034261 22.101711 0.006407
2459824.537855 22.102671 0.006412
2459825.030922 22.097814 0.006384
2459825.523989 22.093636 0.006359
2459826.027582 22.106352 0.006434
2459826.520650 22.090783 0.006342
2459827.013717 22.102902 0.006414
2459827.517310 22.097320 0.006381
2459828.010377 22.094358 0.006363
2459828.503444 22.097946 0.006384
2459829.007038 22.091274 0.006345
2459829.500105 22.103267 0.006416
2459829.993172 22.097649 0.006383
2459830.496766 22.088002 0.006326
2459830.989833 22.086337 0.006316
2459831.482900 22.093603 0.006359
2459831.986494 22.102671 0.006412
2459832.479561 22.094293 0.006363
2459832.972628 22.091798 0.006348
2459833.476221 22.091667 0.006348
2459833.969288 22.093898 0.006361
2459834.462356 22.107516 0.006441
2459834.965949 22.098144 0.006386
2459835.459016 22.104659 0.006424
2459835.952083 22.100917 0.006402
2459836.455677 22.101446 0.006405
2459836.948744 22.092159 0.006350
2459837.441811 22.095410 0.006369
2459837.945405 22.093307 0.006357
2459838.438472 22.103035 0.006414
2459838.931539 22.106552 0.006435
2459839.435132 22.096891 0.006378
2459839.928200 22.085262 0.006310
2459840.421267 22.096134 0.006374
2459840.924860 22.112984 0.006473
2459841.417927 22.110880 0.006461
2459841.910994 22.103896 0.006419
2459842.414588 22.098605 0.006388
2459842.907655 22.090914 0.006343
2459843.400722 22.093045 0.006356
2459843.904316 22.092749 0.006354
2459844.397383 22.105555 0.006429
2459844.890450 22.090815 0.006343
2459845.394044 22.107715 0.006442
2459845.887111 22.100653 0.006400
2459846.380178 22.088754 0.006331
2459846.883771 22.099959 0.006396
2459847.376838 22.093406 0.006358
2459847.869906 22.091962 0.006349
2459848.373499 22.099728 0.006395
2459848.866566 22.092979 0.006355
2459849.359633 22.098375 0.006387
2459849.863227 22.099364 0.006393
2459850.356294 22.098408 0.006387
2459850.849361 22.096826 0.006378
2459851.352955 22.089343 0.006334
2459851.846022 22.104460 0.006423
2459852.339089 22.100884 0.006402
2459852.842682 22.096891 0.006378
2459853.335750 22.100653 0.006400
2459853.828817 22.101545 0.006406
2459854.332410 22.101975 0.006408
2459854.825477 22.107649 0.006442
2459855.318544 22.106784 0.006437
2459855.822138 22.089441 0.006335
2459856.315205 22.094391 0.006364
2459856.808272 22.095509 0.006370
2459857.311866 22.087708 0.006324
2459857.804933 22.090586 0.006341
2459858.298000 22.098473 0.006387
2459858.801594 22.088885 0.006331
2459859.294661 22.100554 0.006400
2459859.787728 22.106552 0.006435
2459860.291321 22.107715 0.006442
2459860.784388 22.103698 0.006418
2459861.277456 22.095279 0.006369
2459861.781049 22.091831 0.006349
2459862.274116 22.102306 0.006410
2459862.767183 22.105721 0.006430
2459863.270777 22.093275 0.006357
2459863.763844 22.107150 0.006439
2459864.256911 22.105954 0.006432
2459864.760505 22.100190 0.006398
2459865.253572 22.095476 0.006370
2459865.746639 22.103598 0.006418
2459866.250232 22.092225 0.006351
2459866.743300 22.107449 0.006441
2459867.236367 22.105323 0.006428
2459867.739960 22.097979 0.006385
2459868.233027 22.097155 0.006380
2459868.726094 22.107449 0.006441
2459869.229688 22.095575 0.006370
2459869.722755 22.100256 0.006398
2459870.215822 22.113218 0.006475
2459870.719416 22.107882 0.006443
2459871.212483 22.100851 0.006401
2459871.705550 22.097583 0.006382
2459872.209144 22.107283 0.006440
2459872.702211 22.099100 0.006391
2459873.195278 22.092651 0.006353
2459873.698871 22.091700 0.006348
2459874.191938 22.090586 0.006341
2459874.685006 22.102406 0.006411
2459875.188599 22.093767 0.006360
2459875.681666 22.102604 0.006412
2459876.174733 22.091897 0.006349
2459876.678327 22.091405 0.006346
2459877.171394 22.091372 0.006346
2459877.664461 22.097353 0.006381
2459878.168055 22.104460 0.006423
2459878.661122 22.102737 0.006413
2459879.154189 22.107882 0.006443
2459987.411250 22.094687 0.006367
2459987.904317 22.096299 0.006376
2459988.407910 22.099596 0.006396
2459988.900977 22.111982 0.006469
2459989.394044 22.090783 0.006344
2459989.897638 22.091667 0.006350
2459990.390705 22.086957 0.006322
2459990.883772 22.107782 0.006445
2459991.387366 22.099959 0.006399
2459991.880433 22.089212 0.006336
2459992.373500 22.110813 0.006463
2459992.877094 22.094523 0.006367
2459993.370161 22.102042 0.006411
2459993.863228 22.104327 0.006425
2459994.366821 22.108980 0.006453
2459994.859888 22.098803 0.006393
2459995.352956 22.093012 0.006359
2459995.856549 22.096068 0.006377
2459996.349616 22.104361 0.006426
2459996.842683 22.104162 0.006425
2459997.346277 22.092520 0.006357
2459997.839344 22.100421 0.006404
2459998.332411 22.103830 0.006424
2459998.836005 22.096134 0.006379
2459999.329072 22.094556 0.006370
2459999.822139 22.101612 0.006412
2460000.325732 22.096793 0.006384
2460000.818800 22.087937 0.006332
2460001.311867 22.102571 0.006419
2460001.815460 22.092389 0.006359
2460002.308527 22.102472 0.006419
2460002.801594 22.102604 0.006421
2460003.305188 22.097847 0.006393
2460003.798255 22.093669 0.006369
2460004.291322 22.095180 0.006379
2460004.794916 22.104427 0.006434
2460005.287983 22.087186 0.006334
2460005.781050 22.102803 0.006426
2460006.284644 22.086077 0.006329
2460006.777711 22.091274 0.006361
2460007.270778 22.095575 0.006387
2460007.774371 22.085718 0.006331
2460008.267438 22.092192 0.006370
2460008.760506 22.088427 0.006350
2460009.264099 22.086827 0.006342
2460009.757166 22.085751 0.006338
2460010.250233 22.082658 0.006322
2460010.753827 22.089571 0.006365
2460011.246894 22.076661 0.006292
2460011.739961 22.089899 0.006372
2460012.243555 22.089244 0.006372
2460012.736622 22.076273 0.006299
2460013.229689 22.077113 0.006308
2460013.733282 22.085262 0.006361
2460014.226350 22.081358 0.006343
2460014.719417 22.069251 0.006278
2460015.223010 22.072595 0.006304
2460015.716077 22.078699 0.006347
2460016.209144 22.066973 0.006287
2460016.712738 22.068737 0.006306
2460017.205805 22.060712 0.006270
2460017.698872 22.049713 0.006218
2460018.202466 22.048358 0.006224
2460018.695533 22.037951 0.006179
2460019.188600 22.041733 0.006218
2460019.692194 22.010141 0.006059
2460020.185261 22.021634 0.006145
2460020.678328 22.018535 0.006152
2460021.181921 22.014437 0.006158
2460021.674988 22.007802 0.006152
2460022.168056 21.978142 0.006022
2460022.671649 21.973223 0.006036
2460023.164716 21.949358 0.005950
2460023.657783 21.923336 0.005860
2460024.161377 21.900009 0.005792
2460024.654444 21.880757 0.005751
2460025.147511 21.843612 0.005623
2460025.651105 21.827123 0.005610
2460026.144172 21.794005 0.005514
2460026.637239 21.761505 0.005425
2460027.140832 21.739576 0.005391
2460027.633900 21.708711 0.005307
2460028.126967 21.678902 0.005220
2460028.630560 21.660171 0.005174
2460029.123627 21.660656 0.005202
2460029.616694 21.644947 0.005133
2460030.120288 21.654240 0.005161
2460030.613355 21.671687 0.005209
2460031.106422 21.690868 0.005251
2460031.610016 21.718848 0.005324
2460032.103083 21.745017 0.005384
2460032.596150 21.766110 0.005416
2460033.099744 21.815853 0.005593
2460033.592811 21.835505 0.005622
2460034.085878 21.869213 0.005730
2460034.589471 21.896088 0.005808
2460035.082538 21.907176 0.005809
2460035.575606 21.931479 0.005887
2460036.079199 21.953679 0.005959
2460036.572266 21.961472 0.005959
2460037.065333 21.976667 0.006005
2460037.568927 21.994413 0.006069
2460038.061994 22.007954 0.006115
2460038.555061 22.015200 0.006129
2460039.058655 22.027952 0.006177
2460039.551722 22.042359 0.006239
2460040.044789 22.034059 0.006173
2460040.548382 22.043330 0.006210
2460041.041450 22.050155 0.006235
2460041.534517 22.060425 0.006282
2460042.038110 22.049209 0.006206
2460042.531177 22.072209 0.006329
2460043.024244 22.064669 0.006277
2460043.527838 22.064701 0.006269
2460044.020905 22.071501 0.006302
2460044.513972 22.085229 0.006376
2460045.017566 22.083796 0.006362
2460045.510633 22.085816 0.006369
2460046.003700 22.077469 0.006316
2460046.507294 22.088002 0.006374
2460047.000361 22.082171 0.006337
2460047.493428 22.079704 0.006319
2460047.997021 22.070793 0.006265
2460048.490088 22.085066 0.006346
2460048.983156 22.089899 0.006372
2460049.486749 22.087121 0.006354
2460049.979816 22.083276 0.006330
2460050.472883 22.080352 0.006312
2460050.976477 22.079963 0.006309
2460051.469544 22.093471 0.006387
2460051.962611 22.089048 0.006360
2460052.466205 22.081943 0.006318
2460052.959272 22.085718 0.006340
2460053.452339 22.099992 0.006424
2460053.955932 22.094917 0.006395
2460054.449000 22.092389 0.006380
2460054.942067 22.088885 0.006361
2460055.445660 22.085262 0.006341
2460055.938727 22.085979 0.006346
2460056.431794 22.089997 0.006372
2460056.935388 22.087480 0.006359
2460057.428455 22.099430 0.006432
2460057.921522 22.080969 0.006327
2460058.425116 22.080028 0.006325
2460058.918183 22.086892 0.006369
