2458346.727899 23.726093 0.007854
2458347.220966 23.724635 0.007844
2458347.714033 23.723567 0.007836
2458348.217627 23.743301 0.007980
2458348.710694 23.734393 0.007915
2458349.203761 23.743351 0.007980
2458349.707355 23.740390 0.007958
2458350.200422 23.731946 0.007897
2458350.693489 23.746469 0.008003
2458351.197082 23.743252 0.007979
2458351.690150 23.735767 0.007925
2458352.183217 23.739404 0.007951
2458352.686810 23.750938 0.008036
2458353.179877 23.735718 0.007924
2458353.672944 23.736061 0.007927
2458354.176538 23.744537 0.007989
2458354.669605 23.745874 0.007999
2458355.162672 23.735963 0.007926
2458355.666266 23.747163 0.008008
2458356.159333 23.731017 0.007890
2458356.652400 23.738371 0.007944
2458357.155994 23.742807 0.007976
2458357.649061 23.730040 0.007883
2458358.142128 23.736110 0.007927
2458358.645721 23.738518 0.007945
2458359.138788 23.743647 0.007982
2458359.631856 23.738912 0.007948
2458360.135449 23.732533 0.007901
2458360.628516 23.731066 0.007890
2458361.121583 23.732581 0.007901
2458361.625177 23.746716 0.008005
2458362.118244 23.739848 0.007955
2458362.611311 23.736258 0.007928
2458363.114905 23.728723 0.007873
2458363.607972 23.724878 0.007846
2458364.101039 23.732679 0.007902
2458364.604632 23.744785 0.007991
2458365.097700 23.720804 0.007816
2458365.590767 23.726823 0.007860
2458366.094360 23.733169 0.007906
2458366.587427 23.728674 0.007873
2458367.080494 23.733414 0.007908
2458367.584088 23.736258 0.007928
2458368.077155 23.755077 0.008067
2458368.570222 23.736307 0.007929
2458369.073816 23.728625 0.007873
2458369.566883 23.735767 0.007925
2458370.059950 23.744043 0.007985
2458370.563544 23.743301 0.007980
2458371.056611 23.749496 0.008026
2458371.549678 23.740537 0.007960
2458372.053271 23.724343 0.007842
2458372.546338 23.739995 0.007956
2458373.039406 23.721870 0.007824
2458373.542999 23.734246 0.007914
2458374.036066 23.738174 0.007942
2458374.529133 23.729210 0.007877
2458375.032727 23.756476 0.008077
2458375.525794 23.740981 0.007963
2458376.018861 23.745082 0.007993
2458376.522455 23.748304 0.008017
2458377.015522 23.750988 0.008037
2458377.508589 23.737977 0.007941
2458378.012182 23.731115 0.007891
2458378.505250 23.737338 0.007936
2458378.998317 23.727992 0.007868
2458379.501910 23.730773 0.007888
2458379.994977 23.736356 0.007929
2458380.488044 23.730479 0.007886
2458380.991638 23.738371 0.007944
2458381.484705 23.735865 0.007925
2458381.977772 23.725072 0.007847
2458382.481366 23.743301 0.007980
2458382.974433 23.726969 0.007861
2458383.467500 23.729747 0.007881
2458383.971094 23.743301 0.007980
2458384.464161 23.741869 0.007969
2458384.957228 23.731310 0.007892
2458385.460821 23.747262 0.008009
2458385.953888 23.734344 0.007914
2458386.446956 23.742412 0.007973
2458386.950549 23.751137 0.008038
2458387.443616 23.736601 0.007931
2458387.936683 23.739946 0.007955
2458388.440277 23.739158 0.007949
2458388.933344 23.737240 0.007935
2458389.426411 23.739207 0.007950
2458389.930005 23.733316 0.007907
2458390.423072 23.726726 0.007859
2458390.916139 23.721240 0.007819
2458391.419732 23.733316 0.007907
2458391.912800 23.748850 0.008021
2458392.405867 23.736307 0.007929
2458392.909460 23.739601 0.007953
2458393.402527 23.736749 0.007932
2458393.895594 23.738174 0.007942
2458394.399188 23.728040 0.007868
2458394.892255 23.736061 0.007927
2458395.385322 23.749794 0.008028
2458395.888916 23.739454 0.007952
2458396.381983 23.737043 0.007934
2458396.875050 23.741474 0.007966
2458397.378644 23.734050 0.007912
2458397.871711 23.743548 0.007982
2458398.364778 23.729113 0.007876
2458398.868371 23.742215 0.007972
2458399.361438 23.752632 0.008049
2458399.854506 23.731310 0.007892
2458400.358099 23.725558 0.007851
2458400.851166 23.742955 0.007977
2458401.344233 23.741869 0.007969
2458401.847827 23.732239 0.007899
2458402.340894 23.755127 0.008067
2458402.833961 23.732679 0.007902
2458403.337555 23.729552 0.007879
2458403.830622 23.732484 0.007901
2458404.323689 23.738912 0.007948
2458404.827282 23.730382 0.007885
2458405.320350 23.756676 0.008079
2458405.813417 23.738322 0.007943
2458406.317010 23.725412 0.007849
2458406.810077 23.741376 0.007966
2458407.303144 23.744686 0.007990
2458407.806738 23.733561 0.007909
2458408.299805 23.742165 0.007972
2458408.792872 23.732337 0.007900
2458409.296466 23.740340 0.007958
2458409.789533 23.738469 0.007944
2458410.282600 23.747460 0.008010
2458410.786194 23.747708 0.008012
2458411.279261 23.755426 0.008069
2458411.772328 23.749347 0.008024
2458412.275921 23.738371 0.007944
2458412.768988 23.740488 0.007959
2458413.262056 23.731310 0.007892
2458413.765649 23.734148 0.007913
2458414.258716 23.742165 0.007972
2458414.751783 23.754328 0.008061
2458415.255377 23.752981 0.008051
2458415.748444 23.743796 0.007983
2458416.241511 23.733903 0.007911
2458416.745105 23.749645 0.008027
2458417.238172 23.745032 0.007993
2458417.731239 23.748056 0.008015
2458418.234832 23.727651 0.007866
2458526.481367 23.746270 0.008002
2458526.984960 23.748900 0.008021
2458527.478027 23.748701 0.008020
2458527.971094 23.729698 0.007881
2458528.474688 23.735816 0.007925
2458528.967755 23.737289 0.007936
2458529.460822 23.744142 0.007986
2458529.964416 23.736994 0.007934
2458530.457483 23.733707 0.007910
2458530.950550 23.735031 0.007919
2458531.454144 23.739306 0.007951
2458531.947211 23.752532 0.008048
2458532.440278 23.731799 0.007896
2458532.943871 23.744834 0.007991
2458533.436938 23.752532 0.008048
2458533.930006 23.738076 0.007942
2458534.433599 23.731603 0.007894
2458534.926666 23.758178 0.008090
2458535.419733 23.734442 0.007915
2458535.923327 23.730724 0.007888
2458536.416394 23.740883 0.007962
2458536.909461 23.731359 0.007893
2458537.413055 23.756076 0.008074
2458537.906122 23.735521 0.007923
2458538.399189 23.735129 0.007920
2458538.902782 23.741474 0.007966
2458539.395850 23.733903 0.007911
2458539.888917 23.736061 0.007927
2458540.392510 23.737584 0.007938
2458540.885577 23.733218 0.007906
2458541.378644 23.747163 0.008008
2458541.882238 23.730382 0.007885
2458542.375305 23.731212 0.007891
2458542.868372 23.729064 0.007876
2458543.371966 23.768902 0.008170
2458543.865033 23.730040 0.007883
2458544.358100 23.725655 0.007851
2458544.861694 23.737387 0.007937
2458545.354761 23.740045 0.007956
2458545.847828 23.740439 0.007959
2458546.351421 23.733316 0.007907
2458546.844488 23.717759 0.007794
2458547.337556 23.724101 0.007840
2458547.841149 23.732190 0.007899
2458548.334216 23.726677 0.007859
2458548.827283 23.744686 0.007990
2458549.330877 23.734786 0.007918
2458549.823944 23.751038 0.008037
2458550.317011 23.737781 0.007939
2458550.820605 23.731848 0.007896
2458551.313672 23.748155 0.008016
2458551.806739 23.742857 0.007977
2458552.310332 23.730382 0.007885
2458552.803400 23.753429 0.008055
2458553.296467 23.754078 0.008059
2458553.800060 23.744092 0.007986
2458554.293127 23.731163 0.007891
2458554.786194 23.729113 0.007876
2458555.289788 23.747411 0.008010
2458555.782855 23.741918 0.007970
2458556.275922 23.731506 0.007894
2458556.779516 23.759181 0.008097
2458557.272583 23.733218 0.007906
2458557.765650 23.728284 0.007870
2458558.269244 23.741622 0.007968
2458558.762311 23.739897 0.007955
2458559.255378 23.730724 0.007888
2458559.758971 23.740242 0.007957
2458560.252038 23.728479 0.007872
2458560.745106 23.739601 0.007953
2458561.248699 23.733903 0.007911
2458561.741766 23.727894 0.007867
2458562.234833 23.737584 0.007938
2458562.738427 23.734933 0.007919
2458563.231494 23.736454 0.007930
2458563.724561 23.727261 0.007863
2458564.228155 23.736798 0.007932
2458564.721222 23.743499 0.007981
2458565.214289 23.740981 0.007963
2458565.717882 23.743746 0.007983
2458566.210950 23.741820 0.007969
2458566.704017 23.755276 0.008068
2458567.207610 23.730577 0.007887
2458567.700677 23.741820 0.007969
2458568.193744 23.741672 0.007968
2458568.697338 23.737486 0.007937
2458569.190405 23.741178 0.007964
2458569.683472 23.746320 0.008002
2458570.187066 23.732630 0.007902
2458570.680133 23.737387 0.007937
2458571.173200 23.739995 0.007956
2458571.676794 23.723227 0.007834
2458572.169861 23.737338 0.007936
2458572.662928 23.735325 0.007921
2458573.166521 23.718966 0.007803
2458573.659588 23.732728 0.007903
2458574.152656 23.742758 0.007976
2458574.656249 23.739355 0.007951
2458575.149316 23.743104 0.007978
2458575.642383 23.753579 0.008056
2458576.145977 23.735521 0.007923
2458576.639044 23.744142 0.007986
2458577.132111 23.745082 0.007993
2458577.635705 23.738469 0.007944
2458578.128772 23.748751 0.008020
2458578.621839 23.755926 0.008073
2458579.125432 23.735718 0.007924
2458579.618500 23.727164 0.007862
2458580.111567 23.740587 0.007960
2458580.615160 23.738715 0.007946
2458581.108227 23.739207 0.007950
2458581.601294 23.741425 0.007966
2458582.104888 23.711742 0.007751
2458582.597955 23.725461 0.007850
2458583.091022 23.740488 0.007959
2458583.594616 23.739060 0.007949
2458584.087683 23.731994 0.007897
2458584.580750 23.730235 0.007884
2458585.084344 23.730626 0.007887
2458585.577411 23.737240 0.007935
2458586.070478 23.726677 0.007859
2458586.574071 23.754577 0.008063
2458587.067138 23.735669 0.007924
2458587.560206 23.734590 0.007916
2458588.063799 23.745626 0.007997
2458588.556866 23.747510 0.008011
2458589.049933 23.738518 0.007945
2458589.553527 23.754228 0.008061
2458590.046594 23.734933 0.007919
2458590.539661 23.742906 0.007977
2458591.043255 23.741474 0.007966
2458591.536322 23.739306 0.007951
2458592.029389 23.746816 0.008006
2458592.532982 23.749098 0.008023
2458593.026050 23.734001 0.007912
2458593.519117 23.738568 0.007945
2458594.022710 23.747659 0.008012
2458594.515777 23.749943 0.008029
2458595.008844 23.740735 0.007961
2458595.512438 23.744142 0.007986
2458596.005505 23.736110 0.007927
2458596.498572 23.746469 0.008003
2458597.002166 23.737830 0.007940
2458597.495233 23.745527 0.007996
2458597.988300 23.734688 0.007917
2458712.204272 23.735472 0.007926
2458712.697339 23.739848 0.007958
2458713.200932 23.730235 0.007888
2458713.694000 23.749794 0.008032
2458714.187067 23.735914 0.007930
2458714.690660 23.734246 0.007918
2458715.183727 23.731457 0.007898
2458715.676794 23.749198 0.008028
2458716.180388 23.733610 0.007914
2458716.673455 23.741474 0.007971
2458717.166522 23.732288 0.007905
2458717.670116 23.735031 0.007925
2458718.163183 23.752532 0.008054
2458718.656250 23.729210 0.007883
2458719.159844 23.739454 0.007958
2458719.652911 23.734246 0.007920
2458720.145978 23.741425 0.007973
2458720.649571 23.747510 0.008019
2458721.142638 23.744983 0.008000
2458721.635706 23.745527 0.008005
2458722.139299 23.732141 0.007908
2458722.632366 23.731408 0.007903
2458723.125433 23.732581 0.007912
2458723.629027 23.728869 0.007886
2458724.122094 23.739207 0.007962
2458724.615161 23.725169 0.007861
2458725.118755 23.739503 0.007967
2458725.611822 23.721870 0.007839
2458726.104889 23.732630 0.007919
2458726.608482 23.737682 0.007957
2458727.101550 23.737535 0.007958
2458727.594617 23.724295 0.007863
2458728.098210 23.739109 0.007972
2458728.591277 23.746518 0.008027
2458729.084344 23.733805 0.007933
2458729.587938 23.746320 0.008023
2458730.081005 23.730187 0.007903
2458730.574072 23.741573 0.007985
2458731.077666 23.745626 0.008013
2458731.570733 23.733903 0.007927
2458732.063800 23.735718 0.007941
2458732.567394 23.704661 0.007801
2458733.060461 23.716794 0.007864
2458733.553528 23.714001 0.007844
2458734.057121 23.706236 0.007814
2458734.550188 23.726774 0.007878
2458735.043256 23.731897 0.007915
2458735.546849 23.729454 0.007898
2458736.039916 23.731115 0.007911
2458736.532983 23.713279 0.007784
2458737.036577 23.722209 0.007851
2458737.529644 23.724732 0.007871
2458738.022711 23.724781 0.007874
2458738.526305 23.732386 0.007933
2458739.019372 23.744933 0.008028
2458739.512439 23.720127 0.007850
2458740.016032 23.731750 0.007938
2458740.509100 23.737240 0.007982
2458741.002167 23.731212 0.007942
2458741.505760 23.720949 0.007871
2458741.998827 23.713183 0.007820
2458742.491894 23.710112 0.007803
2458742.995488 23.715300 0.007846
2458743.488555 23.720901 0.007893
2458743.981622 23.719401 0.007890
2458744.485216 23.701518 0.007770
2458744.978283 23.701804 0.007782
2458745.471350 23.694693 0.007743
2458745.974944 23.693890 0.007752
2458746.468011 23.689648 0.007740
2458746.961078 23.684019 0.007724
2458747.464671 23.678465 0.007716
2458747.957738 23.656712 0.007603
2458748.450806 23.642253 0.007557
2458748.954399 23.620985 0.007483
2458749.447466 23.591241 0.007361
2458749.940533 23.584005 0.007370
2458750.444127 23.580809 0.007346
2458750.937194 23.599780 0.007394
2458751.430261 23.636863 0.007542
2458751.933855 23.656666 0.007604
2458752.426922 23.674654 0.007683
2458752.919989 23.696490 0.007806
2458753.423582 23.678325 0.007652
2458753.916650 23.692238 0.007732
2458754.409717 23.705329 0.007812
2458754.913310 23.716842 0.007883
2458755.406377 23.709824 0.007822
2458755.899444 23.736552 0.008009
2458756.403038 23.717904 0.007865
2458756.896105 23.709680 0.007800
2458757.389172 23.705425 0.007764
2458757.892766 23.726044 0.007909
2458758.385833 23.728333 0.007921
2458758.878900 23.721288 0.007866
2458759.382494 23.714097 0.007811
2458759.875561 23.721143 0.007859
2458760.368628 23.736601 0.007969
2458760.872221 23.744636 0.008025
2458761.365288 23.722015 0.007858
2458761.858356 23.730089 0.007914
2458762.361949 23.728967 0.007904
2458762.855016 23.732777 0.007930
2458763.348083 23.739651 0.007979
2458763.851677 23.725996 0.007878
2458764.344744 23.726190 0.007878
2458764.837811 23.740045 0.007978
2458765.341405 23.721095 0.007839
2458765.834472 23.739897 0.007975
2458766.327539 23.718049 0.007815
2458766.831132 23.749148 0.008041
2458767.324200 23.739454 0.007968
2458767.817267 23.730089 0.007899
2458768.320860 23.742116 0.007986
2458768.813927 23.743598 0.007996
2458769.306994 23.734197 0.007927
2458769.810588 23.724926 0.007859
2458770.303655 23.736650 0.007944
2458770.796722 23.732092 0.007910
2458771.300316 23.738223 0.007954
2458771.793383 23.744191 0.007997
2458772.286450 23.734491 0.007926
2458772.790044 23.738371 0.007954
2458773.283111 23.732484 0.007910
2458773.776178 23.712991 0.007769
2458774.279771 23.736650 0.007940
2458774.772838 23.724052 0.007848
2458775.265906 23.721434 0.007828
2458775.769499 23.717759 0.007802
2458776.262566 23.720756 0.007823
2458776.755633 23.733610 0.007916
2458777.259227 23.723712 0.007844
2458777.752294 23.740439 0.007965
2458778.245361 23.736503 0.007936
2458778.748955 23.716939 0.007794
2458779.242022 23.733756 0.007916
2458779.735089 23.739207 0.007955
2458780.238682 23.728430 0.007876
2458780.731750 23.745230 0.007999
2458781.224817 23.734884 0.007923
2458781.728410 23.730577 0.007891
2458782.221477 23.731359 0.007897
2458782.714544 23.727505 0.007869
2458783.218138 23.736994 0.007938
2458783.711205 23.742313 0.007977
2459622.427944 23.719450 0.007806
2459622.921011 23.736994 0.007934
2459623.424605 23.739552 0.007952
2459623.917672 23.756726 0.008079
2459624.410739 23.744043 0.007985
2459624.914332 23.749794 0.008028
2459625.407400 23.729406 0.007878
2459625.900467 23.731359 0.007893
2459626.404060 23.746964 0.008007
2459626.897127 23.745280 0.007994
2459627.390194 23.734835 0.007918
2459627.893788 23.753379 0.008054
2459628.386855 23.736208 0.007928
2459628.879922 23.735963 0.007926
2459629.383516 23.726434 0.007857
2459629.876583 23.740833 0.007962
2459630.369650 23.741425 0.007966
2459630.873244 23.741672 0.007968
2459631.366311 23.741968 0.007970
2459631.859378 23.743104 0.007978
2459632.362971 23.732533 0.007901
2459632.856038 23.738371 0.007944
2459633.349106 23.732777 0.007903
2459633.852699 23.741721 0.007968
2459634.345766 23.726677 0.007859
2459634.838833 23.762344 0.008121
2459635.342427 23.727066 0.007861
2459635.835494 23.740685 0.007961
2459636.328561 23.753479 0.008055
2459636.832155 23.739404 0.007951
2459637.325222 23.738469 0.007944
2459637.818289 23.744339 0.007987
2459638.321882 23.744587 0.007989
2459638.814950 23.743104 0.007978
2459639.308017 23.752482 0.008048
2459639.811610 23.742955 0.007977
2459640.304677 23.749645 0.008027
2459640.797744 23.745626 0.007997
2459641.301338 23.745428 0.007996
2459641.794405 23.733512 0.007908
2459642.287472 23.740636 0.007960
2459642.791066 23.746122 0.008001
2459643.284133 23.738076 0.007942
2459643.777200 23.748602 0.008019
2459644.280794 23.734835 0.007918
2459644.773861 23.733512 0.007908
2459645.266928 23.738322 0.007943
2459645.770521 23.740094 0.007956
2459646.263588 23.745676 0.007997
2459646.756656 23.729113 0.007876
2459647.260249 23.741770 0.007969
2459647.753316 23.754028 0.008059
2459648.246383 23.736798 0.007932
2459648.749977 23.743005 0.007978
2459649.243044 23.738420 0.007944
2459649.736111 23.743746 0.007983
2459650.239705 23.745824 0.007998
2459650.732772 23.726726 0.007859
2459651.225839 23.734688 0.007917
2459651.729432 23.733903 0.007911
2459652.222500 23.749844 0.008028
2459652.715567 23.739946 0.007955
2459653.219160 23.734688 0.007917
2459653.712227 23.740094 0.007956
2459654.205294 23.727456 0.007864
2459654.708888 23.739306 0.007951
2459655.201955 23.735816 0.007925
2459655.695022 23.733561 0.007909
2459656.198616 23.756826 0.008080
2459656.691683 23.739010 0.007948
2459657.184750 23.752681 0.008049
2459657.688344 23.740390 0.007958
2459658.181411 23.739749 0.007954
2459658.674478 23.741770 0.007969
2459659.178071 23.741721 0.007968
2459659.671138 23.740291 0.007958
2459660.164206 23.747460 0.008010
2459660.667799 23.736405 0.007929
2459661.160866 23.737633 0.007938
2459661.653933 23.735521 0.007923
2459662.157527 23.746072 0.008000
2459662.650594 23.732288 0.007899
2459663.143661 23.747113 0.008008
2459663.647255 23.746320 0.008002
2459664.140322 23.739454 0.007952
2459664.633389 23.748900 0.008021
2459665.136982 23.745379 0.007995
2459665.630050 23.733512 0.007908
2459666.123117 23.739995 0.007956
2459666.626710 23.741918 0.007970
2459667.119777 23.744884 0.007991
2459667.612844 23.742363 0.007973
2459668.116438 23.743104 0.007978
2459668.609505 23.738912 0.007948
2459669.102572 23.752632 0.008049
2459669.606166 23.739306 0.007951
2459670.099233 23.743845 0.007984
2459670.592300 23.742708 0.007975
2459671.095894 23.753280 0.008054
2459671.588961 23.744686 0.007990
2459672.082028 23.733022 0.007905
2459672.585621 23.751287 0.008039
2459673.078688 23.738912 0.007948
2459673.571756 23.732875 0.007904
2459674.075349 23.743697 0.007983
2459674.568416 23.739355 0.007951
2459675.061483 23.735031 0.007919
2459675.565077 23.743894 0.007984
2459676.058144 23.733463 0.007908
2459676.551211 23.723470 0.007835
2459677.054805 23.724586 0.007843
2459677.547872 23.722112 0.007826
2459678.040939 23.745181 0.007994
2459678.544532 23.730333 0.007885
2459679.037600 23.732533 0.007901
2459679.530667 23.739503 0.007952
2459680.034260 23.727358 0.007864
2459680.527327 23.736798 0.007932
2459681.020394 23.743054 0.007978
2459681.523988 23.743944 0.007985
2459682.017055 23.744884 0.007991
2459682.510122 23.737830 0.007940
2459683.013716 23.738026 0.007941
2459683.506783 23.731554 0.007894
2459683.999850 23.744735 0.007990
2459684.503444 23.746915 0.008006
2459684.996511 23.733707 0.007910
2459685.489578 23.739798 0.007954
2459685.993171 23.740340 0.007958
2459686.486238 23.744834 0.007991
2459686.979306 23.727992 0.007868
2459687.482899 23.755776 0.008072
2459687.975966 23.755976 0.008074
2459688.469033 23.734590 0.007916
2459688.972627 23.733022 0.007905
2459689.465694 23.734393 0.007915
2459689.958761 23.720369 0.007813
2459690.462355 23.741770 0.007969
2459690.955422 23.737830 0.007940
2459691.448489 23.742807 0.007976
2459691.952082 23.736061 0.007927
2459692.445150 23.741080 0.007964
2459692.938217 23.723761 0.007838
2459693.441810 23.739995 0.007956
2459693.934877 23.752233 0.008046
2459807.647256 23.748999 0.008022
2459808.150849 23.741968 0.007970
2459808.643916 23.734688 0.007917
2459809.136983 23.739454 0.007952
2459809.640577 23.751585 0.008041
2459810.133644 23.726774 0.007859
2459810.626711 23.734295 0.007914
2459811.130305 23.726044 0.007854
2459811.623372 23.739306 0.007951
2459812.116439 23.738666 0.007946
2459812.620032 23.739207 0.007950
2459813.113100 23.732728 0.007903
2459813.606167 23.735423 0.007922
2459814.109760 23.736061 0.007927
2459814.602827 23.728479 0.007872
2459815.095894 23.728284 0.007870
2459815.599488 23.725898 0.007853
2459816.092555 23.759331 0.008099
2459816.585622 23.746419 0.008003
2459817.089216 23.745676 0.007997
2459817.582283 23.734688 0.007917
2459818.075350 23.734442 0.007915
2459818.578944 23.738125 0.007942
2459819.072011 23.734295 0.007914
2459819.565078 23.748999 0.008022
2459820.068671 23.740735 0.007961
2459820.561738 23.739700 0.007953
2459821.054806 23.730235 0.007884
2459821.558399 23.735816 0.007925
2459822.051466 23.753379 0.008054
2459822.544533 23.726434 0.007857
2459823.048127 23.724781 0.007845
2459823.541194 23.738420 0.007944
2459824.034261 23.758279 0.008091
2459824.537855 23.732239 0.007899
2459825.030922 23.718049 0.007796
2459825.523989 23.736159 0.007928
2459826.027582 23.739798 0.007954
2459826.520650 23.736896 0.007933
2459827.013717 23.739355 0.007951
2459827.517310 23.735816 0.007925
2459828.010377 23.736061 0.007927
2459828.503444 23.736159 0.007928
2459829.007038 23.744735 0.007990
2459829.500105 23.728625 0.007873
2459829.993172 23.757227 0.008083
2459830.496766 23.757277 0.008083
2459830.989833 23.757928 0.008088
2459831.482900 23.736749 0.007932
2459831.986494 23.730773 0.007888
2459832.479561 23.737584 0.007938
2459832.972628 23.738814 0.007947
2459833.476221 23.735914 0.007926
2459833.969288 23.753429 0.008055
2459834.462356 23.732239 0.007899
2459834.965949 23.750341 0.008032
2459835.459016 23.734786 0.007918
2459835.952083 23.743104 0.007978
2459836.455677 23.731115 0.007891
2459836.948744 23.752432 0.008047
2459837.441811 23.748701 0.008020
2459837.945405 23.737584 0.007938
2459838.438472 23.758529 0.008093
2459838.931539 23.740685 0.007961
2459839.435132 23.740143 0.007957
2459839.928200 23.731359 0.007893
2459840.421267 23.739700 0.007953
2459840.924860 23.745230 0.007994
2459841.417927 23.739848 0.007955
2459841.910994 23.732239 0.007899
2459842.414588 23.743598 0.007982
2459842.907655 23.749248 0.008024
2459843.400722 23.728528 0.007872
2459843.904316 23.728333 0.007871
2459844.397383 23.736896 0.007933
2459844.890450 23.736700 0.007931
2459845.394044 23.745379 0.007995
2459845.887111 23.749098 0.008023
2459846.380178 23.745478 0.007996
2459846.883771 23.736700 0.007931
2459847.376838 23.734491 0.007915
2459847.869906 23.741869 0.007969
2459848.373499 23.736994 0.007934
2459848.866566 23.731359 0.007893
2459849.359633 23.738863 0.007947
2459849.863227 23.741968 0.007970
2459850.356294 23.743400 0.007981
2459850.849361 23.721385 0.007820
2459851.352955 23.733952 0.007911
2459851.846022 23.732875 0.007904
2459852.339089 23.726190 0.007855
2459852.842682 23.737437 0.007937
2459853.335750 23.713472 0.007764
2459853.828817 23.739010 0.007948
2459854.332410 23.738961 0.007948
2459854.825477 23.742363 0.007973
2459855.318544 23.734099 0.007913
2459855.822138 23.729406 0.007878
2459856.315205 23.753379 0.008054
2459856.808272 23.727797 0.007867
2459857.311866 23.752681 0.008049
2459857.804933 23.737142 0.007935
2459858.298000 23.736503 0.007930
2459858.801594 23.736994 0.007934
2459859.294661 23.743548 0.007982
2459859.787728 23.743054 0.007978
2459860.291321 23.744537 0.007989
2459860.784388 23.734982 0.007919
2459861.277456 23.739749 0.007954
2459861.781049 23.743351 0.007980
2459862.274116 23.749049 0.008022
2459862.767183 23.745973 0.008000
2459863.270777 23.726580 0.007858
2459863.763844 23.737338 0.007936
2459864.256911 23.744686 0.007990
2459864.760505 23.746766 0.008005
2459865.253572 23.730528 0.007887
2459865.746639 23.736896 0.007933
2459866.250232 23.734001 0.007912
2459866.743300 23.743598 0.007982
2459867.236367 23.735472 0.007923
2459867.739960 23.736208 0.007928
2459868.233027 23.737437 0.007937
2459868.726094 23.734491 0.007915
2459869.229688 23.729015 0.007876
2459869.722755 23.743647 0.007982
2459870.215822 23.736258 0.007928
2459870.719416 23.731359 0.007893
2459871.212483 23.741918 0.007970
2459871.705550 23.746915 0.008006
2459872.209144 23.743301 0.007980
2459872.702211 23.738371 0.007944
2459873.195278 23.747559 0.008011
2459873.698871 23.723082 0.007833
2459874.191938 23.739946 0.007955
2459874.685006 23.729894 0.007882
2459875.188599 23.736454 0.007930
2459875.681666 23.744587 0.007989
2459876.174733 23.742511 0.007974
2459876.678327 23.748949 0.008021
2459877.171394 23.729015 0.007876
2459877.664461 23.742758 0.007976
2459878.168055 23.738961 0.007948
2459878.661122 23.740784 0.007961
2459879.154189 23.741573 0.007967
2459987.411250 23.745428 0.007996
2459987.904317 23.749695 0.008027
2459988.407910 23.751884 0.008043
2459988.900977 23.728528 0.007872
2459989.394044 23.736601 0.007931
2459989.897638 23.736945 0.007933
2459990.390705 23.731163 0.007891
2459990.883772 23.742313 0.007973
2459991.387366 23.739109 0.007949
2459991.880433 23.740390 0.007958
2459992.373500 23.764509 0.008137
2459992.877094 23.729015 0.007876
2459993.370161 23.734001 0.007912
2459993.863228 23.748105 0.008015
2459994.366821 23.753280 0.008054
2459994.859888 23.743104 0.007978
2459995.352956 23.730675 0.007888
2459995.856549 23.741474 0.007966
2459996.349616 23.751187 0.008038
2459996.842683 23.736552 0.007930
2459997.346277 23.738961 0.007948
2459997.839344 23.738371 0.007944
2459998.332411 23.740242 0.007957
2459998.836005 23.731017 0.007890
2459999.329072 23.748999 0.008022
2459999.822139 23.745923 0.007999
2460000.325732 23.745527 0.007996
2460000.818800 23.737535 0.007938
2460001.311867 23.747311 0.008009
2460001.815460 23.750391 0.008032
2460002.308527 23.738863 0.007947
2460002.801594 23.738814 0.007947
2460003.305188 23.748999 0.008022
2460003.798255 23.729747 0.007881
2460004.291322 23.736405 0.007929
2460004.794916 23.735963 0.007926
2460005.287983 23.724198 0.007841
2460005.781050 23.740735 0.007961
2460006.284644 23.744191 0.007986
2460006.777711 23.731946 0.007897
2460007.270778 23.742708 0.007975
2460007.774371 23.729454 0.007879
2460008.267438 23.742461 0.007974
2460008.760506 23.731408 0.007893
2460009.264099 23.746122 0.008001
2460009.757166 23.736405 0.007929
2460010.250233 23.737240 0.007935
2460010.753827 23.732239 0.007899
2460011.246894 23.731897 0.007896
2460011.739961 23.741770 0.007969
2460012.243555 23.734148 0.007913
2460012.736622 23.708770 0.007730
2460013.229689 23.726628 0.007858
2460013.733282 23.734933 0.007919
2460014.226350 23.726385 0.007856
2460014.719417 23.734884 0.007918
2460015.223010 23.747808 0.008013
2460015.716077 23.730235 0.007884
2460016.209144 23.736749 0.007932
2460016.712738 23.756426 0.008077
2460017.205805 23.737338 0.007936
2460017.698872 23.727164 0.007862
2460018.202466 23.732924 0.007904
2460018.695533 23.723130 0.007833
2460019.188600 23.734688 0.007917
2460019.692194 23.758830 0.008095
2460020.185261 23.728918 0.007875
2460020.678328 23.748056 0.008015
2460021.181921 23.739257 0.007950
2460021.674988 23.727212 0.007862
2460022.168056 23.757778 0.008087
2460022.671649 23.746915 0.008006
2460023.164716 23.730333 0.007885
2460023.657783 23.726726 0.007859
2460024.161377 23.734541 0.007916
2460024.654444 23.734786 0.007918
2460025.147511 23.737879 0.007940
2460025.651105 23.734982 0.007919
2460026.144172 23.740242 0.007957
2460026.637239 23.747113 0.008008
2460027.140832 23.723809 0.007838
2460027.633900 23.744933 0.007992
2460028.126967 23.741770 0.007969
2460028.630560 23.747907 0.008014
2460029.123627 23.745676 0.007997
2460029.616694 23.740685 0.007961
2460030.120288 23.737682 0.007939
2460030.613355 23.740685 0.007961
2460031.106422 23.750689 0.008034
2460031.610016 23.737731 0.007939
2460032.103083 23.754727 0.008064
2460032.596150 23.743153 0.007979
2460033.099744 23.723033 0.007832
2460033.592811 23.731848 0.007896
2460034.085878 23.744191 0.007986
2460034.589471 23.750689 0.008034
2460035.082538 23.745428 0.007996
2460035.575606 23.727018 0.007861
2460036.079199 23.753629 0.008056
2460036.572266 23.749397 0.008025
2460037.065333 23.734295 0.007914
2460037.568927 23.739552 0.007952
2460038.061994 23.739552 0.007952
2460038.555061 23.739700 0.007953
2460039.058655 23.744983 0.007992
2460039.551722 23.732973 0.007904
2460040.044789 23.728625 0.007873
2460040.548382 23.747460 0.008010
2460041.041450 23.743499 0.007981
2460041.534517 23.742560 0.007974
2460042.038110 23.729747 0.007881
2460042.531177 23.746617 0.008004
2460043.024244 23.738764 0.007947
2460043.527838 23.732484 0.007901
2460044.020905 23.745428 0.007996
2460044.513972 23.735865 0.007925
2460045.017566 23.746518 0.008004
2460045.510633 23.731359 0.007893
2460046.003700 23.734541 0.007916
2460046.507294 23.751834 0.008043
2460047.000361 23.735669 0.007924
2460047.493428 23.742116 0.007971
2460047.997021 23.736945 0.007933
2460048.490088 23.738371 0.007944
2460048.983156 23.738223 0.007943
2460049.486749 23.746816 0.008006
2460049.979816 23.743548 0.007982
2460050.472883 23.734197 0.007913
2460050.976477 23.732435 0.007900
2460051.469544 23.734148 0.007913
2460051.962611 23.734491 0.007915
2460052.466205 23.735080 0.007920
2460052.959272 23.724441 0.007842
2460053.452339 23.741524 0.007967
2460053.955932 23.741820 0.007969
2460054.449000 23.743153 0.007979
2460054.942067 23.728430 0.007871
2460055.445660 23.732679 0.007902
2460055.938727 23.743351 0.007980
2460056.431794 23.749496 0.008026
2460056.935388 23.738568 0.007945
2460057.428455 23.741425 0.007966
2460057.921522 23.746964 0.008007
2460058.425116 23.750291 0.008031
2460058.918183 23.724781 0.007845
