2458346.727899 18.042624 0.001592
2458347.220966 18.040671 0.001589
2458347.714033 18.041057 0.001590
2458348.217627 18.041101 0.001590
2458348.710694 18.041622 0.001591
2458349.203761 18.043767 0.001594
2458349.707355 18.041364 0.001590
2458350.200422 18.042652 0.001592
2458350.693489 18.043217 0.001593
2458351.197082 18.038393 0.001586
2458351.690150 18.041653 0.001591
2458352.183217 18.040484 0.001589
2458352.686810 18.042026 0.001591
2458353.179877 18.042554 0.001592
2458353.672944 18.039950 0.001588
2458354.176538 18.044115 0.001594
2458354.669605 18.043898 0.001594
2458355.162672 18.044003 0.001594
2458355.666266 18.041369 0.001590
2458356.159333 18.041417 0.001590
2458356.652400 18.042520 0.001592
2458357.155994 18.040754 0.001589
2458357.649061 18.040740 0.001589
2458358.142128 18.042465 0.001592
2458358.645721 18.040571 0.001589
2458359.138788 18.038657 0.001586
2458359.631856 18.043166 0.001593
2458360.135449 18.041167 0.001590
2458360.628516 18.041000 0.001590
2458361.121583 18.040416 0.001589
2458361.625177 18.042700 0.001592
2458362.118244 18.041245 0.001590
2458362.611311 18.041065 0.001590
2458363.114905 18.043573 0.001593
2458363.607972 18.038432 0.001586
2458364.101039 18.040927 0.001590
2458364.604632 18.042713 0.001592
2458365.097700 18.041735 0.001591
2458365.590767 18.039817 0.001588
2458366.094360 18.042275 0.001592
2458366.587427 18.041835 0.001591
2458367.080494 18.041598 0.001591
2458367.584088 18.040431 0.001589
2458368.077155 18.044484 0.001595
2458368.570222 18.043958 0.001594
2458369.073816 18.039743 0.001588
2458369.566883 18.039409 0.001587
2458370.059950 18.043057 0.001593
2458370.563544 18.041572 0.001590
2458371.056611 18.042262 0.001591
2458371.549678 18.043501 0.001593
2458372.053271 18.039800 0.001588
2458372.546338 18.042796 0.001592
2458373.039406 18.041800 0.001591
2458373.542999 18.041830 0.001591
2458374.036066 18.041077 0.001590
2458374.529133 18.040930 0.001590
2458375.032727 18.040737 0.001589
2458375.525794 18.040522 0.001589
2458376.018861 18.039768 0.001588
2458376.522455 18.041189 0.001590
2458377.015522 18.041285 0.001590
2458377.508589 18.043609 0.001593
2458378.012182 18.042145 0.001591
2458378.505250 18.039618 0.001588
2458378.998317 18.041049 0.001590
2458379.501910 18.042906 0.001592
2458379.994977 18.037178 0.001584
2458380.488044 18.038383 0.001586
2458380.991638 18.041332 0.001590
2458381.484705 18.041689 0.001591
2458381.977772 18.041570 0.001590
2458382.481366 18.042310 0.001592
2458382.974433 18.042639 0.001592
2458383.467500 18.040273 0.001589
2458383.971094 18.041973 0.001591
2458384.464161 18.040705 0.001589
2458384.957228 18.041758 0.001591
2458385.460821 18.043020 0.001593
2458385.953888 18.042693 0.001592
2458386.446956 18.042138 0.001591
2458386.950549 18.043618 0.001593
2458387.443616 18.042517 0.001592
2458387.936683 18.043094 0.001593
2458388.440277 18.041618 0.001591
2458388.933344 18.040095 0.001588
2458389.426411 18.040667 0.001589
2458389.930005 18.042810 0.001592
2458390.423072 18.043329 0.001593
2458390.916139 18.040709 0.001589
2458391.419732 18.042242 0.001591
2458391.912800 18.039472 0.001587
2458392.405867 18.044161 0.001594
2458392.909460 18.039404 0.001587
2458393.402527 18.041836 0.001591
2458393.895594 18.042242 0.001591
2458394.399188 18.041907 0.001591
2458394.892255 18.042223 0.001591
2458395.385322 18.040030 0.001588
2458395.888916 18.044173 0.001594
2458396.381983 18.043906 0.001594
2458396.875050 18.041432 0.001590
2458397.378644 18.045073 0.001596
2458397.871711 18.041454 0.001590
2458398.364778 18.041795 0.001591
2458398.868371 18.044628 0.001595
2458399.361438 18.040886 0.001589
2458399.854506 18.042073 0.001591
2458400.358099 18.043472 0.001593
2458400.851166 18.044467 0.001595
2458401.344233 18.042705 0.001592
2458401.847827 18.043475 0.001593
2458402.340894 18.042316 0.001592
2458402.833961 18.041876 0.001591
2458403.337555 18.040806 0.001589
2458403.830622 18.041402 0.001590
2458404.323689 18.039252 0.001587
2458404.827282 18.040705 0.001589
2458405.320350 18.040808 0.001589
2458405.813417 18.039623 0.001588
2458406.317010 18.042246 0.001591
2458406.810077 18.040071 0.001588
2458407.303144 18.042994 0.001593
2458407.806738 18.041927 0.001591
2458408.299805 18.041110 0.001590
2458408.792872 18.044315 0.001595
2458409.296466 18.042914 0.001592
2458409.789533 18.041673 0.001591
2458410.282600 18.042654 0.001592
2458410.786194 18.041348 0.001590
2458411.279261 18.042737 0.001592
2458411.772328 18.040940 0.001590
2458412.275921 18.040337 0.001589
2458412.768988 18.041173 0.001590
2458413.262056 18.041512 0.001590
2458413.765649 18.041404 0.001590
2458414.258716 18.040903 0.001590
2458414.751783 18.040080 0.001588
2458415.255377 18.040210 0.001588
2458415.748444 18.042623 0.001592
2458416.241511 18.044700 0.001595
2458416.745105 18.046013 0.001597
2458417.238172 18.041811 0.001591
2458417.731239 18.043228 0.001593
2458418.234832 18.044552 0.001595
2458526.481367 18.042336 0.001592
2458526.984960 18.042237 0.001591
2458527.478027 18.041898 0.001591
2458527.971094 18.043403 0.001593
2458528.474688 18.044168 0.001594
2458528.967755 18.041609 0.001591
2458529.460822 18.042784 0.001592
2458529.964416 18.041835 0.001591
2458530.457483 18.043319 0.001593
2458530.950550 18.041448 0.001590
2458531.454144 18.040451 0.001589
2458531.947211 18.042974 0.001593
2458532.440278 18.042548 0.001592
2458532.943871 18.040383 0.001589
2458533.436938 18.040435 0.001589
2458533.930006 18.042006 0.001591
2458534.433599 18.044213 0.001594
2458534.926666 18.042062 0.001591
2458535.419733 18.040971 0.001590
2458535.923327 18.043344 0.001593
2458536.416394 18.043659 0.001594
2458536.909461 18.042267 0.001592
2458537.413055 18.040301 0.001589
2458537.906122 18.042219 0.001591
2458538.399189 18.043985 0.001594
2458538.902782 18.041394 0.001590
2458539.395850 18.042290 0.001592
2458539.888917 18.041530 0.001590
2458540.392510 18.041459 0.001590
2458540.885577 18.044905 0.001595
2458541.378644 18.044031 0.001594
2458541.882238 18.040322 0.001589
2458542.375305 18.041873 0.001591
2458542.868372 18.042340 0.001592
2458543.371966 18.042914 0.001592
2458543.865033 18.040795 0.001589
2458544.358100 18.041106 0.001590
2458544.861694 18.042429 0.001592
2458545.354761 18.043114 0.001593
2458545.847828 18.039116 0.001587
2458546.351421 18.043022 0.001593
2458546.844488 18.040813 0.001589
2458547.337556 18.042520 0.001592
2458547.841149 18.040488 0.001589
2458548.334216 18.041927 0.001591
2458548.827283 18.042232 0.001591
2458549.330877 18.041719 0.001591
2458549.823944 18.044579 0.001595
2458550.317011 18.044198 0.001594
2458550.820605 18.045042 0.001596
2458551.313672 18.040466 0.001589
2458551.806739 18.041577 0.001590
2458552.310332 18.040439 0.001589
2458552.803400 18.041063 0.001590
2458553.296467 18.040149 0.001588
2458553.800060 18.041437 0.001590
2458554.293127 18.042001 0.001591
2458554.786194 18.041415 0.001590
2458555.289788 18.040000 0.001588
2458555.782855 18.040555 0.001589
2458556.275922 18.040844 0.001589
2458556.779516 18.040172 0.001588
2458557.272583 18.040609 0.001589
2458557.765650 18.040510 0.001589
2458558.269244 18.042169 0.001591
2458558.762311 18.041623 0.001591
2458559.255378 18.041966 0.001591
2458559.758971 18.042211 0.001591
2458560.252038 18.041533 0.001590
2458560.745106 18.042412 0.001592
2458561.248699 18.040975 0.001590
2458561.741766 18.043535 0.001593
2458562.234833 18.041332 0.001590
2458562.738427 18.043836 0.001594
2458563.231494 18.039927 0.001588
2458563.724561 18.043798 0.001594
2458564.228155 18.042901 0.001592
2458564.721222 18.042958 0.001593
2458565.214289 18.038322 0.001586
2458565.717882 18.045381 0.001596
2458566.210950 18.043287 0.001593
2458566.704017 18.044326 0.001595
2458567.207610 18.042504 0.001592
2458567.700677 18.039937 0.001588
2458568.193744 18.040093 0.001588
2458568.697338 18.043951 0.001594
2458569.190405 18.042996 0.001593
2458569.683472 18.042580 0.001592
2458570.187066 18.044021 0.001594
2458570.680133 18.038101 0.001585
2458571.173200 18.043458 0.001593
2458571.676794 18.043583 0.001593
2458572.169861 18.040757 0.001589
2458572.662928 18.040348 0.001589
2458573.166521 18.040486 0.001589
2458573.659588 18.041000 0.001590
2458574.152656 18.040097 0.001588
2458574.656249 18.040119 0.001588
2458575.149316 18.041435 0.001590
2458575.642383 18.044008 0.001594
2458576.145977 18.042368 0.001592
2458576.639044 18.038843 0.001586
2458577.132111 18.040371 0.001589
2458577.635705 18.041291 0.001590
2458578.128772 18.041057 0.001590
2458578.621839 18.045318 0.001596
2458579.125432 18.040004 0.001588
2458579.618500 18.042103 0.001591
2458580.111567 18.041529 0.001590
2458580.615160 18.040419 0.001589
2458581.108227 18.040316 0.001589
2458581.601294 18.041666 0.001591
2458582.104888 18.040723 0.001589
2458582.597955 18.041608 0.001591
2458583.091022 18.040964 0.001590
2458583.594616 18.040726 0.001589
2458584.087683 18.041709 0.001591
2458584.580750 18.037812 0.001585
2458585.084344 18.043374 0.001593
2458585.577411 18.041415 0.001590
2458586.070478 18.041457 0.001590
2458586.574071 18.039677 0.001588
2458587.067138 18.043498 0.001593
2458587.560206 18.042903 0.001592
2458588.063799 18.043104 0.001593
2458588.556866 18.040471 0.001589
2458589.049933 18.043336 0.001593
2458589.553527 18.039411 0.001587
2458590.046594 18.040898 0.001590
2458590.539661 18.042722 0.001592
2458591.043255 18.044412 0.001595
2458591.536322 18.042923 0.001592
2458592.029389 18.041540 0.001590
2458592.532982 18.040351 0.001589
2458593.026050 18.041261 0.001590
2458593.519117 18.042238 0.001591
2458594.022710 18.040009 0.001588
2458594.515777 18.041557 0.001590
2458595.008844 18.042208 0.001591
2458595.512438 18.040655 0.001589
2458596.005505 18.042335 0.001592
2458596.498572 18.041561 0.001590
2458597.002166 18.038437 0.001586
2458597.495233 18.041805 0.001591
2458597.988300 18.040950 0.001590
2458712.204272 18.042444 0.001592
2458712.697339 18.042769 0.001592
2458713.200932 18.039846 0.001588
2458713.694000 18.043319 0.001593
2458714.187067 18.042425 0.001592
2458714.690660 18.043664 0.001594
2458715.183727 18.040597 0.001589
2458715.676794 18.040507 0.001589
2458716.180388 18.041561 0.001590
2458716.673455 18.041629 0.001591
2458717.166522 18.040431 0.001589
2458717.670116 18.043580 0.001593
2458718.163183 18.043063 0.001593
2458718.656250 18.041167 0.001590
2458719.159844 18.047284 0.001599
2458719.652911 18.041282 0.001590
2458720.145978 18.040383 0.001589
2458720.649571 18.042857 0.001592
2458721.142638 18.041084 0.001590
2458721.635706 18.043208 0.001593
2458722.139299 18.040289 0.001589
2458722.632366 18.041720 0.001591
2458723.125433 18.043007 0.001593
2458723.629027 18.042233 0.001591
2458724.122094 18.042522 0.001592
2458724.615161 18.041764 0.001591
2458725.118755 18.042520 0.001592
2458725.611822 18.043030 0.001593
2458726.104889 18.039639 0.001588
2458726.608482 18.041993 0.001591
2458727.101550 18.042403 0.001592
2458727.594617 18.040139 0.001588
2458728.098210 18.042705 0.001592
2458728.591277 18.041592 0.001591
2458729.084344 18.043453 0.001593
2458729.587938 18.039950 0.001588
2458730.081005 18.041059 0.001590
2458730.574072 18.041944 0.001591
2458731.077666 18.043356 0.001593
2458731.570733 18.040759 0.001589
2458732.063800 18.041990 0.001591
2458732.567394 18.039893 0.001588
2458733.060461 18.041126 0.001590
2458733.553528 18.041569 0.001590
2458734.057121 18.042473 0.001592
2458734.550188 18.041654 0.001591
2458735.043256 18.039695 0.001588
2458735.546849 18.042520 0.001592
2458736.039916 18.043366 0.001593
2458736.532983 18.041857 0.001591
2458737.036577 18.042691 0.001592
2458737.529644 18.040195 0.001588
2458738.022711 18.041047 0.001590
2458738.526305 18.042475 0.001592
2458739.019372 18.037759 0.001585
2458739.512439 18.041264 0.001590
2458740.016032 18.041495 0.001590
2458740.509100 18.039982 0.001588
2458741.002167 18.038857 0.001587
2458741.505760 18.042229 0.001591
2458741.998827 18.040333 0.001589
2458742.491894 18.042928 0.001592
2458742.995488 18.043191 0.001593
2458743.488555 18.039342 0.001587
2458743.981622 18.040373 0.001589
2458744.485216 18.040086 0.001588
2458744.978283 18.041024 0.001590
2458745.471350 18.043894 0.001594
2458745.974944 18.041500 0.001590
2458746.468011 18.040792 0.001589
2458746.961078 18.043252 0.001593
2458747.464671 18.042428 0.001592
2458747.957738 18.041753 0.001591
2458748.450806 18.044354 0.001595
2458748.954399 18.039569 0.001588
2458749.447466 18.044294 0.001594
2458749.940533 18.040544 0.001589
2458750.444127 18.043580 0.001593
2458750.937194 18.042852 0.001592
2458751.430261 18.041689 0.001591
2458751.933855 18.041300 0.001590
2458752.426922 18.040844 0.001589
2458752.919989 18.042848 0.001592
2458753.423582 18.039763 0.001588
2458753.916650 18.042872 0.001592
2458754.409717 18.041521 0.001590
2458754.913310 18.043160 0.001593
2458755.406377 18.041136 0.001590
2458755.899444 18.041802 0.001591
2458756.403038 18.041379 0.001590
2458756.896105 18.040971 0.001590
2458757.389172 18.039671 0.001588
2458757.892766 18.037871 0.001585
2458758.385833 18.042175 0.001591
2458758.878900 18.044132 0.001594
2458759.382494 18.042089 0.001591
2458759.875561 18.041922 0.001591
2458760.368628 18.041753 0.001591
2458760.872221 18.042542 0.001592
2458761.365288 18.042342 0.001592
2458761.858356 18.042249 0.001591
2458762.361949 18.042721 0.001592
2458762.855016 18.042870 0.001592
2458763.348083 18.044913 0.001595
2458763.851677 18.041582 0.001591
2458764.344744 18.041251 0.001590
2458764.837811 18.042352 0.001592
2458765.341405 18.042177 0.001591
2458765.834472 18.043729 0.001594
2458766.327539 18.040231 0.001589
2458766.831132 18.039806 0.001588
2458767.324200 18.039883 0.001588
2458767.817267 18.041789 0.001591
2458768.320860 18.042583 0.001592
2458768.813927 18.041665 0.001591
2458769.306994 18.040289 0.001589
2458769.810588 18.041482 0.001590
2458770.303655 18.043231 0.001593
2458770.796722 18.040663 0.001589
2458771.300316 18.043993 0.001594
2458771.793383 18.042891 0.001592
2458772.286450 18.039864 0.001588
2458772.790044 18.040155 0.001588
2458773.283111 18.039684 0.001588
2458773.776178 18.038970 0.001587
2458774.279771 18.042048 0.001591
2458774.772838 18.041711 0.001591
2458775.265906 18.042716 0.001592
2458775.769499 18.041318 0.001590
2458776.262566 18.041270 0.001590
2458776.755633 18.037718 0.001585
2458777.259227 18.040639 0.001589
2458777.752294 17.984863 0.001568
2458778.245361 17.796747 0.001503
2458778.748955 17.797485 0.001504
2458779.242022 17.795702 0.001501
2458779.735089 17.795299 0.001501
2458780.238682 17.794773 0.001500
2458780.731750 17.797195 0.001503
2458781.224817 17.795669 0.001501
2458781.728410 17.796137 0.001502
2458782.221477 17.793971 0.001499
2458782.714544 17.793692 0.001499
2458783.218138 17.793671 0.001499
2458783.711205 17.796672 0.001503
2459622.427944 18.042558 0.001592
2459622.921011 18.042969 0.001593
2459623.424605 18.039482 0.001587
2459623.917672 18.042667 0.001592
2459624.410739 18.042298 0.001592
2459624.914332 18.040953 0.001590
2459625.407400 18.042146 0.001591
2459625.900467 18.042781 0.001592
2459626.404060 18.041100 0.001590
2459626.897127 18.042064 0.001591
2459627.390194 18.043842 0.001594
2459627.893788 18.044053 0.001594
2459628.386855 18.040919 0.001590
2459628.879922 18.041136 0.001590
2459629.383516 18.040281 0.001589
2459629.876583 18.040562 0.001589
2459630.369650 18.042098 0.001591
2459630.873244 18.044167 0.001594
2459631.366311 18.040551 0.001589
2459631.859378 18.041753 0.001591
2459632.362971 18.042965 0.001593
2459632.856038 18.040108 0.001588
2459633.349106 18.040479 0.001589
2459633.852699 18.040944 0.001590
2459634.345766 18.041790 0.001591
2459634.838833 18.042837 0.001592
2459635.342427 18.040975 0.001590
2459635.835494 18.041343 0.001590
2459636.328561 18.041207 0.001590
2459636.832155 18.043460 0.001593
2459637.325222 18.038867 0.001587
2459637.818289 18.042004 0.001591
2459638.321882 18.041876 0.001591
2459638.814950 18.041314 0.001590
2459639.308017 18.040916 0.001590
2459639.811610 18.041155 0.001590
2459640.304677 18.040609 0.001589
2459640.797744 18.041996 0.001591
2459641.301338 18.041065 0.001590
2459641.794405 18.039096 0.001587
2459642.287472 18.042656 0.001592
2459642.791066 18.042623 0.001592
2459643.284133 18.039404 0.001587
2459643.777200 18.045819 0.001597
2459644.280794 18.040244 0.001589
2459644.773861 18.039447 0.001587
2459645.266928 18.042100 0.001591
2459645.770521 18.042420 0.001592
2459646.263588 18.039710 0.001588
2459646.756656 18.042347 0.001592
2459647.260249 18.040476 0.001589
2459647.753316 18.041146 0.001590
2459648.246383 18.041735 0.001591
2459648.749977 18.043345 0.001593
2459649.243044 18.040501 0.001589
2459649.736111 18.042501 0.001592
2459650.239705 18.041195 0.001590
2459650.732772 18.039265 0.001587
2459651.225839 18.039737 0.001588
2459651.729432 18.041519 0.001590
2459652.222500 18.043062 0.001593
2459652.715567 18.040182 0.001588
2459653.219160 18.041307 0.001590
2459653.712227 18.041524 0.001590
2459654.205294 18.043062 0.001593
2459654.708888 18.038313 0.001586
2459655.201955 18.042846 0.001592
2459655.695022 18.042822 0.001592
2459656.198616 18.041769 0.001591
2459656.691683 18.040034 0.001588
2459657.184750 18.039828 0.001588
2459657.688344 18.042179 0.001591
2459658.181411 18.041892 0.001591
2459658.674478 18.043802 0.001594
2459659.178071 18.040244 0.001589
2459659.671138 18.042031 0.001591
2459660.164206 18.039650 0.001588
2459660.667799 18.044191 0.001594
2459661.160866 18.040975 0.001590
2459661.653933 18.042868 0.001592
2459662.157527 18.039400 0.001587
2459662.650594 18.039117 0.001587
2459663.143661 18.039559 0.001588
2459663.647255 18.044872 0.001595
2459664.140322 18.039696 0.001588
2459664.633389 18.042129 0.001591
2459665.136982 18.039299 0.001587
2459665.630050 18.041189 0.001590
2459666.123117 18.042081 0.001591
2459666.626710 18.042718 0.001592
2459667.119777 18.041792 0.001591
2459667.612844 18.041313 0.001590
2459668.116438 18.038690 0.001586
2459668.609505 18.040976 0.001590
2459669.102572 18.042254 0.001591
2459669.606166 18.044060 0.001594
2459670.099233 18.040887 0.001589
2459670.592300 18.042252 0.001591
2459671.095894 18.043663 0.001594
2459671.588961 18.045269 0.001596
2459672.082028 18.041602 0.001591
2459672.585621 18.040504 0.001589
2459673.078688 18.040783 0.001589
2459673.571756 18.042558 0.001592
2459674.075349 18.044306 0.001594
2459674.568416 18.043405 0.001593
2459675.061483 18.042293 0.001592
2459675.565077 18.041779 0.001591
2459676.058144 18.042438 0.001592
2459676.551211 18.042402 0.001592
2459677.054805 18.041746 0.001591
2459677.547872 18.041692 0.001591
2459678.040939 18.038642 0.001586
2459678.544532 18.041186 0.001590
2459679.037600 18.044058 0.001594
2459679.530667 18.041520 0.001590
2459680.034260 18.041507 0.001590
2459680.527327 18.038089 0.001585
2459681.020394 18.037580 0.001585
2459681.523988 18.040359 0.001589
2459682.017055 18.041379 0.001590
2459682.510122 18.041445 0.001590
2459683.013716 18.041187 0.001590
2459683.506783 18.040641 0.001589
2459683.999850 18.040385 0.001589
2459684.503444 18.041451 0.001590
2459684.996511 18.041215 0.001590
2459685.489578 18.041531 0.001590
2459685.993171 18.041529 0.001590
2459686.486238 18.044561 0.001595
2459686.979306 18.041559 0.001590
2459687.482899 18.043729 0.001594
2459687.975966 18.042040 0.001591
2459688.469033 18.042051 0.001591
2459688.972627 18.044649 0.001595
2459689.465694 18.044546 0.001595
2459689.958761 18.041752 0.001591
2459690.462355 18.043023 0.001593
2459690.955422 18.045145 0.001596
2459691.448489 18.041291 0.001590
2459691.952082 18.041575 0.001590
2459692.445150 18.042701 0.001592
2459692.938217 18.039376 0.001587
2459693.441810 18.042948 0.001593
2459693.934877 18.042167 0.001591
2459807.647256 18.041881 0.001591
2459808.150849 18.040628 0.001589
2459808.643916 18.043875 0.001594
2459809.136983 18.038014 0.001585
2459809.640577 18.043626 0.001593
2459810.133644 18.040220 0.001589
2459810.626711 18.041714 0.001591
2459811.130305 18.043021 0.001593
2459811.623372 18.043222 0.001593
2459812.116439 18.040347 0.001589
2459812.620032 18.040618 0.001589
2459813.113100 18.041725 0.001591
2459813.606167 18.043833 0.001594
2459814.109760 18.044208 0.001594
2459814.602827 18.039494 0.001587
2459815.095894 18.041358 0.001590
2459815.599488 18.041611 0.001591
2459816.092555 18.043115 0.001593
2459816.585622 18.039540 0.001588
2459817.089216 18.040706 0.001589
2459817.582283 18.043324 0.001593
2459818.075350 18.043126 0.001593
2459818.578944 18.040964 0.001590
2459819.072011 18.043600 0.001593
2459819.565078 18.040797 0.001589
2459820.068671 18.044293 0.001594
2459820.561738 18.041559 0.001590
2459821.054806 18.041923 0.001591
2459821.558399 18.037617 0.001585
2459822.051466 18.043551 0.001593
2459822.544533 18.040570 0.001589
2459823.048127 18.041421 0.001590
2459823.541194 18.041231 0.001590
2459824.034261 18.041855 0.001591
2459824.537855 18.043547 0.001593
2459825.030922 18.040414 0.001589
2459825.523989 18.038608 0.001586
2459826.027582 18.043547 0.001593
2459826.520650 18.040267 0.001589
2459827.013717 18.041539 0.001590
2459827.517310 18.039983 0.001588
2459828.010377 18.042420 0.001592
2459828.503444 18.039163 0.001587
2459829.007038 18.041799 0.001591
2459829.500105 18.040046 0.001588
2459829.993172 18.044161 0.001594
2459830.496766 18.043153 0.001593
2459830.989833 18.043035 0.001593
2459831.482900 18.040763 0.001589
2459831.986494 18.043351 0.001593
2459832.479561 18.041952 0.001591
2459832.972628 18.040927 0.001590
2459833.476221 18.044252 0.001594
2459833.969288 18.041432 0.001590
2459834.462356 18.042227 0.001591
2459834.965949 18.042237 0.001591
2459835.459016 18.040221 0.001589
2459835.952083 18.044273 0.001594
2459836.455677 18.042439 0.001592
2459836.948744 18.040036 0.001588
2459837.441811 18.040447 0.001589
2459837.945405 18.041914 0.001591
2459838.438472 18.041854 0.001591
2459838.931539 18.041560 0.001590
2459839.435132 18.041565 0.001590
2459839.928200 18.039908 0.001588
2459840.421267 18.041570 0.001590
2459840.924860 18.040014 0.001588
2459841.417927 18.041577 0.001590
2459841.910994 18.043944 0.001594
2459842.414588 18.039530 0.001588
2459842.907655 18.041911 0.001591
2459843.400722 18.043037 0.001593
2459843.904316 18.042157 0.001591
2459844.397383 18.041918 0.001591
2459844.890450 18.042123 0.001591
2459845.394044 18.041478 0.001590
2459845.887111 18.043426 0.001593
2459846.380178 18.039513 0.001587
2459846.883771 18.042347 0.001592
2459847.376838 18.043592 0.001593
2459847.869906 18.041700 0.001591
2459848.373499 18.039893 0.001588
2459848.866566 18.042171 0.001591
2459849.359633 18.040564 0.001589
2459849.863227 18.040747 0.001589
2459850.356294 18.041928 0.001591
2459850.849361 18.042157 0.001591
2459851.352955 18.041838 0.001591
2459851.846022 18.041991 0.001591
2459852.339089 18.039684 0.001588
2459852.842682 18.040706 0.001589
2459853.335750 18.041711 0.001591
2459853.828817 18.041287 0.001590
2459854.332410 18.040929 0.001590
2459854.825477 18.041673 0.001591
2459855.318544 18.042526 0.001592
2459855.822138 18.043985 0.001594
2459856.315205 18.040961 0.001590
2459856.808272 18.044093 0.001594
2459857.311866 18.039165 0.001587
2459857.804933 18.041207 0.001590
2459858.298000 18.044067 0.001594
2459858.801594 18.041787 0.001591
2459859.294661 18.043541 0.001593
2459859.787728 18.040676 0.001589
2459860.291321 18.041172 0.001590
2459860.784388 18.038784 0.001586
2459861.277456 18.043944 0.001594
2459861.781049 18.040732 0.001589
2459862.274116 18.042701 0.001592
2459862.767183 18.042062 0.001591
2459863.270777 18.042783 0.001592
2459863.763844 18.042722 0.001592
2459864.256911 18.044694 0.001595
2459864.760505 18.041663 0.001591
2459865.253572 18.042485 0.001592
2459865.746639 18.040543 0.001589
2459866.250232 18.038794 0.001586
2459866.743300 18.041699 0.001591
2459867.236367 18.041674 0.001591
2459867.739960 18.040820 0.001589
2459868.233027 18.044524 0.001595
2459868.726094 18.041777 0.001591
2459869.229688 18.041621 0.001591
2459869.722755 18.040866 0.001589
2459870.215822 18.041469 0.001590
2459870.719416 18.042377 0.001592
2459871.212483 18.040949 0.001590
2459871.705550 18.044534 0.001595
2459872.209144 18.042569 0.001592
2459872.702211 18.041897 0.001591
2459873.195278 18.040156 0.001588
2459873.698871 18.044085 0.001594
2459874.191938 18.039552 0.001588
2459874.685006 18.039479 0.001587
2459875.188599 18.042649 0.001592
2459875.681666 18.041917 0.001591
2459876.174733 18.040609 0.001589
2459876.678327 18.042942 0.001592
2459877.171394 18.043437 0.001593
2459877.664461 18.040252 0.001589
2459878.168055 18.044694 0.001595
2459878.661122 18.047390 0.001599
2459879.154189 18.044736 0.001595
2459987.411250 18.043432 0.001593
2459987.904317 18.043182 0.001593
2459988.407910 18.041779 0.001591
2459988.900977 18.039889 0.001588
2459989.394044 18.041873 0.001591
2459989.897638 18.043035 0.001593
2459990.390705 18.042186 0.001591
2459990.883772 18.040772 0.001589
2459991.387366 18.041105 0.001590
2459991.880433 18.039862 0.001588
2459992.373500 18.039963 0.001588
2459992.877094 18.038766 0.001586
2459993.370161 18.038580 0.001586
2459993.863228 18.040125 0.001588
2459994.366821 18.040554 0.001589
2459994.859888 18.042423 0.001592
2459995.352956 18.041524 0.001590
2459995.856549 18.040363 0.001589
2459996.349616 18.040463 0.001589
2459996.842683 18.043545 0.001593
2459997.346277 18.041388 0.001590
2459997.839344 18.041386 0.001590
2459998.332411 18.040410 0.001589
2459998.836005 18.040201 0.001588
2459999.329072 18.044059 0.001594
2459999.822139 18.041456 0.001590
2460000.325732 18.041747 0.001591
2460000.818800 18.042640 0.001592
2460001.311867 18.040756 0.001589
2460001.815460 18.042088 0.001591
2460002.308527 18.042052 0.001591
2460002.801594 18.041121 0.001590
2460003.305188 18.038899 0.001587
2460003.798255 18.043899 0.001594
2460004.291322 18.041524 0.001590
2460004.794916 18.040950 0.001590
2460005.287983 18.042381 0.001592
2460005.781050 18.041116 0.001590
2460006.284644 18.042507 0.001592
2460006.777711 18.038998 0.001587
2460007.270778 18.043164 0.001593
2460007.774371 18.042620 0.001592
2460008.267438 18.038556 0.001586
2460008.760506 18.040684 0.001589
2460009.264099 18.040191 0.001588
2460009.757166 18.042597 0.001592
2460010.250233 18.040338 0.001589
2460010.753827 18.039254 0.001587
2460011.246894 18.045066 0.001596
2460011.739961 18.043120 0.001593
2460012.243555 18.043546 0.001593
2460012.736622 18.043086 0.001593
2460013.229689 18.040935 0.001590
2460013.733282 18.040669 0.001589
2460014.226350 18.042893 0.001592
2460014.719417 18.041794 0.001591
2460015.223010 18.040691 0.001589
2460015.716077 18.040223 0.001589
2460016.209144 18.038103 0.001585
2460016.712738 18.040701 0.001589
2460017.205805 18.041079 0.001590
2460017.698872 18.040624 0.001589
2460018.202466 18.042418 0.001592
2460018.695533 18.041872 0.001591
2460019.188600 18.041554 0.001590
2460019.692194 18.044729 0.001595
2460020.185261 18.043958 0.001594
2460020.678328 18.041549 0.001590
2460021.181921 18.039854 0.001588
2460021.674988 18.041545 0.001590
2460022.168056 18.040982 0.001590
2460022.671649 18.043457 0.001593
2460023.164716 18.042005 0.001591
2460023.657783 18.042894 0.001592
2460024.161377 18.041388 0.001590
2460024.654444 18.041205 0.001590
2460025.147511 18.041205 0.001590
2460025.651105 18.041169 0.001590
2460026.144172 18.042107 0.001591
2460026.637239 18.039966 0.001588
2460027.140832 18.041008 0.001590
2460027.633900 18.043922 0.001594
2460028.126967 18.040893 0.001589
2460028.630560 18.041789 0.001591
2460029.123627 18.037801 0.001585
2460029.616694 18.041085 0.001590
2460030.120288 18.043495 0.001593
2460030.613355 18.043035 0.001593
2460031.106422 18.040697 0.001589
2460031.610016 18.042015 0.001591
2460032.103083 18.042195 0.001591
2460032.596150 18.039233 0.001587
2460033.099744 18.041896 0.001591
2460033.592811 18.044925 0.001595
2460034.085878 18.040846 0.001589
2460034.589471 18.040876 0.001589
2460035.082538 18.042764 0.001592
2460035.575606 18.042986 0.001593
2460036.079199 18.040852 0.001589
2460036.572266 18.039254 0.001587
2460037.065333 18.043162 0.001593
2460037.568927 18.043346 0.001593
2460038.061994 18.043919 0.001594
2460038.555061 18.042301 0.001592
2460039.058655 18.041991 0.001591
2460039.551722 18.040007 0.001588
2460040.044789 18.043194 0.001593
2460040.548382 18.043364 0.001593
2460041.041450 18.040024 0.001588
2460041.534517 18.043151 0.001593
2460042.038110 18.041405 0.001590
2460042.531177 18.043925 0.001594
2460043.024244 18.042702 0.001592
2460043.527838 18.040929 0.001590
2460044.020905 18.039994 0.001588
2460044.513972 18.040907 0.001590
2460045.017566 18.042531 0.001592
2460045.510633 18.042494 0.001592
2460046.003700 18.042824 0.001592
2460046.507294 18.041190 0.001590
2460047.000361 18.041054 0.001590
2460047.493428 18.041152 0.001590
2460047.997021 18.043138 0.001593
2460048.490088 18.041849 0.001591
2460048.983156 18.042035 0.001591
2460049.486749 18.042889 0.001592
2460049.979816 18.042195 0.001591
2460050.472883 18.044017 0.001594
2460050.976477 18.043015 0.001593
2460051.469544 18.041580 0.001590
2460051.962611 18.042219 0.001591
2460052.466205 18.041338 0.001590
2460052.959272 18.041613 0.001591
2460053.452339 18.042893 0.001592
2460053.955932 18.041307 0.001590
2460054.449000 18.042656 0.001592
2460054.942067 18.043643 0.001594
2460055.445660 18.040393 0.001589
2460055.938727 18.043386 0.001593
2460056.431794 18.039778 0.001588
2460056.935388 18.039976 0.001588
2460057.428455 18.043269 0.001593
2460057.921522 18.039578 0.001588
2460058.425116 18.040437 0.001589
2460058.918183 18.044062 0.001594
