2458346.727899 20.702973 0.003941
2458347.220966 20.708695 0.003961
2458347.714033 20.707568 0.003957
2458348.217627 20.703597 0.003943
2458348.710694 20.705179 0.003949
2458349.203761 20.710514 0.003968
2458349.707355 20.708029 0.003959
2458350.200422 20.707504 0.003957
2458350.693489 20.703495 0.003943
2458351.197082 20.705830 0.003951
2458351.690150 20.706507 0.003954
2458352.183217 20.707747 0.003958
2458352.686810 20.708835 0.003962
2458353.179877 20.708912 0.003962
2458353.672944 20.709437 0.003964
2458354.176538 20.705907 0.003951
2458354.669605 20.703687 0.003943
2458355.162672 20.711002 0.003970
2458355.666266 20.707530 0.003957
2458356.159333 20.713700 0.003980
2458356.652400 20.704426 0.003946
2458357.155994 20.709053 0.003963
2458357.649061 20.702387 0.003939
2458358.142128 20.703916 0.003944
2458358.645721 20.713636 0.003980
2458359.138788 20.709104 0.003963
2458359.631856 20.705651 0.003950
2458360.135449 20.705409 0.003950
2458360.628516 20.711554 0.003972
2458361.121583 20.702642 0.003939
2458361.625177 20.707824 0.003958
2458362.118244 20.707428 0.003957
2458362.611311 20.706763 0.003954
2458363.114905 20.709117 0.003963
2458363.607972 20.705026 0.003948
2458364.101039 20.708976 0.003963
2458364.604632 20.707939 0.003959
2458365.097700 20.704630 0.003947
2458365.590767 20.710168 0.003967
2458366.094360 20.709784 0.003965
2458366.587427 20.709066 0.003963
2458367.080494 20.712312 0.003975
2458367.584088 20.708208 0.003960
2458368.077155 20.702833 0.003940
2458368.570222 20.705000 0.003948
2458369.073816 20.710335 0.003967
2458369.566883 20.711502 0.003972
2458370.059950 20.702667 0.003940
2458370.563544 20.705562 0.003950
2458371.056611 20.700365 0.003931
2458371.549678 20.704120 0.003945
2458372.053271 20.706648 0.003954
2458372.546338 20.706252 0.003953
2458373.039406 20.701662 0.003936
2458373.542999 20.710155 0.003967
2458374.036066 20.710655 0.003969
2458374.529133 20.705830 0.003951
2458375.032727 20.701598 0.003936
2458375.525794 20.701013 0.003934
2458376.018861 20.708554 0.003961
2458376.522455 20.704056 0.003945
2458377.015522 20.706699 0.003954
2458377.508589 20.711746 0.003973
2458378.012182 20.707287 0.003956
2458378.505250 20.711246 0.003971
2458378.998317 20.699069 0.003927
2458379.501910 20.696863 0.003919
2458379.994977 20.701776 0.003936
2458380.488044 20.706354 0.003953
2458380.991638 20.710271 0.003967
2458381.484705 20.707236 0.003956
2458381.977772 20.709232 0.003963
2458382.481366 20.714305 0.003982
2458382.974433 20.708566 0.003961
2458383.467500 20.715528 0.003987
2458383.971094 20.700505 0.003932
2458384.464161 20.709848 0.003966
2458384.957228 20.709925 0.003966
2458385.460821 20.705804 0.003951
2458385.953888 20.704388 0.003946
2458386.446956 20.701166 0.003934
2458386.950549 20.706660 0.003954
2458387.443616 20.704822 0.003947
2458387.936683 20.709245 0.003964
2458388.440277 20.706213 0.003952
2458388.933344 20.705996 0.003952
2458389.426411 20.708669 0.003961
2458389.930005 20.708695 0.003961
2458390.423072 20.709412 0.003964
2458390.916139 20.711028 0.003970
2458391.419732 20.708797 0.003962
2458391.912800 20.709886 0.003966
2458392.405867 20.702718 0.003940
2458392.909460 20.702387 0.003939
2458393.402527 20.702107 0.003938
2458393.895594 20.705192 0.003949
2458394.399188 20.704324 0.003946
2458394.892255 20.709873 0.003966
2458395.385322 20.707632 0.003958
2458395.888916 20.706737 0.003954
2458396.381983 20.707773 0.003958
2458396.875050 20.707722 0.003958
2458397.378644 20.706456 0.003953
2458397.871711 20.705524 0.003950
2458398.364778 20.706686 0.003954
2458398.868371 20.706788 0.003955
2458399.361438 20.701064 0.003934
2458399.854506 20.711721 0.003973
2458400.358099 20.706635 0.003954
2458400.851166 20.708566 0.003961
2458401.344233 20.702693 0.003940
2458401.847827 20.707555 0.003957
2458402.340894 20.700365 0.003931
2458402.833961 20.704834 0.003947
2458403.337555 20.717192 0.003993
2458403.830622 20.701560 0.003936
2458404.323689 20.711631 0.003972
2458404.827282 20.708835 0.003962
2458405.320350 20.710912 0.003970
2458405.813417 20.705919 0.003951
2458406.317010 20.704375 0.003946
2458406.810077 20.704222 0.003945
2458407.303144 20.706878 0.003955
2458407.806738 20.711182 0.003971
2458408.299805 20.713031 0.003977
2458408.792872 20.703839 0.003944
2458409.296466 20.708592 0.003961
2458409.789533 20.706584 0.003954
2458410.282600 20.702667 0.003940
2458410.786194 20.705332 0.003949
2458411.279261 20.708413 0.003960
2458411.772328 20.709412 0.003964
2458412.275921 20.712826 0.003977
2458412.768988 20.706022 0.003952
2458413.262056 20.706060 0.003952
2458413.765649 20.705128 0.003948
2458414.258716 20.709168 0.003963
2458414.751783 20.704579 0.003947
2458415.255377 20.706303 0.003953
2458415.748444 20.703814 0.003944
2458416.241511 20.703967 0.003944
2458416.745105 20.709322 0.003964
2458417.238172 20.705664 0.003950
2458417.731239 20.710450 0.003968
2458418.234832 20.707325 0.003956
2458526.481367 20.701535 0.003935
2458526.984960 20.704349 0.003946
2458527.478027 20.705000 0.003948
2458527.971094 20.712581 0.003976
2458528.474688 20.705715 0.003951
2458528.967755 20.707594 0.003957
2458529.460822 20.698321 0.003924
2458529.964416 20.705345 0.003949
2458530.457483 20.700187 0.003931
2458530.950550 20.705677 0.003950
2458531.454144 20.712761 0.003976
2458531.947211 20.707607 0.003958
2458532.440278 20.705434 0.003950
2458532.943871 20.708118 0.003959
2458533.436938 20.704094 0.003945
2458533.930006 20.706430 0.003953
2458534.433599 20.704158 0.003945
2458534.926666 20.712337 0.003975
2458535.419733 20.707671 0.003958
2458535.923327 20.708003 0.003959
2458536.416394 20.705970 0.003952
2458536.909461 20.704630 0.003947
2458537.413055 20.702667 0.003940
2458537.906122 20.707172 0.003956
2458538.399189 20.704324 0.003946
2458538.902782 20.703240 0.003942
2458539.395850 20.709989 0.003966
2458539.888917 20.706418 0.003953
2458540.392510 20.707133 0.003956
2458540.885577 20.708502 0.003961
2458541.378644 20.702553 0.003939
2458541.882238 20.711002 0.003970
2458542.375305 20.706277 0.003953
2458542.868372 20.713687 0.003980
2458543.371966 20.703521 0.003943
2458543.865033 20.714961 0.003984
2458544.358100 20.701560 0.003936
2458544.861694 20.707568 0.003957
2458545.354761 20.704975 0.003948
2458545.847828 20.705294 0.003949
2458546.351421 20.706533 0.003954
2458546.844488 20.703623 0.003943
2458547.337556 20.700606 0.003932
2458547.841149 20.702464 0.003939
2458548.334216 20.698131 0.003923
2458548.827283 20.704515 0.003946
2458549.330877 20.701789 0.003936
2458549.823944 20.714884 0.003984
2458550.317011 20.707517 0.003957
2458550.820605 20.702769 0.003940
2458551.313672 20.704936 0.003948
2458551.806739 20.711040 0.003970
2458552.310332 20.708835 0.003962
2458552.803400 20.700759 0.003933
2458553.296467 20.715180 0.003985
2458553.800060 20.711169 0.003971
2458554.293127 20.702324 0.003938
2458554.786194 20.711926 0.003973
2458555.289788 20.704490 0.003946
2458555.782855 20.714627 0.003983
2458556.275922 20.710681 0.003969
2458556.779516 20.710771 0.003969
2458557.272583 20.700644 0.003932
2458557.765650 20.708234 0.003960
2458558.269244 20.708272 0.003960
2458558.762311 20.708630 0.003961
2458559.255378 20.709463 0.003964
2458559.758971 20.710386 0.003968
2458560.252038 20.701204 0.003934
2458560.745106 20.705472 0.003950
2458561.248699 20.710245 0.003967
2458561.741766 20.703189 0.003941
2458562.234833 20.705843 0.003951
2458562.738427 20.704286 0.003945
2458563.231494 20.705421 0.003950
2458563.724561 20.709181 0.003963
2458564.228155 20.708451 0.003961
2458564.721222 20.707645 0.003958
2458565.214289 20.708695 0.003961
2458565.717882 20.704209 0.003945
2458566.210950 20.705792 0.003951
2458566.704017 20.707146 0.003956
2458567.207610 20.713006 0.003977
2458567.700677 20.699019 0.003926
2458568.193744 20.701865 0.003937
2458568.697338 20.709399 0.003964
2458569.190405 20.710655 0.003969
2458569.683472 20.710219 0.003967
2458570.187066 20.702464 0.003939
2458570.680133 20.707581 0.003957
2458571.173200 20.705868 0.003951
2458571.676794 20.708579 0.003961
2458572.169861 20.715245 0.003985
2458572.662928 20.703215 0.003942
2458573.166521 20.702514 0.003939
2458573.659588 20.706277 0.003953
2458574.152656 20.710207 0.003967
2458574.656249 20.707863 0.003958
2458575.149316 20.707914 0.003959
2458575.642383 20.701331 0.003935
2458576.145977 20.704222 0.003945
2458576.639044 20.715631 0.003987
2458577.132111 20.710271 0.003967
2458577.635705 20.707926 0.003959
2458578.128772 20.705460 0.003950
2458578.621839 20.708554 0.003961
2458579.125432 20.714228 0.003982
2458579.618500 20.704324 0.003946
2458580.111567 20.705281 0.003949
2458580.615160 20.702247 0.003938
2458581.108227 20.712427 0.003975
2458581.601294 20.701318 0.003935
2458582.104888 20.704439 0.003946
2458582.597955 20.715889 0.003988
2458583.091022 20.708170 0.003960
2458583.594616 20.713237 0.003978
2458584.087683 20.708951 0.003962
2458584.580750 20.715838 0.003988
2458585.084344 20.708016 0.003959
2458585.577411 20.707185 0.003956
2458586.070478 20.700123 0.003930
2458586.574071 20.701178 0.003934
2458587.067138 20.707888 0.003959
2458587.560206 20.705166 0.003949
2458588.063799 20.704885 0.003948
2458588.556866 20.705830 0.003951
2458589.049933 20.706635 0.003954
2458589.553527 20.694573 0.003910
2458590.046594 20.706418 0.003953
2458590.539661 20.704337 0.003946
2458591.043255 20.708208 0.003960
2458591.536322 20.702935 0.003941
2458592.029389 20.708835 0.003962
2458592.532982 20.708413 0.003960
2458593.026050 20.709399 0.003964
2458593.519117 20.707619 0.003958
2458594.022710 20.702120 0.003938
2458594.515777 20.706315 0.003953
2458595.008844 20.704707 0.003947
2458595.512438 20.707619 0.003958
2458596.005505 20.701814 0.003936
2458596.498572 20.700860 0.003933
2458597.002166 20.704758 0.003947
2458597.495233 20.700949 0.003933
2458597.988300 20.708003 0.003959
2458712.204272 20.708426 0.003961
2458712.697339 20.706890 0.003955
2458713.200932 20.702196 0.003938
2458713.694000 20.705166 0.003949
2458714.187067 20.710348 0.003968
2458714.690660 20.699565 0.003928
2458715.183727 20.702744 0.003940
2458715.676794 20.706737 0.003954
2458716.180388 20.704885 0.003948
2458716.673455 20.703330 0.003942
2458717.166522 20.709297 0.003964
2458717.670116 20.704758 0.003947
2458718.163183 20.707210 0.003956
2458718.656250 20.706597 0.003954
2458719.159844 20.710360 0.003968
2458719.652911 20.702464 0.003939
2458720.145978 20.707530 0.003957
2458720.649571 20.704949 0.003948
2458721.142638 20.706890 0.003955
2458721.635706 20.706022 0.003952
2458722.139299 20.704311 0.003946
2458722.632366 20.709630 0.003965
2458723.125433 20.704885 0.003948
2458723.629027 20.707811 0.003958
2458724.122094 20.710591 0.003968
2458724.615161 20.701929 0.003937
2458725.118755 20.707863 0.003958
2458725.611822 20.706366 0.003953
2458726.104889 20.702502 0.003939
2458726.608482 20.703393 0.003942
2458727.101550 20.708195 0.003960
2458727.594617 20.709976 0.003966
2458728.098210 20.710142 0.003967
2458728.591277 20.706788 0.003955
2458729.084344 20.701891 0.003937
2458729.587938 20.709976 0.003966
2458730.081005 20.704668 0.003947
2458730.574072 20.707735 0.003958
2458731.077666 20.708387 0.003960
2458731.570733 20.706252 0.003953
2458732.063800 20.710348 0.003968
2458732.567394 20.703419 0.003942
2458733.060461 20.706252 0.003953
2458733.553528 20.707440 0.003957
2458734.057121 20.707683 0.003958
2458734.550188 20.698295 0.003924
2458735.043256 20.698613 0.003925
2458735.546849 20.707018 0.003955
2458736.039916 20.707978 0.003959
2458736.532983 20.705715 0.003951
2458737.036577 20.706073 0.003952
2458737.529644 20.712479 0.003975
2458738.022711 20.706213 0.003952
2458738.526305 20.700517 0.003932
2458739.019372 20.706980 0.003955
2458739.512439 20.705294 0.003949
2458740.016032 20.708464 0.003961
2458740.509100 20.707236 0.003956
2458741.002167 20.708951 0.003962
2458741.505760 20.699285 0.003927
2458741.998827 20.705524 0.003950
2458742.491894 20.702756 0.003940
2458742.995488 20.712119 0.003974
2458743.488555 20.708951 0.003962
2458743.981622 20.707261 0.003956
2458744.485216 20.710194 0.003967
2458744.978283 20.698727 0.003925
2458745.471350 20.704133 0.003945
2458745.974944 20.710566 0.003968
2458746.468011 20.705715 0.003951
2458746.961078 20.711888 0.003973
2458747.464671 20.704426 0.003946
2458747.957738 20.703521 0.003943
2458748.450806 20.703049 0.003941
2458748.954399 20.707863 0.003958
2458749.447466 20.703355 0.003942
2458749.940533 20.709873 0.003966
2458750.444127 20.709989 0.003966
2458750.937194 20.709271 0.003964
2458751.430261 20.704643 0.003947
2458751.933855 20.712877 0.003977
2458752.426922 20.714125 0.003981
2458752.919989 20.708963 0.003962
2458753.423582 20.706137 0.003952
2458753.916650 20.704732 0.003947
2458754.409717 20.713211 0.003978
2458754.913310 20.710912 0.003970
2458755.406377 20.705779 0.003951
2458755.899444 20.703075 0.003941
2458756.403038 20.712517 0.003975
2458756.896105 20.709040 0.003963
2458757.389172 20.713507 0.003979
2458757.892766 20.701013 0.003934
2458758.385833 20.704503 0.003946
2458758.878900 20.711939 0.003973
2458759.382494 20.699260 0.003927
2458759.875561 20.711849 0.003973
2458760.368628 20.707517 0.003957
2458760.872221 20.707824 0.003958
2458761.365288 20.708042 0.003959
2458761.858356 20.711092 0.003970
2458762.361949 20.704719 0.003947
2458762.855016 20.708630 0.003961
2458763.348083 20.706022 0.003952
2458763.851677 20.705166 0.003949
2458764.344744 20.705166 0.003949
2458764.837811 20.706315 0.003953
2458765.341405 20.704579 0.003947
2458765.834472 20.711130 0.003970
2458766.327539 20.708861 0.003962
2458766.831132 20.704834 0.003947
2458767.324200 20.703852 0.003944
2458767.817267 20.704872 0.003948
2458768.320860 20.706993 0.003955
2458768.813927 20.701598 0.003936
2458769.306994 20.706175 0.003952
2458769.810588 20.708528 0.003961
2458770.303655 20.709040 0.003963
2458770.796722 20.707619 0.003958
2458771.300316 20.699450 0.003928
2458771.793383 20.698930 0.003926
2458772.286450 20.705779 0.003951
2458772.790044 20.706034 0.003952
2458773.283111 20.708042 0.003959
2458773.776178 20.713623 0.003980
2458774.279771 20.708438 0.003961
2458774.772838 20.708733 0.003962
2458775.265906 20.701636 0.003936
2458775.769499 20.704477 0.003946
2458776.262566 20.711618 0.003972
2458776.755633 20.709271 0.003964
2458777.259227 20.706290 0.003953
2458777.752294 20.702349 0.003938
2458778.245361 20.706942 0.003955
2458778.748955 20.706942 0.003955
2458779.242022 20.710412 0.003968
2458779.735089 20.705166 0.003949
2458780.238682 20.698473 0.003924
2458780.731750 20.709476 0.003964
2458781.224817 20.709963 0.003966
2458781.728410 20.699730 0.003929
2458782.221477 20.703228 0.003942
2458782.714544 20.703177 0.003941
2458783.218138 20.703878 0.003944
2458783.711205 20.706673 0.003954
2459622.427944 20.708989 0.003963
2459622.921011 20.709130 0.003963
2459623.424605 20.709745 0.003965
2459623.917672 20.710707 0.003969
2459624.410739 20.709643 0.003965
2459624.914332 20.703827 0.003944
2459625.407400 20.700657 0.003932
2459625.900467 20.704656 0.003947
2459626.404060 20.711849 0.003973
2459626.897127 20.706699 0.003954
2459627.390194 20.707197 0.003956
2459627.893788 20.714189 0.003982
2459628.386855 20.708144 0.003959
2459628.879922 20.705498 0.003950
2459629.383516 20.711836 0.003973
2459629.876583 20.700581 0.003932
2459630.369650 20.707786 0.003958
2459630.873244 20.710078 0.003967
2459631.366311 20.706354 0.003953
2459631.859378 20.701115 0.003934
2459632.362971 20.709604 0.003965
2459632.856038 20.707696 0.003958
2459633.349106 20.707581 0.003957
2459633.852699 20.699717 0.003929
2459634.345766 20.706162 0.003952
2459634.838833 20.711169 0.003971
2459635.342427 20.705677 0.003950
2459635.835494 20.706111 0.003952
2459636.328561 20.706149 0.003952
2459636.832155 20.702693 0.003940
2459637.325222 20.709655 0.003965
2459637.818289 20.698892 0.003926
2459638.321882 20.712967 0.003977
2459638.814950 20.703266 0.003942
2459639.308017 20.710514 0.003968
2459639.811610 20.705128 0.003948
2459640.304677 20.705766 0.003951
2459640.797744 20.703253 0.003942
2459641.301338 20.712003 0.003974
2459641.794405 20.700187 0.003931
2459642.287472 20.710874 0.003969
2459642.791066 20.705051 0.003948
2459643.284133 20.705600 0.003950
2459643.777200 20.708272 0.003960
2459644.280794 20.707594 0.003957
2459644.773861 20.703903 0.003944
2459645.266928 20.704031 0.003945
2459645.770521 20.702565 0.003939
2459646.263588 20.709527 0.003965
2459646.756656 20.707312 0.003956
2459647.260249 20.709322 0.003964
2459647.753316 20.709873 0.003966
2459648.246383 20.711336 0.003971
2459648.749977 20.704783 0.003947
2459649.243044 20.707594 0.003957
2459649.736111 20.702833 0.003940
2459650.239705 20.708054 0.003959
2459650.732772 20.703330 0.003942
2459651.225839 20.707069 0.003956
2459651.729432 20.705996 0.003952
2459652.222500 20.712440 0.003975
2459652.715567 20.711580 0.003972
2459653.219160 20.704094 0.003945
2459653.712227 20.708810 0.003962
2459654.205294 20.704145 0.003945
2459654.708888 20.706686 0.003954
2459655.201955 20.705038 0.003948
2459655.695022 20.712414 0.003975
2459656.198616 20.707121 0.003956
2459656.691683 20.706967 0.003955
2459657.184750 20.710258 0.003967
2459657.688344 20.702922 0.003940
2459658.181411 20.705996 0.003952
2459658.674478 20.700492 0.003932
2459659.178071 20.708285 0.003960
2459659.671138 20.705817 0.003951
2459660.164206 20.709207 0.003963
2459660.667799 20.703355 0.003942
2459661.160866 20.708963 0.003962
2459661.653933 20.710181 0.003967
2459662.157527 20.705357 0.003949
2459662.650594 20.709835 0.003966
2459663.143661 20.709860 0.003966
2459663.647255 20.706712 0.003954
2459664.140322 20.705753 0.003951
2459664.633389 20.705626 0.003950
2459665.136982 20.706341 0.003953
2459665.630050 20.704630 0.003947
2459666.123117 20.704949 0.003948
2459666.626710 20.700377 0.003931
2459667.119777 20.712659 0.003976
2459667.612844 20.703342 0.003942
2459668.116438 20.708144 0.003959
2459668.609505 20.709156 0.003963
2459669.102572 20.707990 0.003959
2459669.606166 20.714833 0.003984
2459670.099233 20.698055 0.003923
2459670.592300 20.704133 0.003945
2459671.095894 20.705728 0.003951
2459671.588961 20.706022 0.003952
2459672.082028 20.707863 0.003958
2459672.585621 20.702489 0.003939
2459673.078688 20.704834 0.003947
2459673.571756 20.707133 0.003956
2459674.075349 20.709925 0.003966
2459674.568416 20.706290 0.003953
2459675.061483 20.702756 0.003940
2459675.565077 20.708605 0.003961
2459676.058144 20.705651 0.003950
2459676.551211 20.708323 0.003960
2459677.054805 20.710668 0.003969
2459677.547872 20.707389 0.003957
2459678.040939 20.702158 0.003938
2459678.544532 20.705396 0.003949
2459679.037600 20.707671 0.003958
2459679.530667 20.702871 0.003940
2459680.034260 20.706124 0.003952
2459680.527327 20.707082 0.003956
2459681.020394 20.706622 0.003954
2459681.523988 20.708554 0.003961
2459682.017055 20.705792 0.003951
2459682.510122 20.705294 0.003949
2459683.013716 20.707044 0.003955
2459683.506783 20.714035 0.003981
2459683.999850 20.708874 0.003962
2459684.503444 20.707376 0.003957
2459684.996511 20.707568 0.003957
2459685.489578 20.704822 0.003947
2459685.993171 20.704069 0.003945
2459686.486238 20.704796 0.003947
2459686.979306 20.705970 0.003952
2459687.482899 20.700377 0.003931
2459687.975966 20.705524 0.003950
2459688.469033 20.705753 0.003951
2459688.972627 20.707530 0.003957
2459689.465694 20.713945 0.003981
2459689.958761 20.703878 0.003944
2459690.462355 20.704349 0.003946
2459690.955422 20.709848 0.003966
2459691.448489 20.708336 0.003960
2459691.952082 20.707658 0.003958
2459692.445150 20.707760 0.003958
2459692.938217 20.705051 0.003948
2459693.441810 20.710835 0.003969
2459693.934877 20.711015 0.003970
2459807.647256 20.707952 0.003959
2459808.150849 20.709309 0.003964
2459808.643916 20.703495 0.003943
2459809.136983 20.703585 0.003943
2459809.640577 20.703929 0.003944
2459810.133644 20.708016 0.003959
2459810.626711 20.705881 0.003951
2459811.130305 20.709335 0.003964
2459811.623372 20.700009 0.003930
2459812.116439 20.704464 0.003946
2459812.620032 20.710078 0.003967
2459813.113100 20.703381 0.003942
2459813.606167 20.705000 0.003948
2459814.109760 20.711618 0.003972
2459814.602827 20.707619 0.003958
2459815.095894 20.705817 0.003951
2459815.599488 20.714395 0.003982
2459816.092555 20.717231 0.003993
2459816.585622 20.708695 0.003961
2459817.089216 20.707440 0.003957
2459817.582283 20.712453 0.003975
2459818.075350 20.705613 0.003950
2459818.578944 20.711990 0.003974
2459819.072011 20.701496 0.003935
2459819.565078 20.702795 0.003940
2459820.068671 20.704630 0.003947
2459820.561738 20.707888 0.003959
2459821.054806 20.700632 0.003932
2459821.558399 20.701942 0.003937
2459822.051466 20.715374 0.003986
2459822.544533 20.706239 0.003953
2459823.048127 20.710938 0.003970
2459823.541194 20.703954 0.003944
2459824.034261 20.702998 0.003941
2459824.537855 20.706034 0.003952
2459825.030922 20.705000 0.003948
2459825.523989 20.705626 0.003950
2459826.027582 20.710899 0.003970
2459826.520650 20.710027 0.003966
2459827.013717 20.706494 0.003953
2459827.517310 20.703687 0.003943
2459828.010377 20.707543 0.003957
2459828.503444 20.702667 0.003940
2459829.007038 20.699476 0.003928
2459829.500105 20.708541 0.003961
2459829.993172 20.696078 0.003916
2459830.496766 20.707632 0.003958
2459830.989833 20.700619 0.003932
2459831.482900 20.711079 0.003970
2459831.986494 20.709784 0.003965
2459832.479561 20.707172 0.003956
2459832.972628 20.706111 0.003952
2459833.476221 20.711746 0.003973
2459833.969288 20.706507 0.003954
2459834.462356 20.710476 0.003968
2459834.965949 20.705766 0.003951
2459835.459016 20.714987 0.003985
2459835.952083 20.709553 0.003965
2459836.455677 20.707287 0.003956
2459836.948744 20.705766 0.003951
2459837.441811 20.701624 0.003936
2459837.945405 20.708298 0.003960
2459838.438472 20.706213 0.003952
2459838.931539 20.703623 0.003943
2459839.435132 20.714356 0.003982
2459839.928200 20.703253 0.003942
2459840.421267 20.706929 0.003955
2459840.924860 20.706430 0.003953
2459841.417927 20.708938 0.003962
2459841.910994 20.707108 0.003956
2459842.414588 20.708131 0.003959
2459842.907655 20.700466 0.003932
2459843.400722 20.703954 0.003944
2459843.904316 20.701369 0.003935
2459844.397383 20.708234 0.003960
2459844.890450 20.708310 0.003960
2459845.394044 20.707517 0.003957
2459845.887111 20.706724 0.003954
2459846.380178 20.703852 0.003944
2459846.883771 20.706660 0.003954
2459847.376838 20.700721 0.003933
2459847.869906 20.714755 0.003984
2459848.373499 20.704477 0.003946
2459848.866566 20.705089 0.003948
2459849.359633 20.703661 0.003943
2459849.863227 20.708477 0.003961
2459850.356294 20.699831 0.003929
2459850.849361 20.708746 0.003962
2459851.352955 20.708426 0.003961
2459851.846022 20.711657 0.003972
2459852.339089 20.703827 0.003944
2459852.842682 20.702425 0.003939
2459853.335750 20.708362 0.003960
2459853.828817 20.708541 0.003961
2459854.332410 20.699920 0.003930
2459854.825477 20.707504 0.003957
2459855.318544 20.700759 0.003933
2459855.822138 20.706124 0.003952
2459856.315205 20.702514 0.003939
2459856.808272 20.698739 0.003925
2459857.311866 20.706379 0.003953
2459857.804933 20.700123 0.003930
2459858.298000 20.709309 0.003964
2459858.801594 20.706827 0.003955
2459859.294661 20.705958 0.003952
2459859.787728 20.707466 0.003957
2459860.291321 20.702820 0.003940
2459860.784388 20.706520 0.003954
2459861.277456 20.698765 0.003925
2459861.781049 20.709925 0.003966
2459862.274116 20.708349 0.003960
2459862.767183 20.701445 0.003935
2459863.270777 20.704796 0.003947
2459863.763844 20.702056 0.003937
2459864.256911 20.704196 0.003945
2459864.760505 20.708426 0.003961
2459865.253572 20.705447 0.003950
2459865.746639 20.700988 0.003933
2459866.250232 20.700111 0.003930
2459866.743300 20.710886 0.003969
2459867.236367 20.709925 0.003966
2459867.739960 20.700708 0.003932
2459868.233027 20.711926 0.003973
2459868.726094 20.707568 0.003957
2459869.229688 20.709117 0.003963
2459869.722755 20.706750 0.003954
2459870.215822 20.706660 0.003954
2459870.719416 20.706162 0.003952
2459871.212483 20.711451 0.003972
2459871.705550 20.697408 0.003921
2459872.209144 20.704681 0.003947
2459872.702211 20.704324 0.003946
2459873.195278 20.705638 0.003950
2459873.698871 20.702502 0.003939
2459874.191938 20.706443 0.003953
2459874.685006 20.709335 0.003964
2459875.188599 20.705830 0.003951
2459875.681666 20.707376 0.003957
2459876.174733 20.709489 0.003964
2459876.678327 20.705166 0.003949
2459877.171394 20.701725 0.003936
2459877.664461 20.706226 0.003952
2459878.168055 20.709015 0.003963
2459878.661122 20.710643 0.003969
2459879.154189 20.706175 0.003952
2459987.411250 20.505672 0.003630
2459987.904317 20.504525 0.003626
2459988.407910 20.497925 0.003604
2459988.900977 20.496702 0.003600
2459989.394044 20.508415 0.003639
2459989.897638 20.499381 0.003609
2459990.390705 20.500977 0.003614
2459990.883772 20.505608 0.003630
2459991.387366 20.505396 0.003629
2459991.880433 20.499318 0.003609
2459992.373500 20.492203 0.003585
2459992.877094 20.501209 0.003615
2459993.370161 20.508011 0.003638
2459993.863228 20.497703 0.003604
2459994.366821 20.495933 0.003598
2459994.859888 20.500744 0.003614
2459995.352956 20.507745 0.003637
2459995.856549 20.499349 0.003609
2459996.349616 20.497777 0.003604
2459996.842683 20.499022 0.003608
2459997.346277 20.503677 0.003623
2459997.839344 20.497355 0.003602
2459998.332411 20.505714 0.003630
2459998.836005 20.504769 0.003627
2459999.329072 20.505396 0.003629
2459999.822139 20.492067 0.003585
2460000.325732 20.502977 0.003621
2460000.818800 20.499888 0.003611
2460001.311867 20.494293 0.003592
2460001.815460 20.505842 0.003631
2460002.308527 20.504759 0.003627
2460002.801594 20.502967 0.003621
2460003.305188 20.497619 0.003603
2460003.798255 20.499275 0.003609
2460004.291322 20.500226 0.003612
2460004.794916 20.501167 0.003615
2460005.287983 20.502035 0.003618
2460005.781050 20.505502 0.003630
2460006.284644 20.497166 0.003602
2460006.777711 20.498030 0.003605
2460007.270778 20.499466 0.003609
2460007.774371 20.500068 0.003611
2460008.267438 20.501897 0.003617
2460008.760506 20.498146 0.003603
2460009.264099 20.503422 0.003615
2460009.757166 20.504366 0.003613
2460010.250233 20.505672 0.003612
2460010.753827 20.509172 0.003618
2460011.246894 20.509268 0.003613
2460011.739961 20.517247 0.003634
2460012.243555 20.519321 0.003636
2460012.736622 20.524452 0.003647
2460013.229689 20.529771 0.003660
2460013.733282 20.534702 0.003671
2460014.226350 20.529891 0.003650
2460014.719417 20.536744 0.003668
2460015.223010 20.539173 0.003670
2460015.716077 20.545611 0.003687
2460016.209144 20.549607 0.003695
2460016.712738 20.556264 0.003713
2460017.205805 20.550304 0.003687
2460017.698872 20.558625 0.003711
2460018.202466 20.563745 0.003723
2460018.695533 20.567516 0.003731
2460019.188600 20.561775 0.003706
2460019.692194 20.568653 0.003724
2460020.185261 20.571199 0.003728
2460020.678328 20.574793 0.003736
2460021.181921 20.576118 0.003735
2460021.674988 20.577411 0.003735
2460022.168056 20.581344 0.003743
2460022.671649 20.582461 0.003742
2460023.164716 20.591711 0.003769
2460023.657783 20.585932 0.003744
2460024.161377 20.588244 0.003747
2460024.654444 20.593851 0.003762
2460025.147511 20.600449 0.003780
2460025.651105 20.605212 0.003792
2460026.144172 20.604141 0.003784
2460026.637239 20.602305 0.003772
2460027.140832 20.610486 0.003796
2460027.633900 20.606260 0.003777
2460028.126967 20.617080 0.003810
2460028.630560 20.614565 0.003796
2460029.123627 20.611422 0.003781
2460029.616694 20.622945 0.003817
2460030.120288 20.615634 0.003787
2460030.613355 20.623383 0.003809
2460031.106422 20.621077 0.003797
2460031.610016 20.627736 0.003815
2460032.103083 20.625943 0.003805
2460032.596150 20.632871 0.003825
2460033.099744 20.638186 0.003839
2460033.592811 20.639086 0.003838
2460034.085878 20.639411 0.003835
2460034.589471 20.645035 0.003850
2460035.082538 20.648798 0.003859
2460035.575606 20.648919 0.003855
2460036.079199 20.651588 0.003860
2460036.572266 20.654605 0.003867
2460037.065333 20.655751 0.003867
2460037.568927 20.653400 0.003854
2460038.061994 20.665244 0.003892
2460038.555061 20.656361 0.003856
2460039.058655 20.667769 0.003893
2460039.551722 20.669929 0.003897
2460040.044789 20.667276 0.003883
2460040.548382 20.670597 0.003891
2460041.041450 20.675107 0.003903
2460041.534517 20.671673 0.003887
2460042.038110 20.673890 0.003890
2460042.531177 20.682744 0.003918
2460043.024244 20.686915 0.003929
2460043.527838 20.681582 0.003906
2460044.020905 20.690120 0.003933
2460044.513972 20.681594 0.003899
2460045.017566 20.689026 0.003921
2460045.510633 20.689844 0.003921
2460046.003700 20.690095 0.003918
2460046.507294 20.700416 0.003951
2460047.000361 20.701127 0.003950
2460047.493428 20.702744 0.003952
2460047.997021 20.700098 0.003939
2460048.490088 20.690360 0.003900
2460048.983156 20.704872 0.003949
2460049.486749 20.717928 0.003995
2460049.979816 20.709822 0.003966
2460050.472883 20.706252 0.003953
2460050.976477 20.707236 0.003956
2460051.469544 20.713096 0.003978
2460051.962611 20.709399 0.003964
2460052.466205 20.708490 0.003961
2460052.959272 20.710514 0.003968
2460053.452339 20.707249 0.003956
2460053.955932 20.701369 0.003935
2460054.449000 20.710412 0.003968
2460054.942067 20.712337 0.003975
2460055.445660 20.701191 0.003934
2460055.938727 20.706724 0.003954
2460056.431794 20.714511 0.003983
2460056.935388 20.711053 0.003970
2460057.428455 20.701369 0.003935
2460057.921522 20.700187 0.003931
2460058.425116 20.710848 0.003969
2460058.918183 20.702540 0.003939
