2458346.727899 22.246905 0.006995
2458347.220966 22.238326 0.006940
2458347.714033 22.235903 0.006924
2458348.217627 22.234828 0.006917
2458348.710694 22.232643 0.006903
2458349.203761 22.251065 0.007022
2458349.707355 22.231457 0.006896
2458350.200422 22.239250 0.006946
2458350.693489 22.237402 0.006934
2458351.197082 22.234368 0.006914
2458351.690150 22.225506 0.006858
2458352.183217 22.239404 0.006947
2458352.686810 22.228859 0.006879
2458353.179877 22.235942 0.006924
2458353.672944 22.241834 0.006962
2458354.176538 22.247914 0.007001
2458354.669605 22.229813 0.006886
2458355.162672 22.242530 0.006967
2458355.666266 22.241024 0.006957
2458356.159333 22.241989 0.006963
2458356.652400 22.235634 0.006923
2458357.155994 22.233141 0.006907
2458357.649061 22.238903 0.006943
2458358.142128 22.235519 0.006922
2458358.645721 22.235250 0.006920
2458359.138788 22.231954 0.006899
2458359.631856 22.241796 0.006962
2458360.135449 22.236595 0.006929
2458360.628516 22.238018 0.006938
2458361.121583 22.241255 0.006958
2458361.625177 22.235059 0.006919
2458362.118244 22.240214 0.006952
2458362.611311 22.242993 0.006970
2458363.114905 22.236057 0.006925
2458363.607972 22.232337 0.006902
2458364.101039 22.256649 0.007058
2458364.604632 22.238711 0.006942
2458365.097700 22.249002 0.007008
2458365.590767 22.246634 0.006993
2458366.094360 22.251143 0.007022
2458366.587427 22.229202 0.006882
2458367.080494 22.237095 0.006932
2458367.584088 22.240599 0.006954
2458368.077155 22.221557 0.006833
2458368.570222 22.235673 0.006923
2458369.073816 22.246983 0.006995
2458369.566883 22.246091 0.006990
2458370.059950 22.233678 0.006910
2458370.563544 22.246595 0.006993
2458371.056611 22.240599 0.006954
2458371.549678 22.235059 0.006919
2458372.053271 22.242414 0.006966
2458372.546338 22.238480 0.006941
2458373.039406 22.246323 0.006991
2458373.542999 22.240483 0.006954
2458374.036066 22.238403 0.006940
2458374.529133 22.233103 0.006906
2458375.032727 22.241873 0.006962
2458375.525794 22.238095 0.006938
2458376.018861 22.238133 0.006938
2458376.522455 22.228248 0.006876
2458377.015522 22.236480 0.006928
2458377.508589 22.234560 0.006916
2458378.012182 22.236595 0.006929
2458378.505250 22.233295 0.006908
2458378.998317 22.241024 0.006957
2458379.501910 22.237133 0.006932
2458379.994977 22.249702 0.007013
2458380.488044 22.230272 0.006888
2458380.991638 22.240329 0.006953
2458381.484705 22.237902 0.006937
2458381.977772 22.234598 0.006916
2458382.481366 22.229508 0.006884
2458382.974433 22.239944 0.006950
2458383.467500 22.246401 0.006992
2458383.971094 22.250714 0.007019
2458384.464161 22.238018 0.006938
2458384.957228 22.240599 0.006954
2458385.460821 22.222088 0.006837
2458385.953888 22.239481 0.006947
2458386.446956 22.246517 0.006992
2458386.950549 22.247099 0.006996
2458387.443616 22.226724 0.006866
2458387.936683 22.241332 0.006959
2458388.440277 22.245974 0.006989
2458388.933344 22.246168 0.006990
2458389.426411 22.237633 0.006935
2458389.930005 22.228630 0.006878
2458390.423072 22.254224 0.007042
2458390.916139 22.234138 0.006913
2458391.419732 22.248925 0.007008
2458391.912800 22.233793 0.006911
2458392.405867 22.234445 0.006915
2458392.909460 22.250325 0.007017
2458393.402527 22.241873 0.006962
2458393.895594 22.235097 0.006919
2458394.399188 22.234943 0.006918
2458394.892255 22.234368 0.006914
2458395.385322 22.226419 0.006864
2458395.888916 22.240561 0.006954
2458396.381983 22.237210 0.006933
2458396.875050 22.235289 0.006920
2458397.378644 22.234445 0.006915
2458397.871711 22.253287 0.007036
2458398.364778 22.246130 0.006990
2458398.868371 22.243187 0.006971
2458399.361438 22.232873 0.006905
2458399.854506 22.239712 0.006949
2458400.358099 22.230233 0.006888
2458400.851166 22.244541 0.006980
2458401.344233 22.238095 0.006938
2458401.847827 22.243341 0.006972
2458402.340894 22.244890 0.006982
2458402.833961 22.242221 0.006965
2458403.337555 22.229813 0.006886
2458403.830622 22.238133 0.006938
2458404.323689 22.243419 0.006972
2458404.827282 22.228020 0.006874
2458405.320350 22.238518 0.006941
2458405.813417 22.242375 0.006966
2458406.317010 22.235750 0.006923
2458406.810077 22.248769 0.007007
2458407.303144 22.239211 0.006945
2458407.806738 22.246246 0.006991
2458408.299805 22.230769 0.006892
2458408.792872 22.244696 0.006981
2458409.296466 22.243071 0.006970
2458409.789533 22.242955 0.006969
2458410.282600 22.242336 0.006965
2458410.786194 22.246750 0.006994
2458411.279261 22.227372 0.006870
2458411.772328 22.242105 0.006964
2458412.275921 22.243690 0.006974
2458412.768988 22.247604 0.006999
2458413.262056 22.243303 0.006972
2458413.765649 22.251454 0.007024
2458414.258716 22.226838 0.006867
2458414.751783 22.239481 0.006947
2458415.255377 22.247449 0.006998
2458415.748444 22.243960 0.006976
2458416.241511 22.243574 0.006973
2458416.745105 22.234445 0.006915
2458417.238172 22.233793 0.006911
2458417.731239 22.243651 0.006974
2458418.234832 22.238942 0.006944
2458526.481367 22.235558 0.006922
2458526.984960 22.237556 0.006935
2458527.478027 22.224251 0.006850
2458527.971094 22.247060 0.006996
2458528.474688 22.237825 0.006937
2458528.967755 22.245354 0.006985
2458529.460822 22.231954 0.006899
2458529.964416 22.231801 0.006898
2458530.457483 22.223568 0.006846
2458530.950550 22.240946 0.006956
2458531.454144 22.242916 0.006969
2458531.947211 22.252039 0.007028
2458532.440278 22.244231 0.006978
2458532.943871 22.232146 0.006900
2458533.436938 22.233524 0.006909
2458533.930006 22.246711 0.006994
2458534.433599 22.248769 0.007007
2458534.926666 22.239057 0.006944
2458535.419733 22.248691 0.007006
2458535.923327 22.241989 0.006963
2458536.416394 22.243341 0.006972
2458536.909461 22.239404 0.006947
2458537.413055 22.238749 0.006942
2458537.906122 22.228859 0.006879
2458538.399189 22.255592 0.007051
2458538.902782 22.237825 0.006937
2458539.395850 22.227715 0.006872
2458539.888917 22.226191 0.006863
2458540.392510 22.249391 0.007011
2458540.885577 22.230960 0.006893
2458541.378644 22.233869 0.006911
2458541.882238 22.235059 0.006919
2458542.375305 22.238557 0.006941
2458542.868372 22.257785 0.007065
2458543.371966 22.236902 0.006931
2458543.865033 22.242878 0.006969
2458544.358100 22.261278 0.007088
2458544.861694 22.252156 0.007029
2458545.354761 22.238634 0.006942
2458545.847828 22.244077 0.006977
2458546.351421 22.233908 0.006912
2458546.844488 22.249469 0.007011
2458547.337556 22.237364 0.006934
2458547.841149 22.232873 0.006905
2458548.334216 22.245199 0.006984
2458548.827283 22.223682 0.006847
2458549.330877 22.230998 0.006893
2458549.823944 22.229622 0.006884
2458550.317011 22.235059 0.006919
2458550.820605 22.245626 0.006987
2458551.313672 22.249391 0.007011
2458551.806739 22.252039 0.007028
2458552.310332 22.235788 0.006924
2458552.803400 22.236518 0.006928
2458553.296467 22.241371 0.006959
2458553.800060 22.235519 0.006922
2458554.293127 22.233486 0.006909
2458554.786194 22.254302 0.007043
2458555.289788 22.228592 0.006878
2458555.782855 22.229279 0.006882
2458556.275922 22.235519 0.006922
2458556.779516 22.229088 0.006881
2458557.272583 22.236172 0.006926
2458557.765650 22.231457 0.006896
2458558.269244 22.250364 0.007017
2458558.762311 22.233869 0.006911
2458559.255378 22.247293 0.006997
2458559.758971 22.243071 0.006970
2458560.252038 22.247992 0.007002
2458560.745106 22.241912 0.006963
2458561.248699 22.226305 0.006863
2458561.741766 22.253287 0.007036
2458562.234833 22.238518 0.006941
2458562.738427 22.240985 0.006957
2458563.231494 22.237594 0.006935
2458563.724561 22.237633 0.006935
2458564.228155 22.234023 0.006912
2458564.721222 22.236941 0.006931
2458565.214289 22.240291 0.006952
2458565.717882 22.249158 0.007009
2458566.210950 22.232452 0.006902
2458566.704017 22.232490 0.006903
2458567.207610 22.237402 0.006934
2458567.700677 22.252780 0.007033
2458568.193744 22.244115 0.006977
2458568.697338 22.244657 0.006980
2458569.190405 22.249547 0.007012
2458569.683472 22.249547 0.007012
2458570.187066 22.244386 0.006979
2458570.680133 22.243187 0.006971
2458571.173200 22.245471 0.006986
2458571.676794 22.238942 0.006944
2458572.169861 22.235865 0.006924
2458572.662928 22.246401 0.006992
2458573.166521 22.241487 0.006960
2458573.659588 22.238056 0.006938
2458574.152656 22.244077 0.006977
2458574.656249 22.234406 0.006915
2458575.149316 22.230272 0.006888
2458575.642383 22.241873 0.006962
2458576.145977 22.241873 0.006962
2458576.639044 22.233448 0.006909
2458577.132111 22.239211 0.006945
2458577.635705 22.242414 0.006966
2458578.128772 22.245199 0.006984
2458578.621839 22.237479 0.006934
2458579.125432 22.236211 0.006926
2458579.618500 22.238903 0.006943
2458580.111567 22.237018 0.006931
2458580.615160 22.243844 0.006975
2458581.108227 22.245277 0.006984
2458581.601294 22.231495 0.006896
2458582.104888 22.233716 0.006910
2458582.597955 22.240985 0.006957
2458583.091022 22.236748 0.006930
2458583.594616 22.248148 0.007003
2458584.087683 22.244309 0.006978
2458584.580750 22.236480 0.006928
2458585.084344 22.223985 0.006849
2458585.577411 22.239828 0.006949
2458586.070478 22.234982 0.006918
2458586.574071 22.240676 0.006955
2458587.067138 22.230998 0.006893
2458587.560206 22.240175 0.006952
2458588.063799 22.230081 0.006887
2458588.556866 22.244773 0.006981
2458589.049933 22.238172 0.006939
2458589.553527 22.250714 0.007019
2458590.046594 22.247720 0.007000
2458590.539661 22.234675 0.006916
2458591.043255 22.235097 0.006919
2458591.536322 22.240946 0.006956
2458592.029389 22.221708 0.006834
2458592.532982 22.232146 0.006900
2458593.026050 22.231878 0.006899
2458593.519117 22.250442 0.007018
2458594.022710 22.234023 0.006912
2458594.515777 22.250364 0.007017
2458595.008844 22.237287 0.006933
2458595.512438 22.239327 0.006946
2458596.005505 22.235826 0.006924
2458596.498572 22.242530 0.006967
2458597.002166 22.229546 0.006884
2458597.495233 22.243574 0.006973
2458597.988300 22.226496 0.006865
2458712.204272 22.240445 0.006953
2458712.697339 22.247371 0.006998
2458713.200932 22.249508 0.007012
2458713.694000 22.235750 0.006923
2458714.187067 22.229890 0.006886
2458714.690660 22.228706 0.006878
2458715.183727 22.225164 0.006856
2458715.676794 22.233831 0.006911
2458716.180388 22.232720 0.006904
2458716.673455 22.245354 0.006985
2458717.166522 22.241603 0.006961
2458717.670116 22.262655 0.007097
2458718.163183 22.244541 0.006980
2458718.656250 22.261042 0.007086
2458719.159844 22.226191 0.006863
2458719.652911 22.241796 0.006962
2458720.145978 22.239481 0.006947
2458720.649571 22.240715 0.006955
2458721.142638 22.228287 0.006876
2458721.635706 22.230616 0.006891
2458722.139299 22.234752 0.006917
2458722.632366 22.240831 0.006956
2458723.125433 22.253521 0.007038
2458723.629027 22.254459 0.007044
2458724.122094 22.223606 0.006846
2458724.615161 22.246789 0.006994
2458725.118755 22.239057 0.006944
2458725.611822 22.246634 0.006993
2458726.104889 22.233486 0.006909
2458726.608482 22.237056 0.006932
2458727.101550 22.229164 0.006881
2458727.594617 22.239867 0.006950
2458728.098210 22.230998 0.006893
2458728.591277 22.239558 0.006948
2458729.084344 22.241873 0.006962
2458729.587938 22.247410 0.006998
2458730.081005 22.244851 0.006982
2458730.574072 22.236018 0.006925
2458731.077666 22.230043 0.006887
2458731.570733 22.237402 0.006934
2458732.063800 22.236556 0.006928
2458732.567394 22.238826 0.006943
2458733.060461 22.237056 0.006932
2458733.553528 22.233486 0.006909
2458734.057121 22.236211 0.006926
2458734.550188 22.234560 0.006916
2458735.043256 22.247759 0.007000
2458735.546849 22.244812 0.006981
2458736.039916 22.233639 0.006910
2458736.532983 22.247526 0.006999
2458737.036577 22.243341 0.006972
2458737.529644 22.230998 0.006893
2458738.022711 22.233065 0.006906
2458738.526305 22.232031 0.006900
2458739.019372 22.227943 0.006874
2458739.512439 22.237556 0.006935
2458740.016032 22.236018 0.006925
2458740.509100 22.242143 0.006964
2458741.002167 22.228859 0.006879
2458741.505760 22.231342 0.006895
2458741.998827 22.233026 0.006906
2458742.491894 22.230425 0.006889
2458742.995488 22.222239 0.006838
2458743.488555 22.239635 0.006948
2458743.981622 22.253209 0.007035
2458744.485216 22.234675 0.006916
2458744.978283 22.228973 0.006880
2458745.471350 22.244657 0.006980
2458745.974944 22.235826 0.006924
2458746.468011 22.242066 0.006964
2458746.961078 22.245742 0.006987
2458747.464671 22.228783 0.006879
2458747.957738 22.250208 0.007016
2458748.450806 22.241950 0.006963
2458748.954399 22.239982 0.006950
2458749.447466 22.246789 0.006994
2458749.940533 22.234483 0.006915
2458750.444127 22.248303 0.007004
2458750.937194 22.239288 0.006946
2458751.430261 22.239481 0.006947
2458751.933855 22.234138 0.006913
2458752.426922 22.235059 0.006919
2458752.919989 22.241603 0.006961
2458753.423582 22.261121 0.007087
2458753.916650 22.248186 0.007003
2458754.409717 22.226496 0.006865
2458754.913310 22.239250 0.006946
2458755.406377 22.244077 0.006977
2458755.899444 22.236902 0.006931
2458756.403038 22.245199 0.006984
2458756.896105 22.224783 0.006854
2458757.389172 22.243728 0.006974
2458757.892766 22.240599 0.006954
2458758.385833 22.242259 0.006965
2458758.878900 22.241757 0.006962
2458759.382494 22.235711 0.006923
2458759.875561 22.241410 0.006959
2458760.368628 22.231419 0.006896
2458760.872221 22.243264 0.006971
2458761.365288 22.240175 0.006952
2458761.858356 22.232567 0.006903
2458762.361949 22.244464 0.006979
2458762.855016 22.242723 0.006968
2458763.348083 22.242336 0.006965
2458763.851677 22.227029 0.006868
2458764.344744 22.234253 0.006914
2458764.837811 22.231036 0.006893
2458765.341405 22.228439 0.006877
2458765.834472 22.246634 0.006993
2458766.327539 22.236134 0.006926
2458766.831132 22.233984 0.006912
2458767.324200 22.234291 0.006914
2458767.817267 22.246168 0.006990
2458768.320860 22.242452 0.006966
2458768.813927 22.242105 0.006964
2458769.306994 22.237095 0.006932
2458769.810588 22.236480 0.006928
2458770.303655 22.238287 0.006939
2458770.796722 22.251454 0.007024
2458771.300316 22.236556 0.006928
2458771.793383 22.229661 0.006885
2458772.286450 22.237710 0.006936
2458772.790044 22.252819 0.007033
2458773.283111 22.242955 0.006969
2458773.776178 22.232107 0.006900
2458774.279771 22.242105 0.006964
2458774.772838 22.246130 0.006990
2458775.265906 22.235903 0.006924
2458775.769499 22.242955 0.006969
2458776.262566 22.248886 0.007008
2458776.755633 22.240175 0.006952
2458777.259227 22.244696 0.006981
2458777.752294 22.235059 0.006919
2458778.245361 22.225925 0.006861
2458778.748955 22.231036 0.006893
2458779.242022 22.261986 0.007093
2458779.735089 22.240368 0.006953
2458780.238682 22.234061 0.006913
2458780.731750 22.231457 0.006896
2458781.224817 22.233869 0.006911
2458781.728410 22.233371 0.006908
2458782.221477 22.245393 0.006985
2458782.714544 22.245044 0.006983
2458783.218138 22.237056 0.006932
2458783.711205 22.238749 0.006942
2459622.427944 22.243187 0.006971
2459622.921011 22.242375 0.006966
2459623.424605 22.233639 0.006910
2459623.917672 22.242530 0.006967
2459624.410739 22.240445 0.006953
2459624.914332 22.243264 0.006971
2459625.407400 22.234790 0.006917
2459625.900467 22.234253 0.006914
2459626.404060 22.242800 0.006968
2459626.897127 22.226800 0.006866
2459627.390194 22.243728 0.006974
2459627.893788 22.238518 0.006941
2459628.386855 22.242182 0.006964
2459628.879922 22.237287 0.006933
2459629.383516 22.249547 0.007012
2459629.876583 22.233831 0.006911
2459630.369650 22.226115 0.006862
2459630.873244 22.230233 0.006888
2459631.366311 22.238210 0.006939
2459631.859378 22.236864 0.006930
2459632.362971 22.229699 0.006885
2459632.856038 22.229852 0.006886
2459633.349106 22.244193 0.006977
2459633.852699 22.237825 0.006937
2459634.345766 22.240059 0.006951
2459634.838833 22.241487 0.006960
2459635.342427 22.253326 0.007036
2459635.835494 22.236364 0.006927
2459636.328561 22.229431 0.006883
2459636.832155 22.229431 0.006883
2459637.325222 22.246983 0.006995
2459637.818289 22.231801 0.006898
2459638.321882 22.247060 0.006996
2459638.814950 22.245006 0.006983
2459639.308017 22.240946 0.006956
2459639.811610 22.261082 0.007087
2459640.304677 22.229928 0.006886
2459640.797744 22.245354 0.006985
2459641.301338 22.233908 0.006912
2459641.794405 22.244580 0.006980
2459642.287472 22.246285 0.006991
2459642.791066 22.239057 0.006944
2459643.284133 22.231954 0.006899
2459643.777200 22.243187 0.006971
2459644.280794 22.242839 0.006969
2459644.773861 22.232988 0.006906
2459645.266928 22.241796 0.006962
2459645.770521 22.234905 0.006918
2459646.263588 22.237671 0.006936
2459646.756656 22.245548 0.006986
2459647.260249 22.233716 0.006910
2459647.753316 22.229012 0.006880
2459648.246383 22.237864 0.006937
2459648.749977 22.236633 0.006929
2459649.243044 22.245548 0.006986
2459649.736111 22.251532 0.007025
2459650.239705 22.230310 0.006889
2459650.732772 22.244890 0.006982
2459651.225839 22.237710 0.006936
2459651.729432 22.239751 0.006949
2459652.222500 22.246595 0.006993
2459652.715567 22.238557 0.006941
2459653.219160 22.237287 0.006933
2459653.712227 22.231036 0.006893
2459654.205294 22.243960 0.006976
2459654.708888 22.250481 0.007018
2459655.201955 22.252429 0.007030
2459655.695022 22.259000 0.007073
2459656.198616 22.242336 0.006965
2459656.691683 22.233218 0.006907
2459657.184750 22.245819 0.006988
2459657.688344 22.238210 0.006939
2459658.181411 22.229088 0.006881
2459658.674478 22.236748 0.006930
2459659.178071 22.247371 0.006998
2459659.671138 22.226419 0.006864
2459660.164206 22.235788 0.006924
2459660.667799 22.233869 0.006911
2459661.160866 22.244464 0.006979
2459661.653933 22.233869 0.006911
2459662.157527 22.228554 0.006878
2459662.650594 22.238518 0.006941
2459663.143661 22.242336 0.006965
2459663.647255 22.236403 0.006927
2459664.140322 22.235558 0.006922
2459664.633389 22.233486 0.006909
2459665.136982 22.235174 0.006920
2459665.630050 22.249897 0.007014
2459666.123117 22.233908 0.006912
2459666.626710 22.243419 0.006972
2459667.119777 22.244386 0.006979
2459667.612844 22.248730 0.007007
2459668.116438 22.244425 0.006979
2459668.609505 22.241255 0.006958
2459669.102572 22.240445 0.006953
2459669.606166 22.240561 0.006954
2459670.099233 22.230501 0.006890
2459670.592300 22.243844 0.006975
2459671.095894 22.237095 0.006932
2459671.588961 22.252078 0.007028
2459672.082028 22.234215 0.006913
2459672.585621 22.253482 0.007037
2459673.078688 22.240676 0.006955
2459673.571756 22.239481 0.006947
2459674.075349 22.246905 0.006995
2459674.568416 22.235366 0.006921
2459675.061483 22.238749 0.006942
2459675.565077 22.253873 0.007040
2459676.058144 22.236633 0.006929
2459676.551211 22.251532 0.007025
2459677.054805 22.231113 0.006894
2459677.547872 22.241371 0.006959
2459678.040939 22.247526 0.006999
2459678.544532 22.240599 0.006954
2459679.037600 22.239211 0.006945
2459679.530667 22.232758 0.006904
2459680.034260 22.244464 0.006979
2459680.527327 22.255436 0.007050
2459681.020394 22.256610 0.007058
2459681.523988 22.247449 0.006998
2459682.017055 22.229546 0.006884
2459682.510122 22.241834 0.006962
2459683.013716 22.236518 0.006928
2459683.506783 22.242414 0.006966
2459683.999850 22.241525 0.006960
2459684.503444 22.242336 0.006965
2459684.996511 22.242259 0.006965
2459685.489578 22.251104 0.007022
2459685.993171 22.232107 0.006900
2459686.486238 22.236595 0.006929
2459686.979306 22.238980 0.006944
2459687.482899 22.228973 0.006880
2459687.975966 22.239635 0.006948
2459688.469033 22.242839 0.006969
2459688.972627 22.251727 0.007026
2459689.465694 22.246556 0.006993
2459689.958761 22.238980 0.006944
2459690.462355 22.234982 0.006918
2459690.955422 22.246711 0.006994
2459691.448489 22.241641 0.006961
2459691.952082 22.240445 0.006953
2459692.445150 22.242839 0.006969
2459692.938217 22.238595 0.006941
2459693.441810 22.245974 0.006989
2459693.934877 22.237979 0.006937
2459807.647256 22.230960 0.006893
2459808.150849 22.246556 0.006993
2459808.643916 22.232146 0.006900
2459809.136983 22.247293 0.006997
2459809.640577 22.228058 0.006874
2459810.133644 22.234867 0.006918
2459810.626711 22.245936 0.006989
2459811.130305 22.247177 0.006997
2459811.623372 22.234023 0.006912
2459812.116439 22.234138 0.006913
2459812.620032 22.229126 0.006881
2459813.113100 22.226838 0.006867
2459813.606167 22.240175 0.006952
2459814.109760 22.226305 0.006863
2459814.602827 22.232950 0.006905
2459815.095894 22.254576 0.007044
2459815.599488 22.240368 0.006953
2459816.092555 22.228859 0.006879
2459816.585622 22.232069 0.006900
2459817.089216 22.243728 0.006974
2459817.582283 22.233524 0.006909
2459818.075350 22.235519 0.006922
2459818.578944 22.230692 0.006891
2459819.072011 22.226419 0.006864
2459819.565078 22.242105 0.006964
2459820.068671 22.231457 0.006896
2459820.561738 22.248070 0.007002
2459821.054806 22.248458 0.007005
2459821.558399 22.219058 0.006818
2459822.051466 22.236211 0.006926
2459822.544533 22.230463 0.006890
2459823.048127 22.238865 0.006943
2459823.541194 22.233218 0.006907
2459824.034261 22.244657 0.006980
2459824.537855 22.229393 0.006883
2459825.030922 22.231495 0.006896
2459825.523989 22.250636 0.007019
2459826.027582 22.237248 0.006933
2459826.520650 22.239867 0.006950
2459827.013717 22.247022 0.006996
2459827.517310 22.237018 0.006931
2459828.010377 22.233869 0.006911
2459828.503444 22.238210 0.006939
2459829.007038 22.245936 0.006989
2459829.500105 22.243806 0.006975
2459829.993172 22.243960 0.006976
2459830.496766 22.230883 0.006892
2459830.989833 22.235865 0.006924
2459831.482900 22.233639 0.006910
2459831.986494 22.230233 0.006888
2459832.479561 22.230730 0.006891
2459832.972628 22.246983 0.006995
2459833.476221 22.239905 0.006950
2459833.969288 22.244580 0.006980
2459834.462356 22.236864 0.006930
2459834.965949 22.247332 0.006998
2459835.459016 22.242530 0.006967
2459835.952083 22.242762 0.006968
2459836.455677 22.231801 0.006898
2459836.948744 22.252585 0.007031
2459837.441811 22.236556 0.006928
2459837.945405 22.245974 0.006989
2459838.438472 22.239828 0.006949
2459838.931539 22.231342 0.006895
2459839.435132 22.248497 0.007005
2459839.928200 22.246052 0.006989
2459840.421267 22.238903 0.006943
2459840.924860 22.239674 0.006948
2459841.417927 22.240754 0.006955
2459841.910994 22.233601 0.006910
2459842.414588 22.242066 0.006964
2459842.907655 22.254263 0.007042
2459843.400722 22.237018 0.006931
2459843.904316 22.234368 0.006914
2459844.397383 22.252546 0.007031
2459844.890450 22.246091 0.006990
2459845.394044 22.242878 0.006969
2459845.887111 22.240946 0.006956
2459846.380178 22.244038 0.006976
2459846.883771 22.242530 0.006967
2459847.376838 22.243535 0.006973
2459847.869906 22.242336 0.006965
2459848.373499 22.240831 0.006956
2459848.866566 22.242027 0.006963
2459849.359633 22.251376 0.007024
2459849.863227 22.238903 0.006943
2459850.356294 22.244038 0.006976
2459850.849361 22.230616 0.006891
2459851.352955 22.248303 0.007004
2459851.846022 22.246440 0.006992
2459852.339089 22.232146 0.006900
2459852.842682 22.244425 0.006979
2459853.335750 22.243380 0.006972
2459853.828817 22.249858 0.007014
2459854.332410 22.235673 0.006923
2459854.825477 22.250792 0.007020
2459855.318544 22.246479 0.006992
2459855.822138 22.235596 0.006922
2459856.315205 22.234023 0.006912
2459856.808272 22.242607 0.006967
2459857.311866 22.241950 0.006963
2459857.804933 22.248536 0.007005
2459858.298000 22.256296 0.007056
2459858.801594 22.240831 0.006956
2459859.294661 22.237864 0.006937
2459859.787728 22.249664 0.007013
2459860.291321 22.228325 0.006876
2459860.784388 22.237441 0.006934
2459861.277456 22.244193 0.006977
2459861.781049 22.241834 0.006962
2459862.274116 22.239944 0.006950
2459862.767183 22.240483 0.006954
2459863.270777 22.238711 0.006942
2459863.763844 22.235750 0.006923
2459864.256911 22.240059 0.006951
2459864.760505 22.234061 0.006913
2459865.253572 22.219020 0.006817
2459865.746639 22.237056 0.006932
2459866.250232 22.239443 0.006947
2459866.743300 22.236595 0.006929
2459867.236367 22.228592 0.006878
2459867.739960 22.229088 0.006881
2459868.233027 22.246672 0.006993
2459868.726094 22.246130 0.006990
2459869.229688 22.238865 0.006943
2459869.722755 22.237171 0.006932
2459870.215822 22.238903 0.006943
2459870.719416 22.242375 0.006966
2459871.212483 22.240021 0.006951
2459871.705550 22.244154 0.006977
2459872.209144 22.250325 0.007017
2459872.702211 22.234061 0.006913
2459873.195278 22.236556 0.006928
2459873.698871 22.237171 0.006932
2459874.191938 22.246789 0.006994
2459874.685006 22.228859 0.006879
2459875.188599 22.240561 0.006954
2459875.681666 22.248653 0.007006
2459876.174733 22.242336 0.006965
2459876.678327 22.242414 0.006966
2459877.171394 22.231113 0.006894
2459877.664461 22.238942 0.006944
2459878.168055 22.249002 0.007008
2459878.661122 22.245044 0.006983
2459879.154189 22.229279 0.006882
2459987.411250 22.250130 0.007018
2459987.904317 22.239019 0.006945
2459988.407910 22.245548 0.006986
2459988.900977 22.242298 0.006965
2459989.394044 22.246866 0.006995
2459989.897638 22.229508 0.006884
2459990.390705 22.239944 0.006950
2459990.883772 22.239096 0.006945
2459991.387366 22.242182 0.006964
2459991.880433 22.241024 0.006957
2459992.373500 22.234982 0.006918
2459992.877094 22.234943 0.006918
2459993.370161 22.231801 0.006898
2459993.863228 22.237556 0.006935
2459994.366821 22.244077 0.006977
2459994.859888 22.240908 0.006956
2459995.352956 22.240831 0.006956
2459995.856549 22.239597 0.006948
2459996.349616 22.237095 0.006932
2459996.842683 22.241371 0.006959
2459997.346277 22.255319 0.007049
2459997.839344 22.240869 0.006956
2459998.332411 22.233103 0.006906
2459998.836005 22.246401 0.006992
2459999.329072 22.244077 0.006977
2459999.822139 22.246246 0.006991
2460000.325732 22.242723 0.006968
2460000.818800 22.245897 0.006988
2460001.311867 22.245936 0.006989
2460001.815460 22.227257 0.006869
2460002.308527 22.226534 0.006865
2460002.801594 22.254771 0.007046
2460003.305188 22.244851 0.006982
2460003.798255 22.236480 0.006928
2460004.291322 22.241680 0.006961
2460004.794916 22.241062 0.006957
2460005.287983 22.240869 0.006956
2460005.781050 22.246750 0.006994
2460006.284644 22.249119 0.007009
2460006.777711 22.236403 0.006927
2460007.270778 22.239982 0.006950
2460007.774371 22.240754 0.006955
2460008.267438 22.242182 0.006964
2460008.760506 22.233563 0.006909
2460009.264099 22.244541 0.006980
2460009.757166 22.241834 0.006962
2460010.250233 22.238518 0.006941
2460010.753827 22.233524 0.006909
2460011.246894 22.239443 0.006947
2460011.739961 22.238018 0.006938
2460012.243555 22.234943 0.006918
2460012.736622 22.237364 0.006934
2460013.229689 22.236211 0.006926
2460013.733282 22.235020 0.006919
2460014.226350 22.244309 0.006978
2460014.719417 22.238826 0.006943
2460015.223010 22.241410 0.006959
2460015.716077 22.234828 0.006917
2460016.209144 22.245587 0.006986
2460016.712738 22.236633 0.006929
2460017.205805 22.240252 0.006952
2460017.698872 22.230692 0.006891
2460018.202466 22.241410 0.006959
2460018.695533 22.244270 0.006978
2460019.188600 22.236326 0.006927
2460019.692194 22.238749 0.006942
2460020.185261 22.232337 0.006902
2460020.678328 22.232375 0.006902
2460021.181921 22.231419 0.006896
2460021.674988 22.238595 0.006941
2460022.168056 22.240522 0.006954
2460022.671649 22.240098 0.006951
2460023.164716 22.252741 0.007032
2460023.657783 22.233026 0.006906
2460024.161377 22.231763 0.006898
2460024.654444 22.242800 0.006968
2460025.147511 22.240869 0.006956
2460025.651105 22.244773 0.006981
2460026.144172 22.240406 0.006953
2460026.637239 22.240831 0.006956
2460027.140832 22.238557 0.006941
2460027.633900 22.238672 0.006942
2460028.126967 22.248769 0.007007
2460028.630560 22.230539 0.006890
2460029.123627 22.246362 0.006991
2460029.616694 22.240831 0.006956
2460030.120288 22.250597 0.007019
2460030.613355 22.234406 0.006915
2460031.106422 22.242646 0.006967
2460031.610016 22.233524 0.006909
2460032.103083 22.241062 0.006957
2460032.596150 22.235788 0.006924
2460033.099744 22.238980 0.006944
2460033.592811 22.235442 0.006921
2460034.085878 22.245083 0.006983
2460034.589471 22.228783 0.006879
2460035.082538 22.231036 0.006893
2460035.575606 22.234905 0.006918
2460036.079199 22.242723 0.006968
2460036.572266 22.242105 0.006964
2460037.065333 22.235020 0.006919
2460037.568927 22.238249 0.006939
2460038.061994 22.231495 0.006896
2460038.555061 22.245819 0.006988
2460039.058655 22.238672 0.006942
2460039.551722 22.236095 0.006925
2460040.044789 22.228134 0.006875
2460040.548382 22.243574 0.006973
2460041.041450 22.249547 0.007012
2460041.534517 22.243187 0.006971
2460042.038110 22.233371 0.006908
2460042.531177 22.248575 0.007006
2460043.024244 22.246246 0.006991
2460043.527838 22.242375 0.006966
2460044.020905 22.250520 0.007018
2460044.513972 22.234100 0.006913
2460045.017566 22.244038 0.006976
2460045.510633 22.235020 0.006919
2460046.003700 22.241487 0.006960
2460046.507294 22.237171 0.006932
2460047.000361 22.239751 0.006949
2460047.493428 22.245781 0.006988
2460047.997021 22.245393 0.006985
2460048.490088 22.241989 0.006963
2460048.983156 22.237287 0.006933
2460049.486749 22.243960 0.006976
2460049.979816 22.230769 0.006892
2460050.472883 22.240522 0.006954
2460050.976477 22.236748 0.006930
2460051.469544 22.241332 0.006959
2460051.962611 22.251143 0.007022
2460052.466205 22.238480 0.006941
2460052.959272 22.248925 0.007008
2460053.452339 22.244580 0.006980
2460053.955932 22.234061 0.006913
2460054.449000 22.235097 0.006919
2460054.942067 22.242723 0.006968
2460055.445660 22.225810 0.006860
2460055.938727 22.243032 0.006970
2460056.431794 22.249508 0.007012
2460056.935388 22.240676 0.006955
2460057.428455 22.241024 0.006957
2460057.921522 22.247953 0.007002
2460058.425116 22.235212 0.006920
2460058.918183 22.241718 0.006961
