2458346.727899 22.495572 0.008769
2458347.220966 22.489944 0.008723
2458347.714033 22.490581 0.008729
2458348.217627 22.509918 0.008885
2458348.710694 22.481872 0.008659
2458349.203761 22.483885 0.008675
2458349.707355 22.508151 0.008871
2458350.200422 22.482677 0.008665
2458350.693489 22.489712 0.008722
2458351.197082 22.483194 0.008669
2458351.690150 22.497376 0.008783
2458352.183217 22.481700 0.008658
2458352.686810 22.409978 0.008329
2458353.179877 19.955340 0.002721
2458353.672944 18.940608 0.001893
2458354.176538 18.941776 0.001895
2458354.669605 18.943979 0.001899
2458355.162672 18.944543 0.001900
2458355.666266 19.276289 0.002112
2458356.159333 20.063012 0.002826
2458356.652400 20.814294 0.003888
2458357.155994 21.503109 0.005347
2458357.649061 22.040266 0.006933
2458358.142128 22.418885 0.008389
2458358.645721 22.494990 0.008764
2458359.138788 22.475344 0.008607
2458359.631856 22.494699 0.008762
2458360.135449 22.470729 0.008570
2458360.628516 22.484806 0.008682
2458361.121583 22.474431 0.008600
2458361.625177 22.487863 0.008707
2458362.118244 22.485036 0.008684
2458362.611311 22.486535 0.008696
2458363.114905 22.493247 0.008750
2458363.607972 22.503453 0.008833
2458364.101039 22.495688 0.008770
2458364.604632 22.485324 0.008686
2458365.097700 22.487920 0.008707
2458365.590767 22.489307 0.008718
2458366.094360 22.493886 0.008755
2458366.587427 22.481585 0.008657
2458367.080494 22.477230 0.008622
2458367.584088 22.485497 0.008688
2458368.077155 22.476372 0.008615
2458368.570222 22.476201 0.008614
2458369.073816 22.478031 0.008628
2458369.566883 22.494816 0.008763
2458370.059950 22.478031 0.008628
2458370.563544 22.482907 0.008667
2458371.056611 22.494990 0.008764
2458371.549678 22.493189 0.008750
2458372.053271 22.485670 0.008689
2458372.546338 22.488903 0.008715
2458373.039406 22.480552 0.008648
2458373.542999 22.484230 0.008678
2458374.036066 22.487978 0.008708
2458374.529133 22.479577 0.008641
2458375.032727 22.479233 0.008638
2458375.525794 22.486362 0.008695
2458376.018861 22.488614 0.008713
2458376.522455 22.493073 0.008749
2458377.015522 22.473860 0.008595
2458377.508589 22.498192 0.008790
2458378.012182 22.492841 0.008747
2458378.505250 22.485036 0.008684
2458378.998317 22.486997 0.008700
2458379.501910 22.469706 0.008562
2458379.994977 22.471525 0.008577
2458380.488044 22.475115 0.008605
2458380.991638 22.485324 0.008686
2458381.484705 22.469876 0.008564
2458381.977772 22.486997 0.008700
2458382.481366 22.506034 0.008854
2458382.974433 22.479061 0.008636
2458383.467500 22.477630 0.008625
2458383.971094 22.490233 0.008726
2458384.464161 22.479978 0.008644
2458384.957228 22.484691 0.008681
2458385.460821 22.494060 0.008757
2458385.953888 22.475172 0.008606
2458386.446956 22.495106 0.008765
2458386.950549 22.481872 0.008659
2458387.443616 22.483539 0.008672
2458387.936683 22.470501 0.008569
2458388.440277 22.497551 0.008785
2458388.933344 22.477573 0.008625
2458389.426411 22.493770 0.008754
2458389.930005 22.495863 0.008771
2458390.423072 22.487170 0.008701
2458390.916139 22.492261 0.008742
2458391.419732 22.494641 0.008761
2458391.912800 22.484691 0.008681
2458392.405867 22.487689 0.008705
2458392.909460 22.503160 0.008830
2458393.402527 22.501814 0.008819
2458393.895594 22.480495 0.008648
2458394.399188 22.492319 0.008743
2458394.892255 22.488903 0.008715
2458395.385322 22.494293 0.008759
2458395.888916 22.482332 0.008663
2458396.381983 22.488787 0.008714
2458396.875050 22.477516 0.008624
2458397.378644 22.476372 0.008615
2458397.871711 22.481700 0.008658
2458398.364778 22.478718 0.008634
2458398.868371 22.494002 0.008756
2458399.361438 22.490928 0.008731
2458399.854506 22.487689 0.008705
2458400.358099 22.496270 0.008774
2458400.851166 22.485497 0.008688
2458401.344233 22.479806 0.008642
2458401.847827 22.482447 0.008663
2458402.340894 22.472037 0.008581
2458402.833961 22.500469 0.008808
2458403.337555 22.474260 0.008598
2458403.830622 22.484287 0.008678
2458404.323689 22.492203 0.008742
2458404.827282 22.476601 0.008617
2458405.320350 22.475230 0.008606
2458405.813417 22.484921 0.008683
2458406.317010 22.488094 0.008709
2458406.810077 22.480265 0.008646
2458407.303144 22.481298 0.008654
2458407.806738 22.478088 0.008629
2458408.299805 22.478660 0.008633
2458408.792872 22.478202 0.008630
2458409.296466 22.481643 0.008657
2458409.789533 22.476715 0.008618
2458410.282600 22.492319 0.008743
2458410.786194 22.484978 0.008684
2458411.279261 22.474374 0.008599
2458411.772328 22.491623 0.008737
2458412.275921 22.474602 0.008601
2458412.768988 22.490407 0.008727
2458413.262056 22.481987 0.008660
2458413.765649 22.473176 0.008590
2458414.258716 22.488845 0.008715
2458414.751783 22.482389 0.008663
2458415.255377 22.494699 0.008762
2458415.748444 22.502048 0.008821
2458416.241511 22.478489 0.008632
2458416.745105 22.474773 0.008602
2458417.238172 22.495397 0.008767
2458417.731239 22.493770 0.008754
2458418.234832 22.483194 0.008669
2458526.481367 22.490523 0.008728
2458526.984960 22.482562 0.008664
2458527.478027 22.495746 0.008770
2458527.971094 22.473233 0.008590
2458528.474688 22.473176 0.008590
2458528.967755 22.489365 0.008719
2458529.460822 22.493363 0.008751
2458529.964416 22.493480 0.008752
2458530.457483 22.482389 0.008663
2458530.950550 22.490581 0.008729
2458531.454144 22.477401 0.008623
2458531.947211 22.485151 0.008685
2458532.440278 22.461783 0.008500
2458532.943871 22.478374 0.008631
2458533.436938 22.484287 0.008678
2458533.930006 22.475915 0.008612
2458534.433599 22.477058 0.008621
2458534.926666 22.481930 0.008659
2458535.419733 22.467776 0.008547
2458535.923327 22.498717 0.008794
2458536.416394 22.480265 0.008646
2458536.909461 22.494990 0.008764
2458537.413055 22.486939 0.008699
2458537.906122 22.486997 0.008700
2458538.399189 22.500177 0.008806
2458538.902782 22.488383 0.008711
2458539.395850 22.479864 0.008643
2458539.888917 22.474260 0.008598
2458540.392510 22.492899 0.008747
2458540.885577 22.493828 0.008755
2458541.378644 22.495688 0.008770
2458541.882238 22.483367 0.008671
2458542.375305 22.489076 0.008717
2458542.868372 22.490060 0.008724
2458543.371966 22.483827 0.008674
2458543.865033 22.483597 0.008673
2458544.358100 22.469592 0.008562
2458544.861694 22.487054 0.008700
2458545.354761 22.468968 0.008557
2458545.847828 22.488094 0.008709
2458546.351421 22.490870 0.008731
2458546.844488 22.484691 0.008681
2458547.337556 22.489250 0.008718
2458547.841149 22.487574 0.008704
2458548.334216 22.485555 0.008688
2458548.827283 22.481298 0.008654
2458549.330877 22.483482 0.008672
2458549.823944 22.477344 0.008623
2458550.317011 22.486766 0.008698
2458550.820605 22.474488 0.008600
2458551.313672 22.474887 0.008603
2458551.806739 22.490233 0.008726
2458552.310332 22.480322 0.008647
2458552.803400 22.495921 0.008772
2458553.296467 22.471867 0.008579
2458553.800060 22.483942 0.008675
2458554.293127 22.491334 0.008735
2458554.786194 22.488614 0.008713
2458555.289788 22.486362 0.008695
2458555.782855 22.476315 0.008615
2458556.275922 22.474431 0.008600
2458556.779516 22.484863 0.008683
2458557.272583 22.488845 0.008715
2458557.765650 22.485785 0.008690
2458558.269244 22.496212 0.008774
2458558.762311 21.863028 0.006337
2458559.255378 18.944505 0.001899
2458559.758971 18.941637 0.001894
2458560.252038 18.942102 0.001895
2458560.745106 18.940542 0.001893
2458561.248699 18.945153 0.001901
2458561.741766 19.537360 0.002320
2458562.234833 20.318373 0.003150
2458562.738427 21.054611 0.004328
2458563.231494 21.687796 0.005827
2458563.724561 22.173568 0.007389
2458564.228155 22.487805 0.008706
2458564.721222 22.499126 0.008798
2458565.214289 22.486766 0.008698
2458565.717882 22.490117 0.008725
2458566.210950 22.489828 0.008723
2458566.704017 22.490233 0.008726
2458567.207610 22.500995 0.008813
2458567.700677 22.480380 0.008647
2458568.193744 22.494932 0.008764
2458568.697338 22.476658 0.008617
2458569.190405 22.492377 0.008743
2458569.683472 22.487285 0.008702
2458570.187066 22.487805 0.008706
2458570.680133 22.485670 0.008689
2458571.173200 22.486766 0.008698
2458571.676794 22.497202 0.008782
2458572.169861 22.468741 0.008555
2458572.662928 22.488036 0.008708
2458573.166521 22.469535 0.008561
2458573.659588 22.491565 0.008737
2458574.152656 22.495514 0.008768
2458574.656249 22.489481 0.008720
2458575.149316 22.487285 0.008702
2458575.642383 22.484172 0.008677
2458576.145977 22.477916 0.008627
2458576.639044 22.489307 0.008718
2458577.132111 22.482389 0.008663
2458577.635705 22.476658 0.008617
2458578.128772 22.507680 0.008867
2458578.621839 22.481068 0.008652
2458579.125432 22.479119 0.008637
2458579.618500 22.493015 0.008748
2458580.111567 22.492319 0.008743
2458580.615160 22.480150 0.008645
2458581.108227 22.480036 0.008644
2458581.601294 22.501112 0.008814
2458582.104888 22.506152 0.008855
2458582.597955 22.488614 0.008713
2458583.091022 22.484978 0.008684
2458583.594616 22.475629 0.008609
2458584.087683 22.483597 0.008673
2458584.580750 22.476829 0.008619
2458585.084344 22.488903 0.008715
2458585.577411 22.490928 0.008731
2458586.070478 22.481872 0.008659
2458586.574071 22.470672 0.008570
2458587.067138 22.472379 0.008584
2458587.560206 22.479749 0.008642
2458588.063799 22.488151 0.008709
2458588.556866 22.487516 0.008704
2458589.049933 22.485728 0.008690
2458589.553527 22.469592 0.008562
2458590.046594 22.487170 0.008701
2458590.539661 22.490349 0.008727
2458591.043255 22.489307 0.008718
2458591.536322 22.487978 0.008708
2458592.029389 22.469820 0.008563
2458592.532982 22.474602 0.008601
2458593.026050 22.479462 0.008640
2458593.519117 22.498018 0.008789
2458594.022710 22.484000 0.008676
2458594.515777 22.482504 0.008664
2458595.008844 22.493073 0.008749
2458595.512438 22.494932 0.008764
2458596.005505 22.490175 0.008725
2458596.498572 22.479405 0.008639
2458597.002166 22.496910 0.008780
2458597.495233 22.486477 0.008696
2458597.988300 22.491160 0.008733
2458712.204272 22.492551 0.008744
2458712.697339 22.466870 0.008540
2458713.200932 22.482619 0.008665
2458713.694000 22.467946 0.008549
2458714.187067 22.482504 0.008664
2458714.690660 22.499067 0.008797
2458715.183727 22.476086 0.008613
2458715.676794 22.501287 0.008815
2458716.180388 22.476086 0.008613
2458716.673455 22.479806 0.008642
2458717.166522 22.480552 0.008648
2458717.670116 22.479348 0.008639
2458718.163183 22.468173 0.008550
2458718.656250 22.488325 0.008710
2458719.159844 22.494060 0.008757
2458719.652911 22.473290 0.008591
2458720.145978 22.473176 0.008590
2458720.649571 22.484748 0.008682
2458721.142638 22.495921 0.008772
2458721.635706 22.498367 0.008791
2458722.139299 22.498601 0.008793
2458722.632366 22.497784 0.008787
2458723.125433 22.477401 0.008623
2458723.629027 22.478145 0.008629
2458724.122094 22.485151 0.008685
2458724.615161 22.475686 0.008610
2458725.118755 22.490523 0.008728
2458725.611822 22.488325 0.008710
2458726.104889 22.488036 0.008708
2458726.608482 22.488961 0.008716
2458727.101550 22.479119 0.008637
2458727.594617 22.484345 0.008679
2458728.098210 22.485958 0.008692
2458728.591277 22.485094 0.008685
2458729.084344 22.484172 0.008677
2458729.587938 22.483539 0.008672
2458730.081005 22.478660 0.008633
2458730.574072 22.488729 0.008714
2458731.077666 22.489018 0.008716
2458731.570733 22.483309 0.008670
2458732.063800 22.479004 0.008636
2458732.567394 22.481183 0.008653
2458733.060461 22.485209 0.008686
2458733.553528 22.472891 0.008588
2458734.057121 22.493712 0.008754
2458734.550188 22.503453 0.008833
2458735.043256 22.480265 0.008646
2458735.546849 22.485785 0.008690
2458736.039916 22.496154 0.008774
2458736.532983 22.476086 0.008613
2458737.036577 22.499534 0.008801
2458737.529644 22.493363 0.008751
2458738.022711 22.483424 0.008671
2458738.526305 22.479634 0.008641
2458739.019372 22.479978 0.008644
2458739.512439 22.487632 0.008705
2458740.016032 22.485670 0.008689
2458740.509100 22.493944 0.008756
2458741.002167 22.482562 0.008664
2458741.505760 22.487632 0.008705
2458741.998827 22.491681 0.008737
2458742.491894 22.493363 0.008751
2458742.995488 22.482160 0.008661
2458743.488555 22.492667 0.008745
2458743.981622 22.487227 0.008702
2458744.485216 22.498367 0.008791
2458744.978283 22.481872 0.008659
2458745.471350 22.477802 0.008626
2458745.974944 22.498892 0.008796
2458746.468011 22.492087 0.008741
2458746.961078 22.478317 0.008631
2458747.464671 22.482332 0.008663
2458747.957738 22.470956 0.008572
2458748.450806 22.468003 0.008549
2458748.954399 22.498951 0.008796
2458749.447466 22.470786 0.008571
2458749.940533 22.459924 0.008486
2458750.444127 22.490928 0.008731
2458750.937194 22.489250 0.008718
2458751.430261 22.494699 0.008762
2458751.933855 22.467776 0.008547
2458752.426922 22.489539 0.008720
2458752.919989 22.486074 0.008692
2458753.423582 22.491334 0.008735
2458753.916650 22.493131 0.008749
2458754.409717 22.466813 0.008540
2458754.913310 22.490523 0.008728
2458755.406377 22.466473 0.008537
2458755.899444 22.495106 0.008765
2458756.403038 22.473176 0.008590
2458756.896105 22.484000 0.008676
2458757.389172 22.487574 0.008704
2458757.892766 22.482792 0.008666
2458758.385833 22.482619 0.008665
2458758.878900 22.488209 0.008710
2458759.382494 22.466416 0.008536
2458759.875561 22.486247 0.008694
2458760.368628 22.484057 0.008676
2458760.872221 22.482964 0.008668
2458761.365288 22.480495 0.008648
2458761.858356 22.475230 0.008606
2458762.361949 22.475401 0.008607
2458762.855016 22.485901 0.008691
2458763.348083 22.489655 0.008721
2458763.851677 22.478317 0.008631
2458764.344744 22.484115 0.008677
2458764.837811 21.056294 0.004354
2458765.341405 18.942812 0.001897
2458765.834472 18.941873 0.001895
2458766.327539 18.941168 0.001894
2458766.831132 18.939845 0.001891
2458767.324200 18.988747 0.001922
2458767.817267 19.795052 0.002557
2458768.320860 20.573655 0.003505
2458768.813927 21.274992 0.004798
2458769.306994 21.852843 0.006286
2458769.810588 22.318369 0.007997
2458770.303655 22.499301 0.008799
2458770.796722 22.483482 0.008672
2458771.300316 22.490349 0.008727
2458771.793383 22.475344 0.008607
2458772.286450 22.473803 0.008595
2458772.790044 22.486420 0.008695
2458773.283111 22.484978 0.008684
2458773.776178 22.480093 0.008645
2458774.279771 22.478947 0.008636
2458774.772838 22.481700 0.008658
2458775.265906 22.502926 0.008828
2458775.769499 22.486823 0.008698
2458776.262566 22.485901 0.008691
2458776.755633 22.484230 0.008678
2458777.259227 22.475801 0.008611
2458777.752294 22.498192 0.008790
2458778.245361 22.477172 0.008621
2458778.748955 22.484575 0.008680
2458779.242022 22.488845 0.008715
2458779.735089 22.485094 0.008685
2458780.238682 22.468173 0.008550
2458780.731750 22.506974 0.008861
2458781.224817 22.488845 0.008715
2458781.728410 22.482332 0.008663
2458782.221477 22.485209 0.008686
2458782.714544 22.477401 0.008623
2458783.218138 22.485843 0.008691
2458783.711205 22.480265 0.008646
2459622.427944 22.491739 0.008738
2459622.921011 22.489192 0.008717
2459623.424605 22.478718 0.008634
2459623.917672 22.490870 0.008731
2459624.410739 22.481298 0.008654
2459624.914332 22.489365 0.008719
2459625.407400 22.485094 0.008685
2459625.900467 22.487054 0.008700
2459626.404060 22.480667 0.008649
2459626.897127 22.476715 0.008618
2459627.390194 22.497901 0.008788
2459627.893788 22.490523 0.008728
2459628.386855 22.486823 0.008698
2459628.879922 22.485324 0.008686
2459629.383516 22.488614 0.008713
2459629.876583 22.488961 0.008716
2459630.369650 22.507798 0.008868
2459630.873244 22.483022 0.008668
2459631.366311 22.490928 0.008731
2459631.859378 22.490291 0.008726
2459632.362971 22.480322 0.008647
2459632.856038 22.483885 0.008675
2459633.349106 22.490117 0.008725
2459633.852699 22.495572 0.008769
2459634.345766 22.482217 0.008662
2459634.838833 22.494932 0.008764
2459635.342427 22.486189 0.008693
2459635.835494 22.471468 0.008576
2459636.328561 22.487689 0.008705
2459636.832155 22.489886 0.008723
2459637.325222 22.476372 0.008615
2459637.818289 22.469422 0.008560
2459638.321882 22.496154 0.008774
2459638.814950 22.489018 0.008716
2459639.308017 22.504978 0.008845
2459639.811610 22.481757 0.008658
2459640.304677 22.485901 0.008691
2459640.797744 22.492203 0.008742
2459641.301338 22.472151 0.008582
2459641.794405 22.475686 0.008610
2459642.287472 22.494002 0.008756
2459642.791066 22.482217 0.008662
2459643.284133 22.493363 0.008751
2459643.777200 22.481872 0.008659
2459644.280794 22.484633 0.008681
2459644.773861 22.482792 0.008666
2459645.266928 22.482562 0.008664
2459645.770521 22.499476 0.008800
2459646.263588 22.475401 0.008607
2459646.756656 22.469081 0.008557
2459647.260249 22.489134 0.008717
2459647.753316 22.488556 0.008712
2459648.246383 22.491218 0.008734
2459648.749977 22.488209 0.008710
2459649.243044 22.485324 0.008686
2459649.736111 22.493654 0.008753
2459650.239705 22.485324 0.008686
2459650.732772 22.492667 0.008745
2459651.225839 22.487458 0.008704
2459651.729432 22.474374 0.008599
2459652.222500 22.487054 0.008700
2459652.715567 22.491102 0.008733
2459653.219160 22.487689 0.008705
2459653.712227 22.502457 0.008825
2459654.205294 22.478889 0.008635
2459654.708888 22.478489 0.008632
2459655.201955 22.495688 0.008770
2459655.695022 22.478317 0.008631
2459656.198616 22.486016 0.008692
2459656.691683 22.506681 0.008859
2459657.184750 20.801645 0.003870
2459657.688344 18.944225 0.001899
2459658.181411 18.944759 0.001900
2459658.674478 18.940492 0.001892
2459659.178071 18.941053 0.001893
2459659.671138 19.058432 0.001967
2459660.164206 19.855531 0.002610
2459660.667799 20.630475 0.003583
2459661.160866 21.330558 0.004926
2459661.653933 21.900203 0.006446
2459662.157527 22.329094 0.007981
2459662.650594 22.479577 0.008641
2459663.143661 22.482389 0.008663
2459663.647255 22.488036 0.008708
2459664.140322 22.488209 0.008710
2459664.633389 22.490754 0.008730
2459665.136982 22.492957 0.008748
2459665.630050 22.485267 0.008686
2459666.123117 22.485094 0.008685
2459666.626710 22.476086 0.008613
2459667.119777 22.480839 0.008651
2459667.612844 22.497143 0.008782
2459668.116438 22.489539 0.008720
2459668.609505 22.473746 0.008594
2459669.102572 22.485267 0.008686
2459669.606166 22.488209 0.008710
2459670.099233 22.472550 0.008585
2459670.592300 22.501931 0.008820
2459671.095894 22.479577 0.008641
2459671.588961 22.485382 0.008687
2459672.082028 22.478775 0.008634
2459672.585621 22.493015 0.008748
2459673.078688 22.489481 0.008720
2459673.571756 22.491276 0.008734
2459674.075349 22.495223 0.008766
2459674.568416 22.486997 0.008700
2459675.061483 22.481241 0.008654
2459675.565077 22.494758 0.008762
2459676.058144 22.483885 0.008675
2459676.551211 22.490812 0.008730
2459677.054805 22.508798 0.008876
2459677.547872 22.483942 0.008675
2459678.040939 22.489770 0.008722
2459678.544532 22.482217 0.008662
2459679.037600 22.478832 0.008635
2459679.530667 22.477344 0.008623
2459680.034260 22.474830 0.008603
2459680.527327 22.483885 0.008675
2459681.020394 22.499418 0.008800
2459681.523988 22.492783 0.008746
2459682.017055 22.494467 0.008760
2459682.510122 22.501989 0.008821
2459683.013716 22.499651 0.008802
2459683.506783 22.496561 0.008777
2459683.999850 22.495514 0.008768
2459684.503444 22.493596 0.008753
2459684.996511 22.486650 0.008697
2459685.489578 22.487978 0.008708
2459685.993171 22.488845 0.008715
2459686.486238 22.468344 0.008552
2459686.979306 22.495572 0.008769
2459687.482899 22.481011 0.008652
2459687.975966 22.482045 0.008660
2459688.469033 22.486304 0.008694
2459688.972627 22.472436 0.008584
2459689.465694 22.495746 0.008770
2459689.958761 22.494002 0.008756
2459690.462355 22.499126 0.008798
2459690.955422 22.480150 0.008645
2459691.448489 22.494990 0.008764
2459691.952082 22.479692 0.008642
2459692.445150 22.487112 0.008701
2459692.938217 22.484518 0.008680
2459693.441810 22.489076 0.008717
2459693.934877 22.485958 0.008692
2459807.647256 22.488671 0.008713
2459808.150849 22.483885 0.008675
2459808.643916 22.497202 0.008782
2459809.136983 22.494293 0.008759
2459809.640577 22.480782 0.008650
2459810.133644 22.492551 0.008744
2459810.626711 22.484691 0.008681
2459811.130305 22.491044 0.008732
2459811.623372 22.488440 0.008711
2459812.116439 22.503512 0.008833
2459812.620032 22.478775 0.008634
2459813.113100 22.484691 0.008681
2459813.606167 22.477916 0.008627
2459814.109760 22.478088 0.008629
2459814.602827 22.484230 0.008678
2459815.095894 22.484000 0.008676
2459815.599488 22.477458 0.008624
2459816.092555 22.487805 0.008706
2459816.585622 22.487401 0.008703
2459817.089216 22.487054 0.008700
2459817.582283 22.492319 0.008743
2459818.075350 22.499826 0.008803
2459818.578944 22.485382 0.008687
2459819.072011 22.491739 0.008738
2459819.565078 22.491739 0.008738
2459820.068671 22.487054 0.008700
2459820.561738 22.486477 0.008696
2459821.054806 22.483942 0.008675
2459821.558399 22.485151 0.008685
2459822.051466 22.476315 0.008615
2459822.544533 22.472379 0.008584
2459823.048127 22.480208 0.008646
2459823.541194 22.489250 0.008718
2459824.034261 22.490638 0.008729
2459824.537855 22.485901 0.008691
2459825.030922 22.489250 0.008718
2459825.523989 22.490407 0.008727
2459826.027582 22.499943 0.008804
2459826.520650 22.480954 0.008652
2459827.013717 22.493247 0.008750
2459827.517310 22.496328 0.008775
2459828.010377 22.494816 0.008763
2459828.503444 22.495630 0.008769
2459829.007038 22.475915 0.008612
2459829.500105 22.482504 0.008664
2459829.993172 22.491971 0.008740
2459830.496766 22.495339 0.008767
2459830.989833 22.499359 0.008799
2459831.482900 22.496910 0.008780
2459831.986494 22.491392 0.008735
2459832.479561 22.488325 0.008710
2459832.972628 22.480839 0.008651
2459833.476221 22.485843 0.008691
2459833.969288 22.491913 0.008739
2459834.462356 22.483597 0.008673
2459834.965949 22.478489 0.008632
2459835.459016 22.474944 0.008604
2459835.952083 22.500002 0.008805
2459836.455677 22.497435 0.008784
2459836.948744 22.487863 0.008707
2459837.441811 22.497027 0.008781
2459837.945405 22.494874 0.008763
2459838.438472 22.491044 0.008732
2459838.931539 22.483539 0.008672
2459839.435132 22.489770 0.008722
2459839.928200 22.495397 0.008767
2459840.421267 22.471468 0.008576
2459840.924860 22.497202 0.008782
2459841.417927 22.485843 0.008691
2459841.910994 22.486650 0.008697
2459842.414588 22.490175 0.008725
2459842.907655 22.476486 0.008616
2459843.400722 22.490233 0.008726
2459843.904316 22.475287 0.008607
2459844.397383 22.486247 0.008694
2459844.890450 22.482677 0.008665
2459845.394044 22.491392 0.008735
2459845.887111 22.485209 0.008686
2459846.380178 22.490754 0.008730
2459846.883771 22.477516 0.008624
2459847.376838 22.485612 0.008689
2459847.869906 22.491044 0.008732
2459848.373499 22.476772 0.008618
2459848.866566 22.486247 0.008694
2459849.359633 22.500060 0.008805
2459849.863227 22.494874 0.008763
2459850.356294 22.474602 0.008601
2459850.849361 22.480380 0.008647
2459851.352955 22.489597 0.008721
2459851.846022 22.490465 0.008728
2459852.339089 22.475230 0.008606
2459852.842682 22.487920 0.008707
2459853.335750 22.485036 0.008684
2459853.828817 22.493538 0.008752
2459854.332410 22.482332 0.008663
2459854.825477 22.490407 0.008727
2459855.318544 22.489770 0.008722
2459855.822138 22.484460 0.008680
2459856.315205 22.476601 0.008617
2459856.808272 22.488556 0.008712
2459857.311866 22.470558 0.008569
2459857.804933 22.481470 0.008656
2459858.298000 22.499067 0.008797
2459858.801594 22.491334 0.008735
2459859.294661 22.478431 0.008631
2459859.787728 22.488614 0.008713
2459860.291321 22.471923 0.008580
2459860.784388 22.482734 0.008666
2459861.277456 22.492783 0.008746
2459861.781049 22.498018 0.008789
2459862.274116 22.494525 0.008760
2459862.767183 22.345890 0.008071
2459863.270777 19.714357 0.002473
2459863.763844 18.939308 0.001890
2459864.256911 18.942755 0.001896
2459864.760505 18.940743 0.001893
2459865.253572 18.941381 0.001894
2459865.746639 19.315643 0.002139
2459866.250232 20.126120 0.002910
2459866.743300 20.874087 0.004008
2459867.236367 21.523565 0.005374
2459867.739960 22.058703 0.006955
2459868.233027 22.429780 0.008401
2459868.726094 22.480896 0.008651
2459869.229688 22.480265 0.008646
2459869.722755 22.479577 0.008641
2459870.215822 22.471184 0.008574
2459870.719416 22.479864 0.008643
2459871.212483 22.476944 0.008620
2459871.705550 22.487112 0.008701
2459872.209144 22.476258 0.008614
2459872.702211 22.514288 0.008921
2459873.195278 22.487920 0.008707
2459873.698871 22.499885 0.008804
2459874.191938 22.486074 0.008692
2459874.685006 22.484115 0.008677
2459875.188599 22.489076 0.008717
2459875.681666 22.494467 0.008760
2459876.174733 22.492377 0.008743
2459876.678327 22.494758 0.008762
2459877.171394 22.480839 0.008651
2459877.664461 22.485267 0.008686
2459878.168055 22.486074 0.008692
2459878.661122 22.494293 0.008759
2459879.154189 22.498076 0.008789
2459987.411250 22.498251 0.008790
2459987.904317 22.489192 0.008717
2459988.407910 22.487574 0.008704
2459988.900977 22.492435 0.008744
2459989.394044 22.478603 0.008633
2459989.897638 22.481930 0.008659
2459990.390705 22.477401 0.008623
2459990.883772 22.474431 0.008600
2459991.387366 22.486247 0.008694
2459991.880433 22.473062 0.008589
2459992.373500 22.492667 0.008745
2459992.877094 22.488903 0.008715
2459993.370161 22.478832 0.008635
2459993.863228 22.491044 0.008732
2459994.366821 22.481241 0.008654
2459994.859888 22.492841 0.008747
2459995.352956 22.472550 0.008585
2459995.856549 22.493363 0.008751
2459996.349616 22.486823 0.008698
2459996.842683 22.496154 0.008774
2459997.346277 22.485036 0.008684
2459997.839344 22.484345 0.008679
2459998.332411 22.487978 0.008708
2459998.836005 22.483309 0.008670
2459999.329072 22.502984 0.008829
2459999.822139 22.475172 0.008606
2460000.325732 21.113772 0.004446
2460000.818800 18.938385 0.001889
2460001.311867 18.944103 0.001899
2460001.815460 18.940877 0.001893
2460002.308527 18.941635 0.001894
2460002.801594 18.951209 0.001899
2460003.305188 19.773141 0.002532
2460003.798255 20.545936 0.003474
2460004.291322 21.244430 0.004729
2460004.794916 21.857164 0.006346
2460005.287983 22.304865 0.007952
2460005.781050 22.484460 0.008680
2460006.284644 22.477344 0.008623
2460006.777711 22.479978 0.008644
2460007.270778 22.494060 0.008757
2460007.774371 22.474260 0.008598
2460008.267438 22.480839 0.008651
2460008.760506 22.491392 0.008735
2460009.264099 22.482447 0.008663
2460009.757166 22.485151 0.008685
2460010.250233 22.486362 0.008695
2460010.753827 22.489944 0.008723
2460011.246894 22.498601 0.008793
2460011.739961 22.479004 0.008636
2460012.243555 22.488440 0.008711
2460012.736622 22.497085 0.008781
2460013.229689 22.485497 0.008688
2460013.733282 22.465058 0.008526
2460014.226350 22.465907 0.008532
2460014.719417 22.487343 0.008703
2460015.223010 22.466190 0.008535
2460015.716077 22.466020 0.008533
2460016.209144 22.475801 0.008611
2460016.712738 22.494002 0.008756
2460017.205805 22.477287 0.008622
2460017.698872 22.485439 0.008687
2460018.202466 22.493363 0.008751
2460018.695533 22.481930 0.008659
2460019.188600 22.472948 0.008588
2460019.692194 22.496677 0.008778
2460020.185261 22.484518 0.008680
2460020.678328 22.481355 0.008655
2460021.181921 22.478317 0.008631
2460021.674988 22.488440 0.008711
2460022.168056 22.472379 0.008584
2460022.671649 22.480667 0.008649
2460023.164716 22.486074 0.008692
2460023.657783 22.497959 0.008788
2460024.161377 22.495863 0.008771
2460024.654444 22.491160 0.008733
2460025.147511 22.492319 0.008743
2460025.651105 22.484230 0.008678
2460026.144172 22.475172 0.008606
2460026.637239 22.486362 0.008695
2460027.140832 22.492957 0.008748
2460027.633900 22.481011 0.008652
2460028.126967 22.482332 0.008663
2460028.630560 22.493480 0.008752
2460029.123627 22.485670 0.008689
2460029.616694 22.467720 0.008547
2460030.120288 22.486997 0.008700
2460030.613355 22.477744 0.008626
2460031.106422 22.491913 0.008739
2460031.610016 22.484748 0.008682
2460032.103083 22.479692 0.008642
2460032.596150 22.476372 0.008615
2460033.099744 22.496270 0.008774
2460033.592811 22.491044 0.008732
2460034.085878 22.489655 0.008721
2460034.589471 22.491392 0.008735
2460035.082538 22.485094 0.008685
2460035.575606 22.470445 0.008568
2460036.079199 22.469592 0.008562
2460036.572266 22.473119 0.008589
2460037.065333 22.478031 0.008628
2460037.568927 22.493363 0.008751
2460038.061994 22.499476 0.008800
2460038.555061 22.493596 0.008753
2460039.058655 22.481413 0.008655
2460039.551722 22.486593 0.008697
2460040.044789 22.478088 0.008629
2460040.548382 22.486016 0.008692
2460041.041450 22.485843 0.008691
2460041.534517 22.489365 0.008719
2460042.038110 22.489828 0.008723
2460042.531177 22.482389 0.008663
2460043.024244 22.493770 0.008754
2460043.527838 22.496154 0.008774
2460044.020905 22.488614 0.008713
2460044.513972 22.470843 0.008571
2460045.017566 22.480265 0.008646
2460045.510633 22.478317 0.008631
2460046.003700 22.496852 0.008779
2460046.507294 22.490233 0.008726
2460047.000361 22.483252 0.008670
2460047.493428 22.484806 0.008682
2460047.997021 22.487227 0.008702
2460048.490088 22.481470 0.008656
2460048.983156 22.497027 0.008781
2460049.486749 22.495863 0.008771
2460049.979816 22.476086 0.008613
2460050.472883 22.478775 0.008634
2460050.976477 22.484691 0.008681
2460051.469544 22.487747 0.008706
2460051.962611 22.483022 0.008668
2460052.466205 22.486650 0.008697
2460052.959272 22.476601 0.008617
2460053.452339 22.484806 0.008682
2460053.955932 22.487112 0.008701
2460054.449000 22.491160 0.008733
2460054.942067 22.495979 0.008772
2460055.445660 22.489712 0.008722
2460055.938727 22.494699 0.008762
2460056.431794 22.478260 0.008630
2460056.935388 22.486708 0.008698
2460057.428455 22.479348 0.008639
2460057.921522 22.497901 0.008788
2460058.425116 22.499885 0.008804
2460058.918183 22.500002 0.008805
