2458346.727899 20.586129 0.003287
2458347.220966 20.582097 0.003275
2458347.714033 20.585715 0.003286
2458348.217627 20.588082 0.003293
2458348.710694 20.587952 0.003292
2458349.203761 20.583905 0.003280
2458349.707355 20.592509 0.003306
2458350.200422 20.586466 0.003288
2458350.693489 20.582037 0.003275
2458351.197082 20.589743 0.003298
2458351.690150 20.587295 0.003290
2458352.183217 20.587148 0.003290
2458352.686810 20.586388 0.003288
2458353.179877 20.585189 0.003284
2458353.672944 20.588039 0.003293
2458354.176538 20.586561 0.003288
2458354.669605 20.584930 0.003283
2458355.162672 20.584267 0.003281
2458355.666266 20.582227 0.003275
2458356.159333 20.588272 0.003293
2458356.652400 20.586958 0.003289
2458357.155994 20.588713 0.003295
2458357.649061 20.585060 0.003284
2458358.142128 20.582072 0.003275
2458358.645721 20.586829 0.003289
2458359.138788 20.590722 0.003301
2458359.631856 20.584336 0.003281
2458360.135449 20.588315 0.003294
2458360.628516 20.586449 0.003288
2458361.121583 20.588030 0.003293
2458361.625177 20.588142 0.003293
2458362.118244 20.582837 0.003277
2458362.611311 20.588575 0.003294
2458363.114905 20.588765 0.003295
2458363.607972 20.586561 0.003288
2458364.101039 20.586889 0.003289
2458364.604632 20.581393 0.003273
2458365.097700 20.585663 0.003286
2458365.590767 20.587503 0.003291
2458366.094360 20.591945 0.003305
2458366.587427 20.586000 0.003287
2458367.080494 20.591563 0.003303
2458367.584088 20.589977 0.003299
2458368.077155 20.590471 0.003300
2458368.570222 20.585422 0.003285
2458369.073816 20.585879 0.003286
2458369.566883 20.585724 0.003286
2458370.059950 20.585974 0.003286
2458370.563544 20.582072 0.003275
2458371.056611 20.582794 0.003277
2458371.549678 20.589657 0.003298
2458372.053271 20.584353 0.003282
2458372.546338 20.583431 0.003279
2458373.039406 20.587114 0.003290
2458373.542999 20.595561 0.003316
2458374.036066 20.589839 0.003298
2458374.529133 20.588471 0.003294
2458375.032727 20.583664 0.003279
2458375.525794 20.581410 0.003273
2458376.018861 20.581582 0.003273
2458376.522455 20.585715 0.003286
2458377.015522 20.585180 0.003284
2458377.508589 20.586328 0.003288
2458378.012182 20.585051 0.003284
2458378.505250 20.588540 0.003294
2458378.998317 20.590298 0.003300
2458379.501910 20.588298 0.003293
2458379.994977 20.588705 0.003295
2458380.488044 20.585491 0.003285
2458380.991638 20.588895 0.003295
2458381.484705 20.587874 0.003292
2458381.977772 20.587554 0.003291
2458382.481366 20.582657 0.003276
2458382.974433 20.586060 0.003287
2458383.467500 20.588160 0.003293
2458383.971094 20.590800 0.003301
2458384.464161 20.590168 0.003299
2458384.957228 20.586302 0.003287
2458385.460821 20.584077 0.003281
2458385.953888 20.591381 0.003303
2458386.446956 20.589267 0.003296
2458386.950549 20.586786 0.003289
2458387.443616 20.590462 0.003300
2458387.936683 20.583216 0.003278
2458388.440277 20.586725 0.003289
2458388.933344 20.589899 0.003298
2458389.426411 20.588791 0.003295
2458389.930005 20.585957 0.003286
2458390.423072 20.593934 0.003311
2458390.916139 20.588592 0.003294
2458391.419732 20.584344 0.003282
2458391.912800 20.583801 0.003280
2458392.405867 20.587131 0.003290
2458392.909460 20.586017 0.003287
2458393.402527 20.584749 0.003283
2458393.895594 20.583586 0.003279
2458394.399188 20.586164 0.003287
2458394.892255 20.586293 0.003287
2458395.385322 20.592813 0.003307
2458395.888916 20.581874 0.003274
2458396.381983 20.588644 0.003295
2458396.875050 20.583715 0.003280
2458397.378644 20.586613 0.003288
2458397.871711 20.586388 0.003288
2458398.364778 20.586302 0.003287
2458398.868371 20.584551 0.003282
2458399.361438 20.587131 0.003290
2458399.854506 20.594082 0.003311
2458400.358099 20.587045 0.003290
2458400.851166 20.585137 0.003284
2458401.344233 20.588307 0.003294
2458401.847827 20.592778 0.003307
2458402.340894 20.586242 0.003287
2458402.833961 20.585827 0.003286
2458403.337555 20.581092 0.003272
2458403.830622 20.585577 0.003285
2458404.323689 20.582356 0.003276
2458404.827282 20.589267 0.003296
2458405.320350 20.581745 0.003274
2458405.813417 20.583078 0.003278
2458406.317010 20.587840 0.003292
2458406.810077 20.588220 0.003293
2458407.303144 20.583982 0.003280
2458407.806738 20.592197 0.003305
2458408.299805 20.584741 0.003283
2458408.792872 20.590896 0.003301
2458409.296466 20.592318 0.003306
2458409.789533 20.584879 0.003283
2458410.282600 20.581917 0.003274
2458410.786194 20.580542 0.003270
2458411.279261 20.586181 0.003287
2458411.772328 20.586976 0.003289
2458412.275921 20.590618 0.003301
2458412.768988 20.588237 0.003293
2458413.262056 20.591173 0.003302
2458413.765649 20.583319 0.003278
2458414.258716 20.588705 0.003295
2458414.751783 20.588082 0.003293
2458415.255377 20.584629 0.003282
2458415.748444 20.590237 0.003299
2458416.241511 20.579246 0.003266
2458416.745105 20.588696 0.003295
2458417.238172 20.587978 0.003293
2458417.731239 20.588376 0.003294
2458418.234832 20.589042 0.003296
2458526.481367 20.583491 0.003279
2458526.984960 20.588670 0.003295
2458527.478027 20.588125 0.003293
2458527.971094 20.590748 0.003301
2458528.474688 20.587909 0.003292
2458528.967755 20.579813 0.003268
2458529.460822 20.590168 0.003299
2458529.964416 20.589986 0.003299
2458530.457483 20.587866 0.003292
2458530.950550 20.582295 0.003275
2458531.454144 20.587952 0.003292
2458531.947211 20.591043 0.003302
2458532.440278 20.584594 0.003282
2458532.943871 20.590514 0.003300
2458533.436938 20.592231 0.003305
2458533.930006 20.589354 0.003297
2458534.433599 20.585750 0.003286
2458534.926666 20.584792 0.003283
2458535.419733 20.591772 0.003304
2458535.923327 20.586216 0.003287
2458536.416394 20.581659 0.003273
2458536.909461 20.591060 0.003302
2458537.413055 20.584758 0.003283
2458537.906122 20.588021 0.003293
2458538.399189 20.582562 0.003276
2458538.902782 20.584301 0.003281
2458539.395850 20.587632 0.003291
2458539.888917 20.596641 0.003319
2458540.392510 20.591000 0.003302
2458540.885577 20.584655 0.003282
2458541.378644 20.587053 0.003290
2458541.882238 20.587615 0.003291
2458542.375305 20.590835 0.003301
2458542.868372 20.585456 0.003285
2458543.371966 20.582304 0.003275
2458543.865033 20.585784 0.003286
2458544.358100 20.584155 0.003281
2458544.861694 20.591026 0.003302
2458545.354761 20.585793 0.003286
2458545.847828 20.581874 0.003274
2458546.351421 20.585896 0.003286
2458546.844488 20.586561 0.003288
2458547.337556 20.586665 0.003289
2458547.841149 20.583784 0.003280
2458548.334216 20.585310 0.003284
2458548.827283 20.581883 0.003274
2458549.330877 20.586803 0.003289
2458549.823944 20.589787 0.003298
2458550.317011 20.586207 0.003287
2458550.820605 20.586906 0.003289
2458551.313672 20.588367 0.003294
2458551.806739 20.581848 0.003274
2458552.310332 20.583457 0.003279
2458552.803400 20.583431 0.003279
2458553.296467 20.581650 0.003273
2458553.800060 20.586112 0.003287
2458554.293127 20.594569 0.003313
2458554.786194 20.589856 0.003298
2458555.289788 20.593856 0.003310
2458555.782855 20.590462 0.003300
2458556.275922 20.586604 0.003288
2458556.779516 20.582665 0.003276
2458557.272583 20.588350 0.003294
2458557.765650 20.582493 0.003276
2458558.269244 20.589795 0.003298
2458558.762311 20.585198 0.003284
2458559.255378 20.588428 0.003294
2458559.758971 20.584189 0.003281
2458560.252038 20.591268 0.003303
2458560.745106 20.585137 0.003284
2458561.248699 20.589795 0.003298
2458561.741766 20.584310 0.003281
2458562.234833 20.595213 0.003315
2458562.738427 20.588108 0.003293
2458563.231494 20.582399 0.003276
2458563.724561 20.585655 0.003285
2458564.228155 20.591320 0.003303
2458564.721222 20.589016 0.003296
2458565.214289 20.582519 0.003276
2458565.717882 20.582898 0.003277
2458566.210950 20.580645 0.003270
2458566.704017 20.589458 0.003297
2458567.207610 20.585776 0.003286
2458567.700677 20.586423 0.003288
2458568.193744 20.587105 0.003290
2458568.697338 20.587338 0.003291
2458569.190405 20.581049 0.003272
2458569.683472 20.582433 0.003276
2458570.187066 20.582149 0.003275
2458570.680133 20.585034 0.003284
2458571.173200 20.585586 0.003285
2458571.676794 20.591017 0.003302
2458572.169861 20.582889 0.003277
2458572.662928 20.590558 0.003300
2458573.166521 20.583690 0.003280
2458573.659588 20.591121 0.003302
2458574.152656 20.581530 0.003273
2458574.656249 20.583664 0.003279
2458575.149316 20.589007 0.003296
2458575.642383 20.584448 0.003282
2458576.145977 20.584706 0.003283
2458576.639044 20.587727 0.003292
2458577.132111 20.586414 0.003288
2458577.635705 20.583259 0.003278
2458578.128772 20.588073 0.003293
2458578.621839 20.588722 0.003295
2458579.125432 20.590705 0.003301
2458579.618500 20.585198 0.003284
2458580.111567 20.582536 0.003276
2458580.615160 20.586207 0.003287
2458581.108227 20.587727 0.003292
2458581.601294 20.588497 0.003294
2458582.104888 20.589120 0.003296
2458582.597955 20.583087 0.003278
2458583.091022 20.584836 0.003283
2458583.594616 20.589492 0.003297
2458584.087683 20.587520 0.003291
2458584.580750 20.587062 0.003290
2458585.084344 20.591520 0.003303
2458585.577411 20.585543 0.003285
2458586.070478 20.586112 0.003287
2458586.574071 20.586328 0.003288
2458587.067138 20.584956 0.003283
2458587.560206 20.589778 0.003298
2458588.063799 20.583293 0.003278
2458588.556866 20.584792 0.003283
2458589.049933 20.589051 0.003296
2458589.553527 20.582631 0.003276
2458590.046594 20.587736 0.003292
2458590.539661 20.587373 0.003291
2458591.043255 20.585888 0.003286
2458591.536322 20.580405 0.003270
2458592.029389 20.589397 0.003297
2458592.532982 20.586570 0.003288
2458593.026050 20.588904 0.003295
2458593.519117 20.589267 0.003296
2458594.022710 20.584250 0.003281
2458594.515777 20.588410 0.003294
2458595.008844 20.576856 0.003259
2458595.512438 20.586794 0.003289
2458596.005505 20.586578 0.003288
2458596.498572 20.585508 0.003285
2458597.002166 20.588947 0.003295
2458597.495233 20.586613 0.003288
2458597.988300 20.582777 0.003277
2458712.204272 20.586647 0.003289
2458712.697339 20.590116 0.003300
2458713.200932 20.585249 0.003285
2458713.694000 20.586518 0.003289
2458714.187067 20.584948 0.003284
2458714.690660 20.585362 0.003285
2458715.183727 20.586086 0.003288
2458715.676794 20.586009 0.003287
2458716.180388 20.591806 0.003305
2458716.673455 20.589146 0.003297
2458717.166522 20.585724 0.003287
2458717.670116 20.586596 0.003289
2458718.163183 20.585344 0.003286
2458718.656250 20.582287 0.003276
2458719.159844 20.587243 0.003291
2458719.652911 20.582123 0.003276
2458720.145978 20.586958 0.003291
2458720.649571 20.587675 0.003293
2458721.142638 20.590523 0.003301
2458721.635706 20.583250 0.003279
2458722.139299 20.587779 0.003293
2458722.632366 20.585543 0.003286
2458723.125433 20.583982 0.003282
2458723.629027 20.584043 0.003282
2458724.122094 20.587408 0.003292
2458724.615161 20.593065 0.003309
2458725.118755 20.591286 0.003304
2458725.611822 20.584930 0.003285
2458726.104889 20.587425 0.003292
2458726.608482 20.588125 0.003295
2458727.101550 20.584034 0.003282
2458727.594617 20.578235 0.003265
2458728.098210 20.585836 0.003288
2458728.591277 20.591555 0.003305
2458729.084344 20.585689 0.003288
2458729.587938 20.585620 0.003287
2458730.081005 20.588947 0.003298
2458730.574072 20.588601 0.003297
2458731.077666 20.582812 0.003279
2458731.570733 20.585819 0.003288
2458732.063800 20.586319 0.003290
2458732.567394 20.585845 0.003289
2458733.060461 20.583965 0.003283
2458733.553528 20.584318 0.003284
2458734.057121 20.591017 0.003305
2458734.550188 20.589336 0.003300
2458735.043256 20.586432 0.003291
2458735.546849 20.581367 0.003276
2458736.039916 20.583741 0.003283
2458736.532983 20.586768 0.003292
2458737.036577 20.583087 0.003281
2458737.529644 20.584241 0.003285
2458738.022711 20.583500 0.003283
2458738.526305 20.585827 0.003290
2458739.019372 20.582949 0.003281
2458739.512439 20.584473 0.003286
2458740.016032 20.579101 0.003270
2458740.509100 20.581582 0.003278
2458741.002167 20.586760 0.003294
2458741.505760 20.589362 0.003302
2458741.998827 20.581393 0.003278
2458742.491894 20.581178 0.003277
2458742.995488 20.584853 0.003289
2458743.488555 20.589795 0.003304
2458743.981622 20.583646 0.003285
2458744.485216 20.579178 0.003272
2458744.978283 20.580371 0.003276
2458745.471350 20.581762 0.003281
2458745.974944 20.579564 0.003274
2458746.468011 20.588134 0.003300
2458746.961078 20.585275 0.003292
2458747.464671 20.581195 0.003280
2458747.957738 20.583319 0.003287
2458748.450806 20.584473 0.003291
2458748.954399 20.580783 0.003280
2458749.447466 20.582803 0.003287
2458749.940533 20.583164 0.003288
2458750.444127 20.578415 0.003274
2458750.937194 20.586526 0.003299
2458751.430261 20.578458 0.003275
2458751.933855 20.580980 0.003284
2458752.426922 20.580328 0.003282
2458752.919989 20.573985 0.003264
2458753.423582 20.577567 0.003275
2458753.916650 20.575342 0.003269
2458754.409717 20.578681 0.003280
2458754.913310 20.573788 0.003266
2458755.406377 20.581169 0.003289
2458755.899444 20.579675 0.003286
2458756.403038 20.580766 0.003290
2458756.896105 20.573771 0.003270
2458757.389172 20.577764 0.003283
2458757.892766 20.577181 0.003282
2458758.385833 20.571538 0.003266
2458758.878900 20.570244 0.003264
2458759.382494 20.571691 0.003270
2458759.875561 20.574753 0.003280
2458760.368628 20.567797 0.003261
2458760.872221 20.567432 0.003262
2458761.365288 20.568383 0.003266
2458761.858356 20.565805 0.003261
2458762.361949 20.562126 0.003252
2458762.855016 20.564966 0.003263
2458763.348083 20.558005 0.003244
2458763.851677 20.559748 0.003252
2458764.344744 20.559790 0.003255
2458764.837811 20.557375 0.003251
2458765.341405 20.555494 0.003249
2458765.834472 20.548993 0.003233
2458766.327539 20.551599 0.003244
2458766.831132 20.549736 0.003243
2458767.324200 20.545105 0.003234
2458767.817267 20.541678 0.003229
2458768.320860 20.542474 0.003237
2458768.813927 20.532578 0.003213
2458769.306994 20.532578 0.003220
2458769.810588 20.522096 0.003196
2458770.303655 20.516464 0.003188
2458770.796722 20.515679 0.003194
2458771.300316 20.502805 0.003167
2458771.793383 20.497805 0.003163
2458772.286450 20.493049 0.003161
2458772.790044 20.484857 0.003152
2458773.283111 20.476422 0.003143
2458773.776178 20.464983 0.003127
2458774.279771 20.454557 0.003118
2458774.772838 20.437150 0.003091
2458775.265906 20.416852 0.003061
2458775.769499 20.394898 0.003032
2458776.262566 20.371366 0.003004
2458776.755633 20.346455 0.002981
2458777.259227 20.306555 0.002929
2458777.752294 20.260625 0.002876
2458778.245361 20.198731 0.002803
2458778.748955 20.121321 0.002728
2458779.242022 20.000313 0.002596
2458779.735089 19.824311 0.002428
2458780.238682 19.530844 0.002180
2458780.731750 19.157795 0.001924
2458781.224817 19.285785 0.002008
2458781.728410 19.673041 0.002296
2458782.221477 19.904749 0.002500
2458782.714544 20.050950 0.002643
2458783.218138 20.151726 0.002748
2458783.711205 20.226293 0.002835
2459622.427944 20.594508 0.003312
2459622.921011 20.586526 0.003288
2459623.424605 20.587459 0.003291
2459623.917672 20.587434 0.003291
2459624.410739 20.590792 0.003301
2459624.914332 20.586432 0.003288
2459625.407400 20.586293 0.003287
2459625.900467 20.588549 0.003294
2459626.404060 20.588082 0.003293
2459626.897127 20.591138 0.003302
2459627.390194 20.592301 0.003306
2459627.893788 20.586578 0.003288
2459628.386855 20.584879 0.003283
2459628.879922 20.585422 0.003285
2459629.383516 20.586302 0.003287
2459629.876583 20.584974 0.003283
2459630.369650 20.588263 0.003293
2459630.873244 20.594212 0.003311
2459631.366311 20.586000 0.003287
2459631.859378 20.588765 0.003295
2459632.362971 20.585336 0.003285
2459632.856038 20.585370 0.003285
2459633.349106 20.586561 0.003288
2459633.852699 20.584215 0.003281
2459634.345766 20.588653 0.003295
2459634.838833 20.587261 0.003290
2459635.342427 20.593847 0.003310
2459635.835494 20.589224 0.003296
2459636.328561 20.594830 0.003313
2459636.832155 20.587892 0.003292
2459637.325222 20.589916 0.003298
2459637.818289 20.588065 0.003293
2459638.321882 20.586881 0.003289
2459638.814950 20.582898 0.003277
2459639.308017 20.592449 0.003306
2459639.811610 20.585017 0.003284
2459640.304677 20.588540 0.003294
2459640.797744 20.596118 0.003317
2459641.301338 20.588454 0.003294
2459641.794405 20.589769 0.003298
2459642.287472 20.591043 0.003302
2459642.791066 20.589925 0.003298
2459643.284133 20.585301 0.003284
2459643.777200 20.590948 0.003302
2459644.280794 20.586388 0.003288
2459644.773861 20.589570 0.003297
2459645.266928 20.591268 0.003303
2459645.770521 20.583578 0.003279
2459646.263588 20.585672 0.003286
2459646.756656 20.587200 0.003290
2459647.260249 20.585275 0.003284
2459647.753316 20.588670 0.003295
2459648.246383 20.585094 0.003284
2459648.749977 20.586941 0.003289
2459649.243044 20.582898 0.003277
2459649.736111 20.587485 0.003291
2459650.239705 20.584577 0.003282
2459650.732772 20.585707 0.003286
2459651.225839 20.587183 0.003290
2459651.729432 20.584181 0.003281
2459652.222500 20.586768 0.003289
2459652.715567 20.586216 0.003287
2459653.219160 20.583535 0.003279
2459653.712227 20.588549 0.003294
2459654.205294 20.586717 0.003289
2459654.708888 20.585094 0.003284
2459655.201955 20.590575 0.003300
2459655.695022 20.589544 0.003297
2459656.198616 20.585991 0.003286
2459656.691683 20.588125 0.003293
2459657.184750 20.584086 0.003281
2459657.688344 20.583664 0.003279
2459658.181411 20.583612 0.003279
2459658.674478 20.580371 0.003270
2459659.178071 20.586958 0.003289
2459659.671138 20.585284 0.003284
2459660.164206 20.588609 0.003294
2459660.667799 20.584275 0.003281
2459661.160866 20.586898 0.003289
2459661.653933 20.589579 0.003297
2459662.157527 20.588384 0.003294
2459662.650594 20.587425 0.003291
2459663.143661 20.583552 0.003279
2459663.647255 20.588134 0.003293
2459664.140322 20.583285 0.003278
2459664.633389 20.588661 0.003295
2459665.136982 20.589007 0.003296
2459665.630050 20.589302 0.003297
2459666.123117 20.587701 0.003292
2459666.626710 20.585569 0.003285
2459667.119777 20.593760 0.003310
2459667.612844 20.589509 0.003297
2459668.116438 20.586812 0.003289
2459668.609505 20.591268 0.003303
2459669.102572 20.590757 0.003301
2459669.606166 20.580267 0.003269
2459670.099233 20.582149 0.003275
2459670.592300 20.583914 0.003280
2459671.095894 20.585292 0.003284
2459671.588961 20.590159 0.003299
2459672.082028 20.581522 0.003273
2459672.585621 20.586466 0.003288
2459673.078688 20.589059 0.003296
2459673.571756 20.590133 0.003299
2459674.075349 20.586820 0.003289
2459674.568416 20.589362 0.003297
2459675.061483 20.588739 0.003295
2459675.565077 20.584655 0.003282
2459676.058144 20.585638 0.003285
2459676.551211 20.590818 0.003301
2459677.054805 20.583810 0.003280
2459677.547872 20.590653 0.003301
2459678.040939 20.584258 0.003281
2459678.544532 20.590558 0.003300
2459679.037600 20.589241 0.003296
2459679.530667 20.589414 0.003297
2459680.034260 20.587848 0.003292
2459680.527327 20.590991 0.003302
2459681.020394 20.585500 0.003285
2459681.523988 20.587122 0.003290
2459682.017055 20.584060 0.003281
2459682.510122 20.592223 0.003305
2459683.013716 20.590592 0.003300
2459683.506783 20.588471 0.003294
2459683.999850 20.585957 0.003286
2459684.503444 20.586777 0.003289
2459684.996511 20.584473 0.003282
2459685.489578 20.588549 0.003294
2459685.993171 20.586812 0.003289
2459686.486238 20.589735 0.003298
2459686.979306 20.582485 0.003276
2459687.482899 20.581229 0.003272
2459687.975966 20.583965 0.003280
2459688.469033 20.585241 0.003284
2459688.972627 20.588973 0.003296
2459689.465694 20.590991 0.003302
2459689.958761 20.586872 0.003289
2459690.462355 20.586397 0.003288
2459690.955422 20.585767 0.003286
2459691.448489 20.590116 0.003299
2459691.952082 20.587053 0.003290
2459692.445150 20.585827 0.003286
2459692.938217 20.583836 0.003280
2459693.441810 20.588367 0.003294
2459693.934877 20.592379 0.003306
2459807.647256 20.583552 0.003279
2459808.150849 20.587105 0.003290
2459808.643916 20.585732 0.003286
2459809.136983 20.589414 0.003297
2459809.640577 20.577053 0.003260
2459810.133644 20.587632 0.003291
2459810.626711 20.586483 0.003288
2459811.130305 20.584551 0.003282
2459811.623372 20.586691 0.003289
2459812.116439 20.587468 0.003291
2459812.620032 20.585310 0.003284
2459813.113100 20.590254 0.003299
2459813.606167 20.588592 0.003294
2459814.109760 20.592587 0.003307
2459814.602827 20.590731 0.003301
2459815.095894 20.589553 0.003297
2459815.599488 20.583612 0.003279
2459816.092555 20.590012 0.003299
2459816.585622 20.587252 0.003290
2459817.089216 20.590913 0.003301
2459817.582283 20.591954 0.003305
2459818.075350 20.591407 0.003303
2459818.578944 20.588462 0.003294
2459819.072011 20.589432 0.003297
2459819.565078 20.591806 0.003304
2459820.068671 20.586656 0.003289
2459820.561738 20.586906 0.003289
2459821.054806 20.591685 0.003304
2459821.558399 20.589120 0.003296
2459822.051466 20.587892 0.003292
2459822.544533 20.580980 0.003271
2459823.048127 20.590098 0.003299
2459823.541194 20.586017 0.003287
2459824.034261 20.582717 0.003277
2459824.537855 20.591832 0.003304
2459825.030922 20.585456 0.003285
2459825.523989 20.589492 0.003297
2459826.027582 20.583870 0.003280
2459826.520650 20.585465 0.003285
2459827.013717 20.594073 0.003311
2459827.517310 20.588186 0.003293
2459828.010377 20.585387 0.003285
2459828.503444 20.591702 0.003304
2459829.007038 20.593126 0.003308
2459829.500105 20.593560 0.003309
2459829.993172 20.594117 0.003311
2459830.496766 20.589665 0.003298
2459830.989833 20.589873 0.003298
2459831.482900 20.586751 0.003289
2459831.986494 20.578698 0.003264
2459832.479561 20.588410 0.003294
2459832.972628 20.581100 0.003272
2459833.476221 20.590202 0.003299
2459833.969288 20.586440 0.003288
2459834.462356 20.590870 0.003301
2459834.965949 20.589440 0.003297
2459835.459016 20.588748 0.003295
2459835.952083 20.584129 0.003281
2459836.455677 20.586147 0.003287
2459836.948744 20.586112 0.003287
2459837.441811 20.581015 0.003271
2459837.945405 20.582863 0.003277
2459838.438472 20.586855 0.003289
2459838.931539 20.587364 0.003291
2459839.435132 20.584948 0.003283
2459839.928200 20.585310 0.003284
2459840.421267 20.589544 0.003297
2459840.924860 20.587995 0.003293
2459841.417927 20.586518 0.003288
2459841.910994 20.586224 0.003287
2459842.414588 20.588644 0.003295
2459842.907655 20.583836 0.003280
2459843.400722 20.585965 0.003286
2459843.904316 20.583672 0.003279
2459844.397383 20.588030 0.003293
2459844.890450 20.593560 0.003309
2459845.394044 20.591364 0.003303
2459845.887111 20.592145 0.003305
2459846.380178 20.592292 0.003306
2459846.883771 20.589942 0.003298
2459847.376838 20.590757 0.003301
2459847.869906 20.585224 0.003284
2459848.373499 20.585974 0.003286
2459848.866566 20.588947 0.003295
2459849.359633 20.586578 0.003288
2459849.863227 20.586345 0.003288
2459850.356294 20.589587 0.003297
2459850.849361 20.584000 0.003280
2459851.352955 20.591520 0.003303
2459851.846022 20.581513 0.003273
2459852.339089 20.587710 0.003292
2459852.842682 20.580259 0.003269
2459853.335750 20.589492 0.003297
2459853.828817 20.590072 0.003299
2459854.332410 20.586388 0.003288
2459854.825477 20.591338 0.003303
2459855.318544 20.587926 0.003292
2459855.822138 20.587753 0.003292
2459856.315205 20.582476 0.003276
2459856.808272 20.588557 0.003294
2459857.311866 20.589371 0.003297
2459857.804933 20.587287 0.003290
2459858.298000 20.583750 0.003280
2459858.801594 20.583638 0.003279
2459859.294661 20.584680 0.003283
2459859.787728 20.586889 0.003289
2459860.291321 20.587909 0.003292
2459860.784388 20.584060 0.003281
2459861.277456 20.583646 0.003279
2459861.781049 20.588281 0.003293
2459862.274116 20.590133 0.003299
2459862.767183 20.585922 0.003286
2459863.270777 20.579898 0.003268
2459863.763844 20.586786 0.003289
2459864.256911 20.584258 0.003281
2459864.760505 20.588904 0.003295
2459865.253572 20.589319 0.003297
2459865.746639 20.589380 0.003297
2459866.250232 20.590514 0.003300
2459866.743300 20.588116 0.003293
2459867.236367 20.582270 0.003275
2459867.739960 20.587416 0.003291
2459868.233027 20.588886 0.003295
2459868.726094 20.586837 0.003289
2459869.229688 20.588696 0.003295
2459869.722755 20.585465 0.003285
2459870.215822 20.588800 0.003295
2459870.719416 20.586561 0.003288
2459871.212483 20.585715 0.003286
2459871.705550 20.583018 0.003278
2459872.209144 20.581633 0.003273
2459872.702211 20.588921 0.003295
2459873.195278 20.580525 0.003270
2459873.698871 20.588142 0.003293
2459874.191938 20.583035 0.003278
2459874.685006 20.583569 0.003279
2459875.188599 20.588281 0.003293
2459875.681666 20.587529 0.003291
2459876.174733 20.587641 0.003291
2459876.678327 20.582356 0.003276
2459877.171394 20.582424 0.003276
2459877.664461 20.585793 0.003286
2459878.168055 20.586570 0.003288
2459878.661122 20.583982 0.003280
2459879.154189 20.587097 0.003290
2459987.411250 20.587416 0.003291
2459987.904317 20.585206 0.003284
2459988.407910 20.582665 0.003276
2459988.900977 20.587209 0.003290
2459989.394044 20.581848 0.003274
2459989.897638 20.586466 0.003288
2459990.390705 20.586691 0.003289
2459990.883772 20.589336 0.003297
2459991.387366 20.583724 0.003280
2459991.880433 20.588921 0.003295
2459992.373500 20.583207 0.003278
2459992.877094 20.594551 0.003313
2459993.370161 20.586173 0.003287
2459993.863228 20.585129 0.003284
2459994.366821 20.588782 0.003295
2459994.859888 20.583543 0.003279
2459995.352956 20.587580 0.003291
2459995.856549 20.591693 0.003304
2459996.349616 20.588981 0.003296
2459996.842683 20.592570 0.003306
2459997.346277 20.583027 0.003278
2459997.839344 20.587701 0.003292
2459998.332411 20.590887 0.003301
2459998.836005 20.589665 0.003298
2459999.329072 20.587814 0.003292
2459999.822139 20.584810 0.003283
2460000.325732 20.588731 0.003295
2460000.818800 20.586276 0.003287
2460001.311867 20.586535 0.003288
2460001.815460 20.591104 0.003302
2460002.308527 20.579855 0.003268
2460002.801594 20.586224 0.003287
2460003.305188 20.588462 0.003294
2460003.798255 20.585275 0.003284
2460004.291322 20.580568 0.003270
2460004.794916 20.591147 0.003302
2460005.287983 20.588609 0.003294
2460005.781050 20.586863 0.003289
2460006.284644 20.588021 0.003293
2460006.777711 20.585620 0.003285
2460007.270778 20.582743 0.003277
2460007.774371 20.583931 0.003280
2460008.267438 20.583638 0.003279
2460008.760506 20.588402 0.003294
2460009.264099 20.585896 0.003286
2460009.757166 20.588082 0.003293
2460010.250233 20.584137 0.003281
2460010.753827 20.590878 0.003301
2460011.246894 20.592883 0.003307
2460011.739961 20.591650 0.003304
2460012.243555 20.586164 0.003287
2460012.736622 20.588099 0.003293
2460013.229689 20.591399 0.003303
2460013.733282 20.590480 0.003300
2460014.226350 20.585586 0.003285
2460014.719417 20.589120 0.003296
2460015.223010 20.588194 0.003293
2460015.716077 20.589960 0.003299
2460016.209144 20.589925 0.003298
2460016.712738 20.590627 0.003301
2460017.205805 20.584284 0.003281
2460017.698872 20.589189 0.003296
2460018.202466 20.587192 0.003290
2460018.695533 20.581865 0.003274
2460019.188600 20.586414 0.003288
2460019.692194 20.594447 0.003312
2460020.185261 20.588142 0.003293
2460020.678328 20.590705 0.003301
2460021.181921 20.587857 0.003292
2460021.674988 20.588471 0.003294
2460022.168056 20.585189 0.003284
2460022.671649 20.589224 0.003296
2460023.164716 20.592657 0.003307
2460023.657783 20.579349 0.003266
2460024.161377 20.588220 0.003293
2460024.654444 20.590991 0.003302
2460025.147511 20.582958 0.003277
2460025.651105 20.586958 0.003289
2460026.144172 20.581728 0.003274
2460026.637239 20.584112 0.003281
2460027.140832 20.583509 0.003279
2460027.633900 20.586181 0.003287
2460028.126967 20.585465 0.003285
2460028.630560 20.594117 0.003311
2460029.123627 20.586242 0.003287
2460029.616694 20.582837 0.003277
2460030.120288 20.595056 0.003314
2460030.613355 20.582519 0.003276
2460031.106422 20.589276 0.003296
2460031.610016 20.591138 0.003302
2460032.103083 20.584551 0.003282
2460032.596150 20.584568 0.003282
2460033.099744 20.591000 0.003302
2460033.592811 20.587304 0.003290
2460034.085878 20.586147 0.003287
2460034.589471 20.581934 0.003274
2460035.082538 20.584094 0.003281
2460035.575606 20.588532 0.003294
2460036.079199 20.594073 0.003311
2460036.572266 20.579272 0.003266
2460037.065333 20.586190 0.003287
2460037.568927 20.583690 0.003280
2460038.061994 20.588116 0.003293
2460038.555061 20.590064 0.003299
2460039.058655 20.589968 0.003299
2460039.551722 20.584086 0.003281
2460040.044789 20.587494 0.003291
2460040.548382 20.589345 0.003297
2460041.041450 20.587529 0.003291
2460041.534517 20.585103 0.003284
2460042.038110 20.587097 0.003290
2460042.531177 20.593282 0.003309
2460043.024244 20.588030 0.003293
2460043.527838 20.584318 0.003281
2460044.020905 20.593065 0.003308
2460044.513972 20.589215 0.003296
2460045.017566 20.584327 0.003281
2460045.510633 20.591242 0.003302
2460046.003700 20.587269 0.003290
2460046.507294 20.587001 0.003290
2460047.000361 20.585362 0.003285
2460047.493428 20.590012 0.003299
2460047.997021 20.583982 0.003280
2460048.490088 20.589025 0.003296
2460048.983156 20.586302 0.003287
2460049.486749 20.592310 0.003306
2460049.979816 20.582244 0.003275
2460050.472883 20.579958 0.003268
2460050.976477 20.590020 0.003299
2460051.469544 20.583173 0.003278
2460051.962611 20.584913 0.003283
2460052.466205 20.584310 0.003281
2460052.959272 20.584887 0.003283
2460053.452339 20.591008 0.003302
2460053.955932 20.586466 0.003288
2460054.449000 20.580001 0.003268
2460054.942067 20.578303 0.003263
2460055.445660 20.594151 0.003311
2460055.938727 20.590618 0.003301
2460056.431794 20.588782 0.003295
2460056.935388 20.586052 0.003287
2460057.428455 20.593743 0.003310
2460057.921522 20.583500 0.003279
2460058.425116 20.586786 0.003289
2460058.918183 20.592162 0.003305
