2458346.727899 22.170181 0.007999
2458347.220966 22.182277 0.008089
2458347.714033 22.181722 0.008085
2458348.217627 22.172379 0.008016
2458348.710694 22.160096 0.007925
2458349.203761 22.170330 0.008001
2458349.707355 22.175183 0.008036
2458350.200422 22.183640 0.008099
2458350.693489 22.181016 0.008080
2458351.197082 22.165201 0.007963
2458351.690150 22.187538 0.008128
2458352.183217 22.170031 0.007998
2458352.686810 22.163960 0.007954
2458353.179877 22.181722 0.008085
2458353.672944 22.192673 0.008167
2458354.176538 22.169482 0.007994
2458354.669605 22.169133 0.007992
2458355.162672 22.152261 0.007868
2458355.666266 22.178146 0.008058
2458356.159333 22.163662 0.007952
2458356.652400 22.176689 0.008048
2458357.155994 22.164804 0.007960
2458357.649061 22.167937 0.007983
2458358.142128 22.185309 0.008112
2458358.645721 22.168485 0.007987
2458359.138788 22.174281 0.008030
2458359.631856 22.190382 0.008150
2458360.135449 22.182277 0.008089
2458360.628516 22.153686 0.007879
2458361.121583 22.166941 0.007976
2458361.625177 22.165400 0.007964
2458362.118244 22.166742 0.007974
2458362.611311 22.182680 0.008092
2458363.114905 22.184955 0.008109
2458363.607972 22.168635 0.007988
2458364.101039 22.175635 0.008040
2458364.604632 22.170131 0.007999
2458365.097700 22.162918 0.007946
2458365.590767 22.163067 0.007947
2458366.094360 22.169732 0.007996
2458366.587427 22.176137 0.008043
2458367.080494 22.171979 0.008013
2458367.584088 22.177392 0.008053
2458368.077155 22.182075 0.008088
2458368.570222 22.181167 0.008081
2458369.073816 22.168186 0.007985
2458369.566883 22.168236 0.007985
2458370.059950 22.164853 0.007960
2458370.563544 22.179857 0.008071
2458371.056611 22.183590 0.008099
2458371.549678 22.176137 0.008043
2458372.053271 22.169183 0.007992
2458372.546338 22.164257 0.007956
2458373.039406 22.172729 0.008018
2458373.542999 22.188502 0.008136
2458374.036066 22.164158 0.007955
2458374.529133 22.169183 0.007992
2458375.032727 22.170081 0.007999
2458375.525794 22.180512 0.008076
2458376.018861 22.166692 0.007974
2458376.522455 22.179454 0.008068
2458377.015522 22.182327 0.008089
2458377.508589 22.174081 0.008028
2458378.012182 22.182529 0.008091
2458378.505250 22.157527 0.007907
2458378.998317 22.190433 0.008150
2458379.501910 22.181369 0.008082
2458379.994977 22.172129 0.008014
2458380.488044 22.186727 0.008122
2458380.991638 22.161134 0.007933
2458381.484705 22.172079 0.008013
2458381.977772 22.174883 0.008034
2458382.481366 22.175835 0.008041
2458382.974433 22.173630 0.008025
2458383.467500 22.164506 0.007958
2458383.971094 22.174732 0.008033
2458384.464161 22.182933 0.008094
2458384.957228 22.182277 0.008089
2458385.460821 22.171979 0.008013
2458385.953888 22.172629 0.008017
2458386.446956 22.173180 0.008022
2458386.950549 22.195939 0.008191
2458387.443616 22.169333 0.007993
2458387.936683 22.174732 0.008033
2458388.440277 22.179152 0.008066
2458388.933344 22.185613 0.008114
2458389.426411 21.255965 0.005112
2458389.930005 19.748120 0.002664
2458390.423072 19.749118 0.002667
2458390.916139 19.747262 0.002662
2458391.419732 20.528076 0.003675
2458391.912800 21.401111 0.005473
2458392.405867 22.111927 0.007775
2458392.909460 22.183438 0.008098
2458393.402527 22.168236 0.007985
2458393.895594 22.168336 0.007986
2458394.399188 22.173330 0.008023
2458394.892255 22.181419 0.008083
2458395.385322 22.186677 0.008122
2458395.888916 22.166295 0.007971
2458396.381983 22.172879 0.008019
2458396.875050 22.157675 0.007908
2458397.378644 22.183539 0.008098
2458397.871711 22.169782 0.007996
2458398.364778 22.176789 0.008048
2458398.868371 22.168435 0.007987
2458399.361438 22.154571 0.007885
2458399.854506 22.197627 0.008204
2458400.358099 22.188401 0.008135
2458400.851166 22.183994 0.008102
2458401.344233 22.163215 0.007948
2458401.847827 22.160590 0.007929
2458402.340894 22.182075 0.008088
2458402.833961 22.181570 0.008084
2458403.337555 22.180310 0.008074
2458403.830622 22.172679 0.008018
2458404.323689 22.180260 0.008074
2458404.827282 22.170930 0.008005
2458405.320350 22.171479 0.008009
2458405.813417 22.160937 0.007932
2458406.317010 22.179605 0.008069
2458406.810077 22.163017 0.007947
2458407.303144 22.170830 0.008004
2458407.806738 22.178347 0.008060
2458408.299805 22.181822 0.008086
2458408.792872 22.156294 0.007898
2458409.296466 22.179152 0.008066
2458409.789533 22.190942 0.008154
2458410.282600 22.180663 0.008077
2458410.786194 22.171629 0.008010
2458411.279261 22.183135 0.008095
2458411.772328 22.175384 0.008038
2458412.275921 22.176940 0.008049
2458412.768988 22.161134 0.007933
2458413.262056 22.167041 0.007976
2458413.765649 22.176036 0.008043
2458414.258716 22.172429 0.008016
2458414.751783 22.178498 0.008061
2458415.255377 22.175635 0.008040
2458415.748444 22.169981 0.007998
2458416.241511 22.165002 0.007961
2458416.745105 22.170880 0.008005
2458417.238172 22.164009 0.007954
2458417.731239 22.158761 0.007916
2458418.234832 22.178498 0.008061
2458526.481367 22.157774 0.007909
2458526.984960 22.183741 0.008100
2458527.478027 22.169183 0.007992
2458527.971094 21.337970 0.005285
2458528.474688 19.748388 0.002665
2458528.967755 19.749343 0.002667
2458529.460822 19.748764 0.002666
2458529.964416 20.473883 0.003588
2458530.457483 21.348878 0.005326
2458530.950550 22.073906 0.007616
2458531.454144 22.175785 0.008041
2458531.947211 22.159997 0.007925
2458532.440278 22.169582 0.007995
2458532.943871 22.166543 0.007973
2458533.436938 22.187031 0.008125
2458533.930006 22.182832 0.008093
2458534.433599 22.184500 0.008106
2458534.926666 22.187944 0.008131
2458535.419733 22.188401 0.008135
2458535.923327 22.173830 0.008026
2458536.416394 22.164059 0.007954
2458536.909461 22.167738 0.007981
2458537.413055 22.173630 0.008025
2458537.906122 22.173881 0.008027
2458538.399189 22.176789 0.008048
2458538.902782 22.170131 0.007999
2458539.395850 22.145800 0.007822
2458539.888917 22.173580 0.008025
2458540.392510 22.160739 0.007930
2458540.885577 22.178598 0.008062
2458541.378644 22.170330 0.008001
2458541.882238 22.168435 0.007987
2458542.375305 22.173830 0.008026
2458542.868372 22.175936 0.008042
2458543.371966 22.181318 0.008082
2458543.865033 22.186626 0.008122
2458544.358100 22.163712 0.007952
2458544.861694 22.168784 0.007989
2458545.354761 22.161432 0.007935
2458545.847828 22.153293 0.007876
2458546.351421 22.174732 0.008033
2458546.844488 22.167588 0.007980
2458547.337556 22.175785 0.008041
2458547.841149 22.179957 0.008072
2458548.334216 22.176086 0.008043
2458548.827283 22.166991 0.007976
2458549.330877 22.179907 0.008071
2458549.823944 22.175886 0.008042
2458550.317011 22.164158 0.007955
2458550.820605 22.158712 0.007915
2458551.313672 22.183489 0.008098
2458551.806739 22.191247 0.008156
2458552.310332 22.176689 0.008048
2458552.803400 22.165797 0.007967
2458553.296467 22.197115 0.008200
2458553.800060 22.174331 0.008030
2458554.293127 22.170780 0.008004
2458554.786194 22.166643 0.007973
2458555.289788 22.163860 0.007953
2458555.782855 22.147509 0.007834
2458556.275922 22.165946 0.007968
2458556.779516 22.172029 0.008013
2458557.272583 22.164357 0.007957
2458557.765650 22.167091 0.007977
2458558.269244 22.168784 0.007989
2458558.762311 22.167140 0.007977
2458559.255378 22.162720 0.007945
2458559.758971 22.181722 0.008085
2458560.252038 22.161085 0.007933
2458560.745106 22.157231 0.007905
2458561.248699 22.178096 0.008058
2458561.741766 22.181469 0.008083
2458562.234833 22.168784 0.007989
2458562.738427 22.182479 0.008091
2458563.231494 22.163563 0.007951
2458563.724561 22.161927 0.007939
2458564.228155 22.185157 0.008111
2458564.721222 22.175635 0.008040
2458565.214289 22.174432 0.008031
2458565.717882 22.175534 0.008039
2458566.210950 22.181772 0.008085
2458566.704017 22.199061 0.008215
2458567.207610 22.175133 0.008036
2458567.700677 22.181520 0.008083
2458568.193744 22.156787 0.007901
2458568.697338 22.160145 0.007926
2458569.190405 22.167937 0.007983
2458569.683472 22.171379 0.008008
2458570.187066 22.168585 0.007988
2458570.680133 22.175133 0.008036
2458571.173200 22.176689 0.008048
2458571.676794 22.177543 0.008054
2458572.169861 22.181268 0.008082
2458572.662928 22.182176 0.008088
2458573.166521 22.175133 0.008036
2458573.659588 22.170081 0.007999
2458574.152656 21.384306 0.005439
2458574.656249 19.751617 0.002673
2458575.149316 19.746941 0.002661
2458575.642383 19.747262 0.002662
2458576.145977 20.462609 0.003582
2458576.639044 21.340012 0.005320
2458577.132111 22.055068 0.007522
2458577.635705 22.166096 0.007969
2458578.128772 22.166046 0.007969
2458578.621839 22.164158 0.007955
2458579.125432 22.169183 0.007992
2458579.618500 22.171629 0.008010
2458580.111567 22.172879 0.008019
2458580.615160 22.181268 0.008082
2458581.108227 22.177895 0.008056
2458581.601294 22.162571 0.007944
2458582.104888 22.170930 0.008005
2458582.597955 22.189975 0.008147
2458583.091022 22.172929 0.008020
2458583.594616 22.173931 0.008027
2458584.087683 22.171929 0.008012
2458584.580750 22.169283 0.007993
2458585.084344 22.177844 0.008056
2458585.577411 22.171379 0.008008
2458586.070478 22.171130 0.008006
2458586.574071 22.167339 0.007979
2458587.067138 22.164953 0.007961
2458587.560206 22.175886 0.008042
2458588.063799 22.172929 0.008020
2458588.556866 22.180159 0.008073
2458589.049933 22.183539 0.008098
2458589.553527 22.174883 0.008034
2458590.046594 22.170980 0.008005
2458590.539661 22.172029 0.008013
2458591.043255 22.159997 0.007925
2458591.536322 22.168037 0.007984
2458592.029389 22.181621 0.008084
2458592.532982 22.181873 0.008086
2458593.026050 22.173180 0.008022
2458593.519117 22.184702 0.008107
2458594.022710 22.180461 0.008076
2458594.515777 22.167688 0.007981
2458595.008844 22.173680 0.008025
2458595.512438 22.171979 0.008013
2458596.005505 22.164655 0.007959
2458596.498572 22.182781 0.008093
2458597.002166 22.153194 0.007875
2458597.495233 22.147265 0.007832
2458597.988300 22.178598 0.008062
2458712.204272 22.171679 0.008010
2458712.697339 21.460596 0.005603
2458713.200932 19.749692 0.002668
2458713.694000 19.746518 0.002660
2458714.187067 19.751934 0.002674
2458714.690660 20.405435 0.003490
2458715.183727 21.289286 0.005186
2458715.676794 22.013281 0.007347
2458716.180388 22.185917 0.008116
2458716.673455 22.170830 0.008004
2458717.166522 22.163811 0.007953
2458717.670116 22.180109 0.008073
2458718.163183 22.169981 0.007998
2458718.656250 22.177291 0.008052
2458719.159844 22.188147 0.008133
2458719.652911 22.171629 0.008010
2458720.145978 22.169133 0.007992
2458720.649571 22.162720 0.007945
2458721.142638 22.183084 0.008095
2458721.635706 22.162571 0.007944
2458722.139299 22.177342 0.008052
2458722.632366 22.177844 0.008056
2458723.125433 22.174482 0.008031
2458723.629027 22.177693 0.008055
2458724.122094 22.172479 0.008016
2458724.615161 22.172979 0.008020
2458725.118755 22.186221 0.008118
2458725.611822 22.174782 0.008033
2458726.104889 22.170380 0.008001
2458726.608482 22.180814 0.008078
2458727.101550 22.181066 0.008080
2458727.594617 22.174933 0.008035
2458728.098210 22.186626 0.008122
2458728.591277 22.173580 0.008025
2458729.084344 22.175685 0.008040
2458729.587938 22.162918 0.007946
2458730.081005 22.185208 0.008111
2458730.574072 22.177593 0.008054
2458731.077666 22.170730 0.008003
2458731.570733 22.157182 0.007904
2458732.063800 22.169931 0.007998
2458732.567394 22.170580 0.008002
2458733.060461 22.175284 0.008037
2458733.553528 22.179957 0.008072
2458734.057121 22.176137 0.008043
2458734.550188 22.176237 0.008044
2458735.043256 22.182680 0.008092
2458735.546849 22.173680 0.008025
2458736.039916 22.164655 0.007959
2458736.532983 22.179253 0.008067
2458737.036577 22.178498 0.008061
2458737.529644 22.172129 0.008014
2458738.022711 22.161036 0.007932
2458738.526305 22.176086 0.008043
2458739.019372 22.180310 0.008074
2458739.512439 22.170231 0.008000
2458740.016032 22.181016 0.008080
2458740.509100 22.177091 0.008051
2458741.002167 22.190942 0.008154
2458741.505760 22.172779 0.008019
2458741.998827 22.175835 0.008041
2458742.491894 22.175083 0.008036
2458742.995488 22.167887 0.007983
2458743.488555 22.181066 0.008080
2458743.981622 22.163116 0.007948
2458744.485216 22.178800 0.008063
2458744.978283 22.175334 0.008037
2458745.471350 22.181722 0.008085
2458745.974944 22.182125 0.008088
2458746.468011 22.159354 0.007920
2458746.961078 22.176588 0.008047
2458747.464671 22.173580 0.008025
2458747.957738 22.183034 0.008095
2458748.450806 22.181318 0.008082
2458748.954399 22.178347 0.008060
2458749.447466 22.182479 0.008091
2458749.940533 22.184500 0.008106
2458750.444127 22.191247 0.008156
2458750.937194 22.169133 0.007992
2458751.430261 22.171579 0.008010
2458751.933855 22.179555 0.008069
2458752.426922 22.170530 0.008002
2458752.919989 22.179756 0.008070
2458753.423582 22.159502 0.007921
2458753.916650 22.174883 0.008034
2458754.409717 22.172629 0.008017
2458754.913310 22.169582 0.007995
2458755.406377 22.180310 0.008074
2458755.899444 22.167339 0.007979
2458756.403038 22.178699 0.008062
2458756.896105 22.164506 0.007958
2458757.389172 22.159749 0.007923
2458757.892766 22.167240 0.007978
2458758.385833 22.171279 0.008008
2458758.878900 21.507255 0.005772
2458759.382494 19.748828 0.002666
2458759.875561 19.750977 0.002671
2458760.368628 19.745367 0.002658
2458760.872221 20.389471 0.003469
2458761.365288 21.270491 0.005134
2458761.858356 22.025925 0.007471
2458762.361949 22.169033 0.007991
2458762.855016 22.186879 0.008123
2458763.348083 22.164506 0.007958
2458763.851677 22.168784 0.007989
2458764.344744 22.168186 0.007985
2458764.837811 22.182832 0.008093
2458765.341405 22.161234 0.007934
2458765.834472 22.178699 0.008062
2458766.327539 22.170281 0.008000
2458766.831132 22.178900 0.008064
2458767.324200 22.170181 0.007999
2458767.817267 22.173680 0.008025
2458768.320860 22.180764 0.008078
2458768.813927 22.181016 0.008080
2458769.306994 22.158169 0.007911
2458769.810588 22.180411 0.008075
2458770.303655 22.172429 0.008016
2458770.796722 22.174281 0.008030
2458771.300316 22.166195 0.007970
2458771.793383 22.170730 0.008003
2458772.286450 22.173180 0.008022
2458772.790044 22.176839 0.008049
2458773.283111 22.184196 0.008103
2458773.776178 22.178951 0.008064
2458774.279771 22.170730 0.008003
2458774.772838 22.176689 0.008048
2458775.265906 22.166593 0.007973
2458775.769499 22.174131 0.008029
2458776.262566 22.169233 0.007992
2458776.755633 22.173130 0.008021
2458777.259227 22.183994 0.008102
2458777.752294 22.180159 0.008073
2458778.245361 22.176438 0.008046
2458778.748955 22.163414 0.007950
2458779.242022 22.173029 0.008020
2458779.735089 22.169233 0.007992
2458780.238682 22.180260 0.008074
2458780.731750 22.156738 0.007901
2458781.224817 22.178146 0.008058
2458781.728410 22.176187 0.008044
2458782.221477 22.181167 0.008081
2458782.714544 22.182226 0.008089
2458783.218138 22.187082 0.008125
2458783.711205 22.182933 0.008094
2459622.427944 22.167887 0.007983
2459622.921011 22.170480 0.008002
2459623.424605 22.173230 0.008022
2459623.917672 22.170181 0.007999
2459624.410739 22.177392 0.008053
2459624.914332 22.178850 0.008064
2459625.407400 22.184449 0.008105
2459625.900467 22.184651 0.008107
2459626.404060 22.183287 0.008097
2459626.897127 22.180008 0.008072
2459627.390194 22.173330 0.008023
2459627.893788 22.182428 0.008090
2459628.386855 22.167937 0.007983
2459628.879922 22.169333 0.007993
2459629.383516 22.176287 0.008045
2459629.876583 22.170680 0.008003
2459630.369650 22.181167 0.008081
2459630.873244 22.185663 0.008114
2459631.366311 22.166295 0.007971
2459631.859378 22.171529 0.008009
2459632.362971 22.173780 0.008026
2459632.856038 22.166792 0.007975
2459633.349106 22.167140 0.007977
2459633.852699 22.170780 0.008004
2459634.345766 22.156196 0.007897
2459634.838833 22.180360 0.008075
2459635.342427 22.171130 0.008006
2459635.835494 22.187437 0.008128
2459636.328561 22.019737 0.007419
2459636.832155 20.369481 0.003438
2459637.325222 19.746368 0.002660
2459637.818289 19.749209 0.002667
2459638.321882 20.044972 0.003007
2459638.814950 20.969239 0.004488
2459639.308017 21.765620 0.006524
2459639.811610 22.181217 0.008081
2459640.304677 22.175434 0.008038
2459640.797744 22.177693 0.008055
2459641.301338 22.184196 0.008103
2459641.794405 22.180713 0.008077
2459642.287472 22.178649 0.008062
2459642.791066 22.166145 0.007970
2459643.284133 22.179756 0.008070
2459643.777200 22.176287 0.008045
2459644.280794 22.167638 0.007981
2459644.773861 22.163662 0.007952
2459645.266928 22.163960 0.007954
2459645.770521 22.160838 0.007931
2459646.263588 22.172079 0.008013
2459646.756656 22.177945 0.008057
2459647.260249 22.173029 0.008020
2459647.753316 22.181671 0.008085
2459648.246383 22.186575 0.008121
2459648.749977 22.181873 0.008086
2459649.243044 22.173981 0.008027
2459649.736111 22.186119 0.008118
2459650.239705 22.177693 0.008055
2459650.732772 22.174532 0.008032
2459651.225839 22.193999 0.008177
2459651.729432 22.182024 0.008087
2459652.222500 22.150544 0.007856
2459652.715567 22.164406 0.007957
2459653.219160 22.156196 0.007897
2459653.712227 22.170680 0.008003
2459654.205294 22.186170 0.008118
2459654.708888 22.181621 0.008084
2459655.201955 22.171079 0.008006
2459655.695022 22.178850 0.008064
2459656.198616 22.171679 0.008010
2459656.691683 22.172929 0.008020
2459657.184750 22.171929 0.008012
2459657.688344 22.167837 0.007982
2459658.181411 22.178649 0.008062
2459658.674478 22.168086 0.007984
2459659.178071 22.159305 0.007920
2459659.671138 22.179102 0.008065
2459660.164206 22.174532 0.008032
2459660.667799 22.179202 0.008066
2459661.160866 22.171279 0.008008
2459661.653933 22.179202 0.008066
2459662.157527 22.163910 0.007953
2459662.650594 22.154916 0.007888
2459663.143661 22.176488 0.008046
2459663.647255 22.171979 0.008013
2459664.140322 22.164406 0.007957
2459664.633389 22.166792 0.007975
2459665.136982 22.175083 0.008036
2459665.630050 22.172379 0.008016
2459666.123117 22.177744 0.008055
2459666.626710 22.150348 0.007855
2459667.119777 22.159700 0.007923
2459667.612844 22.164009 0.007954
2459668.116438 22.164704 0.007959
2459668.609505 22.163116 0.007948
2459669.102572 22.181016 0.008080
2459669.606166 22.176237 0.008044
2459670.099233 22.168734 0.007989
2459670.592300 22.166494 0.007972
2459671.095894 22.171179 0.008007
2459671.588961 22.179404 0.008068
2459672.082028 22.168037 0.007984
2459672.585621 22.164704 0.007959
2459673.078688 22.165797 0.007967
2459673.571756 22.170281 0.008000
2459674.075349 22.175133 0.008036
2459674.568416 22.182428 0.008090
2459675.061483 22.164357 0.007957
2459675.565077 22.164655 0.007959
2459676.058144 22.165748 0.007967
2459676.551211 22.170580 0.008002
2459677.054805 22.175986 0.008042
2459677.547872 22.178900 0.008064
2459678.040939 22.187031 0.008125
2459678.544532 22.175886 0.008042
2459679.037600 22.174331 0.008030
2459679.530667 22.191705 0.008160
2459680.034260 22.159403 0.007920
2459680.527327 22.164804 0.007960
2459681.020394 22.164555 0.007958
2459681.523988 22.176789 0.008048
2459682.017055 22.184753 0.008108
2459682.510122 22.045193 0.007520
2459683.013716 20.403708 0.003486
2459683.506783 19.749026 0.002667
2459683.999850 19.749536 0.002668
2459684.503444 20.021619 0.002971
2459684.996511 20.950754 0.004447
2459685.489578 21.757706 0.006515
2459685.993171 22.181419 0.008083
2459686.486238 22.164754 0.007960
2459686.979306 22.169532 0.007995
2459687.482899 22.171479 0.008009
2459687.975966 22.175886 0.008042
2459688.469033 22.171229 0.008007
2459688.972627 22.193132 0.008170
2459689.465694 22.165748 0.007967
2459689.958761 22.170430 0.008001
2459690.462355 22.165599 0.007966
2459690.955422 22.186829 0.008123
2459691.448489 22.182781 0.008093
2459691.952082 22.172679 0.008018
2459692.445150 22.178598 0.008062
2459692.938217 22.179857 0.008071
2459693.441810 22.176588 0.008047
2459693.934877 22.179404 0.008068
2459807.647256 22.176739 0.008048
2459808.150849 22.182176 0.008088
2459808.643916 22.191196 0.008156
2459809.136983 22.175585 0.008039
2459809.640577 22.168684 0.007988
2459810.133644 22.165102 0.007962
2459810.626711 22.168635 0.007988
2459811.130305 22.180915 0.008079
2459811.623372 22.158613 0.007915
2459812.116439 22.165499 0.007965
2459812.620032 22.160887 0.007931
2459813.113100 22.178699 0.008062
2459813.606167 22.160194 0.007926
2459814.109760 22.169133 0.007992
2459814.602827 22.162125 0.007940
2459815.095894 22.175183 0.008036
2459815.599488 22.170930 0.008005
2459816.092555 22.176538 0.008046
2459816.585622 22.174782 0.008033
2459817.089216 22.185917 0.008116
2459817.582283 22.185410 0.008112
2459818.075350 22.174883 0.008034
2459818.578944 22.173630 0.008025
2459819.072011 22.174682 0.008033
2459819.565078 22.176689 0.008048
2459820.068671 22.170380 0.008001
2459820.561738 22.177191 0.008051
2459821.054806 22.113016 0.007777
2459821.558399 20.513306 0.003660
2459822.051466 19.747182 0.002662
2459822.544533 19.748501 0.002665
2459823.048127 19.968040 0.002910
2459823.541194 20.890046 0.004306
2459824.034261 21.711984 0.006360
2459824.537855 22.170680 0.008003
2459825.030922 22.172729 0.008018
2459825.523989 22.174832 0.008034
2459826.027582 22.180965 0.008079
2459826.520650 22.175936 0.008042
2459827.013717 22.168983 0.007991
2459827.517310 22.170680 0.008003
2459828.010377 22.168435 0.007987
2459828.503444 22.174081 0.008028
2459829.007038 22.172829 0.008019
2459829.500105 22.182680 0.008092
2459829.993172 22.172379 0.008016
2459830.496766 22.177593 0.008054
2459830.989833 22.172579 0.008017
2459831.482900 22.165599 0.007966
2459831.986494 22.178900 0.008064
2459832.479561 22.176287 0.008045
2459832.972628 22.181923 0.008086
2459833.476221 22.175635 0.008040
2459833.969288 22.169133 0.007992
2459834.462356 22.170380 0.008001
2459834.965949 22.164257 0.007956
2459835.459016 22.172479 0.008016
2459835.952083 22.176388 0.008045
2459836.455677 22.175334 0.008037
2459836.948744 22.172329 0.008015
2459837.441811 22.170930 0.008005
2459837.945405 22.176588 0.008047
2459838.438472 22.174582 0.008032
2459838.931539 22.171229 0.008007
2459839.435132 22.184651 0.008107
2459839.928200 22.175284 0.008037
2459840.421267 22.177492 0.008053
2459840.924860 22.165499 0.007965
2459841.417927 22.177794 0.008056
2459841.910994 22.166941 0.007976
2459842.414588 22.179051 0.008065
2459842.907655 22.169782 0.007996
2459843.400722 22.165102 0.007962
2459843.904316 22.176639 0.008047
2459844.397383 22.163712 0.007952
2459844.890450 22.172729 0.008018
2459845.394044 22.177895 0.008056
2459845.887111 22.191043 0.008155
2459846.380178 22.174281 0.008030
2459846.883771 22.175484 0.008039
2459847.376838 22.176789 0.008048
2459847.869906 22.161184 0.007933
2459848.373499 22.187082 0.008125
2459848.866566 22.169632 0.007995
2459849.359633 22.177442 0.008053
2459849.863227 22.173430 0.008023
2459850.356294 22.165201 0.007963
2459850.849361 22.157725 0.007908
2459851.352955 22.173580 0.008025
2459851.846022 22.177392 0.008053
2459852.339089 22.163860 0.007953
2459852.842682 22.173580 0.008025
2459853.335750 22.168385 0.007986
2459853.828817 22.168086 0.007984
2459854.332410 22.174081 0.008028
2459854.825477 22.166444 0.007972
2459855.318544 22.173230 0.008022
2459855.822138 22.176839 0.008049
2459856.315205 22.178397 0.008060
2459856.808272 22.180260 0.008074
2459857.311866 22.189620 0.008144
2459857.804933 22.164704 0.007959
2459858.298000 22.170281 0.008000
2459858.801594 22.178900 0.008064
2459859.294661 22.169831 0.007997
2459859.787728 22.160293 0.007927
2459860.291321 22.154473 0.007885
2459860.784388 22.177141 0.008051
2459861.277456 22.168585 0.007988
2459861.781049 22.166195 0.007970
2459862.274116 22.172279 0.008015
2459862.767183 22.166991 0.007976
2459863.270777 22.175735 0.008040
2459863.763844 22.178699 0.008062
2459864.256911 22.160194 0.007926
2459864.760505 22.176689 0.008048
2459865.253572 22.167837 0.007982
2459865.746639 22.185512 0.008113
2459866.250232 22.175585 0.008039
2459866.743300 22.191705 0.008160
2459867.236367 22.127987 0.007812
2459867.739960 20.543038 0.003698
2459868.233027 19.747712 0.002663
2459868.726094 19.749891 0.002669
2459869.229688 19.946880 0.002882
2459869.722755 20.875650 0.004284
2459870.215822 21.694904 0.006299
2459870.719416 22.174732 0.008033
2459871.212483 22.183640 0.008099
2459871.705550 22.164853 0.007960
2459872.209144 22.172029 0.008013
2459872.702211 22.181974 0.008087
2459873.195278 22.178749 0.008063
2459873.698871 22.167788 0.007982
2459874.191938 22.174782 0.008033
2459874.685006 22.164158 0.007955
2459875.188599 22.170131 0.007999
2459875.681666 22.179504 0.008068
2459876.174733 22.162422 0.007942
2459876.678327 22.165897 0.007968
2459877.171394 22.158811 0.007916
2459877.664461 22.177442 0.008053
2459878.168055 22.183489 0.008098
2459878.661122 22.158366 0.007913
2459879.154189 22.172379 0.008016
2459987.411250 22.168784 0.007989
2459987.904317 22.174532 0.008032
2459988.407910 22.174231 0.008029
2459988.900977 22.175785 0.008041
2459989.394044 22.173280 0.008022
2459989.897638 22.176990 0.008050
2459990.390705 22.165300 0.007964
2459990.883772 22.197934 0.008207
2459991.387366 22.170630 0.008003
2459991.880433 22.171329 0.008008
2459992.373500 22.163166 0.007948
2459992.877094 22.171030 0.008006
2459993.370161 22.170380 0.008001
2459993.863228 22.177342 0.008052
2459994.366821 22.173780 0.008026
2459994.859888 22.174381 0.008030
2459995.352956 22.179857 0.008071
2459995.856549 22.175234 0.008037
2459996.349616 22.174883 0.008034
2459996.842683 22.160343 0.007927
2459997.346277 22.178900 0.008064
2459997.839344 22.177141 0.008051
2459998.332411 22.158811 0.007916
2459998.836005 22.183792 0.008100
2459999.329072 22.179001 0.008065
2459999.822139 22.179353 0.008067
2460000.325732 22.170330 0.008001
2460000.818800 22.157330 0.007905
2460001.311867 22.173780 0.008026
2460001.815460 22.176689 0.008048
2460002.308527 22.176739 0.008048
2460002.801594 22.183994 0.008102
2460003.305188 22.165400 0.007964
2460003.798255 22.162868 0.007946
2460004.291322 22.172429 0.008016
2460004.794916 22.182176 0.008088
2460005.287983 22.171979 0.008013
2460005.781050 22.170780 0.008004
2460006.284644 20.652390 0.003887
2460006.777711 19.746346 0.002660
2460007.270778 19.748147 0.002664
2460007.774371 19.898594 0.002837
2460008.267438 20.831637 0.004214
2460008.760506 21.657413 0.006198
2460009.264099 22.174231 0.008029
2460009.757166 22.174081 0.008028
2460010.250233 22.183640 0.008099
2460010.753827 22.169432 0.007994
2460011.246894 22.173530 0.008024
2460011.739961 22.171379 0.008008
2460012.243555 22.176739 0.008048
2460012.736622 22.142340 0.007797
2460013.229689 22.184550 0.008106
2460013.733282 22.170630 0.008003
2460014.226350 22.170580 0.008002
2460014.719417 22.178498 0.008061
2460015.223010 22.173430 0.008023
2460015.716077 22.181822 0.008086
2460016.209144 22.162224 0.007941
2460016.712738 22.161828 0.007938
2460017.205805 22.175534 0.008039
2460017.698872 22.169682 0.007996
2460018.202466 22.174432 0.008031
2460018.695533 22.185461 0.008113
2460019.188600 22.176639 0.008047
2460019.692194 22.173330 0.008023
2460020.185261 22.172179 0.008014
2460020.678328 22.168684 0.007988
2460021.181921 22.163116 0.007948
2460021.674988 22.176388 0.008045
2460022.168056 22.188655 0.008137
2460022.671649 22.166792 0.007975
2460023.164716 22.170181 0.007999
2460023.657783 22.169432 0.007994
2460024.161377 22.186373 0.008120
2460024.654444 22.164357 0.007957
2460025.147511 22.165052 0.007962
2460025.651105 22.173280 0.008022
2460026.144172 22.164208 0.007956
2460026.637239 22.181167 0.008081
2460027.140832 22.170730 0.008003
2460027.633900 22.177091 0.008051
2460028.126967 22.170580 0.008002
2460028.630560 22.186879 0.008123
2460029.123627 22.169881 0.007997
2460029.616694 22.170380 0.008001
2460030.120288 22.183287 0.008097
2460030.613355 22.176337 0.008045
2460031.106422 22.176990 0.008050
2460031.610016 22.165449 0.007965
2460032.103083 22.168884 0.007990
2460032.596150 22.178749 0.008063
2460033.099744 22.173130 0.008021
2460033.592811 22.176839 0.008049
2460034.085878 22.166792 0.007975
2460034.589471 22.166046 0.007969
2460035.082538 22.174883 0.008034
2460035.575606 22.173029 0.008020
2460036.079199 22.176388 0.008045
2460036.572266 22.180814 0.008078
2460037.065333 22.165847 0.007968
2460037.568927 22.177191 0.008051
2460038.061994 22.179202 0.008066
2460038.555061 22.170980 0.008005
2460039.058655 22.186474 0.008120
2460039.551722 22.182277 0.008089
2460040.044789 22.169632 0.007995
2460040.548382 22.184753 0.008108
2460041.041450 22.166245 0.007970
2460041.534517 22.166991 0.007976
2460042.038110 22.176388 0.008045
2460042.531177 22.170380 0.008001
2460043.024244 22.175685 0.008040
2460043.527838 22.172929 0.008020
2460044.020905 22.193183 0.008171
2460044.513972 22.168585 0.007988
2460045.017566 22.168884 0.007990
2460045.510633 22.168934 0.007990
2460046.003700 22.184348 0.008104
2460046.507294 22.164754 0.007960
2460047.000361 22.178850 0.008064
2460047.493428 22.168086 0.007984
2460047.997021 22.167539 0.007980
2460048.490088 22.177241 0.008052
2460048.983156 22.166842 0.007975
2460049.486749 22.190484 0.008150
2460049.979816 22.169881 0.007997
2460050.472883 22.170830 0.008004
2460050.976477 22.179404 0.008068
2460051.469544 22.185917 0.008116
2460051.962611 22.180915 0.008079
2460052.466205 20.681666 0.003928
2460052.959272 19.746866 0.002661
2460053.452339 19.751552 0.002673
2460053.955932 19.874724 0.002803
2460054.449000 20.806444 0.004151
2460054.942067 21.639846 0.006137
2460055.445660 22.167339 0.007979
2460055.938727 22.173780 0.008026
2460056.431794 22.176739 0.008048
2460056.935388 22.171579 0.008010
2460057.428455 22.175284 0.008037
2460057.921522 22.173330 0.008023
2460058.425116 22.179756 0.008070
2460058.918183 22.174081 0.008028
