2458346.727899 20.400653 0.003559
2458347.220966 20.397181 0.003548
2458347.714033 20.394076 0.003538
2458348.217627 20.405400 0.003575
2458348.710694 20.405235 0.003574
2458349.203761 20.403757 0.003570
2458349.707355 20.394635 0.003540
2458350.200422 20.399478 0.003556
2458350.693489 20.399539 0.003556
2458351.197082 20.397018 0.003547
2458351.690150 20.400684 0.003559
2458352.183217 20.395581 0.003543
2458352.686810 20.401554 0.003562
2458353.179877 20.400899 0.003560
2458353.672944 20.410621 0.003592
2458354.176538 20.400960 0.003560
2458354.669605 20.399416 0.003555
2458355.162672 20.397783 0.003550
2458355.666266 20.396580 0.003546
2458356.159333 20.406397 0.003578
2458356.652400 20.401615 0.003563
2458357.155994 20.400541 0.003559
2458357.649061 20.399253 0.003555
2458358.142128 20.403808 0.003570
2458358.645721 20.402752 0.003566
2458359.138788 20.401063 0.003561
2458359.631856 20.402793 0.003566
2458360.135449 20.410652 0.003592
2458360.628516 20.402281 0.003565
2458361.121583 20.398079 0.003551
2458361.625177 20.401718 0.003563
2458362.118244 20.401533 0.003562
2458362.611311 20.397528 0.003549
2458363.114905 20.401687 0.003563
2458363.607972 20.402722 0.003566
2458364.101039 20.399549 0.003556
2458364.604632 20.397609 0.003549
2458365.097700 20.398109 0.003551
2458365.590767 20.396396 0.003545
2458366.094360 20.397140 0.003548
2458366.587427 20.397365 0.003549
2458367.080494 20.398068 0.003551
2458367.584088 20.400469 0.003559
2458368.077155 20.405605 0.003576
2458368.570222 20.403829 0.003570
2458369.073816 20.400030 0.003557
2458369.566883 20.400960 0.003560
2458370.059950 20.393578 0.003536
2458370.563544 20.397824 0.003550
2458371.056611 20.400009 0.003557
2458371.549678 20.398977 0.003554
2458372.053271 20.402383 0.003565
2458372.546338 20.402291 0.003565
2458373.039406 20.402927 0.003567
2458373.542999 20.402445 0.003565
2458374.036066 20.394869 0.003540
2458374.529133 20.403511 0.003569
2458375.032727 20.400878 0.003560
2458375.525794 20.398487 0.003552
2458376.018861 20.398569 0.003553
2458376.522455 20.386507 0.003513
2458377.015522 20.401022 0.003561
2458377.508589 20.397885 0.003550
2458378.012182 20.400909 0.003560
2458378.505250 20.407045 0.003580
2458378.998317 20.387497 0.003517
2458379.501910 20.399866 0.003557
2458379.994977 20.402414 0.003565
2458380.488044 20.400111 0.003558
2458380.991638 20.403860 0.003570
2458381.484705 20.401196 0.003561
2458381.977772 20.397936 0.003550
2458382.481366 20.399938 0.003557
2458382.974433 20.392501 0.003533
2458383.467500 20.402291 0.003565
2458383.971094 20.399794 0.003557
2458384.464161 20.399978 0.003557
2458384.957228 20.398763 0.003553
2458385.460821 20.400193 0.003558
2458385.953888 20.396417 0.003546
2458386.446956 20.405030 0.003574
2458386.950549 20.400674 0.003559
2458387.443616 20.401063 0.003561
2458387.936683 20.402896 0.003567
2458388.440277 20.394279 0.003539
2458388.933344 20.400285 0.003558
2458389.426411 20.404599 0.003572
2458389.930005 20.403562 0.003569
2458390.423072 20.395368 0.003542
2458390.916139 20.400162 0.003558
2458391.419732 20.399089 0.003554
2458391.912800 20.392999 0.003534
2458392.405867 20.398661 0.003553
2458392.909460 20.393161 0.003535
2458393.402527 20.401830 0.003563
2458393.895594 20.398763 0.003553
2458394.399188 20.400162 0.003558
2458394.892255 20.401564 0.003562
2458395.385322 20.397110 0.003548
2458395.888916 20.397354 0.003549
2458396.381983 20.396631 0.003546
2458396.875050 20.399978 0.003557
2458397.378644 20.395235 0.003542
2458397.871711 20.396457 0.003546
2458398.364778 20.399580 0.003556
2458398.868371 20.399989 0.003557
2458399.361438 20.406736 0.003579
2458399.854506 20.395256 0.003542
2458400.358099 20.396356 0.003545
2458400.851166 20.402394 0.003565
2458401.344233 20.399989 0.003557
2458401.847827 20.392623 0.003533
2458402.340894 20.407611 0.003582
2458402.833961 20.396702 0.003546
2458403.337555 20.398977 0.003554
2458403.830622 20.398467 0.003552
2458404.323689 20.403470 0.003569
2458404.827282 20.397691 0.003550
2458405.320350 20.404742 0.003573
2458405.813417 20.395531 0.003543
2458406.317010 20.397436 0.003549
2458406.810077 20.405749 0.003576
2458407.303144 20.404629 0.003572
2458407.806738 20.391588 0.003530
2458408.299805 20.401277 0.003561
2458408.792872 20.403798 0.003570
2458409.296466 20.398283 0.003552
2458409.789533 20.401687 0.003563
2458410.282600 20.400715 0.003560
2458410.786194 20.396559 0.003546
2458411.279261 20.397487 0.003549
2458411.772328 20.398007 0.003551
2458412.275921 20.393252 0.003535
2458412.768988 20.395154 0.003541
2458413.262056 20.397018 0.003547
2458413.765649 20.399978 0.003557
2458414.258716 20.395856 0.003544
2458414.751783 20.398477 0.003552
2458415.255377 20.400070 0.003557
2458415.748444 20.402076 0.003564
2458416.241511 20.397456 0.003549
2458416.745105 20.400275 0.003558
2458417.238172 20.401175 0.003561
2458417.731239 20.408867 0.003586
2458418.234832 20.401349 0.003562
2458526.481367 20.396763 0.003547
2458526.984960 20.402824 0.003567
2458527.478027 20.399427 0.003556
2458527.971094 20.401922 0.003564
2458528.474688 20.401636 0.003563
2458528.967755 20.400193 0.003558
2458529.460822 20.399907 0.003558
2458529.964416 20.401451 0.003563
2458530.457483 20.392836 0.003535
2458530.950550 20.401492 0.003563
2458531.454144 20.390513 0.003527
2458531.947211 20.402138 0.003565
2458532.440278 20.399151 0.003556
2458532.943871 20.398916 0.003555
2458533.436938 20.400050 0.003559
2458533.930006 20.407034 0.003582
2458534.433599 20.391030 0.003530
2458534.926666 20.399917 0.003560
2458535.419733 20.398987 0.003557
2458535.923327 20.401482 0.003566
2458536.416394 20.399999 0.003562
2458536.909461 20.393557 0.003541
2458537.413055 20.402209 0.003571
2458537.906122 20.388802 0.003528
2458538.399189 20.394177 0.003547
2458538.902782 20.392318 0.003543
2458539.395850 20.389824 0.003538
2458539.888917 20.389621 0.003541
2458540.392510 20.390371 0.003548
2458540.885577 20.375138 0.003504
2458541.378644 20.382164 0.003535
2458541.882238 20.369478 0.003505
2458542.375305 20.363570 0.003502
2458542.868372 20.349613 0.003478
2458543.371966 20.331735 0.003454
2458543.865033 20.300463 0.003403
2458544.358100 20.255570 0.003340
2458544.861694 20.170549 0.003219
2458545.354761 20.014289 0.003032
2458545.847828 19.618618 0.002576
2458546.351421 19.707526 0.002672
2458546.844488 20.048636 0.003069
2458547.337556 20.196604 0.003268
2458547.841149 20.265830 0.003356
2458548.334216 20.307049 0.003414
2458548.827283 20.340139 0.003474
2458549.330877 20.357468 0.003499
2458549.823944 20.359445 0.003485
2458550.317011 20.372683 0.003514
2458550.820605 20.378540 0.003522
2458551.313672 20.383835 0.003531
2458551.806739 20.385670 0.003532
2458552.310332 20.389318 0.003539
2458552.803400 20.387629 0.003530
2458553.296467 20.392613 0.003544
2458553.800060 20.397314 0.003557
2458554.293127 20.394411 0.003546
2458554.786194 20.402383 0.003571
2458555.289788 20.389723 0.003529
2458555.782855 20.398426 0.003556
2458556.275922 20.397905 0.003554
2458556.779516 20.391902 0.003534
2458557.272583 20.398375 0.003555
2458557.765650 20.397191 0.003550
2458558.269244 20.396631 0.003548
2458558.762311 20.401902 0.003565
2458559.255378 20.395083 0.003543
2458559.758971 20.401032 0.003562
2458560.252038 20.400030 0.003558
2458560.745106 20.399927 0.003558
2458561.248699 20.405369 0.003576
2458561.741766 20.397059 0.003548
2458562.234833 20.398855 0.003554
2458562.738427 20.402342 0.003566
2458563.231494 20.406592 0.003579
2458563.724561 20.403203 0.003568
2458564.228155 20.406027 0.003577
2458564.721222 20.398446 0.003553
2458565.214289 20.402086 0.003564
2458565.717882 20.404342 0.003572
2458566.210950 20.401902 0.003564
2458566.704017 20.395022 0.003541
2458567.207610 20.399478 0.003556
2458567.700677 20.402701 0.003566
2458568.193744 20.398609 0.003553
2458568.697338 20.398998 0.003554
2458569.190405 20.406829 0.003580
2458569.683472 20.401892 0.003564
2458570.187066 20.397344 0.003549
2458570.680133 20.404835 0.003573
2458571.173200 20.400940 0.003560
2458571.676794 20.398967 0.003554
2458572.169861 20.392359 0.003532
2458572.662928 20.401800 0.003563
2458573.166521 20.399549 0.003556
2458573.659588 20.402373 0.003565
2458574.152656 20.395113 0.003541
2458574.656249 20.406325 0.003578
2458575.149316 20.401892 0.003564
2458575.642383 20.401492 0.003562
2458576.145977 20.404178 0.003571
2458576.639044 20.402824 0.003567
2458577.132111 20.399794 0.003557
2458577.635705 20.403111 0.003567
2458578.128772 20.399008 0.003554
2458578.621839 20.392105 0.003532
2458579.125432 20.400520 0.003559
2458579.618500 20.399866 0.003557
2458580.111567 20.400643 0.003559
2458580.615160 20.394666 0.003540
2458581.108227 20.408043 0.003584
2458581.601294 20.399375 0.003555
2458582.104888 20.395968 0.003544
2458582.597955 20.401738 0.003563
2458583.091022 20.397640 0.003550
2458583.594616 20.401615 0.003563
2458584.087683 20.396600 0.003546
2458584.580750 20.402568 0.003566
2458585.084344 20.399079 0.003554
2458585.577411 20.401656 0.003563
2458586.070478 20.397752 0.003550
2458586.574071 20.401769 0.003563
2458587.067138 20.397875 0.003550
2458587.560206 20.403132 0.003568
2458588.063799 20.392511 0.003533
2458588.556866 20.394096 0.003538
2458589.049933 20.398528 0.003552
2458589.553527 20.391060 0.003528
2458590.046594 20.406078 0.003577
2458590.539661 20.401226 0.003561
2458591.043255 20.399989 0.003557
2458591.536322 20.391892 0.003531
2458592.029389 20.400510 0.003559
2458592.532982 20.399151 0.003554
2458593.026050 20.399815 0.003557
2458593.519117 20.392745 0.003534
2458594.022710 20.393821 0.003537
2458594.515777 20.398283 0.003552
2458595.008844 20.400991 0.003560
2458595.512438 20.397049 0.003548
2458596.005505 20.404712 0.003573
2458596.498572 20.399968 0.003557
2458597.002166 20.396783 0.003547
2458597.495233 20.403060 0.003567
2458597.988300 20.400173 0.003558
2458712.204272 20.402691 0.003566
2458712.697339 20.405831 0.003576
2458713.200932 20.393669 0.003537
2458713.694000 20.397895 0.003550
2458714.187067 20.401759 0.003563
2458714.690660 20.402056 0.003564
2458715.183727 20.396508 0.003546
2458715.676794 20.391983 0.003531
2458716.180388 20.400265 0.003558
2458716.673455 20.396631 0.003546
2458717.166522 20.402209 0.003564
2458717.670116 20.397487 0.003549
2458718.163183 20.397416 0.003549
2458718.656250 20.400970 0.003560
2458719.159844 20.399897 0.003557
2458719.652911 20.404178 0.003571
2458720.145978 20.401646 0.003563
2458720.649571 20.396651 0.003546
2458721.142638 20.393639 0.003536
2458721.635706 20.394543 0.003539
2458722.139299 20.400878 0.003560
2458722.632366 20.403921 0.003570
2458723.125433 20.398303 0.003552
2458723.629027 20.398528 0.003552
2458724.122094 20.404034 0.003570
2458724.615161 20.392582 0.003533
2458725.118755 20.406016 0.003577
2458725.611822 20.400183 0.003558
2458726.104889 20.397813 0.003550
2458726.608482 20.405975 0.003577
2458727.101550 20.400449 0.003559
2458727.594617 20.403193 0.003568
2458728.098210 20.398089 0.003551
2458728.591277 20.399662 0.003556
2458729.084344 20.402855 0.003567
2458729.587938 20.401707 0.003563
2458730.081005 20.402465 0.003565
2458730.574072 20.401073 0.003561
2458731.077666 20.397079 0.003548
2458731.570733 20.398324 0.003552
2458732.063800 20.402373 0.003565
2458732.567394 20.401431 0.003562
2458733.060461 20.391354 0.003529
2458733.553528 20.397997 0.003551
2458734.057121 20.399151 0.003554
2458734.550188 20.399529 0.003556
2458735.043256 20.396223 0.003545
2458735.546849 20.398916 0.003554
2458736.039916 20.394360 0.003539
2458736.532983 20.398650 0.003553
2458737.036577 20.399835 0.003557
2458737.529644 20.402004 0.003564
2458738.022711 20.396875 0.003547
2458738.526305 20.398140 0.003551
2458739.019372 20.398844 0.003553
2458739.512439 20.404537 0.003572
2458740.016032 20.404075 0.003571
2458740.509100 20.399846 0.003557
2458741.002167 20.393893 0.003537
2458741.505760 20.399386 0.003555
2458741.998827 20.401226 0.003561
2458742.491894 20.397650 0.003550
2458742.995488 20.399161 0.003554
2458743.488555 20.407487 0.003582
2458743.981622 20.402558 0.003566
2458744.485216 20.398589 0.003553
2458744.978283 20.401359 0.003562
2458745.471350 20.402281 0.003565
2458745.974944 20.398334 0.003552
2458746.468011 20.392907 0.003534
2458746.961078 20.400254 0.003558
2458747.464671 20.397303 0.003548
2458747.957738 20.403993 0.003570
2458748.450806 20.407961 0.003583
2458748.954399 20.402834 0.003567
2458749.447466 20.395042 0.003541
2458749.940533 20.395612 0.003543
2458750.444127 20.402947 0.003567
2458750.937194 20.399938 0.003557
2458751.430261 20.402281 0.003565
2458751.933855 20.392308 0.003532
2458752.426922 20.399181 0.003555
2458752.919989 20.393273 0.003535
2458753.423582 20.396631 0.003546
2458753.916650 20.402189 0.003564
2458754.409717 20.401288 0.003561
2458754.913310 20.404588 0.003572
2458755.406377 20.398007 0.003551
2458755.899444 20.399692 0.003556
2458756.403038 20.395011 0.003541
2458756.896105 20.401974 0.003564
2458757.389172 20.400009 0.003557
2458757.892766 20.401390 0.003562
2458758.385833 20.396875 0.003547
2458758.878900 20.391689 0.003530
2458759.382494 20.395001 0.003541
2458759.875561 20.397885 0.003550
2458760.368628 20.397762 0.003550
2458760.872221 20.403367 0.003568
2458761.365288 20.392146 0.003532
2458761.858356 20.401165 0.003561
2458762.361949 20.400469 0.003559
2458762.855016 20.396366 0.003545
2458763.348083 20.400664 0.003559
2458763.851677 20.393720 0.003537
2458764.344744 20.404681 0.003573
2458764.837811 20.393181 0.003535
2458765.341405 20.403306 0.003568
2458765.834472 20.391740 0.003530
2458766.327539 20.400162 0.003558
2458766.831132 20.397732 0.003550
2458767.324200 20.403942 0.003570
2458767.817267 20.397303 0.003548
2458768.320860 20.399059 0.003554
2458768.813927 20.398875 0.003554
2458769.306994 20.396417 0.003546
2458769.810588 20.400776 0.003560
2458770.303655 20.399774 0.003556
2458770.796722 20.401779 0.003563
2458771.300316 20.395307 0.003542
2458771.793383 20.399917 0.003557
2458772.286450 20.403316 0.003568
2458772.790044 20.398344 0.003552
2458773.283111 20.395195 0.003542
2458773.776178 20.400827 0.003560
2458774.279771 20.398599 0.003553
2458774.772838 20.397303 0.003548
2458775.265906 20.396702 0.003546
2458775.769499 20.401390 0.003562
2458776.262566 20.400050 0.003557
2458776.755633 20.392724 0.003533
2458777.259227 20.403388 0.003568
2458777.752294 20.405544 0.003575
2458778.245361 20.401022 0.003561
2458778.748955 20.405554 0.003575
2458779.242022 20.397681 0.003550
2458779.735089 20.402906 0.003567
2458780.238682 20.398507 0.003552
2458780.731750 20.400439 0.003559
2458781.224817 20.395867 0.003544
2458781.728410 20.394269 0.003539
2458782.221477 20.400091 0.003558
2458782.714544 20.405523 0.003575
2458783.218138 20.394777 0.003540
2458783.711205 20.399232 0.003555
2459622.427944 20.396671 0.003546
2459622.921011 20.394391 0.003539
2459623.424605 20.400960 0.003560
2459623.917672 20.399886 0.003557
2459624.410739 20.399968 0.003557
2459624.914332 20.397120 0.003548
2459625.407400 20.403501 0.003569
2459625.900467 20.400623 0.003559
2459626.404060 20.402773 0.003566
2459626.897127 20.397834 0.003550
2459627.390194 20.402537 0.003566
2459627.893788 20.397303 0.003548
2459628.386855 20.401759 0.003563
2459628.879922 20.398150 0.003551
2459629.383516 20.404804 0.003573
2459629.876583 20.402004 0.003564
2459630.369650 20.396896 0.003547
2459630.873244 20.402896 0.003567
2459631.366311 20.400674 0.003559
2459631.859378 20.401421 0.003562
2459632.362971 20.396294 0.003545
2459632.856038 20.400254 0.003558
2459633.349106 20.400602 0.003559
2459633.852699 20.405955 0.003577
2459634.345766 20.404096 0.003571
2459634.838833 20.399314 0.003555
2459635.342427 20.404968 0.003574
2459635.835494 20.399733 0.003556
2459636.328561 20.393801 0.003537
2459636.832155 20.408630 0.003586
2459637.325222 20.396172 0.003545
2459637.818289 20.402988 0.003567
2459638.321882 20.398650 0.003553
2459638.814950 20.404404 0.003572
2459639.308017 20.397028 0.003548
2459639.811610 20.400500 0.003559
2459640.304677 20.398283 0.003552
2459640.797744 20.402179 0.003564
2459641.301338 20.395887 0.003544
2459641.794405 20.402363 0.003565
2459642.287472 20.403019 0.003567
2459642.791066 20.396987 0.003547
2459643.284133 20.394065 0.003538
2459643.777200 20.399835 0.003557
2459644.280794 20.400265 0.003558
2459644.773861 20.401431 0.003562
2459645.266928 20.392907 0.003534
2459645.770521 20.406181 0.003578
2459646.263588 20.397324 0.003548
2459646.756656 20.395785 0.003543
2459647.260249 20.396875 0.003547
2459647.753316 20.398007 0.003551
2459648.246383 20.399672 0.003556
2459648.749977 20.402353 0.003565
2459649.243044 20.396060 0.003544
2459649.736111 20.398926 0.003554
2459650.239705 20.399999 0.003557
2459650.732772 20.393761 0.003537
2459651.225839 20.404404 0.003572
2459651.729432 20.402957 0.003567
2459652.222500 20.400428 0.003559
2459652.715567 20.404311 0.003571
2459653.219160 20.393517 0.003536
2459653.712227 20.403449 0.003569
2459654.205294 20.395795 0.003543
2459654.708888 20.398548 0.003552
2459655.201955 20.403234 0.003568
2459655.695022 20.403019 0.003567
2459656.198616 20.399529 0.003556
2459656.691683 20.397467 0.003549
2459657.184750 20.403675 0.003569
2459657.688344 20.396203 0.003545
2459658.181411 20.404814 0.003573
2459658.674478 20.397242 0.003548
2459659.178071 20.399314 0.003555
2459659.671138 20.399222 0.003555
2459660.164206 20.399100 0.003554
2459660.667799 20.405944 0.003577
2459661.160866 20.403296 0.003568
2459661.653933 20.398181 0.003551
2459662.157527 20.404270 0.003571
2459662.650594 20.401646 0.003563
2459663.143661 20.397752 0.003550
2459663.647255 20.403480 0.003569
2459664.140322 20.395979 0.003544
2459664.633389 20.398579 0.003553
2459665.136982 20.404989 0.003574
2459665.630050 20.399621 0.003556
2459666.123117 20.398752 0.003553
2459666.626710 20.401226 0.003561
2459667.119777 20.393110 0.003535
2459667.612844 20.394472 0.003539
2459668.116438 20.393334 0.003535
2459668.609505 20.399079 0.003554
2459669.102572 20.393476 0.003536
2459669.606166 20.398824 0.003553
2459670.099233 20.404681 0.003573
2459670.592300 20.397905 0.003550
2459671.095894 20.398742 0.003553
2459671.588961 20.396722 0.003547
2459672.082028 20.399743 0.003556
2459672.585621 20.398303 0.003552
2459673.078688 20.403244 0.003568
2459673.571756 20.394696 0.003540
2459674.075349 20.403398 0.003568
2459674.568416 20.404537 0.003572
2459675.061483 20.407662 0.003582
2459675.565077 20.400766 0.003560
2459676.058144 20.405297 0.003575
2459676.551211 20.401155 0.003561
2459677.054805 20.399345 0.003555
2459677.547872 20.398998 0.003554
2459678.040939 20.405143 0.003574
2459678.544532 20.406170 0.003578
2459679.037600 20.402035 0.003564
2459679.530667 20.407199 0.003581
2459680.034260 20.396712 0.003546
2459680.527327 20.395347 0.003542
2459681.020394 20.396722 0.003547
2459681.523988 20.395327 0.003542
2459682.017055 20.403316 0.003568
2459682.510122 20.399590 0.003556
2459683.013716 20.401841 0.003563
2459683.506783 20.399917 0.003557
2459683.999850 20.396875 0.003547
2459684.503444 20.398650 0.003553
2459684.996511 20.400469 0.003559
2459685.489578 20.399335 0.003555
2459685.993171 20.398947 0.003554
2459686.486238 20.406695 0.003579
2459686.979306 20.398752 0.003553
2459687.482899 20.399508 0.003556
2459687.975966 20.398385 0.003552
2459688.469033 20.400919 0.003560
2459688.972627 20.391070 0.003528
2459689.465694 20.390178 0.003525
2459689.958761 20.399590 0.003556
2459690.462355 20.396345 0.003545
2459690.955422 20.400551 0.003559
2459691.448489 20.398640 0.003553
2459691.952082 20.401359 0.003562
2459692.445150 20.391557 0.003530
2459692.938217 20.402834 0.003567
2459693.441810 20.400909 0.003560
2459693.934877 20.397885 0.003550
2459807.647256 20.396091 0.003544
2459808.150849 20.402353 0.003565
2459808.643916 20.402271 0.003565
2459809.136983 20.400745 0.003560
2459809.640577 20.398844 0.003553
2459810.133644 20.400848 0.003560
2459810.626711 20.400418 0.003559
2459811.130305 20.392674 0.003533
2459811.623372 20.397069 0.003548
2459812.116439 20.404424 0.003572
2459812.620032 20.397742 0.003550
2459813.113100 20.400899 0.003560
2459813.606167 20.402732 0.003566
2459814.109760 20.400827 0.003560
2459814.602827 20.400766 0.003560
2459815.095894 20.408713 0.003586
2459815.599488 20.401554 0.003562
2459816.092555 20.398416 0.003552
2459816.585622 20.400060 0.003557
2459817.089216 20.400981 0.003560
2459817.582283 20.406479 0.003579
2459818.075350 20.402015 0.003564
2459818.578944 20.400367 0.003558
2459819.072011 20.392856 0.003534
2459819.565078 20.400030 0.003557
2459820.068671 20.394737 0.003540
2459820.561738 20.400776 0.003560
2459821.054806 20.401339 0.003562
2459821.558399 20.395490 0.003542
2459822.051466 20.404527 0.003572
2459822.544533 20.393192 0.003535
2459823.048127 20.397630 0.003549
2459823.541194 20.398987 0.003554
2459824.034261 20.398273 0.003552
2459824.537855 20.397548 0.003549
2459825.030922 20.396783 0.003547
2459825.523989 20.399999 0.003557
2459826.027582 20.396243 0.003545
2459826.520650 20.399335 0.003555
2459827.013717 20.396091 0.003544
2459827.517310 20.407199 0.003581
2459828.010377 20.397773 0.003550
2459828.503444 20.398273 0.003552
2459829.007038 20.392734 0.003534
2459829.500105 20.397069 0.003548
2459829.993172 20.396029 0.003544
2459830.496766 20.407076 0.003580
2459830.989833 20.404260 0.003571
2459831.482900 20.400142 0.003558
2459831.986494 20.395347 0.003542
2459832.479561 20.399539 0.003556
2459832.972628 20.396040 0.003544
2459833.476221 20.398191 0.003551
2459833.969288 20.395266 0.003542
2459834.462356 20.395663 0.003543
2459834.965949 20.400449 0.003559
2459835.459016 20.402793 0.003566
2459835.952083 20.398171 0.003551
2459836.455677 20.401298 0.003561
2459836.948744 20.403193 0.003568
2459837.441811 20.399314 0.003555
2459837.945405 20.398487 0.003552
2459838.438472 20.400306 0.003558
2459838.931539 20.400295 0.003558
2459839.435132 20.393313 0.003535
2459839.928200 20.399110 0.003554
2459840.421267 20.400817 0.003560
2459840.924860 20.399621 0.003556
2459841.417927 20.401779 0.003563
2459841.910994 20.401779 0.003563
2459842.414588 20.404886 0.003573
2459842.907655 20.403572 0.003569
2459843.400722 20.396671 0.003546
2459843.904316 20.406911 0.003580
2459844.397383 20.398456 0.003552
2459844.890450 20.399049 0.003554
2459845.394044 20.402875 0.003567
2459845.887111 20.403778 0.003570
2459846.380178 20.397558 0.003549
2459846.883771 20.395357 0.003542
2459847.376838 20.403778 0.003570
2459847.869906 20.395113 0.003541
2459848.373499 20.405451 0.003575
2459848.866566 20.399110 0.003554
2459849.359633 20.396773 0.003547
2459849.863227 20.394076 0.003538
2459850.356294 20.401800 0.003563
2459850.849361 20.399917 0.003557
2459851.352955 20.400408 0.003559
2459851.846022 20.394340 0.003539
2459852.339089 20.396427 0.003546
2459852.842682 20.396192 0.003545
2459853.335750 20.401666 0.003563
2459853.828817 20.395296 0.003542
2459854.332410 20.404907 0.003573
2459854.825477 20.399202 0.003555
2459855.318544 20.402947 0.003567
2459855.822138 20.397916 0.003550
2459856.315205 20.395999 0.003544
2459856.808272 20.401810 0.003563
2459857.311866 20.401411 0.003562
2459857.804933 20.394798 0.003540
2459858.298000 20.400387 0.003559
2459858.801594 20.396498 0.003546
2459859.294661 20.398018 0.003551
2459859.787728 20.398068 0.003551
2459860.291321 20.396610 0.003546
2459860.784388 20.402076 0.003564
2459861.277456 20.402732 0.003566
2459861.781049 20.399702 0.003556
2459862.274116 20.393883 0.003537
2459862.767183 20.392572 0.003533
2459863.270777 20.400111 0.003558
2459863.763844 20.401206 0.003561
2459864.256911 20.399355 0.003555
2459864.760505 20.403983 0.003570
2459865.253572 20.396478 0.003546
2459865.746639 20.397497 0.003549
2459866.250232 20.402086 0.003564
2459866.743300 20.400817 0.003560
2459867.236367 20.395795 0.003543
2459867.739960 20.395408 0.003542
2459868.233027 20.410507 0.003592
2459868.726094 20.394676 0.003540
2459869.229688 20.401144 0.003561
2459869.722755 20.398293 0.003552
2459870.215822 20.401298 0.003561
2459870.719416 20.405544 0.003575
2459871.212483 20.399335 0.003555
2459871.705550 20.398834 0.003553
2459872.209144 20.400643 0.003559
2459872.702211 20.395968 0.003544
2459873.195278 20.407806 0.003583
2459873.698871 20.396539 0.003546
2459874.191938 20.399866 0.003557
2459874.685006 20.396437 0.003546
2459875.188599 20.399968 0.003557
2459875.681666 20.400009 0.003557
2459876.174733 20.398671 0.003553
2459876.678327 20.400367 0.003558
2459877.171394 20.397100 0.003548
2459877.664461 20.396702 0.003546
2459878.168055 20.400387 0.003559
2459878.661122 20.397671 0.003550
2459879.154189 20.394391 0.003539
2459987.411250 20.405297 0.003575
2459987.904317 20.409806 0.003590
2459988.407910 20.396142 0.003545
2459988.900977 20.402312 0.003565
2459989.394044 20.398375 0.003552
2459989.897638 20.401144 0.003561
2459990.390705 20.398283 0.003552
2459990.883772 20.402260 0.003565
2459991.387366 20.398589 0.003553
2459991.880433 20.396162 0.003545
2459992.373500 20.400970 0.003560
2459992.877094 20.404198 0.003571
2459993.370161 20.403655 0.003569
2459993.863228 20.397324 0.003548
2459994.366821 20.401994 0.003564
2459994.859888 20.395744 0.003543
2459995.352956 20.402373 0.003565
2459995.856549 20.397793 0.003550
2459996.349616 20.398222 0.003551
2459996.842683 20.400684 0.003559
2459997.346277 20.398058 0.003551
2459997.839344 20.395968 0.003544
2459998.332411 20.400203 0.003558
2459998.836005 20.402978 0.003567
2459999.329072 20.397212 0.003548
2459999.822139 20.396620 0.003546
2460000.325732 20.400306 0.003558
2460000.818800 20.403091 0.003567
2460001.311867 20.399284 0.003555
2460001.815460 20.411757 0.003596
2460002.308527 20.400050 0.003557
2460002.801594 20.397181 0.003548
2460003.305188 20.396142 0.003545
2460003.798255 20.403952 0.003570
2460004.291322 20.401206 0.003561
2460004.794916 20.402189 0.003564
2460005.287983 20.400592 0.003559
2460005.781050 20.404465 0.003572
2460006.284644 20.397171 0.003548
2460006.777711 20.409476 0.003588
2460007.270778 20.401687 0.003563
2460007.774371 20.399570 0.003556
2460008.267438 20.395989 0.003544
2460008.760506 20.400275 0.003558
2460009.264099 20.396029 0.003544
2460009.757166 20.403009 0.003567
2460010.250233 20.399192 0.003555
2460010.753827 20.399151 0.003554
2460011.246894 20.401574 0.003562
2460011.739961 20.393537 0.003536
2460012.243555 20.397497 0.003549
2460012.736622 20.395276 0.003542
2460013.229689 20.402127 0.003564
2460013.733282 20.402988 0.003567
2460014.226350 20.399549 0.003556
2460014.719417 20.398058 0.003551
2460015.223010 20.400387 0.003559
2460015.716077 20.404866 0.003573
2460016.209144 20.398558 0.003553
2460016.712738 20.398752 0.003553
2460017.205805 20.399335 0.003555
2460017.698872 20.399662 0.003556
2460018.202466 20.396335 0.003545
2460018.695533 20.399611 0.003556
2460019.188600 20.401032 0.003561
2460019.692194 20.389125 0.003522
2460020.185261 20.398803 0.003553
2460020.678328 20.398344 0.003552
2460021.181921 20.397426 0.003549
2460021.674988 20.391628 0.003530
2460022.168056 20.401963 0.003564
2460022.671649 20.401052 0.003561
2460023.164716 20.394482 0.003539
2460023.657783 20.403901 0.003570
2460024.161377 20.400694 0.003560
2460024.654444 20.394554 0.003539
2460025.147511 20.396722 0.003547
2460025.651105 20.400081 0.003557
2460026.144172 20.399467 0.003555
2460026.637239 20.400889 0.003560
2460027.140832 20.397813 0.003550
2460027.633900 20.400930 0.003560
2460028.126967 20.401912 0.003564
2460028.630560 20.399192 0.003555
2460029.123627 20.398671 0.003553
2460029.616694 20.400408 0.003559
2460030.120288 20.404198 0.003571
2460030.613355 20.390260 0.003525
2460031.106422 20.393527 0.003536
2460031.610016 20.404270 0.003571
2460032.103083 20.397926 0.003550
2460032.596150 20.397263 0.003548
2460033.099744 20.402609 0.003566
2460033.592811 20.397242 0.003548
2460034.085878 20.394798 0.003540
2460034.589471 20.395083 0.003541
2460035.082538 20.397232 0.003548
2460035.575606 20.399100 0.003554
2460036.079199 20.405770 0.003576
2460036.572266 20.398242 0.003551
2460037.065333 20.401370 0.003562
2460037.568927 20.401359 0.003562
2460038.061994 20.402301 0.003565
2460038.555061 20.397711 0.003550
2460039.058655 20.395856 0.003544
2460039.551722 20.398875 0.003554
2460040.044789 20.400745 0.003560
2460040.548382 20.396264 0.003545
2460041.041450 20.398211 0.003551
2460041.534517 20.396661 0.003546
2460042.038110 20.400428 0.003559
2460042.531177 20.401073 0.003561
2460043.024244 20.398160 0.003551
2460043.527838 20.403162 0.003568
2460044.020905 20.401492 0.003562
2460044.513972 20.396366 0.003545
2460045.017566 20.397171 0.003548
2460045.510633 20.402455 0.003565
2460046.003700 20.402609 0.003566
2460046.507294 20.399529 0.003556
2460047.000361 20.396998 0.003547
2460047.493428 20.399713 0.003556
2460047.997021 20.399406 0.003555
2460048.490088 20.398477 0.003552
2460048.983156 20.397660 0.003550
2460049.486749 20.401595 0.003562
2460049.979816 20.402373 0.003565
2460050.472883 20.401666 0.003563
2460050.976477 20.404681 0.003573
2460051.469544 20.402845 0.003567
2460051.962611 20.401277 0.003561
2460052.466205 20.400970 0.003560
2460052.959272 20.399948 0.003557
2460053.452339 20.397293 0.003548
2460053.955932 20.404373 0.003572
2460054.449000 20.396213 0.003545
2460054.942067 20.395724 0.003543
2460055.445660 20.400009 0.003557
2460055.938727 20.397344 0.003549
2460056.431794 20.399989 0.003557
2460056.935388 20.400531 0.003559
2460057.428455 20.405246 0.003574
2460057.921522 20.402865 0.003567
2460058.425116 20.404075 0.003571
2460058.918183 20.402732 0.003566
