2458346.727899 21.800320 0.005031
2458347.220966 21.809475 0.005073
2458347.714033 21.818367 0.005115
2458348.217627 21.812190 0.005086
2458348.710694 21.804297 0.005049
2458349.203761 21.807401 0.005064
2458349.707355 21.811872 0.005084
2458350.200422 21.808840 0.005070
2458350.693489 21.812891 0.005089
2458351.197082 21.795625 0.005009
2458351.690150 21.821597 0.005130
2458352.183217 21.814359 0.005096
2458352.686810 21.815040 0.005099
2458353.179877 21.808649 0.005069
2458353.672944 21.817705 0.005112
2458354.176538 21.838240 0.005151
2458354.669605 21.867340 0.005210
2458355.162672 21.902699 0.005302
2458355.666266 21.938175 0.005397
2458356.159333 21.961779 0.005438
2458356.652400 21.996703 0.005539
2458357.155994 22.032345 0.005645
2458357.649061 22.061288 0.005723
2458358.142128 22.086229 0.005783
2458358.645721 22.125444 0.005921
2458359.138788 22.139190 0.005925
2458359.631856 22.180164 0.006083
2458360.135449 22.205860 0.006159
2458360.628516 22.231803 0.006240
2458361.121583 22.249068 0.006275
2458361.625177 22.257773 0.006261
2458362.118244 22.286514 0.006367
2458362.611311 22.316543 0.006485
2458363.114905 22.344198 0.006592
2458363.607972 22.358364 0.006621
2458364.101039 22.375890 0.006673
2458364.604632 22.397046 0.006749
2458365.097700 22.415435 0.006812
2458365.590767 22.423274 0.006811
2458366.094360 22.451757 0.006942
2458366.587427 22.456552 0.006925
2458367.080494 22.467176 0.006948
2458367.584088 22.488069 0.007038
2458368.077155 22.504057 0.007100
2458368.570222 22.514672 0.007129
2458369.073816 22.518858 0.007116
2458369.566883 22.550084 0.007285
2458370.059950 22.549037 0.007242
2458370.563544 22.570942 0.007354
2458371.056611 22.590945 0.007456
2458371.549678 22.587123 0.007397
2458372.053271 22.604210 0.007483
2458372.546338 22.615901 0.007534
2458373.039406 22.616257 0.007507
2458373.542999 22.640259 0.007647
2458374.036066 22.643131 0.007641
2458374.529133 22.639121 0.007587
2458375.032727 22.655944 0.007681
2458375.525794 22.671953 0.007772
2458376.018861 22.665456 0.007704
2458376.522455 22.684496 0.007818
2458377.015522 22.683263 0.007789
2458377.508589 22.684828 0.007781
2458378.012182 22.679291 0.007723
2458378.505250 22.705035 0.007891
2458378.998317 22.707938 0.007895
2458379.501910 22.712406 0.007912
2458379.994977 22.718946 0.007944
2458380.488044 22.717381 0.007918
2458380.991638 22.724001 0.007953
2458381.484705 22.734677 0.008018
2458381.977772 22.730117 0.007972
2458382.481366 22.732840 0.007980
2458382.974433 22.748322 0.008083
2458383.467500 22.750941 0.008092
2458383.971094 22.758378 0.008137
2458384.464161 22.764334 0.008172
2458384.957228 22.738408 0.007970
2458385.460821 22.755994 0.008091
2458385.953888 22.775055 0.008226
2458386.446956 22.761021 0.008112
2458386.950549 22.754729 0.008058
2458387.443616 22.761428 0.008101
2458387.936683 22.764538 0.008117
2458388.440277 22.762192 0.008093
2458388.933344 22.754678 0.008031
2458389.426411 22.763772 0.008093
2458389.930005 22.770579 0.008138
2458390.423072 22.759343 0.008049
2458390.916139 22.766531 0.008098
2458391.419732 22.773406 0.008145
2458391.912800 22.764742 0.008076
2458392.405867 22.775467 0.008156
2458392.909460 22.773561 0.008142
2458393.402527 22.769501 0.008111
2458393.895594 22.768527 0.008104
2458394.399188 22.775210 0.008154
2458394.892255 22.787394 0.008246
2458395.385322 22.774076 0.008146
2458395.888916 22.764997 0.008078
2458396.381983 22.775519 0.008156
2458396.875050 22.770425 0.008118
2458397.378644 22.776499 0.008164
2458397.871711 22.785571 0.008232
2458398.364778 22.783179 0.008214
2458398.868371 22.773046 0.008138
2458399.361438 22.769450 0.008111
2458399.854506 22.784062 0.008221
2458400.358099 22.778618 0.008180
2458400.851166 22.766991 0.008093
2458401.344233 22.781518 0.008202
2458401.847827 22.788229 0.008252
2458402.340894 22.780585 0.008195
2458402.833961 22.767554 0.008097
2458403.337555 22.767657 0.008098
2458403.830622 22.773149 0.008139
2458404.323689 22.772532 0.008134
2458404.827282 22.774488 0.008149
2458405.320350 22.796557 0.008316
2458405.813417 22.774900 0.008152
2458406.317010 22.778721 0.008180
2458406.810077 22.763517 0.008067
2458407.303144 22.764538 0.008074
2458407.806738 22.775519 0.008156
2458408.299805 22.785987 0.008235
2458408.792872 22.776396 0.008163
2458409.296466 22.774488 0.008149
2458409.789533 22.789429 0.008262
2458410.282600 22.776551 0.008164
2458410.786194 22.785362 0.008231
2458411.279261 22.770014 0.008115
2458411.772328 22.763568 0.008067
2458412.275921 22.765100 0.008078
2458412.768988 22.776190 0.008161
2458413.262056 22.774436 0.008148
2458413.765649 22.775828 0.008159
2458414.258716 22.770117 0.008116
2458414.751783 22.785362 0.008231
2458415.255377 22.769758 0.008113
2458415.748444 22.777326 0.008170
2458416.241511 22.787707 0.008248
2458416.745105 22.767042 0.008093
2458417.238172 22.787394 0.008246
2458417.731239 22.776757 0.008166
2458418.234832 22.778514 0.008179
2458526.481367 22.786716 0.008241
2458526.984960 22.777067 0.008168
2458527.478027 22.774488 0.008149
2458527.971094 22.769450 0.008111
2458528.474688 22.774230 0.008147
2458528.967755 22.783335 0.008215
2458529.460822 22.773355 0.008140
2458529.964416 22.777429 0.008171
2458530.457483 22.766173 0.008086
2458530.950550 22.774952 0.008152
2458531.454144 22.758936 0.008033
2458531.947211 22.770990 0.008122
2458532.440278 22.774539 0.008149
2458532.943871 22.782296 0.008207
2458533.436938 22.776912 0.008167
2458533.930006 22.773664 0.008142
2458534.433599 22.775158 0.008154
2458534.926666 22.788698 0.008256
2458535.419733 22.768169 0.008101
2458535.923327 22.783698 0.008218
2458536.416394 22.772892 0.008137
2458536.909461 22.780274 0.008192
2458537.413055 22.786977 0.008243
2458537.906122 22.781051 0.008198
2458538.399189 22.772892 0.008137
2458538.902782 22.766122 0.008086
2458539.395850 22.803838 0.008372
2458539.888917 22.768579 0.008104
2458540.392510 22.783698 0.008218
2458540.885577 22.768271 0.008102
2458541.378644 22.777429 0.008171
2458541.882238 22.775570 0.008157
2458542.375305 22.788490 0.008254
2458542.868372 22.782348 0.008208
2458543.371966 22.786039 0.008236
2458543.865033 22.784582 0.008225
2458544.358100 22.780067 0.008191
2458544.861694 22.771401 0.008125
2458545.354761 22.782037 0.008205
2458545.847828 22.772840 0.008136
2458546.351421 22.762803 0.008061
2458546.844488 22.778463 0.008179
2458547.337556 22.768118 0.008101
2458547.841149 22.760868 0.008047
2458548.334216 22.773098 0.008138
2458548.827283 22.787550 0.008247
2458549.330877 22.774849 0.008151
2458549.823944 22.760258 0.008043
2458550.317011 22.778669 0.008180
2458550.820605 22.771144 0.008124
2458551.313672 22.775055 0.008153
2458551.806739 22.759038 0.008033
2458552.310332 22.785883 0.008235
2458552.803400 22.776861 0.008166
2458553.296467 22.772583 0.008134
2458553.800060 22.772840 0.008136
2458554.293127 22.777067 0.008168
2458554.786194 22.764027 0.008070
2458555.289788 22.782711 0.008211
2458555.782855 22.787029 0.008243
2458556.275922 22.783906 0.008220
2458556.779516 22.778049 0.008175
2458557.272583 22.772532 0.008134
2458557.765650 22.777377 0.008170
2458558.269244 22.785154 0.008229
2458558.762311 22.779756 0.008188
2458559.255378 22.781829 0.008204
2458559.758971 22.773201 0.008139
2458560.252038 22.783335 0.008215
2458560.745106 22.772995 0.008137
2458561.248699 22.768989 0.008107
2458561.741766 22.764385 0.008073
2458562.234833 22.779860 0.008189
2458562.738427 22.775055 0.008153
2458563.231494 22.769194 0.008109
2458563.724561 22.785206 0.008229
2458564.228155 22.760359 0.008043
2458564.721222 22.783750 0.008218
2458565.214289 22.781103 0.008198
2458565.717882 22.775932 0.008159
2458566.210950 22.777842 0.008174
2458566.704017 22.776396 0.008163
2458567.207610 22.794036 0.008297
2458567.700677 22.774230 0.008147
2458568.193744 22.778152 0.008176
2458568.697338 22.782037 0.008205
2458569.190405 22.783023 0.008213
2458569.683472 22.773303 0.008140
2458570.187066 22.773252 0.008139
2458570.680133 22.769912 0.008114
2458571.173200 22.773561 0.008142
2458571.676794 22.768425 0.008103
2458572.169861 22.779963 0.008190
2458572.662928 22.764742 0.008076
2458573.166521 22.766838 0.008091
2458573.659588 22.785675 0.008233
2458574.152656 22.784634 0.008225
2458574.656249 22.774952 0.008152
2458575.149316 22.767349 0.008095
2458575.642383 22.776396 0.008163
2458576.145977 22.776706 0.008165
2458576.639044 22.775364 0.008155
2458577.132111 22.790213 0.008267
2458577.635705 22.767964 0.008100
2458578.128772 22.790945 0.008273
2458578.621839 22.765304 0.008080
2458579.125432 22.774230 0.008147
2458579.618500 22.763925 0.008070
2458580.111567 22.783387 0.008216
2458580.615160 22.775828 0.008159
2458581.108227 22.772943 0.008137
2458581.601294 22.766019 0.008085
2458582.104888 22.781103 0.008198
2458582.597955 22.778566 0.008179
2458583.091022 22.777739 0.008173
2458583.594616 22.768118 0.008101
2458584.087683 22.768784 0.008106
2458584.580750 22.758479 0.008029
2458585.084344 22.776499 0.008164
2458585.577411 22.779601 0.008187
2458586.070478 22.781829 0.008204
2458586.574071 22.764232 0.008072
2458587.067138 22.776551 0.008164
2458587.560206 22.770476 0.008119
2458588.063799 22.774952 0.008152
2458588.556866 22.778256 0.008177
2458589.049933 22.781103 0.008198
2458589.553527 22.784322 0.008223
2458590.046594 22.764385 0.008073
2458590.539661 22.767094 0.008093
2458591.043255 22.756450 0.008014
2458591.536322 22.785154 0.008229
2458592.029389 22.769604 0.008112
2458592.532982 22.793617 0.008293
2458593.026050 22.769501 0.008111
2458593.519117 22.780844 0.008196
2458594.022710 22.771555 0.008127
2458594.515777 22.775261 0.008154
2458595.008844 22.782608 0.008210
2458595.512438 22.784166 0.008222
2458596.005505 22.765202 0.008079
2458596.498572 22.789534 0.008262
2458597.002166 22.778773 0.008181
2458597.495233 22.773458 0.008141
2458597.988300 22.769245 0.008109
2458712.204272 22.782400 0.008208
2458712.697339 22.782660 0.008210
2458713.200932 22.782504 0.008209
2458713.694000 22.780689 0.008195
2458714.187067 22.768066 0.008101
2458714.690660 22.775003 0.008152
2458715.183727 22.779963 0.008190
2458715.676794 22.774746 0.008151
2458716.180388 22.769245 0.008109
2458716.673455 22.781777 0.008204
2458717.166522 22.768322 0.008102
2458717.670116 22.763568 0.008067
2458718.163183 22.786716 0.008241
2458718.656250 22.769091 0.008108
2458719.159844 22.783283 0.008215
2458719.652911 22.783127 0.008214
2458720.145978 22.781674 0.008203
2458720.649571 22.789795 0.008264
2458721.142638 22.777016 0.008168
2458721.635706 22.775828 0.008159
2458722.139299 22.782971 0.008213
2458722.632366 22.776190 0.008161
2458723.125433 22.775932 0.008159
2458723.629027 22.788176 0.008252
2458724.122094 22.782556 0.008209
2458724.615161 22.795033 0.008304
2458725.118755 22.770220 0.008117
2458725.611822 22.779290 0.008185
2458726.104889 22.792254 0.008283
2458726.608482 22.776912 0.008167
2458727.101550 22.782504 0.008209
2458727.594617 22.793512 0.008293
2458728.098210 22.780689 0.008195
2458728.591277 22.769963 0.008115
2458729.084344 22.789064 0.008259
2458729.587938 22.780119 0.008191
2458730.081005 22.760156 0.008042
2458730.574072 22.793879 0.008295
2458731.077666 22.787968 0.008250
2458731.570733 22.782971 0.008213
2458732.063800 22.783179 0.008214
2458732.567394 22.791835 0.008280
2458733.060461 22.766275 0.008087
2458733.553528 22.779704 0.008188
2458734.057121 22.774746 0.008151
2458734.550188 22.775261 0.008154
2458735.043256 22.782037 0.008205
2458735.546849 22.790945 0.008273
2458736.039916 22.770836 0.008121
2458736.532983 22.780740 0.008196
2458737.036577 22.774952 0.008152
2458737.529644 22.774179 0.008146
2458738.022711 22.779601 0.008187
2458738.526305 22.791678 0.008279
2458739.019372 22.751647 0.007979
2458739.512439 22.767964 0.008100
2458740.016032 22.788542 0.008255
2458740.509100 22.766377 0.008088
2458741.002167 22.770066 0.008115
2458741.505760 22.761886 0.008055
2458741.998827 22.772789 0.008136
2458742.491894 22.771401 0.008125
2458742.995488 22.764334 0.008073
2458743.488555 22.769707 0.008113
2458743.981622 22.768527 0.008104
2458744.485216 22.769194 0.008109
2458744.978283 22.787655 0.008248
2458745.471350 22.769450 0.008111
2458745.974944 22.775210 0.008154
2458746.468011 22.778773 0.008181
2458746.961078 22.784894 0.008227
2458747.464671 22.763925 0.008070
2458747.957738 22.783594 0.008217
2458748.450806 22.778514 0.008179
2458748.954399 22.764895 0.008077
2458749.447466 22.781259 0.008200
2458749.940533 22.779290 0.008185
2458750.444127 22.788959 0.008258
2458750.937194 22.780222 0.008192
2458751.430261 22.774797 0.008151
2458751.933855 22.773303 0.008140
2458752.426922 22.776757 0.008166
2458752.919989 22.775777 0.008158
2458753.423582 22.772840 0.008136
2458753.916650 22.769912 0.008114
2458754.409717 22.784478 0.008224
2458754.913310 22.789795 0.008264
2458755.406377 22.781155 0.008199
2458755.899444 22.777636 0.008172
2458756.403038 22.763568 0.008067
2458756.896105 22.775158 0.008154
2458757.389172 22.776241 0.008162
2458757.892766 22.774488 0.008149
2458758.385833 22.791102 0.008274
2458758.878900 22.763925 0.008070
2458759.382494 22.773406 0.008141
2458759.875561 22.776138 0.008161
2458760.368628 22.773098 0.008138
2458760.872221 22.780844 0.008196
2458761.365288 22.764487 0.008074
2458761.858356 22.775983 0.008160
2458762.361949 22.768374 0.008103
2458762.855016 22.784842 0.008227
2458763.348083 22.779239 0.008184
2458763.851677 22.787603 0.008248
2458764.344744 22.777791 0.008173
2458764.837811 22.784218 0.008222
2458765.341405 22.773046 0.008138
2458765.834472 22.768322 0.008102
2458766.327539 22.780171 0.008191
2458766.831132 22.768579 0.008104
2458767.324200 22.781881 0.008204
2458767.817267 22.768322 0.008102
2458768.320860 22.781725 0.008203
2458768.813927 22.780274 0.008192
2458769.306994 22.777791 0.008173
2458769.810588 22.757363 0.008021
2458770.303655 22.774746 0.008151
2458770.796722 22.785623 0.008233
2458771.300316 22.775622 0.008157
2458771.793383 22.781674 0.008203
2458772.286450 22.783646 0.008218
2458772.790044 22.777016 0.008168
2458773.283111 22.781103 0.008198
2458773.776178 22.769194 0.008109
2458774.279771 22.776190 0.008161
2458774.772838 22.768784 0.008106
2458775.265906 22.785050 0.008228
2458775.769499 22.768937 0.008107
2458776.262566 22.777997 0.008175
2458776.755633 22.766889 0.008092
2458777.259227 22.779912 0.008189
2458777.752294 22.762141 0.008056
2458778.245361 22.777636 0.008172
2458778.748955 22.763823 0.008069
2458779.242022 22.770990 0.008122
2458779.735089 22.778980 0.008182
2458780.238682 22.776603 0.008165
2458780.731750 22.775364 0.008155
2458781.224817 22.771504 0.008126
2458781.728410 22.782608 0.008210
2458782.221477 22.767247 0.008094
2458782.714544 22.780222 0.008192
2458783.218138 22.759749 0.008039
2458783.711205 22.778307 0.008177
2459622.427944 22.784010 0.008220
2459622.921011 22.770733 0.008120
2459623.424605 22.791940 0.008281
2459623.917672 22.773509 0.008141
2459624.410739 22.784270 0.008222
2459624.914332 22.782971 0.008213
2459625.407400 22.765304 0.008080
2459625.900467 22.789638 0.008263
2459626.404060 22.776499 0.008164
2459626.897127 22.781051 0.008198
2459627.390194 22.780740 0.008196
2459627.893788 22.783698 0.008218
2459628.386855 22.780689 0.008195
2459628.879922 22.776964 0.008167
2459629.383516 22.780533 0.008194
2459629.876583 22.781362 0.008200
2459630.369650 22.773612 0.008142
2459630.873244 22.765048 0.008078
2459631.366311 22.769450 0.008111
2459631.859378 22.763823 0.008069
2459632.362971 22.778359 0.008178
2459632.856038 22.769861 0.008114
2459633.349106 22.781466 0.008201
2459633.852699 22.763262 0.008065
2459634.345766 22.777791 0.008173
2459634.838833 22.782971 0.008213
2459635.342427 22.768118 0.008101
2459635.835494 22.791364 0.008276
2459636.328561 22.774333 0.008147
2459636.832155 22.771966 0.008130
2459637.325222 22.772635 0.008135
2459637.818289 22.787655 0.008248
2459638.321882 22.777171 0.008169
2459638.814950 22.786716 0.008241
2459639.308017 22.780689 0.008195
2459639.811610 22.775674 0.008158
2459640.304677 22.780222 0.008192
2459640.797744 22.785623 0.008233
2459641.301338 22.766684 0.008090
2459641.794405 22.781103 0.008198
2459642.287472 22.786560 0.008240
2459642.791066 22.778359 0.008178
2459643.284133 22.774642 0.008150
2459643.777200 22.787707 0.008248
2459644.280794 22.788698 0.008256
2459644.773861 22.771452 0.008126
2459645.266928 22.774952 0.008152
2459645.770521 22.774488 0.008149
2459646.263588 22.770887 0.008122
2459646.756656 22.767298 0.008095
2459647.260249 22.773406 0.008141
2459647.753316 22.763517 0.008067
2459648.246383 22.780119 0.008191
2459648.749977 22.779653 0.008187
2459649.243044 22.775003 0.008152
2459649.736111 22.778359 0.008178
2459650.239705 22.776706 0.008165
2459650.732772 22.788542 0.008255
2459651.225839 22.782348 0.008208
2459651.729432 22.778514 0.008179
2459652.222500 22.771606 0.008127
2459652.715567 22.785883 0.008235
2459653.219160 22.779342 0.008185
2459653.712227 22.773509 0.008141
2459654.205294 22.784322 0.008223
2459654.708888 22.785206 0.008229
2459655.201955 22.771144 0.008124
2459655.695022 22.765355 0.008080
2459656.198616 22.782867 0.008212
2459656.691683 22.777946 0.008175
2459657.184750 22.782919 0.008212
2459657.688344 22.775055 0.008153
2459658.181411 22.788594 0.008255
2459658.674478 22.797767 0.008325
2459659.178071 22.772275 0.008132
2459659.671138 22.779497 0.008186
2459660.164206 22.758428 0.008029
2459660.667799 22.771709 0.008128
2459661.160866 22.786873 0.008242
2459661.653933 22.771658 0.008127
2459662.157527 22.774385 0.008148
2459662.650594 22.779032 0.008183
2459663.143661 22.769399 0.008111
2459663.647255 22.763772 0.008069
2459664.140322 22.771812 0.008129
2459664.633389 22.771555 0.008127
2459665.136982 22.776138 0.008161
2459665.630050 22.773973 0.008145
2459666.123117 22.779808 0.008189
2459666.626710 22.781051 0.008198
2459667.119777 22.780222 0.008192
2459667.612844 22.762192 0.008057
2459668.116438 22.793669 0.008294
2459668.609505 22.779601 0.008187
2459669.102572 22.770990 0.008122
2459669.606166 22.775467 0.008156
2459670.099233 22.780274 0.008192
2459670.592300 22.775467 0.008156
2459671.095894 22.790893 0.008273
2459671.588961 22.774333 0.008147
2459672.082028 22.778307 0.008177
2459672.585621 22.771093 0.008123
2459673.078688 22.766940 0.008092
2459673.571756 22.769501 0.008111
2459674.075349 22.780274 0.008192
2459674.568416 22.788855 0.008257
2459675.061483 22.787394 0.008246
2459675.565077 22.782867 0.008212
2459676.058144 22.779912 0.008189
2459676.551211 22.771195 0.008124
2459677.054805 22.788490 0.008254
2459677.547872 22.774179 0.008146
2459678.040939 22.761021 0.008048
2459678.544532 22.777119 0.008168
2459679.037600 22.777739 0.008173
2459679.530667 22.776086 0.008161
2459680.034260 22.781570 0.008202
2459680.527327 22.776809 0.008166
2459681.020394 22.757211 0.008020
2459681.523988 22.788646 0.008256
2459682.017055 22.761326 0.008050
2459682.510122 22.779704 0.008188
2459683.013716 22.790370 0.008269
2459683.506783 22.776499 0.008164
2459683.999850 22.779963 0.008190
2459684.503444 22.777584 0.008172
2459684.996511 22.792568 0.008285
2459685.489578 22.769912 0.008114
2459685.993171 22.776551 0.008164
2459686.486238 22.765457 0.008081
2459686.979306 22.772583 0.008134
2459687.482899 22.780326 0.008193
2459687.975966 22.769912 0.008114
2459688.469033 22.779653 0.008187
2459688.972627 22.770733 0.008120
2459689.465694 22.768220 0.008102
2459689.958761 22.779083 0.008183
2459690.462355 22.783802 0.008219
2459690.955422 22.769245 0.008109
2459691.448489 22.777481 0.008171
2459691.952082 22.792202 0.008283
2459692.445150 22.772840 0.008136
2459692.938217 22.769501 0.008111
2459693.441810 22.778928 0.008182
2459693.934877 22.775313 0.008155
2459807.647256 22.764334 0.008073
2459808.150849 22.789482 0.008262
2459808.643916 22.782660 0.008210
2459809.136983 22.776499 0.008164
2459809.640577 22.775467 0.008156
2459810.133644 22.767196 0.008094
2459810.626711 22.782037 0.008205
2459811.130305 22.781985 0.008205
2459811.623372 22.776190 0.008161
2459812.116439 22.786195 0.008237
2459812.620032 22.777791 0.008173
2459813.113100 22.788124 0.008252
2459813.606167 22.771555 0.008127
2459814.109760 22.771863 0.008129
2459814.602827 22.774900 0.008152
2459815.095894 22.792464 0.008285
2459815.599488 22.778825 0.008181
2459816.092555 22.796189 0.008313
2459816.585622 22.782919 0.008212
2459817.089216 22.759495 0.008037
2459817.582283 22.787707 0.008248
2459818.075350 22.770322 0.008117
2459818.578944 22.781622 0.008202
2459819.072011 22.778256 0.008177
2459819.565078 22.773303 0.008140
2459820.068671 22.777274 0.008170
2459820.561738 22.776499 0.008164
2459821.054806 22.767298 0.008095
2459821.558399 22.775106 0.008153
2459822.051466 22.778514 0.008179
2459822.544533 22.765202 0.008079
2459823.048127 22.774076 0.008146
2459823.541194 22.765610 0.008082
2459824.034261 22.782348 0.008208
2459824.537855 22.773509 0.008141
2459825.030922 22.774282 0.008147
2459825.523989 22.775106 0.008153
2459826.027582 22.783231 0.008214
2459826.520650 22.780015 0.008190
2459827.013717 22.775880 0.008159
2459827.517310 22.783854 0.008219
2459828.010377 22.772840 0.008136
2459828.503444 22.776035 0.008160
2459829.007038 22.775313 0.008155
2459829.500105 22.781674 0.008203
2459829.993172 22.784842 0.008227
2459830.496766 22.779239 0.008184
2459830.989833 22.802357 0.008360
2459831.482900 22.785467 0.008231
2459831.986494 22.767810 0.008099
2459832.479561 22.793722 0.008294
2459832.972628 22.772223 0.008132
2459833.476221 22.777842 0.008174
2459833.969288 22.771761 0.008128
2459834.462356 22.767657 0.008098
2459834.965949 22.779601 0.008187
2459835.459016 22.775467 0.008156
2459835.952083 22.794771 0.008302
2459836.455677 22.776603 0.008165
2459836.948744 22.770374 0.008118
2459837.441811 22.766480 0.008089
2459837.945405 22.765610 0.008082
2459838.438472 22.764742 0.008076
2459838.931539 22.762956 0.008063
2459839.435132 22.783646 0.008218
2459839.928200 22.780119 0.008191
2459840.421267 22.774746 0.008151
2459840.924860 22.775622 0.008157
2459841.417927 22.776809 0.008166
2459841.910994 22.781311 0.008200
2459842.414588 22.769809 0.008114
2459842.907655 22.774797 0.008151
2459843.400722 22.763568 0.008067
2459843.904316 22.780637 0.008195
2459844.397383 22.766531 0.008089
2459844.890450 22.779963 0.008190
2459845.394044 22.769655 0.008112
2459845.887111 22.783387 0.008216
2459846.380178 22.769758 0.008113
2459846.883771 22.770836 0.008121
2459847.376838 22.779808 0.008189
2459847.869906 22.771863 0.008129
2459848.373499 22.770733 0.008120
2459848.866566 22.774333 0.008147
2459849.359633 22.782244 0.008207
2459849.863227 22.776654 0.008165
2459850.356294 22.781622 0.008202
2459850.849361 22.781466 0.008201
2459851.352955 22.777274 0.008170
2459851.846022 22.763976 0.008070
2459852.339089 22.772943 0.008137
2459852.842682 22.759546 0.008037
2459853.335750 22.767349 0.008095
2459853.828817 22.773561 0.008142
2459854.332410 22.793250 0.008291
2459854.825477 22.779290 0.008185
2459855.318544 22.767247 0.008094
2459855.822138 22.771966 0.008130
2459856.315205 22.782608 0.008210
2459856.808272 22.764742 0.008076
2459857.311866 22.788385 0.008254
2459857.804933 22.779342 0.008185
2459858.298000 22.774179 0.008146
2459858.801594 22.773149 0.008139
2459859.294661 22.799822 0.008341
2459859.787728 22.778773 0.008181
2459860.291321 22.788490 0.008254
2459860.784388 22.773355 0.008140
2459861.277456 22.775210 0.008154
2459861.781049 22.780274 0.008192
2459862.274116 22.777997 0.008175
2459862.767183 22.769501 0.008111
2459863.270777 22.762905 0.008062
2459863.763844 22.763109 0.008064
2459864.256911 22.778721 0.008180
2459864.760505 22.771195 0.008124
2459865.253572 22.777119 0.008168
2459865.746639 22.767452 0.008096
2459866.250232 22.769707 0.008113
2459866.743300 22.779187 0.008184
2459867.236367 22.778514 0.008179
2459867.739960 22.776190 0.008161
2459868.233027 22.776964 0.008167
2459868.726094 22.770476 0.008119
2459869.229688 22.788698 0.008256
2459869.722755 22.788751 0.008256
2459870.215822 22.789012 0.008258
2459870.719416 22.774127 0.008146
2459871.212483 22.769142 0.008109
2459871.705550 22.770425 0.008118
2459872.209144 22.769091 0.008108
2459872.702211 22.781414 0.008201
2459873.195278 22.781207 0.008199
2459873.698871 22.776241 0.008162
2459874.191938 22.773458 0.008141
2459874.685006 22.782608 0.008210
2459875.188599 22.766122 0.008086
2459875.681666 22.775880 0.008159
2459876.174733 22.772840 0.008136
2459876.678327 22.785154 0.008229
2459877.171394 22.765713 0.008083
2459877.664461 22.767657 0.008098
2459878.168055 22.771452 0.008126
2459878.661122 22.759902 0.008040
2459879.154189 22.768425 0.008103
2459987.411250 22.784166 0.008222
2459987.904317 22.786873 0.008242
2459988.407910 22.778256 0.008177
2459988.900977 22.777687 0.008173
2459989.394044 22.784426 0.008224
2459989.897638 22.786508 0.008239
2459990.390705 22.777481 0.008171
2459990.883772 22.769142 0.008109
2459991.387366 22.787029 0.008243
2459991.880433 22.778721 0.008180
2459992.373500 22.769501 0.008111
2459992.877094 22.760614 0.008045
2459993.370161 22.781518 0.008202
2459993.863228 22.771041 0.008123
2459994.366821 22.771093 0.008123
2459994.859888 22.769501 0.008111
2459995.352956 22.778980 0.008182
2459995.856549 22.784322 0.008223
2459996.349616 22.769245 0.008109
2459996.842683 22.788072 0.008251
2459997.346277 22.766991 0.008093
2459997.839344 22.792673 0.008286
2459998.332411 22.784530 0.008224
2459998.836005 22.788176 0.008252
2459999.329072 22.770476 0.008119
2459999.822139 22.782608 0.008210
2460000.325732 22.776241 0.008162
2460000.818800 22.782815 0.008211
2460001.311867 22.775158 0.008154
2460001.815460 22.761988 0.008055
2460002.308527 22.761326 0.008050
2460002.801594 22.782504 0.008209
2460003.305188 22.776138 0.008161
2460003.798255 22.796032 0.008312
2460004.291322 22.781051 0.008198
2460004.794916 22.785727 0.008233
2460005.287983 22.785102 0.008229
2460005.781050 22.769604 0.008112
2460006.284644 22.801406 0.008353
2460006.777711 22.775416 0.008156
2460007.270778 22.769553 0.008112
2460007.774371 22.776448 0.008163
2460008.267438 22.779912 0.008189
2460008.760506 22.769501 0.008111
2460009.264099 22.784374 0.008223
2460009.757166 22.779446 0.008186
2460010.250233 22.779394 0.008186
2460010.753827 22.767708 0.008098
2460011.246894 22.779704 0.008188
2460011.739961 22.777687 0.008173
2460012.243555 22.782556 0.008209
2460012.736622 22.772995 0.008137
2460013.229689 22.774076 0.008146
2460013.733282 22.775261 0.008154
2460014.226350 22.775364 0.008155
2460014.719417 22.766940 0.008092
2460015.223010 22.781570 0.008202
2460015.716077 22.784270 0.008222
2460016.209144 22.784478 0.008224
2460016.712738 22.763109 0.008064
2460017.205805 22.759089 0.008034
2460017.698872 22.786143 0.008237
2460018.202466 22.771812 0.008129
2460018.695533 22.790057 0.008266
2460019.188600 22.762549 0.008060
2460019.692194 22.776499 0.008164
2460020.185261 22.773715 0.008143
2460020.678328 22.770066 0.008115
2460021.181921 22.760207 0.008042
2460021.674988 22.781674 0.008203
2460022.168056 22.764385 0.008073
2460022.671649 22.777894 0.008174
2460023.164716 22.781985 0.008205
2460023.657783 22.786456 0.008239
2460024.161377 22.782452 0.008209
2460024.654444 22.767298 0.008095
2460025.147511 22.774746 0.008151
2460025.651105 22.779342 0.008185
2460026.144172 22.777481 0.008171
2460026.637239 22.796452 0.008315
2460027.140832 22.772120 0.008131
2460027.633900 22.785831 0.008234
2460028.126967 22.770887 0.008122
2460028.630560 22.787394 0.008246
2460029.123627 22.784738 0.008226
2460029.616694 22.767042 0.008093
2460030.120288 22.785519 0.008232
2460030.613355 22.797557 0.008324
2460031.106422 22.770528 0.008119
2460031.610016 22.782867 0.008212
2460032.103083 22.774333 0.008147
2460032.596150 22.778618 0.008180
2460033.099744 22.772326 0.008132
2460033.592811 22.780015 0.008190
2460034.085878 22.785831 0.008234
2460034.589471 22.789064 0.008259
2460035.082538 22.791050 0.008274
2460035.575606 22.771041 0.008123
2460036.079199 22.777687 0.008173
2460036.572266 22.769553 0.008112
2460037.065333 22.779860 0.008189
2460037.568927 22.781311 0.008200
2460038.061994 22.781829 0.008204
2460038.555061 22.766735 0.008091
2460039.058655 22.777791 0.008173
2460039.551722 22.787916 0.008250
2460040.044789 22.763925 0.008070
2460040.548382 22.773767 0.008143
2460041.041450 22.772069 0.008130
2460041.534517 22.776757 0.008166
2460042.038110 22.779704 0.008188
2460042.531177 22.771401 0.008125
2460043.024244 22.769296 0.008110
2460043.527838 22.777067 0.008168
2460044.020905 22.776448 0.008163
2460044.513972 22.771144 0.008124
2460045.017566 22.776654 0.008165
2460045.510633 22.783387 0.008216
2460046.003700 22.768579 0.008104
2460046.507294 22.779653 0.008187
2460047.000361 22.778204 0.008177
2460047.493428 22.790789 0.008272
2460047.997021 22.778411 0.008178
2460048.490088 22.779497 0.008186
2460048.983156 22.788124 0.008252
2460049.486749 22.785415 0.008231
2460049.979816 22.781207 0.008199
2460050.472883 22.760308 0.008043
2460050.976477 22.770374 0.008118
2460051.469544 22.776293 0.008162
2460051.962611 22.770374 0.008118
2460052.466205 22.776757 0.008166
2460052.959272 22.758175 0.008027
2460053.452339 22.778152 0.008176
2460053.955932 22.782763 0.008211
2460054.449000 22.764895 0.008077
2460054.942067 22.778101 0.008176
2460055.445660 22.769501 0.008111
2460055.938727 22.774024 0.008145
2460056.431794 22.791050 0.008274
2460056.935388 22.775828 0.008159
2460057.428455 22.759444 0.008036
2460057.921522 22.791835 0.008280
2460058.425116 22.783491 0.008216
2460058.918183 22.774642 0.008150
