2458346.727899 19.541729 0.002443
2458347.220966 19.537199 0.002433
2458347.714033 19.542533 0.002445
2458348.217627 19.541643 0.002443
2458348.710694 19.542971 0.002446
2458349.203761 19.541222 0.002442
2458349.707355 19.536223 0.002431
2458350.200422 19.539761 0.002439
2458350.693489 19.539163 0.002437
2458351.197082 19.542250 0.002444
2458351.690150 19.535183 0.002428
2458352.183217 19.539557 0.002438
2458352.686810 19.539484 0.002438
2458353.179877 19.541547 0.002443
2458353.672944 19.539679 0.002438
2458354.176538 19.539341 0.002438
2458354.669605 19.541933 0.002443
2458355.162672 19.540194 0.002440
2458355.666266 19.536625 0.002432
2458356.159333 19.539107 0.002437
2458356.652400 19.540181 0.002440
2458357.155994 19.539549 0.002438
2458357.649061 19.541139 0.002442
2458358.142128 19.543588 0.002447
2458358.645721 19.540974 0.002441
2458359.138788 19.541222 0.002442
2458359.631856 19.538652 0.002436
2458360.135449 19.539960 0.002439
2458360.628516 19.537519 0.002434
2458361.121583 19.541933 0.002443
2458361.625177 19.539449 0.002438
2458362.118244 19.537178 0.002433
2458362.611311 19.538492 0.002436
2458363.114905 19.538497 0.002436
2458363.607972 19.538787 0.002436
2458364.101039 19.467498 0.002371
2458364.604632 19.265317 0.002206
2458365.097700 19.254324 0.002196
2458365.590767 19.256952 0.002201
2458366.094360 19.255444 0.002198
2458366.587427 19.258884 0.002205
2458367.080494 19.256752 0.002201
2458367.584088 19.257877 0.002203
2458368.077155 19.255617 0.002199
2458368.570222 19.256902 0.002201
2458369.073816 19.261016 0.002210
2458369.566883 19.252212 0.002192
2458370.059950 19.257206 0.002202
2458370.563544 19.254751 0.002197
2458371.056611 19.254544 0.002196
2458371.549678 19.256185 0.002200
2458372.053271 19.256862 0.002201
2458372.546338 19.256889 0.002201
2458373.039406 19.257263 0.002202
2458373.542999 19.252401 0.002192
2458374.036066 19.254195 0.002196
2458374.529133 19.258278 0.002204
2458375.032727 19.256802 0.002201
2458375.525794 19.259917 0.002207
2458376.018861 19.256381 0.002200
2458376.522455 19.255257 0.002198
2458377.015522 19.255888 0.002199
2458377.508589 19.254091 0.002196
2458378.012182 19.256285 0.002200
2458378.505250 19.258803 0.002205
2458378.998317 19.259941 0.002207
2458379.501910 19.256865 0.002201
2458379.994977 19.253482 0.002194
2458380.488044 19.259680 0.002207
2458380.991638 19.256585 0.002201
2458381.484705 19.255888 0.002199
2458381.977772 19.254071 0.002196
2458382.481366 19.260942 0.002209
2458382.974433 19.254931 0.002197
2458383.467500 19.257934 0.002203
2458383.971094 19.258623 0.002205
2458384.464161 19.256321 0.002200
2458384.957228 19.256391 0.002200
2458385.460821 19.250498 0.002188
2458385.953888 19.264820 0.002211
2458386.446956 19.270534 0.002210
2458386.950549 19.279486 0.002215
2458387.443616 19.292879 0.002231
2458387.936683 19.301352 0.002237
2458388.440277 19.307375 0.002237
2458388.933344 19.319081 0.002251
2458389.426411 19.329353 0.002261
2458389.930005 19.332158 0.002256
2458390.423072 19.340419 0.002263
2458390.916139 19.355024 0.002284
2458391.419732 19.361493 0.002288
2458391.912800 19.363208 0.002282
2458392.405867 19.370782 0.002289
2458392.909460 19.379384 0.002298
2458393.402527 19.387580 0.002307
2458393.895594 19.387987 0.002300
2458394.399188 19.403955 0.002325
2458394.892255 19.410546 0.002332
2458395.385322 19.407462 0.002318
2458395.888916 19.417870 0.002332
2458396.381983 19.419346 0.002328
2458396.875050 19.430437 0.002346
2458397.378644 19.434782 0.002348
2458397.871711 19.439586 0.002352
2458398.364778 19.440207 0.002347
2458398.868371 19.449156 0.002360
2458399.361438 19.448949 0.002354
2458399.854506 19.454890 0.002361
2458400.358099 19.462061 0.002371
2458400.851166 19.464552 0.002371
2458401.344233 19.467162 0.002372
2458401.847827 19.474635 0.002383
2458402.340894 19.470510 0.002370
2458402.833961 19.483405 0.002393
2458403.337555 19.483470 0.002389
2458403.830622 19.488194 0.002395
2458404.323689 19.492499 0.002400
2458404.827282 19.496992 0.002406
2458405.320350 19.492802 0.002393
2458405.813417 19.501051 0.002407
2458406.317010 19.499506 0.002400
2458406.810077 19.508467 0.002416
2458407.303144 19.505895 0.002407
2458407.806738 19.515939 0.002426
2458408.299805 19.510848 0.002412
2458408.792872 19.518514 0.002426
2458409.296466 19.517512 0.002420
2458409.789533 19.517881 0.002418
2458410.282600 19.520857 0.002422
2458410.786194 19.522911 0.002424
2458411.279261 19.520649 0.002417
2458411.772328 19.528110 0.002431
2458412.275921 19.526384 0.002424
2458412.768988 19.525020 0.002419
2458413.262056 19.535973 0.002441
2458413.765649 19.535709 0.002439
2458414.258716 19.531987 0.002428
2458414.751783 19.538549 0.002441
2458415.255377 19.538903 0.002440
2458415.748444 19.538618 0.002437
2458416.241511 19.538440 0.002436
2458416.745105 19.538895 0.002437
2458417.238172 19.539926 0.002439
2458417.731239 19.541139 0.002442
2458418.234832 19.537515 0.002434
2458526.481367 19.540172 0.002439
2458526.984960 19.537978 0.002435
2458527.478027 19.542198 0.002444
2458527.971094 19.541239 0.002442
2458528.474688 19.539822 0.002439
2458528.967755 19.532925 0.002423
2458529.460822 19.538769 0.002436
2458529.964416 19.535399 0.002429
2458530.457483 19.538099 0.002435
2458530.950550 19.542641 0.002445
2458531.454144 19.538895 0.002437
2458531.947211 19.541465 0.002442
2458532.440278 19.538652 0.002436
2458532.943871 19.543175 0.002446
2458533.436938 19.538921 0.002437
2458533.930006 19.539388 0.002438
2458534.433599 19.537822 0.002434
2458534.926666 19.542090 0.002444
2458535.419733 19.540120 0.002439
2458535.923327 19.539497 0.002438
2458536.416394 19.539146 0.002437
2458536.909461 19.540472 0.002440
2458537.413055 19.538337 0.002435
2458537.906122 19.537485 0.002433
2458538.399189 19.545625 0.002452
2458538.902782 19.537965 0.002435
2458539.395850 19.539817 0.002439
2458539.888917 19.538371 0.002435
2458540.392510 19.538146 0.002435
2458540.885577 19.540753 0.002441
2458541.378644 19.539501 0.002438
2458541.882238 19.539129 0.002437
2458542.375305 19.536227 0.002431
2458542.868372 19.540727 0.002441
2458543.371966 19.536102 0.002430
2458543.865033 19.538449 0.002436
2458544.358100 19.539536 0.002438
2458544.861694 19.542398 0.002444
2458545.354761 19.538233 0.002435
2458545.847828 19.544397 0.002449
2458546.351421 19.537567 0.002434
2458546.844488 19.534575 0.002427
2458547.337556 19.539774 0.002439
2458547.841149 19.538553 0.002436
2458548.334216 19.541387 0.002442
2458548.827283 19.539596 0.002438
2458549.330877 19.539302 0.002438
2458549.823944 19.539917 0.002439
2458550.317011 19.537835 0.002434
2458550.820605 19.541482 0.002442
2458551.313672 19.539189 0.002437
2458551.806739 19.538190 0.002435
2458552.310332 19.536979 0.002432
2458552.803400 19.538194 0.002435
2458553.296467 19.538739 0.002436
2458553.800060 19.543528 0.002447
2458554.293127 19.539861 0.002439
2458554.786194 19.537960 0.002435
2458555.289788 19.541903 0.002443
2458555.782855 19.541031 0.002441
2458556.275922 19.537679 0.002434
2458556.779516 19.540558 0.002440
2458557.272583 19.539224 0.002437
2458557.765650 19.540433 0.002440
2458558.269244 19.543654 0.002447
2458558.762311 19.538934 0.002437
2458559.255378 19.537364 0.002433
2458559.758971 19.539150 0.002437
2458560.252038 19.539051 0.002437
2458560.745106 19.540281 0.002440
2458561.248699 19.537805 0.002434
2458561.741766 19.535386 0.002429
2458562.234833 19.541282 0.002442
2458562.738427 19.544415 0.002449
2458563.231494 19.540983 0.002441
2458563.724561 19.536145 0.002430
2458564.228155 19.539518 0.002438
2458564.721222 19.538765 0.002436
2458565.214289 19.539674 0.002438
2458565.717882 19.540038 0.002439
2458566.210950 19.540745 0.002441
2458566.704017 19.537904 0.002434
2458567.207610 19.538847 0.002437
2458567.700677 19.540766 0.002441
2458568.193744 19.541530 0.002443
2458568.697338 19.546126 0.002453
2458569.190405 19.543571 0.002447
2458569.683472 19.537649 0.002434
2458570.187066 19.540216 0.002440
2458570.680133 19.541773 0.002443
2458571.173200 19.539757 0.002439
2458571.676794 19.537044 0.002432
2458572.169861 19.537493 0.002433
2458572.662928 19.541439 0.002442
2458573.166521 19.540381 0.002440
2458573.659588 19.544036 0.002448
2458574.152656 19.540684 0.002441
2458574.656249 19.535964 0.002430
2458575.149316 19.537882 0.002434
2458575.642383 19.538246 0.002435
2458576.145977 19.545181 0.002451
2458576.639044 19.545960 0.002453
2458577.132111 19.537917 0.002434
2458577.635705 19.540246 0.002440
2458578.128772 19.541061 0.002441
2458578.621839 19.538423 0.002436
2458579.125432 19.540350 0.002440
2458579.618500 19.545973 0.002453
2458580.111567 19.540411 0.002440
2458580.615160 19.542068 0.002444
2458581.108227 19.540593 0.002440
2458581.601294 19.538250 0.002435
2458582.104888 19.539172 0.002437
2458582.597955 19.540320 0.002440
2458583.091022 19.543884 0.002448
2458583.594616 19.536236 0.002431
2458584.087683 19.540029 0.002439
2458584.580750 19.533743 0.002425
2458585.084344 19.541144 0.002442
2458585.577411 19.538834 0.002436
2458586.070478 19.539479 0.002438
2458586.574071 19.544014 0.002448
2458587.067138 19.542302 0.002444
2458587.560206 19.540684 0.002441
2458588.063799 19.539250 0.002437
2458588.556866 19.540974 0.002441
2458589.049933 19.538263 0.002435
2458589.553527 19.542863 0.002446
2458590.046594 19.536988 0.002432
2458590.539661 19.539207 0.002437
2458591.043255 19.531389 0.002420
2458591.536322 19.538536 0.002436
2458592.029389 19.543032 0.002446
2458592.532982 19.539631 0.002438
2458593.026050 19.539259 0.002437
2458593.519117 19.541842 0.002443
2458594.022710 19.539843 0.002439
2458594.515777 19.544758 0.002450
2458595.008844 19.538756 0.002436
2458595.512438 19.542307 0.002444
2458596.005505 19.543141 0.002446
2458596.498572 19.541434 0.002442
2458597.002166 19.535835 0.002430
2458597.495233 19.539683 0.002438
2458597.988300 19.542467 0.002445
2458712.204272 19.541014 0.002441
2458712.697339 19.541378 0.002442
2458713.200932 19.539107 0.002437
2458713.694000 19.544384 0.002449
2458714.187067 19.537420 0.002433
2458714.690660 19.539774 0.002439
2458715.183727 19.542324 0.002444
2458715.676794 19.537070 0.002433
2458716.180388 19.543597 0.002447
2458716.673455 19.541972 0.002444
2458717.166522 19.542876 0.002446
2458717.670116 19.544702 0.002450
2458718.163183 19.537696 0.002434
2458718.656250 19.541330 0.002442
2458719.159844 19.540515 0.002440
2458719.652911 19.539947 0.002439
2458720.145978 19.539549 0.002438
2458720.649571 19.538596 0.002436
2458721.142638 19.537351 0.002433
2458721.635706 19.536845 0.002432
2458722.139299 19.535545 0.002429
2458722.632366 19.540818 0.002441
2458723.125433 19.538523 0.002436
2458723.629027 19.539371 0.002438
2458724.122094 19.540766 0.002441
2458724.615161 19.543293 0.002447
2458725.118755 19.541330 0.002442
2458725.611822 19.537917 0.002434
2458726.104889 19.540909 0.002441
2458726.608482 19.542051 0.002444
2458727.101550 19.542519 0.002445
2458727.594617 19.540857 0.002441
2458728.098210 19.544902 0.002450
2458728.591277 19.538332 0.002435
2458729.084344 19.537558 0.002434
2458729.587938 19.538276 0.002435
2458730.081005 19.541703 0.002443
2458730.574072 19.539176 0.002437
2458731.077666 19.539315 0.002438
2458731.570733 19.536145 0.002430
2458732.063800 19.537800 0.002434
2458732.567394 19.539557 0.002438
2458733.060461 19.536607 0.002431
2458733.553528 19.535217 0.002428
2458734.057121 19.539917 0.002439
2458734.550188 19.536478 0.002431
2458735.043256 19.539696 0.002438
2458735.546849 19.536720 0.002432
2458736.039916 19.540498 0.002440
2458736.532983 19.534993 0.002428
2458737.036577 19.542602 0.002445
2458737.529644 19.539609 0.002438
2458738.022711 19.543658 0.002447
2458738.526305 19.539531 0.002438
2458739.019372 19.538181 0.002435
2458739.512439 19.540554 0.002440
2458740.016032 19.541096 0.002442
2458740.509100 19.545978 0.002453
2458741.002167 19.539973 0.002439
2458741.505760 19.540402 0.002440
2458741.998827 19.537299 0.002433
2458742.491894 19.539085 0.002437
2458742.995488 19.540172 0.002439
2458743.488555 19.544550 0.002449
2458743.981622 19.542789 0.002445
2458744.485216 19.536659 0.002432
2458744.978283 19.542120 0.002444
2458745.471350 19.542606 0.002445
2458745.974944 19.543619 0.002447
2458746.468011 19.537273 0.002433
2458746.961078 19.539627 0.002438
2458747.464671 19.542650 0.002445
2458747.957738 19.539627 0.002438
2458748.450806 19.540944 0.002441
2458748.954399 19.539293 0.002438
2458749.447466 19.543419 0.002447
2458749.940533 19.539761 0.002439
2458750.444127 19.540602 0.002440
2458750.937194 19.545777 0.002452
2458751.430261 19.542433 0.002445
2458751.933855 19.544711 0.002450
2458752.426922 19.536741 0.002432
2458752.919989 19.539731 0.002438
2458753.423582 19.540814 0.002441
2458753.916650 19.537830 0.002434
2458754.409717 19.539328 0.002438
2458754.913310 19.543754 0.002448
2458755.406377 19.542285 0.002444
2458755.899444 19.540051 0.002439
2458756.403038 19.536370 0.002431
2458756.896105 19.539605 0.002438
2458757.389172 19.540593 0.002440
2458757.892766 19.540649 0.002441
2458758.385833 19.543480 0.002447
2458758.878900 19.536867 0.002432
2458759.382494 19.543493 0.002447
2458759.875561 19.540610 0.002440
2458760.368628 19.540125 0.002439
2458760.872221 19.535101 0.002428
2458761.365288 19.540788 0.002441
2458761.858356 19.541434 0.002442
2458762.361949 19.538735 0.002436
2458762.855016 19.538241 0.002435
2458763.348083 19.539038 0.002437
2458763.851677 19.542910 0.002446
2458764.344744 19.538458 0.002436
2458764.837811 19.535446 0.002429
2458765.341405 19.536361 0.002431
2458765.834472 19.539687 0.002438
2458766.327539 19.536910 0.002432
2458766.831132 19.542077 0.002444
2458767.324200 19.540996 0.002441
2458767.817267 19.544841 0.002450
2458768.320860 19.535826 0.002430
2458768.813927 19.540068 0.002439
2458769.306994 19.539155 0.002437
2458769.810588 19.543254 0.002446
2458770.303655 19.541864 0.002443
2458770.796722 19.544180 0.002449
2458771.300316 19.543962 0.002448
2458771.793383 19.536646 0.002432
2458772.286450 19.543028 0.002446
2458772.790044 19.537122 0.002433
2458773.283111 19.539921 0.002439
2458773.776178 19.535425 0.002429
2458774.279771 19.540324 0.002440
2458774.772838 19.537597 0.002434
2458775.265906 19.542242 0.002444
2458775.769499 19.542615 0.002445
2458776.262566 19.542298 0.002444
2458776.755633 19.541907 0.002443
2458777.259227 19.537437 0.002433
2458777.752294 19.539861 0.002439
2458778.245361 19.538172 0.002435
2458778.748955 19.541894 0.002443
2458779.242022 19.539583 0.002438
2458779.735089 19.542202 0.002444
2458780.238682 19.543110 0.002446
2458780.731750 19.543767 0.002448
2458781.224817 19.540229 0.002440
2458781.728410 19.547552 0.002456
2458782.221477 19.536063 0.002430
2458782.714544 19.545812 0.002452
2458783.218138 19.538635 0.002436
2458783.711205 19.538713 0.002436
2459622.427944 19.535873 0.002430
2459622.921011 19.535028 0.002428
2459623.424605 19.542281 0.002444
2459623.917672 19.539839 0.002439
2459624.410739 19.543262 0.002446
2459624.914332 19.543858 0.002448
2459625.407400 19.541847 0.002443
2459625.900467 19.543706 0.002447
2459626.404060 19.538678 0.002436
2459626.897127 19.539518 0.002438
2459627.390194 19.538588 0.002436
2459627.893788 19.540853 0.002441
2459628.386855 19.541933 0.002443
2459628.879922 19.540203 0.002440
2459629.383516 19.542020 0.002444
2459629.876583 19.538168 0.002435
2459630.369650 19.539237 0.002437
2459630.873244 19.543215 0.002446
2459631.366311 19.538501 0.002436
2459631.859378 19.542350 0.002444
2459632.362971 19.534851 0.002428
2459632.856038 19.538289 0.002435
2459633.349106 19.540320 0.002440
2459633.852699 19.540138 0.002439
2459634.345766 19.539830 0.002439
2459634.838833 19.537078 0.002433
2459635.342427 19.538358 0.002435
2459635.835494 19.538804 0.002436
2459636.328561 19.537567 0.002434
2459636.832155 19.536970 0.002432
2459637.325222 19.538562 0.002436
2459637.818289 19.541356 0.002442
2459638.321882 19.540459 0.002440
2459638.814950 19.540346 0.002440
2459639.308017 19.543645 0.002447
2459639.811610 19.541161 0.002442
2459640.304677 19.544215 0.002449
2459640.797744 19.539090 0.002437
2459641.301338 19.537182 0.002433
2459641.794405 19.536301 0.002431
2459642.287472 19.539492 0.002438
2459642.791066 19.535951 0.002430
2459643.284133 19.539336 0.002438
2459643.777200 19.540502 0.002440
2459644.280794 19.537696 0.002434
2459644.773861 19.540454 0.002440
2459645.266928 19.536534 0.002431
2459645.770521 19.543910 0.002448
2459646.263588 19.539449 0.002438
2459646.756656 19.541421 0.002442
2459647.260249 19.537999 0.002435
2459647.753316 19.540866 0.002441
2459648.246383 19.538986 0.002437
2459648.749977 19.536620 0.002432
2459649.243044 19.546400 0.002454
2459649.736111 19.539453 0.002438
2459650.239705 19.540736 0.002441
2459650.732772 19.535748 0.002430
2459651.225839 19.538817 0.002436
2459651.729432 19.537904 0.002434
2459652.222500 19.538345 0.002435
2459652.715567 19.537830 0.002434
2459653.219160 19.541053 0.002441
2459653.712227 19.539176 0.002437
2459654.205294 19.542615 0.002445
2459654.708888 19.535994 0.002430
2459655.201955 19.543258 0.002446
2459655.695022 19.538241 0.002435
2459656.198616 19.539886 0.002439
2459656.691683 19.540181 0.002440
2459657.184750 19.537286 0.002433
2459657.688344 19.538627 0.002436
2459658.181411 19.540723 0.002441
2459658.674478 19.539990 0.002439
2459659.178071 19.541001 0.002441
2459659.671138 19.541881 0.002443
2459660.164206 19.540485 0.002440
2459660.667799 19.537809 0.002434
2459661.160866 19.542450 0.002445
2459661.653933 19.538886 0.002437
2459662.157527 19.538774 0.002436
2459662.650594 19.539809 0.002439
2459663.143661 19.540706 0.002441
2459663.647255 19.540979 0.002441
2459664.140322 19.543541 0.002447
2459664.633389 19.544058 0.002448
2459665.136982 19.540454 0.002440
2459665.630050 19.535696 0.002429
2459666.123117 19.538977 0.002437
2459666.626710 19.538592 0.002436
2459667.119777 19.541820 0.002443
2459667.612844 19.539207 0.002437
2459668.116438 19.542910 0.002446
2459668.609505 19.540047 0.002439
2459669.102572 19.540389 0.002440
2459669.606166 19.538778 0.002436
2459670.099233 19.541027 0.002441
2459670.592300 19.538462 0.002436
2459671.095894 19.542602 0.002445
2459671.588961 19.542046 0.002444
2459672.082028 19.538423 0.002436
2459672.585621 19.540519 0.002440
2459673.078688 19.540740 0.002441
2459673.571756 19.539375 0.002438
2459674.075349 19.539401 0.002438
2459674.568416 19.538800 0.002436
2459675.061483 19.539930 0.002439
2459675.565077 19.537256 0.002433
2459676.058144 19.538177 0.002435
2459676.551211 19.541990 0.002444
2459677.054805 19.540320 0.002440
2459677.547872 19.538761 0.002436
2459678.040939 19.537818 0.002434
2459678.544532 19.540940 0.002441
2459679.037600 19.540662 0.002441
2459679.530667 19.540038 0.002439
2459680.034260 19.542441 0.002445
2459680.527327 19.538354 0.002435
2459681.020394 19.539679 0.002438
2459681.523988 19.537869 0.002434
2459682.017055 19.538804 0.002436
2459682.510122 19.538112 0.002435
2459683.013716 19.541391 0.002442
2459683.506783 19.542259 0.002444
2459683.999850 19.536733 0.002432
2459684.503444 19.539436 0.002438
2459684.996511 19.543032 0.002446
2459685.489578 19.540181 0.002440
2459685.993171 19.540940 0.002441
2459686.486238 19.536819 0.002432
2459686.979306 19.542893 0.002446
2459687.482899 19.540862 0.002441
2459687.975966 19.540818 0.002441
2459688.469033 19.542072 0.002444
2459688.972627 19.537783 0.002434
2459689.465694 19.538125 0.002435
2459689.958761 19.540979 0.002441
2459690.462355 19.537593 0.002434
2459690.955422 19.541903 0.002443
2459691.448489 19.543136 0.002446
2459691.952082 19.537385 0.002433
2459692.445150 19.543997 0.002448
2459692.938217 19.539951 0.002439
2459693.441810 19.544567 0.002449
2459693.934877 19.538311 0.002435
2459807.647256 19.539362 0.002438
2459808.150849 19.534480 0.002427
2459808.643916 19.537865 0.002434
2459809.136983 19.539657 0.002438
2459809.640577 19.542463 0.002445
2459810.133644 19.540237 0.002440
2459810.626711 19.536253 0.002431
2459811.130305 19.535330 0.002429
2459811.623372 19.541907 0.002443
2459812.116439 19.541222 0.002442
2459812.620032 19.542224 0.002444
2459813.113100 19.538839 0.002436
2459813.606167 19.537554 0.002434
2459814.109760 19.540966 0.002441
2459814.602827 19.535623 0.002429
2459815.095894 19.543614 0.002447
2459815.599488 19.540094 0.002439
2459816.092555 19.540185 0.002440
2459816.585622 19.540498 0.002440
2459817.089216 19.538722 0.002436
2459817.582283 19.538726 0.002436
2459818.075350 19.542094 0.002444
2459818.578944 19.537947 0.002434
2459819.072011 19.536366 0.002431
2459819.565078 19.539228 0.002437
2459820.068671 19.536538 0.002431
2459820.561738 19.539176 0.002437
2459821.054806 19.539090 0.002437
2459821.558399 19.537770 0.002434
2459822.051466 19.537381 0.002433
2459822.544533 19.541131 0.002442
2459823.048127 19.539051 0.002437
2459823.541194 19.540736 0.002441
2459824.034261 19.539982 0.002439
2459824.537855 19.540723 0.002441
2459825.030922 19.543441 0.002447
2459825.523989 19.538254 0.002435
2459826.027582 19.541087 0.002442
2459826.520650 19.544645 0.002450
2459827.013717 19.541690 0.002443
2459827.517310 19.537480 0.002433
2459828.010377 19.538540 0.002436
2459828.503444 19.538752 0.002436
2459829.007038 19.545102 0.002451
2459829.500105 19.540198 0.002440
2459829.993172 19.538501 0.002436
2459830.496766 19.541604 0.002443
2459830.989833 19.540120 0.002439
2459831.482900 19.543454 0.002447
2459831.986494 19.536543 0.002431
2459832.479561 19.539960 0.002439
2459832.972628 19.542350 0.002444
2459833.476221 19.541361 0.002442
2459833.969288 19.539908 0.002439
2459834.462356 19.537978 0.002435
2459834.965949 19.540810 0.002441
2459835.459016 19.542372 0.002444
2459835.952083 19.538709 0.002436
2459836.455677 19.534734 0.002427
2459836.948744 19.537805 0.002434
2459837.441811 19.540029 0.002439
2459837.945405 19.542090 0.002444
2459838.438472 19.536512 0.002431
2459838.931539 19.540597 0.002440
2459839.435132 19.540181 0.002440
2459839.928200 19.539388 0.002438
2459840.421267 19.546300 0.002453
2459840.924860 19.540736 0.002441
2459841.417927 19.535187 0.002428
2459841.910994 19.541951 0.002443
2459842.414588 19.544532 0.002449
2459842.907655 19.545094 0.002451
2459843.400722 19.539743 0.002439
2459843.904316 19.538008 0.002435
2459844.397383 19.544271 0.002449
2459844.890450 19.538081 0.002435
2459845.394044 19.540042 0.002439
2459845.887111 19.536845 0.002432
2459846.380178 19.541417 0.002442
2459846.883771 19.541113 0.002442
2459847.376838 19.536962 0.002432
2459847.869906 19.541079 0.002442
2459848.373499 19.539748 0.002439
2459848.866566 19.539401 0.002438
2459849.359633 19.536970 0.002432
2459849.863227 19.542858 0.002446
2459850.356294 19.542437 0.002445
2459850.849361 19.540021 0.002439
2459851.352955 19.539505 0.002438
2459851.846022 19.541174 0.002442
2459852.339089 19.541486 0.002442
2459852.842682 19.544328 0.002449
2459853.335750 19.547050 0.002455
2459853.828817 19.542333 0.002444
2459854.332410 19.536171 0.002431
2459854.825477 19.541148 0.002442
2459855.318544 19.540896 0.002441
2459855.822138 19.540541 0.002440
2459856.315205 19.537588 0.002434
2459856.808272 19.542211 0.002444
2459857.311866 19.541486 0.002442
2459857.804933 19.539120 0.002437
2459858.298000 19.537480 0.002433
2459858.801594 19.539956 0.002439
2459859.294661 19.538782 0.002436
2459859.787728 19.537826 0.002434
2459860.291321 19.539908 0.002439
2459860.784388 19.536655 0.002432
2459861.277456 19.540779 0.002441
2459861.781049 19.540064 0.002439
2459862.274116 19.545694 0.002452
2459862.767183 19.540511 0.002440
2459863.270777 19.538726 0.002436
2459863.763844 19.539059 0.002437
2459864.256911 19.541860 0.002443
2459864.760505 19.541256 0.002442
2459865.253572 19.540719 0.002441
2459865.746639 19.544202 0.002449
2459866.250232 19.538423 0.002436
2459866.743300 19.539575 0.002438
2459867.236367 19.536776 0.002432
2459867.739960 19.535718 0.002429
2459868.233027 19.538921 0.002437
2459868.726094 19.543141 0.002446
2459869.229688 19.538479 0.002436
2459869.722755 19.538501 0.002436
2459870.215822 19.541690 0.002443
2459870.719416 19.539137 0.002437
2459871.212483 19.538908 0.002437
2459871.705550 19.542042 0.002444
2459872.209144 19.537653 0.002434
2459872.702211 19.541478 0.002442
2459873.195278 19.540597 0.002440
2459873.698871 19.540008 0.002439
2459874.191938 19.538990 0.002437
2459874.685006 19.543219 0.002446
2459875.188599 19.537956 0.002435
2459875.681666 19.537709 0.002434
2459876.174733 19.538514 0.002436
2459876.678327 19.544419 0.002449
2459877.171394 19.539705 0.002438
2459877.664461 19.540129 0.002439
2459878.168055 19.537627 0.002434
2459878.661122 19.540775 0.002441
2459879.154189 19.541682 0.002443
2459987.411250 19.539765 0.002439
2459987.904317 19.539757 0.002439
2459988.407910 19.537869 0.002434
2459988.900977 19.539809 0.002439
2459989.394044 19.542077 0.002444
2459989.897638 19.543215 0.002446
2459990.390705 19.537441 0.002433
2459990.883772 19.536867 0.002432
2459991.387366 19.541274 0.002442
2459991.880433 19.540164 0.002439
2459992.373500 19.541907 0.002443
2459992.877094 19.542094 0.002444
2459993.370161 19.539627 0.002438
2459993.863228 19.538761 0.002436
2459994.366821 19.537014 0.002432
2459994.859888 19.539466 0.002438
2459995.352956 19.536802 0.002432
2459995.856549 19.537632 0.002434
2459996.349616 19.543006 0.002446
2459996.842683 19.538570 0.002436
2459997.346277 19.544706 0.002450
2459997.839344 19.538817 0.002436
2459998.332411 19.540142 0.002439
2459998.836005 19.538116 0.002435
2459999.329072 19.540623 0.002441
2459999.822139 19.540706 0.002441
2460000.325732 19.538298 0.002435
2460000.818800 19.542619 0.002445
2460001.311867 19.540246 0.002440
2460001.815460 19.537895 0.002434
2460002.308527 19.536849 0.002432
2460002.801594 19.543871 0.002448
2460003.305188 19.542320 0.002444
2460003.798255 19.534032 0.002426
2460004.291322 19.542932 0.002446
2460004.794916 19.541131 0.002442
2460005.287983 19.536957 0.002432
2460005.781050 19.538955 0.002437
2460006.284644 19.543180 0.002446
2460006.777711 19.537874 0.002434
2460007.270778 19.538436 0.002436
2460007.774371 19.537411 0.002433
2460008.267438 19.539146 0.002437
2460008.760506 19.541213 0.002442
2460009.264099 19.539146 0.002437
2460009.757166 19.541374 0.002442
2460010.250233 19.538839 0.002436
2460010.753827 19.537519 0.002434
2460011.246894 19.543180 0.002446
2460011.739961 19.536698 0.002432
2460012.243555 19.536081 0.002430
2460012.736622 19.541938 0.002443
2460013.229689 19.539059 0.002437
2460013.733282 19.540407 0.002440
2460014.226350 19.538947 0.002437
2460014.719417 19.541951 0.002443
2460015.223010 19.542489 0.002445
2460015.716077 19.541946 0.002443
2460016.209144 19.541886 0.002443
2460016.712738 19.542954 0.002446
2460017.205805 19.542493 0.002445
2460017.698872 19.539016 0.002437
2460018.202466 19.539908 0.002439
2460018.695533 19.541820 0.002443
2460019.188600 19.539246 0.002437
2460019.692194 19.537130 0.002433
2460020.185261 19.541465 0.002442
2460020.678328 19.541964 0.002444
2460021.181921 19.539804 0.002439
2460021.674988 19.539354 0.002438
2460022.168056 19.543058 0.002446
2460022.671649 19.537692 0.002434
2460023.164716 19.544088 0.002448
2460023.657783 19.537640 0.002434
2460024.161377 19.540480 0.002440
2460024.654444 19.542385 0.002444
2460025.147511 19.542098 0.002444
2460025.651105 19.538921 0.002437
2460026.144172 19.539046 0.002437
2460026.637239 19.539133 0.002437
2460027.140832 19.541634 0.002443
2460027.633900 19.538674 0.002436
2460028.126967 19.543019 0.002446
2460028.630560 19.539722 0.002438
2460029.123627 19.541226 0.002442
2460029.616694 19.534252 0.002426
2460030.120288 19.542572 0.002445
2460030.613355 19.538241 0.002435
2460031.106422 19.537986 0.002435
2460031.610016 19.536970 0.002432
2460032.103083 19.540341 0.002440
2460032.596150 19.539795 0.002439
2460033.099744 19.537463 0.002433
2460033.592811 19.542085 0.002444
2460034.085878 19.541174 0.002442
2460034.589471 19.538510 0.002436
2460035.082538 19.541183 0.002442
2460035.575606 19.538501 0.002436
2460036.079199 19.544606 0.002449
2460036.572266 19.539332 0.002438
2460037.065333 19.535213 0.002428
2460037.568927 19.536612 0.002432
2460038.061994 19.537122 0.002433
2460038.555061 19.542515 0.002445
2460039.058655 19.536081 0.002430
2460039.551722 19.543189 0.002446
2460040.044789 19.539622 0.002438
2460040.548382 19.543471 0.002447
2460041.041450 19.540645 0.002441
2460041.534517 19.534265 0.002426
2460042.038110 19.540298 0.002440
2460042.531177 19.535019 0.002428
2460043.024244 19.537359 0.002433
2460043.527838 19.536949 0.002432
2460044.020905 19.544854 0.002450
2460044.513972 19.537869 0.002434
2460045.017566 19.542567 0.002445
2460045.510633 19.534553 0.002427
2460046.003700 19.537498 0.002433
2460046.507294 19.538709 0.002436
2460047.000361 19.538527 0.002436
2460047.493428 19.538618 0.002436
2460047.997021 19.541868 0.002443
2460048.490088 19.536214 0.002431
2460048.983156 19.535265 0.002428
2460049.486749 19.538748 0.002436
2460049.979816 19.536590 0.002431
2460050.472883 19.536862 0.002432
2460050.976477 19.541092 0.002442
2460051.469544 19.541699 0.002443
2460051.962611 19.540359 0.002440
2460052.466205 19.535666 0.002429
2460052.959272 19.543184 0.002446
2460053.452339 19.542650 0.002445
2460053.955932 19.541274 0.002442
2460054.449000 19.536223 0.002431
2460054.942067 19.542289 0.002444
2460055.445660 19.539913 0.002439
2460055.938727 19.540892 0.002441
2460056.431794 19.539007 0.002437
2460056.935388 19.540485 0.002440
2460057.428455 19.541404 0.002442
2460057.921522 19.541100 0.002442
2460058.425116 19.538575 0.002436
2460058.918183 19.542771 0.002445
