2458346.727899 23.968585 0.018254
2458347.220966 23.962173 0.018146
2458347.714033 23.954491 0.018018
2458348.217627 23.994039 0.018687
2458348.710694 23.953371 0.018000
2458349.203761 23.966318 0.018215
2458349.707355 23.981142 0.018466
2458350.200422 23.984784 0.018528
2458350.693489 23.958794 0.018090
2458351.197082 23.938735 0.017759
2458351.690150 23.983824 0.018512
2458352.183217 23.988630 0.018594
2458352.686810 23.964620 0.018187
2458353.179877 23.988438 0.018590
2458353.672944 23.943530 0.017837
2458354.176538 23.983249 0.018502
2458354.669605 23.975416 0.018369
2458355.162672 23.985360 0.018538
2458355.666266 23.948161 0.017913
2458356.159333 23.959731 0.018105
2458356.652400 23.992877 0.018667
2458357.155994 23.964432 0.018184
2458357.649061 23.966884 0.018225
2458358.142128 23.974085 0.018346
2458358.645721 23.965563 0.018203
2458359.138788 23.966318 0.018215
2458359.631856 23.953558 0.018003
2458360.135449 23.948718 0.017923
2458360.628516 23.942976 0.017828
2458361.121583 23.996559 0.018730
2458361.625177 23.956546 0.018052
2458362.118244 23.970100 0.018279
2458362.611311 23.979803 0.018443
2458363.114905 23.968585 0.018254
2458363.607972 23.995007 0.018703
2458364.101039 23.984592 0.018525
2458364.604632 23.977131 0.018398
2458365.097700 23.999669 0.018784
2458365.590767 23.978275 0.018417
2458366.094360 23.999085 0.018774
2458366.587427 23.953371 0.018000
2458367.080494 23.945195 0.017865
2458367.584088 23.989787 0.018613
2458368.077155 23.947048 0.017895
2458368.570222 23.973704 0.018340
2458369.073816 23.933778 0.017678
2458369.566883 23.978466 0.018420
2458370.059950 23.970858 0.018292
2458370.563544 23.952252 0.017981
2458371.056611 23.998890 0.018770
2458371.549678 23.972755 0.018324
2458372.053271 23.973514 0.018337
2458372.546338 23.960670 0.018121
2458373.039406 23.972565 0.018321
2458373.542999 23.974845 0.018359
2458374.036066 24.015946 0.019067
2458374.529133 23.954491 0.018018
2458375.032727 23.938551 0.017756
2458375.525794 23.958419 0.018083
2458376.018861 24.011608 0.018991
2458376.522455 23.982674 0.018492
2458377.015522 23.926657 0.017562
2458377.508589 23.956921 0.018058
2458378.012182 23.990945 0.018633
2458378.505250 23.966884 0.018225
2458378.998317 23.978466 0.018420
2458379.501910 23.974465 0.018353
2458379.994977 23.962737 0.018155
2458380.488044 23.951321 0.017966
2458380.991638 23.970478 0.018285
2458381.484705 23.966318 0.018215
2458381.977772 23.962737 0.018155
2458382.481366 24.002983 0.018841
2458382.974433 23.961609 0.018137
2458383.467500 23.972185 0.018314
2458383.971094 23.967451 0.018234
2458384.464161 23.957670 0.018071
2458384.957228 23.982290 0.018485
2458385.460821 23.955985 0.018043
2458385.953888 23.969910 0.018276
2458386.446956 23.938919 0.017762
2458386.950549 23.993071 0.018670
2458387.443616 23.976368 0.018385
2458387.936683 23.944270 0.017849
2458388.440277 23.976368 0.018385
2458388.933344 23.977321 0.018401
2458389.426411 23.970668 0.018289
2458389.930005 23.956921 0.018058
2458390.423072 23.986321 0.018554
2458390.916139 23.950391 0.017950
2458391.419732 23.949647 0.017938
2458391.912800 23.969721 0.018273
2458392.405867 23.953744 0.018006
2458392.909460 24.001032 0.018807
2458393.402527 24.000448 0.018797
2458393.895594 23.954117 0.018012
2458394.399188 23.919583 0.017448
2458394.892255 23.976178 0.018382
2458395.385322 23.958044 0.018077
2458395.888916 23.953371 0.018000
2458396.381983 23.975607 0.018372
2458396.875050 23.951321 0.017966
2458397.378644 23.986321 0.018554
2458397.871711 23.926111 0.017553
2458398.364778 23.977321 0.018401
2458398.868371 24.006111 0.018895
2458399.361438 23.961985 0.018143
2458399.854506 23.953744 0.018006
2458400.358099 23.933961 0.017681
2458400.851166 23.967829 0.018241
2458401.344233 23.945195 0.017865
2458401.847827 23.997336 0.018743
2458402.340894 23.959919 0.018108
2458402.833961 23.970100 0.018279
2458403.337555 23.953558 0.018003
2458403.830622 23.954677 0.018021
2458404.323689 24.002007 0.018824
2458404.827282 23.971426 0.018301
2458405.320350 23.944455 0.017852
2458405.813417 23.994426 0.018693
2458406.317010 23.958044 0.018077
2458406.810077 23.995201 0.018707
2458407.303144 24.003569 0.018851
2458407.806738 23.960670 0.018121
2458408.299805 23.953558 0.018003
2458408.792872 23.972945 0.018327
2458409.296466 23.967829 0.018241
2458409.789533 23.981907 0.018479
2458410.282600 23.978084 0.018414
2458410.786194 24.017132 0.019088
2458411.279261 23.963867 0.018174
2458411.772328 23.957670 0.018071
2458412.275921 23.978657 0.018424
2458412.768988 24.014169 0.019036
2458413.262056 23.989787 0.018613
2458413.765649 23.952812 0.017990
2458414.258716 23.995007 0.018703
2458414.751783 23.995977 0.018720
2458415.255377 23.976749 0.018391
2458415.748444 23.950019 0.017944
2458416.241511 23.974655 0.018356
2458416.745105 23.922479 0.017495
2458417.238172 23.955051 0.018027
2458417.731239 23.961045 0.018127
2458418.234832 23.970289 0.018282
2458526.481367 23.961045 0.018128
2458526.984960 23.979803 0.018444
2458527.478027 23.976368 0.018386
2458527.971094 23.956921 0.018060
2458528.474688 23.970289 0.018284
2458528.967755 23.960107 0.018113
2458529.460822 23.974845 0.018361
2458529.964416 23.942976 0.017830
2458530.457483 23.991138 0.018639
2458530.950550 23.985168 0.018536
2458531.454144 23.978084 0.018416
2458531.947211 23.994426 0.018696
2458532.440278 23.939840 0.017779
2458532.943871 23.965940 0.018212
2458533.436938 23.973324 0.018336
2458533.930006 23.964620 0.018190
2458534.433599 23.975036 0.018366
2458534.926666 23.966507 0.018222
2458535.419733 23.984592 0.018528
2458535.923327 23.938551 0.017759
2458536.416394 23.954864 0.018029
2458536.909461 23.970858 0.018296
2458537.413055 24.006895 0.018914
2458537.906122 23.970478 0.018291
2458538.399189 23.994813 0.018706
2458538.902782 23.972375 0.018324
2458539.395850 23.958231 0.018087
2458539.888917 23.939840 0.017784
2458540.392510 23.959731 0.018114
2458540.885577 23.980759 0.018469
2458541.378644 23.976559 0.018398
2458541.882238 23.955051 0.018039
2458542.375305 23.984592 0.018537
2458542.868372 23.964620 0.018201
2458543.371966 23.988245 0.018603
2458543.865033 23.965563 0.018220
2458544.358100 23.961421 0.018152
2458544.861694 23.937999 0.017767
2458545.354761 23.992491 0.018684
2458545.847828 23.955985 0.018069
2458546.351421 23.959731 0.018135
2458546.844488 23.965186 0.018230
2458547.337556 23.937080 0.017768
2458547.841149 23.974845 0.018402
2458548.334216 23.947975 0.017958
2458548.827283 23.972755 0.018380
2458549.330877 23.932130 0.017712
2458549.823944 23.967451 0.018307
2458550.317011 23.944085 0.017928
2458550.820605 23.987667 0.018676
2458551.313672 23.968774 0.018369
2458551.806739 23.933228 0.017795
2458552.310332 23.940392 0.017934
2458552.803400 23.952252 0.018157
2458553.296467 23.912374 0.017533
2458553.800060 23.932313 0.017896
2458554.293127 23.928661 0.017882
2458554.786194 23.900584 0.017481
2458555.289788 23.888570 0.017357
2458555.782855 23.827917 0.016493
2458556.275922 23.830413 0.016629
2458556.779516 23.831412 0.016764
2458557.272583 23.808484 0.016545
2458557.765650 23.763092 0.015996
2458558.269244 23.791480 0.016523
2458558.762311 23.734665 0.015712
2458559.255378 23.764659 0.016101
2458559.758971 23.805876 0.016607
2458560.252038 23.806039 0.016475
2458560.745106 23.821291 0.016578
2458561.248699 23.825262 0.016525
2458561.741766 23.882087 0.017316
2458562.234833 23.909684 0.017680
2458562.738427 23.901117 0.017475
2458563.231494 23.933778 0.017955
2458563.724561 23.917415 0.017643
2458564.228155 23.915972 0.017584
2458564.721222 23.958044 0.018248
2458565.214289 23.939287 0.017911
2458565.717882 23.934877 0.017818
2458566.210950 23.945750 0.017980
2458566.704017 23.979612 0.018535
2458567.207610 23.959544 0.018183
2458567.700677 23.948532 0.017989
2458568.193744 23.962173 0.018208
2458568.697338 23.958044 0.018131
2458569.190405 23.939287 0.017814
2458569.683472 23.944455 0.017893
2458570.187066 23.985552 0.018579
2458570.680133 23.969531 0.018302
2458571.173200 23.967262 0.018261
2458571.676794 23.956734 0.018081
2458572.169861 23.970858 0.018315
2458572.662928 23.963302 0.018186
2458573.166521 23.977703 0.018426
2458573.659588 23.962925 0.018175
2458574.152656 23.947790 0.017922
2458574.656249 23.965563 0.018217
2458575.149316 23.935244 0.017714
2458575.642383 23.961421 0.018145
2458576.145977 23.944825 0.017869
2458576.639044 23.965186 0.018206
2458577.132111 23.975036 0.018371
2458577.635705 23.970478 0.018293
2458578.128772 23.933778 0.017685
2458578.621839 23.980950 0.018469
2458579.125432 23.957482 0.018074
2458579.618500 23.982290 0.018491
2458580.111567 23.962549 0.018157
2458580.615160 23.969531 0.018274
2458581.108227 23.990173 0.018625
2458581.601294 23.995395 0.018714
2458582.104888 23.963490 0.018172
2458582.597955 24.027666 0.019278
2458583.091022 23.989016 0.018604
2458583.594616 23.922117 0.017492
2458584.087683 23.975416 0.018372
2458584.580750 23.968585 0.018256
2458585.084344 23.956921 0.018061
2458585.577411 23.945195 0.017867
2458586.070478 23.959169 0.018098
2458586.574071 23.945195 0.017866
2458587.067138 23.975226 0.018367
2458587.560206 23.989401 0.018609
2458588.063799 23.983440 0.018507
2458588.556866 23.975607 0.018373
2458589.049933 23.956359 0.018051
2458589.553527 23.967451 0.018236
2458590.046594 23.961233 0.018132
2458590.539661 23.953931 0.018010
2458591.043255 23.947975 0.017911
2458591.536322 23.992297 0.018658
2458592.029389 23.980568 0.018457
2458592.532982 23.938367 0.017753
2458593.026050 23.970289 0.018283
2458593.519117 23.958981 0.018094
2458594.022710 23.941868 0.017811
2458594.515777 23.978275 0.018418
2458595.008844 23.944825 0.017859
2458595.512438 23.970289 0.018283
2458596.005505 23.959919 0.018109
2458596.498572 23.966884 0.018226
2458597.002166 23.966884 0.018226
2458597.495233 23.979994 0.018447
2458597.988300 23.944085 0.017847
2458712.204272 23.980759 0.018459
2458712.697339 23.945750 0.017874
2458713.200932 23.955051 0.018027
2458713.694000 23.960107 0.018112
2458714.187067 23.978657 0.018424
2458714.690660 23.960107 0.018112
2458715.183727 23.973514 0.018337
2458715.676794 23.993071 0.018670
2458716.180388 23.932313 0.017654
2458716.673455 23.935978 0.017713
2458717.166522 23.967262 0.018231
2458717.670116 23.971047 0.018295
2458718.163183 23.933778 0.017678
2458718.656250 23.987667 0.018577
2458719.159844 23.966884 0.018225
2458719.652911 23.971806 0.018308
2458720.145978 23.967829 0.018241
2458720.649571 23.965374 0.018200
2458721.142638 23.964243 0.018181
2458721.635706 23.964997 0.018193
2458722.139299 23.953184 0.017996
2458722.632366 23.939287 0.017768
2458723.125433 23.972375 0.018317
2458723.629027 23.981333 0.018469
2458724.122094 23.954117 0.018012
2458724.615161 23.971047 0.018295
2458725.118755 23.982865 0.018495
2458725.611822 23.951880 0.017975
2458726.104889 23.983057 0.018498
2458726.608482 23.966129 0.018212
2458727.101550 23.967262 0.018231
2458727.594617 23.953931 0.018009
2458728.098210 23.993458 0.018677
2458728.591277 23.956546 0.018052
2458729.084344 23.952439 0.017984
2458729.587938 23.974275 0.018349
2458730.081005 23.943715 0.017840
2458730.574072 23.939471 0.017771
2458731.077666 23.977321 0.018401
2458731.570733 23.953931 0.018009
2458732.063800 24.008267 0.018933
2458732.567394 24.011017 0.018981
2458733.060461 23.944455 0.017852
2458733.553528 23.974845 0.018359
2458734.057121 23.948718 0.017923
2458734.550188 23.980377 0.018453
2458735.043256 23.961609 0.018137
2458735.546849 23.972185 0.018314
2458736.039916 23.930303 0.017621
2458736.532983 23.967073 0.018228
2458737.036577 23.962737 0.018155
2458737.529644 23.964243 0.018181
2458738.022711 23.960858 0.018124
2458738.526305 23.980377 0.018453
2458739.019372 23.977131 0.018398
2458739.512439 23.966884 0.018225
2458740.016032 23.962925 0.018159
2458740.509100 23.951880 0.017975
2458741.002167 23.977512 0.018404
2458741.505760 23.971806 0.018308
2458741.998827 23.987475 0.018574
2458742.491894 23.967073 0.018228
2458742.995488 23.983440 0.018505
2458743.488555 23.952066 0.017978
2458743.981622 23.940208 0.017783
2458744.485216 23.972185 0.018314
2458744.978283 23.967451 0.018234
2458745.471350 23.968207 0.018247
2458745.974944 23.971806 0.018308
2458746.468011 23.981716 0.018476
2458746.961078 23.982865 0.018495
2458747.464671 23.956546 0.018052
2458747.957738 23.986321 0.018554
2458748.450806 23.987282 0.018571
2458748.954399 23.949833 0.017941
2458749.447466 24.002983 0.018841
2458749.940533 23.968774 0.018257
2458750.444127 23.965374 0.018200
2458750.937194 23.941683 0.017807
2458751.430261 23.930668 0.017627
2458751.933855 23.940761 0.017792
2458752.426922 23.975226 0.018366
2458752.919989 23.929390 0.017606
2458753.423582 23.981907 0.018479
2458753.916650 23.965563 0.018203
2458754.409717 23.980759 0.018459
2458754.913310 23.984400 0.018521
2458755.406377 23.998696 0.018767
2458755.899444 23.985744 0.018544
2458756.403038 23.972945 0.018327
2458756.896105 23.955051 0.018027
2458757.389172 23.969342 0.018266
2458757.892766 23.964997 0.018193
2458758.385833 23.973895 0.018343
2458758.878900 23.959356 0.018099
2458759.382494 23.988630 0.018594
2458759.875561 23.953558 0.018003
2458760.368628 23.948347 0.017916
2458760.872221 23.910580 0.017304
2458761.365288 23.955051 0.018027
2458761.858356 23.962737 0.018155
2458762.361949 23.994426 0.018693
2458762.855016 23.951321 0.017966
2458763.348083 23.950205 0.017947
2458763.851677 23.968018 0.018244
2458764.344744 23.999085 0.018774
2458764.837811 23.977703 0.018407
2458765.341405 23.944270 0.017849
2458765.834472 23.973134 0.018330
2458766.327539 23.970100 0.018279
2458766.831132 24.025472 0.019235
2458767.324200 23.996947 0.018737
2458767.817267 23.971426 0.018301
2458768.320860 23.988823 0.018597
2458768.813927 23.945750 0.017874
2458769.306994 23.956546 0.018052
2458769.810588 23.973895 0.018343
2458770.303655 23.943900 0.017843
2458770.796722 24.001227 0.018811
2458771.300316 23.968207 0.018247
2458771.793383 23.996365 0.018727
2458772.286450 23.962173 0.018146
2458772.790044 23.971806 0.018308
2458773.283111 23.976178 0.018382
2458773.776178 24.019310 0.019127
2458774.279771 23.959731 0.018105
2458774.772838 23.987090 0.018567
2458775.265906 23.959731 0.018105
2458775.769499 23.965563 0.018203
2458776.262566 23.974085 0.018346
2458776.755633 23.942422 0.017819
2458777.259227 23.959356 0.018099
2458777.752294 23.951135 0.017963
2458778.245361 23.942791 0.017825
2458778.748955 23.948904 0.017926
2458779.242022 23.960482 0.018118
2458779.735089 23.960294 0.018115
2458780.238682 23.978466 0.018420
2458780.731750 23.966507 0.018219
2458781.224817 23.956546 0.018052
2458781.728410 23.965563 0.018203
2458782.221477 23.968207 0.018247
2458782.714544 24.005524 0.018885
2458783.218138 23.987090 0.018567
2458783.711205 23.940208 0.017783
2459622.427944 23.963302 0.018165
2459622.921011 23.973134 0.018330
2459623.424605 23.981716 0.018476
2459623.917672 23.969531 0.018269
2459624.410739 23.978848 0.018427
2459624.914332 23.974085 0.018346
2459625.407400 23.976178 0.018382
2459625.900467 23.977894 0.018411
2459626.404060 23.937815 0.017743
2459626.897127 23.972375 0.018317
2459627.390194 23.962737 0.018155
2459627.893788 23.991524 0.018643
2459628.386855 23.940577 0.017789
2459628.879922 23.963302 0.018165
2459629.383516 23.953371 0.018000
2459629.876583 23.943345 0.017834
2459630.369650 23.992877 0.018667
2459630.873244 23.970478 0.018285
2459631.366311 23.991717 0.018647
2459631.859378 23.950763 0.017956
2459632.362971 23.935795 0.017711
2459632.856038 23.974465 0.018353
2459633.349106 23.971995 0.018311
2459633.852699 23.955799 0.018040
2459634.345766 23.943900 0.017843
2459634.838833 23.951694 0.017972
2459635.342427 23.990752 0.018630
2459635.835494 23.990945 0.018633
2459636.328561 23.963490 0.018168
2459636.832155 23.990173 0.018620
2459637.325222 23.964055 0.018178
2459637.818289 23.964809 0.018190
2459638.321882 23.967451 0.018234
2459638.814950 23.945936 0.017877
2459639.308017 24.011017 0.018981
2459639.811610 23.940946 0.017795
2459640.304677 23.945010 0.017861
2459640.797744 23.987090 0.018567
2459641.301338 23.953558 0.018003
2459641.794405 23.984592 0.018525
2459642.287472 23.983249 0.018502
2459642.791066 23.969721 0.018273
2459643.284133 23.957670 0.018071
2459643.777200 23.967073 0.018228
2459644.280794 23.959356 0.018099
2459644.773861 23.992684 0.018663
2459645.266928 23.980950 0.018463
2459645.770521 23.945750 0.017874
2459646.263588 23.967451 0.018234
2459646.756656 23.985936 0.018548
2459647.260249 23.964243 0.018181
2459647.753316 23.992297 0.018657
2459648.246383 23.956172 0.018046
2459648.749977 23.974275 0.018349
2459649.243044 23.968207 0.018247
2459649.736111 23.939471 0.017771
2459650.239705 23.980759 0.018459
2459650.732772 23.974465 0.018353
2459651.225839 23.971616 0.018305
2459651.729432 23.963867 0.018174
2459652.222500 24.002788 0.018838
2459652.715567 23.953371 0.018000
2459653.219160 23.966695 0.018222
2459653.712227 23.983440 0.018505
2459654.205294 23.952066 0.017978
2459654.708888 23.946677 0.017889
2459655.201955 23.985744 0.018544
2459655.695022 23.974655 0.018356
2459656.198616 23.979421 0.018437
2459656.691683 23.985744 0.018544
2459657.184750 23.965186 0.018196
2459657.688344 23.948347 0.017916
2459658.181411 23.921754 0.017483
2459658.674478 23.956921 0.018058
2459659.178071 23.995201 0.018707
2459659.671138 23.948904 0.017926
2459660.164206 23.983824 0.018512
2459660.667799 23.977703 0.018407
2459661.160866 23.996559 0.018730
2459661.653933 23.971237 0.018298
2459662.157527 23.966695 0.018222
2459662.650594 24.020301 0.019144
2459663.143661 23.996559 0.018730
2459663.647255 23.964243 0.018181
2459664.140322 23.993264 0.018673
2459664.633389 23.962737 0.018155
2459665.136982 23.953184 0.017996
2459665.630050 23.965563 0.018203
2459666.123117 23.978466 0.018420
2459666.626710 23.961609 0.018137
2459667.119777 23.945936 0.017877
2459667.612844 23.970289 0.018282
2459668.116438 23.966318 0.018215
2459668.609505 23.975416 0.018369
2459669.102572 23.938551 0.017756
2459669.606166 23.956734 0.018055
2459670.099233 23.971806 0.018308
2459670.592300 23.970858 0.018292
2459671.095894 23.936713 0.017725
2459671.588961 23.955238 0.018031
2459672.082028 23.991138 0.018637
2459672.585621 23.979230 0.018433
2459673.078688 23.969153 0.018263
2459673.571756 23.961985 0.018143
2459674.075349 23.967073 0.018228
2459674.568416 23.994426 0.018693
2459675.061483 23.977131 0.018398
2459675.565077 23.942791 0.017825
2459676.058144 23.979994 0.018446
2459676.551211 23.934511 0.017690
2459677.054805 23.949089 0.017929
2459677.547872 23.969531 0.018269
2459678.040939 23.962361 0.018149
2459678.544532 23.973324 0.018333
2459679.037600 24.001032 0.018807
2459679.530667 23.967073 0.018228
2459680.034260 23.968018 0.018244
2459680.527327 23.984208 0.018518
2459681.020394 23.994813 0.018700
2459681.523988 23.953931 0.018009
2459682.017055 23.942791 0.017825
2459682.510122 23.963490 0.018168
2459683.013716 23.958981 0.018093
2459683.506783 23.962549 0.018152
2459683.999850 23.980568 0.018456
2459684.503444 23.989208 0.018604
2459684.996511 23.959731 0.018105
2459685.489578 23.983632 0.018508
2459685.993171 23.931582 0.017642
2459686.486238 23.975226 0.018366
2459686.979306 23.966695 0.018222
2459687.482899 23.940946 0.017795
2459687.975966 23.957108 0.018062
2459688.469033 23.972375 0.018317
2459688.972627 23.967640 0.018238
2459689.465694 23.948718 0.017923
2459689.958761 23.956921 0.018058
2459690.462355 23.997141 0.018740
2459690.955422 23.943345 0.017834
2459691.448489 23.976940 0.018395
2459691.952082 23.981524 0.018472
2459692.445150 23.997918 0.018753
2459692.938217 23.945750 0.017874
2459693.441810 23.992104 0.018653
2459693.934877 23.955985 0.018043
2459807.647256 23.962361 0.018149
2459808.150849 23.960294 0.018115
2459808.643916 24.013577 0.019026
2459809.136983 23.966507 0.018219
2459809.640577 23.972185 0.018314
2459810.133644 23.956921 0.018058
2459810.626711 23.964243 0.018181
2459811.130305 23.957670 0.018071
2459811.623372 23.989208 0.018604
2459812.116439 23.952998 0.017993
2459812.620032 23.988438 0.018590
2459813.113100 23.995783 0.018717
2459813.606167 23.935244 0.017702
2459814.109760 23.987667 0.018577
2459814.602827 23.958044 0.018077
2459815.095894 23.947233 0.017898
2459815.599488 23.994039 0.018687
2459816.092555 23.967829 0.018241
2459816.585622 23.997918 0.018753
2459817.089216 23.968207 0.018247
2459817.582283 23.994620 0.018697
2459818.075350 23.949089 0.017929
2459818.578944 23.951694 0.017972
2459819.072011 23.963867 0.018174
2459819.565078 23.996365 0.018727
2459820.068671 23.966318 0.018215
2459820.561738 23.973324 0.018333
2459821.054806 23.945565 0.017871
2459821.558399 23.987090 0.018567
2459822.051466 23.967829 0.018241
2459822.544533 23.987860 0.018580
2459823.048127 23.984784 0.018528
2459823.541194 24.006895 0.018909
2459824.034261 23.961985 0.018143
2459824.537855 23.942976 0.017828
2459825.030922 23.987282 0.018571
2459825.523989 23.988630 0.018594
2459826.027582 23.984208 0.018518
2459826.520650 23.951880 0.017975
2459827.013717 23.950205 0.017947
2459827.517310 24.004546 0.018868
2459828.010377 23.961797 0.018140
2459828.503444 23.998890 0.018770
2459829.007038 23.948532 0.017919
2459829.500105 23.978084 0.018414
2459829.993172 23.951507 0.017969
2459830.496766 23.978275 0.018417
2459830.989833 23.936345 0.017719
2459831.482900 23.950949 0.017959
2459831.986494 23.965752 0.018206
2459832.479561 24.009838 0.018960
2459832.972628 23.944455 0.017852
2459833.476221 23.963867 0.018174
2459833.969288 23.975416 0.018369
2459834.462356 23.977894 0.018411
2459834.965949 23.975607 0.018372
2459835.459016 23.974655 0.018356
2459835.952083 23.968207 0.018247
2459836.455677 23.959919 0.018108
2459836.948744 23.979421 0.018437
2459837.441811 23.955238 0.018031
2459837.945405 23.978084 0.018414
2459838.438472 23.960294 0.018115
2459838.931539 23.961045 0.018127
2459839.435132 23.958231 0.018080
2459839.928200 24.000837 0.018804
2459840.421267 23.975987 0.018378
2459840.924860 23.965752 0.018206
2459841.417927 23.991911 0.018650
2459841.910994 23.982865 0.018495
2459842.414588 23.959169 0.018096
2459842.907655 23.957857 0.018074
2459843.400722 23.979994 0.018446
2459843.904316 23.991717 0.018647
2459844.397383 23.964432 0.018184
2459844.890450 24.005524 0.018885
2459845.394044 23.972375 0.018317
2459845.887111 23.934694 0.017693
2459846.380178 23.963302 0.018165
2459846.883771 23.951507 0.017969
2459847.376838 23.957857 0.018074
2459847.869906 23.964620 0.018187
2459848.373499 23.958231 0.018080
2459848.866566 23.971237 0.018298
2459849.359633 23.948161 0.017913
2459849.863227 23.970858 0.018292
2459850.356294 23.958044 0.018077
2459850.849361 23.966318 0.018215
2459851.352955 24.002397 0.018831
2459851.846022 23.977703 0.018407
2459852.339089 23.950577 0.017953
2459852.842682 23.937448 0.017737
2459853.335750 23.967829 0.018241
2459853.828817 23.969153 0.018263
2459854.332410 23.934144 0.017684
2459854.825477 23.953744 0.018006
2459855.318544 23.968585 0.018254
2459855.822138 23.951507 0.017969
2459856.315205 23.971806 0.018308
2459856.808272 23.963302 0.018165
2459857.311866 23.949647 0.017938
2459857.804933 23.966318 0.018215
2459858.298000 23.955238 0.018031
2459858.801594 23.969153 0.018263
2459859.294661 23.981524 0.018472
2459859.787728 23.981333 0.018469
2459860.291321 23.976559 0.018388
2459860.784388 23.983632 0.018508
2459861.277456 23.952625 0.017987
2459861.781049 23.940761 0.017792
2459862.274116 23.958044 0.018077
2459862.767183 23.961609 0.018137
2459863.270777 23.931033 0.017633
2459863.763844 23.990173 0.018620
2459864.256911 23.934511 0.017690
2459864.760505 23.953744 0.018006
2459865.253572 23.978466 0.018420
2459865.746639 23.952998 0.017993
2459866.250232 23.975226 0.018366
2459866.743300 23.962737 0.018155
2459867.236367 23.975226 0.018366
2459867.739960 23.958981 0.018093
2459868.233027 23.958419 0.018083
2459868.726094 23.980185 0.018450
2459869.229688 23.991138 0.018637
2459869.722755 24.007287 0.018916
2459870.215822 23.960294 0.018115
2459870.719416 24.007287 0.018916
2459871.212483 24.003569 0.018851
2459871.705550 23.975416 0.018369
2459872.209144 23.997530 0.018747
2459872.702211 23.940024 0.017780
2459873.195278 23.985360 0.018538
2459873.698871 24.037699 0.019453
2459874.191938 23.960294 0.018115
2459874.685006 23.974085 0.018346
2459875.188599 24.009249 0.018950
2459875.681666 23.977894 0.018411
2459876.174733 23.966507 0.018219
2459876.678327 23.965940 0.018209
2459877.171394 23.975987 0.018378
2459877.664461 23.974275 0.018349
2459878.168055 23.971616 0.018305
2459878.661122 23.969153 0.018263
2459879.154189 23.978084 0.018414
2459987.411250 23.976749 0.018391
2459987.904317 23.946306 0.017883
2459988.407910 23.982099 0.018482
2459988.900977 23.977894 0.018411
2459989.394044 23.970858 0.018292
2459989.897638 23.971616 0.018305
2459990.390705 23.960294 0.018115
2459990.883772 23.953371 0.018000
2459991.387366 23.937631 0.017740
2459991.880433 23.967451 0.018234
2459992.373500 23.975987 0.018378
2459992.877094 23.935244 0.017702
2459993.370161 23.961233 0.018130
2459993.863228 23.954117 0.018012
2459994.366821 23.956734 0.018055
2459994.859888 23.967262 0.018231
2459995.352956 23.970289 0.018282
2459995.856549 23.990173 0.018620
2459996.349616 23.974275 0.018349
2459996.842683 23.973324 0.018333
2459997.346277 23.944270 0.017849
2459997.839344 23.964055 0.018178
2459998.332411 23.949275 0.017932
2459998.836005 23.943900 0.017843
2459999.329072 23.944640 0.017855
2459999.822139 23.984016 0.018515
2460000.325732 23.950391 0.017950
2460000.818800 23.972375 0.018317
2460001.311867 23.986513 0.018557
2460001.815460 23.982482 0.018489
2460002.308527 23.988823 0.018597
2460002.801594 23.938551 0.017756
2460003.305188 23.984016 0.018515
2460003.798255 23.983057 0.018498
2460004.291322 23.930303 0.017621
2460004.794916 23.955985 0.018043
2460005.287983 23.981142 0.018466
2460005.781050 23.943715 0.017840
2460006.284644 23.973895 0.018343
2460006.777711 23.973895 0.018343
2460007.270778 23.995201 0.018707
2460007.774371 23.982290 0.018485
2460008.267438 23.930120 0.017618
2460008.760506 24.000837 0.018804
2460009.264099 23.984976 0.018531
2460009.757166 23.968964 0.018260
2460010.250233 23.990559 0.018627
2460010.753827 23.948904 0.017926
2460011.246894 23.978657 0.018424
2460011.739961 23.978275 0.018417
2460012.243555 23.968207 0.018247
2460012.736622 23.923568 0.017512
2460013.229689 23.972565 0.018321
2460013.733282 23.933961 0.017681
2460014.226350 23.968964 0.018260
2460014.719417 23.973324 0.018333
2460015.223010 23.987090 0.018567
2460015.716077 23.964055 0.018178
2460016.209144 23.996365 0.018727
2460016.712738 24.022883 0.019190
2460017.205805 23.957295 0.018065
2460017.698872 23.977512 0.018404
2460018.202466 23.993264 0.018673
2460018.695533 23.955238 0.018031
2460019.188600 23.928843 0.017597
2460019.692194 23.975607 0.018372
2460020.185261 23.965186 0.018196
2460020.678328 23.973895 0.018343
2460021.181921 23.962737 0.018155
2460021.674988 23.966318 0.018215
2460022.168056 23.960294 0.018115
2460022.671649 23.964997 0.018193
2460023.164716 23.985936 0.018548
2460023.657783 23.995395 0.018710
2460024.161377 23.959544 0.018102
2460024.654444 23.983440 0.018505
2460025.147511 23.939655 0.017774
2460025.651105 23.977321 0.018401
2460026.144172 23.950205 0.017947
2460026.637239 23.958981 0.018093
2460027.140832 23.952625 0.017987
2460027.633900 23.938183 0.017750
2460028.126967 23.960482 0.018118
2460028.630560 23.963114 0.018162
2460029.123627 23.979612 0.018440
2460029.616694 23.939655 0.017774
2460030.120288 23.969531 0.018269
2460030.613355 23.988052 0.018584
2460031.106422 23.978848 0.018427
2460031.610016 23.984784 0.018528
2460032.103083 23.960482 0.018118
2460032.596150 23.979421 0.018437
2460033.099744 24.008267 0.018933
2460033.592811 23.962361 0.018149
2460034.085878 23.992104 0.018653
2460034.589471 23.974655 0.018356
2460035.082538 23.955799 0.018040
2460035.575606 23.931582 0.017642
2460036.079199 23.970289 0.018282
2460036.572266 23.941868 0.017810
2460037.065333 23.991717 0.018647
2460037.568927 23.969910 0.018276
2460038.061994 23.985552 0.018541
2460038.555061 24.011017 0.018981
2460039.058655 23.961609 0.018137
2460039.551722 23.953744 0.018006
2460040.044789 23.974845 0.018359
2460040.548382 23.949089 0.017929
2460041.041450 23.952812 0.017990
2460041.534517 23.980759 0.018459
2460042.038110 23.943900 0.017843
2460042.531177 23.953558 0.018003
2460043.024244 23.969342 0.018266
2460043.527838 23.971616 0.018305
2460044.020905 23.968585 0.018254
2460044.513972 23.958231 0.018080
2460045.017566 23.974465 0.018353
2460045.510633 23.999085 0.018774
2460046.003700 23.968396 0.018250
2460046.507294 23.943900 0.017843
2460047.000361 23.948347 0.017916
2460047.493428 23.927749 0.017580
2460047.997021 23.937264 0.017734
2460048.490088 23.958231 0.018080
2460048.983156 23.978084 0.018414
2460049.486749 23.960294 0.018115
2460049.979816 23.964997 0.018193
2460050.472883 23.977894 0.018411
2460050.976477 23.994620 0.018697
2460051.469544 23.985936 0.018548
2460051.962611 23.961233 0.018130
2460052.466205 23.987090 0.018567
2460052.959272 23.957857 0.018074
2460053.452339 23.971047 0.018295
2460053.955932 23.956172 0.018046
2460054.449000 23.929755 0.017612
2460054.942067 23.952066 0.017978
2460055.445660 23.980185 0.018450
2460055.938727 23.981524 0.018472
2460056.431794 23.959919 0.018108
2460056.935388 23.992297 0.018657
2460057.428455 23.956921 0.018058
2460057.921522 23.975797 0.018375
2460058.425116 23.976940 0.018395
2460058.918183 23.980377 0.018453
