2458346.727899 20.658617 0.003825
2458347.220966 20.668934 0.003862
2458347.714033 20.665420 0.003849
2458348.217627 20.663516 0.003843
2458348.710694 20.663191 0.003842
2458349.203761 20.667652 0.003858
2458349.707355 20.664757 0.003847
2458350.200422 20.657252 0.003821
2458350.693489 20.659696 0.003830
2458351.197082 20.669890 0.003866
2458351.690150 20.669527 0.003865
2458352.183217 20.656307 0.003818
2458352.686810 20.661688 0.003837
2458353.179877 20.654133 0.003811
2458353.672944 20.668910 0.003863
2458354.176538 20.656761 0.003820
2458354.669605 20.659731 0.003831
2458355.162672 20.654646 0.003813
2458355.666266 20.668668 0.003863
2458356.159333 20.662506 0.003841
2458356.652400 20.660475 0.003834
2458357.155994 20.662073 0.003840
2458357.649061 20.658221 0.003826
2458358.142128 20.661640 0.003839
2458358.645721 20.660127 0.003833
2458359.138788 20.665974 0.003854
2458359.631856 20.661881 0.003840
2458360.135449 20.655721 0.003819
2458360.628516 20.665275 0.003853
2458361.121583 20.662013 0.003841
2458361.625177 20.660547 0.003836
2458362.118244 20.653930 0.003813
2458362.611311 20.657623 0.003827
2458363.114905 20.650238 0.003801
2458363.607972 20.659228 0.003833
2458364.101039 20.665588 0.003856
2458364.604632 20.656032 0.003823
2458365.097700 20.661424 0.003842
2458365.590767 20.658221 0.003832
2458366.094360 20.663576 0.003851
2458366.587427 20.651999 0.003811
2458367.080494 20.651106 0.003808
2458367.584088 20.658868 0.003836
2458368.077155 20.654980 0.003823
2458368.570222 20.657455 0.003833
2458369.073816 20.656103 0.003829
2458369.566883 20.648670 0.003804
2458370.059950 20.651225 0.003814
2458370.563544 20.650797 0.003813
2458371.056611 20.654754 0.003828
2458371.549678 20.655303 0.003831
2458372.053271 20.654598 0.003830
2458372.546338 20.649157 0.003813
2458373.039406 20.650797 0.003820
2458373.542999 20.653858 0.003832
2458374.036066 20.649965 0.003821
2458374.529133 20.644652 0.003804
2458375.032727 20.651320 0.003830
2458375.525794 20.645422 0.003811
2458376.018861 20.641782 0.003801
2458376.522455 20.640190 0.003798
2458377.015522 20.638343 0.003795
2458377.508589 20.639920 0.003804
2458378.012182 20.634445 0.003789
2458378.505250 20.631123 0.003781
2458378.998317 20.632315 0.003790
2458379.501910 20.628521 0.003782
2458379.994977 20.623045 0.003768
2458380.488044 20.617748 0.003756
2458380.991638 20.618221 0.003764
2458381.484705 20.624740 0.003794
2458381.977772 20.619491 0.003784
2458382.481366 20.601451 0.003731
2458382.974433 20.601621 0.003742
2458383.467500 20.593929 0.003727
2458383.971094 20.583537 0.003704
2458384.464161 20.578183 0.003700
2458384.957228 20.572280 0.003696
2458385.460821 20.558984 0.003670
2458385.953888 20.552879 0.003669
2458386.446956 20.535679 0.003634
2458386.950549 20.523043 0.003619
2458387.443616 20.504983 0.003589
2458387.936683 20.479766 0.003540
2458388.440277 20.458324 0.003510
2458388.933344 20.439527 0.003495
2458389.426411 20.405671 0.003440
2458389.930005 20.365084 0.003375
2458390.423072 20.319787 0.003307
2458390.916139 20.272485 0.003249
2458391.419732 20.204543 0.003150
2458391.912800 20.136047 0.003073
2458392.405867 20.043093 0.002955
2458392.909460 19.928088 0.002814
2458393.402527 19.813884 0.002696
2458393.895594 19.704156 0.002580
2458394.399188 19.654212 0.002532
2458394.892255 19.692918 0.002566
2458395.385322 19.800152 0.002680
2458395.888916 19.919642 0.002807
2458396.381983 20.029946 0.002936
2458396.875050 20.127866 0.003065
2458397.378644 20.202659 0.003155
2458397.871711 20.264380 0.003235
2458398.364778 20.319488 0.003314
2458398.868371 20.371007 0.003395
2458399.361438 20.412736 0.003451
2458399.854506 20.476124 0.003540
2458400.358099 20.526612 0.003617
2458400.851166 20.483053 0.003548
2458401.344233 20.499195 0.003570
2458401.847827 20.512760 0.003585
2458402.340894 20.534033 0.003630
2458402.833961 20.549547 0.003659
2458403.337555 20.553477 0.003652
2458403.830622 20.570058 0.003690
2458404.323689 20.582017 0.003714
2458404.827282 20.585977 0.003713
2458405.320350 20.598250 0.003742
2458405.813417 20.600621 0.003739
2458406.317010 20.606429 0.003749
2458406.810077 20.607252 0.003742
2458407.303144 20.616721 0.003767
2458407.806738 20.615511 0.003755
2458408.299805 20.620544 0.003766
2458408.792872 20.629698 0.003792
2458409.296466 20.626227 0.003774
2458409.789533 20.625704 0.003767
2458410.282600 20.628299 0.003771
2458410.786194 20.636991 0.003798
2458411.279261 20.642750 0.003814
2458411.772328 20.633684 0.003779
2458412.275921 20.639095 0.003795
2458412.768988 20.643057 0.003806
2458413.262056 20.649810 0.003827
2458413.765649 20.649596 0.003823
2458414.258716 20.650190 0.003823
2458414.751783 20.643317 0.003797
2458415.255377 20.644806 0.003801
2458415.748444 20.651190 0.003821
2458416.241511 20.649751 0.003815
2458416.745105 20.645564 0.003798
2458417.238172 20.650095 0.003813
2458417.731239 20.653775 0.003825
2458418.234832 20.658114 0.003839
2458526.481367 20.670301 0.003865
2458526.984960 20.662482 0.003837
2458527.478027 20.660259 0.003829
2458527.971094 20.663275 0.003840
2458528.474688 20.665082 0.003846
2458528.967755 20.661736 0.003835
2458529.460822 20.667544 0.003855
2458529.964416 20.668269 0.003858
2458530.457483 20.656199 0.003815
2458530.950550 20.662073 0.003836
2458531.454144 20.657359 0.003819
2458531.947211 20.665383 0.003848
2458532.440278 20.664805 0.003845
2458532.943871 20.659168 0.003826
2458533.436938 20.665769 0.003849
2458533.930006 20.659684 0.003827
2458534.433599 20.664841 0.003846
2458534.926666 20.665588 0.003848
2458535.419733 20.661052 0.003832
2458535.923327 20.656594 0.003817
2458536.416394 20.673880 0.003878
2458536.909461 20.672071 0.003871
2458537.413055 20.665058 0.003846
2458537.906122 20.652642 0.003803
2458538.399189 20.663059 0.003839
2458538.902782 20.661989 0.003836
2458539.395850 20.665215 0.003847
2458539.888917 20.668208 0.003858
2458540.392510 20.665564 0.003848
2458540.885577 20.661076 0.003832
2458541.378644 20.659228 0.003826
2458541.882238 20.669696 0.003863
2458542.375305 20.659516 0.003827
2458542.868372 20.660151 0.003829
2458543.371966 20.660595 0.003831
2458543.865033 20.663624 0.003841
2458544.358100 20.661220 0.003833
2458544.861694 20.667954 0.003857
2458545.354761 20.666348 0.003851
2458545.847828 20.666481 0.003851
2458546.351421 20.662722 0.003838
2458546.844488 20.660451 0.003830
2458547.337556 20.661917 0.003835
2458547.841149 20.669551 0.003862
2458548.334216 20.670362 0.003865
2458548.827283 20.670774 0.003867
2458549.330877 20.666566 0.003852
2458549.823944 20.665190 0.003847
2458550.317011 20.664419 0.003844
2458550.820605 20.663962 0.003843
2458551.313672 20.664178 0.003843
2458551.806739 20.666747 0.003852
2458552.310332 20.665540 0.003848
2458552.803400 20.663023 0.003839
2458553.296467 20.667967 0.003857
2458553.800060 20.666964 0.003853
2458554.293127 20.662277 0.003837
2458554.786194 20.658856 0.003824
2458555.289788 20.665215 0.003847
2458555.782855 20.660715 0.003831
2458556.275922 20.665938 0.003850
2458556.779516 20.657934 0.003821
2458557.272583 20.668003 0.003857
2458557.765650 20.660667 0.003831
2458558.269244 20.664913 0.003846
2458558.762311 20.655972 0.003814
2458559.255378 20.662241 0.003836
2458559.758971 20.661400 0.003833
2458560.252038 20.671259 0.003868
2458560.745106 20.662061 0.003836
2458561.248699 20.666228 0.003851
2458561.741766 20.669962 0.003864
2458562.234833 20.665938 0.003850
2458562.738427 20.659336 0.003826
2458563.231494 20.664684 0.003845
2458563.724561 20.661760 0.003835
2458564.228155 20.656091 0.003815
2458564.721222 20.662710 0.003838
2458565.214289 20.670459 0.003866
2458565.717882 20.664660 0.003845
2458566.210950 20.661604 0.003834
2458566.704017 20.669539 0.003862
2458567.207610 20.667773 0.003856
2458567.700677 20.657120 0.003818
2458568.193744 20.669636 0.003863
2458568.697338 20.662614 0.003838
2458569.190405 20.669357 0.003862
2458569.683472 20.661856 0.003835
2458570.187066 20.665793 0.003849
2458570.680133 20.660331 0.003830
2458571.173200 20.664528 0.003844
2458571.676794 20.663745 0.003842
2458572.169861 20.664648 0.003845
2458572.662928 20.662963 0.003839
2458573.166521 20.672180 0.003872
2458573.659588 20.664732 0.003845
2458574.152656 20.664937 0.003846
2458574.656249 20.663757 0.003842
2458575.149316 20.667362 0.003855
2458575.642383 20.666590 0.003852
2458576.145977 20.667121 0.003854
2458576.639044 20.670205 0.003865
2458577.132111 20.660331 0.003830
2458577.635705 20.666747 0.003852
2458578.128772 20.665878 0.003849
2458578.621839 20.653727 0.003806
2458579.125432 20.666626 0.003852
2458579.618500 20.665287 0.003847
2458580.111567 20.671271 0.003868
2458580.615160 20.662337 0.003837
2458581.108227 20.669466 0.003862
2458581.601294 20.660379 0.003830
2458582.104888 20.668849 0.003860
2458582.597955 20.667556 0.003855
2458583.091022 20.660319 0.003830
2458583.594616 20.664166 0.003843
2458584.087683 20.659444 0.003827
2458584.580750 20.658161 0.003822
2458585.084344 20.668922 0.003860
2458585.577411 20.660956 0.003832
2458586.070478 20.660475 0.003830
2458586.574071 20.659420 0.003826
2458587.067138 20.669357 0.003862
2458587.560206 20.660511 0.003830
2458588.063799 20.662650 0.003838
2458588.556866 20.665612 0.003848
2458589.049933 20.658042 0.003822
2458589.553527 20.657060 0.003818
2458590.046594 20.662205 0.003836
2458590.539661 20.665130 0.003847
2458591.043255 20.665769 0.003849
2458591.536322 20.660259 0.003829
2458592.029389 20.667846 0.003856
2458592.532982 20.666204 0.003850
2458593.026050 20.662373 0.003837
2458593.519117 20.660475 0.003830
2458594.022710 20.664190 0.003843
2458594.515777 20.663576 0.003841
2458595.008844 20.664805 0.003845
2458595.512438 20.661172 0.003833
2458596.005505 20.665203 0.003847
2458596.498572 20.667242 0.003854
2458597.002166 20.662999 0.003839
2458597.495233 20.665022 0.003846
2458597.988300 20.663239 0.003840
2458712.204272 20.658677 0.003824
2458712.697339 20.663938 0.003842
2458713.200932 20.662061 0.003836
2458713.694000 20.667350 0.003855
2458714.187067 20.658329 0.003823
2458714.690660 20.667495 0.003855
2458715.183727 20.659576 0.003827
2458715.676794 20.664492 0.003844
2458716.180388 20.662806 0.003838
2458716.673455 20.665359 0.003847
2458717.166522 20.666747 0.003852
2458717.670116 20.655625 0.003813
2458718.163183 20.659516 0.003827
2458718.656250 20.672035 0.003871
2458719.159844 20.660860 0.003832
2458719.652911 20.668365 0.003858
2458720.145978 20.667773 0.003856
2458720.649571 20.662770 0.003838
2458721.142638 20.658713 0.003824
2458721.635706 20.667821 0.003856
2458722.139299 20.657623 0.003820
2458722.632366 20.661869 0.003835
2458723.125433 20.660295 0.003830
2458723.629027 20.661148 0.003833
2458724.122094 20.666843 0.003853
2458724.615161 20.668329 0.003858
2458725.118755 20.663083 0.003839
2458725.611822 20.663119 0.003840
2458726.104889 20.660908 0.003832
2458726.608482 20.665625 0.003848
2458727.101550 20.659240 0.003826
2458727.594617 20.663612 0.003841
2458728.098210 20.660583 0.003831
2458728.591277 20.664672 0.003845
2458729.084344 20.662602 0.003838
2458729.587938 20.664974 0.003846
2458730.081005 20.661616 0.003834
2458730.574072 20.667592 0.003855
2458731.077666 20.665781 0.003849
2458731.570733 20.660547 0.003830
2458732.063800 20.663841 0.003842
2458732.567394 20.665058 0.003846
2458733.060461 20.663251 0.003840
2458733.553528 20.664937 0.003846
2458734.057121 20.669454 0.003862
2458734.550188 20.663913 0.003842
2458735.043256 20.664215 0.003843
2458735.546849 20.665130 0.003847
2458736.039916 20.663853 0.003842
2458736.532983 20.661688 0.003834
2458737.036577 20.661412 0.003833
2458737.529644 20.668245 0.003858
2458738.022711 20.661833 0.003835
2458738.526305 20.653620 0.003806
2458739.019372 20.663384 0.003840
2458739.512439 20.664648 0.003845
2458740.016032 20.668414 0.003858
2458740.509100 20.663023 0.003839
2458741.002167 20.661016 0.003832
2458741.505760 20.672132 0.003872
2458741.998827 20.666855 0.003853
2458742.491894 20.662879 0.003839
2458742.995488 20.667133 0.003854
2458743.488555 20.664540 0.003845
2458743.981622 20.666336 0.003851
2458744.485216 20.658473 0.003823
2458744.978283 20.666228 0.003851
2458745.471350 20.661881 0.003835
2458745.974944 20.665215 0.003847
2458746.468011 20.660896 0.003832
2458746.961078 20.658341 0.003823
2458747.464671 20.660547 0.003830
2458747.957738 20.659276 0.003826
2458748.450806 20.661388 0.003833
2458748.954399 20.666747 0.003852
2458749.447466 20.662602 0.003838
2458749.940533 20.663143 0.003840
2458750.444127 20.667954 0.003857
2458750.937194 20.660367 0.003830
2458751.430261 20.662193 0.003836
2458751.933855 20.671307 0.003869
2458752.426922 20.665926 0.003849
2458752.919989 20.663697 0.003842
2458753.423582 20.660944 0.003832
2458753.916650 20.659959 0.003828
2458754.409717 20.665709 0.003849
2458754.913310 20.658796 0.003824
2458755.406377 20.661989 0.003836
2458755.899444 20.663950 0.003842
2458756.403038 20.666928 0.003853
2458756.896105 20.659228 0.003826
2458757.389172 20.661676 0.003834
2458757.892766 20.668789 0.003860
2458758.385833 20.665287 0.003847
2458758.878900 20.668547 0.003859
2458759.382494 20.657216 0.003819
2458759.875561 20.665612 0.003848
2458760.368628 20.658437 0.003823
2458760.872221 20.666626 0.003852
2458761.365288 20.672071 0.003871
2458761.858356 20.666879 0.003853
2458762.361949 20.664781 0.003845
2458762.855016 20.669224 0.003861
2458763.348083 20.663480 0.003841
2458763.851677 20.662578 0.003838
2458764.344744 20.663203 0.003840
2458764.837811 20.659564 0.003827
2458765.341405 20.670774 0.003867
2458765.834472 20.661604 0.003834
2458766.327539 20.665805 0.003849
2458766.831132 20.657742 0.003821
2458767.324200 20.669164 0.003861
2458767.817267 20.665781 0.003849
2458768.320860 20.666336 0.003851
2458768.813927 20.664612 0.003845
2458769.306994 20.664961 0.003846
2458769.810588 20.663456 0.003841
2458770.303655 20.659684 0.003827
2458770.796722 20.660715 0.003831
2458771.300316 20.664251 0.003844
2458771.793383 20.665094 0.003847
2458772.286450 20.659743 0.003828
2458772.790044 20.670410 0.003865
2458773.283111 20.664564 0.003845
2458773.776178 20.667399 0.003855
2458774.279771 20.671938 0.003871
2458774.772838 20.669418 0.003862
2458775.265906 20.666095 0.003850
2458775.769499 20.661028 0.003832
2458776.262566 20.665275 0.003847
2458776.755633 20.661388 0.003833
2458777.259227 20.659060 0.003825
2458777.752294 20.667882 0.003856
2458778.245361 20.663853 0.003842
2458778.748955 20.664624 0.003845
2458779.242022 20.665227 0.003847
2458779.735089 20.660764 0.003831
2458780.238682 20.658401 0.003823
2458780.731750 20.660703 0.003831
2458781.224817 20.668946 0.003860
2458781.728410 20.662049 0.003836
2458782.221477 20.660115 0.003829
2458782.714544 20.662902 0.003839
2458783.218138 20.668353 0.003858
2458783.711205 20.664070 0.003843
2459622.427944 20.661004 0.003832
2459622.921011 20.668789 0.003860
2459623.424605 20.668897 0.003860
2459623.917672 20.657826 0.003821
2459624.410739 20.662590 0.003838
2459624.914332 20.664419 0.003844
2459625.407400 20.664166 0.003843
2459625.900467 20.665950 0.003850
2459626.404060 20.663312 0.003840
2459626.897127 20.662133 0.003836
2459627.390194 20.663203 0.003840
2459627.893788 20.661628 0.003834
2459628.386855 20.668317 0.003858
2459628.879922 20.666650 0.003852
2459629.383516 20.664504 0.003844
2459629.876583 20.665817 0.003849
2459630.369650 20.659564 0.003827
2459630.873244 20.665805 0.003849
2459631.366311 20.666662 0.003852
2459631.859378 20.669369 0.003862
2459632.362971 20.664961 0.003846
2459632.856038 20.660067 0.003829
2459633.349106 20.663624 0.003841
2459633.852699 20.670834 0.003867
2459634.345766 20.663877 0.003842
2459634.838833 20.662902 0.003839
2459635.342427 20.665866 0.003849
2459635.835494 20.659851 0.003828
2459636.328561 20.664757 0.003845
2459636.832155 20.666566 0.003852
2459637.325222 20.659887 0.003828
2459637.818289 20.661280 0.003833
2459638.321882 20.663769 0.003842
2459638.814950 20.666252 0.003851
2459639.308017 20.662217 0.003836
2459639.811610 20.662975 0.003839
2459640.304677 20.664407 0.003844
2459640.797744 20.660703 0.003831
2459641.301338 20.663805 0.003842
2459641.794405 20.656223 0.003815
2459642.287472 20.662542 0.003837
2459642.791066 20.665335 0.003847
2459643.284133 20.660103 0.003829
2459643.777200 20.667411 0.003855
2459644.280794 20.669345 0.003862
2459644.773861 20.664961 0.003846
2459645.266928 20.660331 0.003830
2459645.770521 20.673382 0.003876
2459646.263588 20.667302 0.003854
2459646.756656 20.664142 0.003843
2459647.260249 20.664467 0.003844
2459647.753316 20.660703 0.003831
2459648.246383 20.659444 0.003827
2459648.749977 20.672326 0.003872
2459649.243044 20.663612 0.003841
2459649.736111 20.664793 0.003845
2459650.239705 20.658485 0.003823
2459650.732772 20.674160 0.003879
2459651.225839 20.663637 0.003841
2459651.729432 20.664805 0.003845
2459652.222500 20.666167 0.003850
2459652.715567 20.663504 0.003841
2459653.219160 20.666372 0.003851
2459653.712227 20.669200 0.003861
2459654.205294 20.661953 0.003835
2459654.708888 20.665697 0.003849
2459655.201955 20.663889 0.003842
2459655.695022 20.664202 0.003843
2459656.198616 20.668837 0.003860
2459656.691683 20.663853 0.003842
2459657.184750 20.663360 0.003840
2459657.688344 20.659216 0.003826
2459658.181411 20.663396 0.003840
2459658.674478 20.667954 0.003857
2459659.178071 20.661748 0.003835
2459659.671138 20.661112 0.003832
2459660.164206 20.659636 0.003827
2459660.667799 20.669212 0.003861
2459661.160866 20.663444 0.003841
2459661.653933 20.669757 0.003863
2459662.157527 20.670822 0.003867
2459662.650594 20.665745 0.003849
2459663.143661 20.662566 0.003838
2459663.647255 20.664431 0.003844
2459664.140322 20.660727 0.003831
2459664.633389 20.670713 0.003866
2459665.136982 20.667556 0.003855
2459665.630050 20.660007 0.003829
2459666.123117 20.660415 0.003830
2459666.626710 20.664287 0.003844
2459667.119777 20.666276 0.003851
2459667.612844 20.665564 0.003848
2459668.116438 20.659216 0.003826
2459668.609505 20.667519 0.003855
2459669.102572 20.664443 0.003844
2459669.606166 20.658701 0.003824
2459670.099233 20.671222 0.003868
2459670.592300 20.667604 0.003855
2459671.095894 20.663853 0.003842
2459671.588961 20.667701 0.003856
2459672.082028 20.666602 0.003852
2459672.585621 20.662433 0.003837
2459673.078688 20.662638 0.003838
2459673.571756 20.662650 0.003838
2459674.075349 20.667350 0.003855
2459674.568416 20.671901 0.003871
2459675.061483 20.662686 0.003838
2459675.565077 20.662698 0.003838
2459676.058144 20.665564 0.003848
2459676.551211 20.663926 0.003842
2459677.054805 20.670786 0.003867
2459677.547872 20.658365 0.003823
2459678.040939 20.669018 0.003860
2459678.544532 20.663095 0.003839
2459679.037600 20.668124 0.003857
2459679.530667 20.663612 0.003841
2459680.034260 20.663167 0.003840
2459680.527327 20.663673 0.003841
2459681.020394 20.671938 0.003871
2459681.523988 20.668232 0.003858
2459682.017055 20.659684 0.003827
2459682.510122 20.662109 0.003836
2459683.013716 20.661869 0.003835
2459683.506783 20.662686 0.003838
2459683.999850 20.660559 0.003830
2459684.503444 20.662037 0.003836
2459684.996511 20.663901 0.003842
2459685.489578 20.661052 0.003832
2459685.993171 20.659708 0.003827
2459686.486238 20.660307 0.003830
2459686.979306 20.662638 0.003838
2459687.482899 20.664094 0.003843
2459687.975966 20.665347 0.003847
2459688.469033 20.666059 0.003850
2459688.972627 20.656797 0.003817
2459689.465694 20.667652 0.003856
2459689.958761 20.669902 0.003864
2459690.462355 20.666252 0.003851
2459690.955422 20.663083 0.003839
2459691.448489 20.669188 0.003861
2459691.952082 20.669490 0.003862
2459692.445150 20.667350 0.003855
2459692.938217 20.657742 0.003821
2459693.441810 20.660799 0.003831
2459693.934877 20.664636 0.003845
2459807.647256 20.664118 0.003843
2459808.150849 20.657982 0.003821
2459808.643916 20.661616 0.003834
2459809.136983 20.665480 0.003848
2459809.640577 20.662602 0.003838
2459810.133644 20.670701 0.003866
2459810.626711 20.656390 0.003816
2459811.130305 20.670120 0.003864
2459811.623372 20.663781 0.003842
2459812.116439 20.662410 0.003837
2459812.620032 20.663805 0.003842
2459813.113100 20.656044 0.003815
2459813.606167 20.657108 0.003818
2459814.109760 20.666674 0.003852
2459814.602827 20.660403 0.003830
2459815.095894 20.664829 0.003846
2459815.599488 20.664865 0.003846
2459816.092555 20.661700 0.003834
2459816.585622 20.672921 0.003874
2459817.089216 20.665516 0.003848
2459817.582283 20.663456 0.003841
2459818.075350 20.665769 0.003849
2459818.578944 20.669502 0.003862
2459819.072011 20.665492 0.003848
2459819.565078 20.667326 0.003854
2459820.068671 20.669502 0.003862
2459820.561738 20.665058 0.003846
2459821.054806 20.662770 0.003838
2459821.558399 20.665082 0.003846
2459822.051466 20.659780 0.003828
2459822.544533 20.667725 0.003856
2459823.048127 20.666867 0.003853
2459823.541194 20.664648 0.003845
2459824.034261 20.660307 0.003830
2459824.537855 20.662073 0.003836
2459825.030922 20.671428 0.003869
2459825.523989 20.665745 0.003849
2459826.027582 20.657228 0.003819
2459826.520650 20.662145 0.003836
2459827.013717 20.661352 0.003833
2459827.517310 20.664106 0.003843
2459828.010377 20.668148 0.003857
2459828.503444 20.663913 0.003842
2459829.007038 20.671125 0.003868
2459829.500105 20.666735 0.003852
2459829.993172 20.667495 0.003855
2459830.496766 20.661760 0.003835
2459830.989833 20.665733 0.003849
2459831.482900 20.660956 0.003832
2459831.986494 20.663540 0.003841
2459832.479561 20.666722 0.003852
2459832.972628 20.658952 0.003825
2459833.476221 20.658150 0.003822
2459833.969288 20.669079 0.003861
2459834.462356 20.661905 0.003835
2459834.965949 20.654336 0.003809
2459835.459016 20.662686 0.003838
2459835.952083 20.671162 0.003868
2459836.455677 20.661436 0.003834
2459836.948744 20.667205 0.003854
2459837.441811 20.666879 0.003853
2459837.945405 20.664588 0.003845
2459838.438472 20.653429 0.003805
2459838.931539 20.664070 0.003843
2459839.435132 20.663071 0.003839
2459839.928200 20.663504 0.003841
2459840.421267 20.656008 0.003814
2459840.924860 20.664600 0.003845
2459841.417927 20.657060 0.003818
2459841.910994 20.661760 0.003835
2459842.414588 20.663083 0.003839
2459842.907655 20.660619 0.003831
2459843.400722 20.659576 0.003827
2459843.904316 20.662734 0.003838
2459844.397383 20.659312 0.003826
2459844.890450 20.663167 0.003840
2459845.394044 20.660848 0.003831
2459845.887111 20.664576 0.003845
2459846.380178 20.665215 0.003847
2459846.883771 20.661580 0.003834
2459847.376838 20.661844 0.003835
2459847.869906 20.666747 0.003852
2459848.373499 20.661628 0.003834
2459848.866566 20.662073 0.003836
2459849.359633 20.660523 0.003830
2459849.863227 20.662482 0.003837
2459850.356294 20.659816 0.003828
2459850.849361 20.665588 0.003848
2459851.352955 20.662217 0.003836
2459851.846022 20.658760 0.003824
2459852.339089 20.661460 0.003834
2459852.842682 20.672241 0.003872
2459853.335750 20.666191 0.003850
2459853.828817 20.672824 0.003874
2459854.332410 20.673042 0.003875
2459854.825477 20.664034 0.003843
2459855.318544 20.664178 0.003843
2459855.822138 20.661448 0.003834
2459856.315205 20.663468 0.003841
2459856.808272 20.662181 0.003836
2459857.311866 20.665468 0.003848
2459857.804933 20.659264 0.003826
2459858.298000 20.663781 0.003842
2459858.801594 20.665528 0.003848
2459859.294661 20.670592 0.003866
2459859.787728 20.664022 0.003843
2459860.291321 20.663275 0.003840
2459860.784388 20.665721 0.003849
2459861.277456 20.669454 0.003862
2459861.781049 20.665733 0.003849
2459862.274116 20.662758 0.003838
2459862.767183 20.660980 0.003832
2459863.270777 20.663408 0.003841
2459863.763844 20.664720 0.003845
2459864.256911 20.660475 0.003830
2459864.760505 20.661833 0.003835
2459865.253572 20.665769 0.003849
2459865.746639 20.661881 0.003835
2459866.250232 20.667036 0.003853
2459866.743300 20.665588 0.003848
2459867.236367 20.659156 0.003826
2459867.739960 20.660355 0.003830
2459868.233027 20.670217 0.003865
2459868.726094 20.670931 0.003867
2459869.229688 20.662049 0.003836
2459869.722755 20.660127 0.003829
2459870.215822 20.660175 0.003829
2459870.719416 20.659024 0.003825
2459871.212483 20.663817 0.003842
2459871.705550 20.659012 0.003825
2459872.209144 20.661508 0.003834
2459872.702211 20.662722 0.003838
2459873.195278 20.668257 0.003858
2459873.698871 20.664058 0.003843
2459874.191938 20.660415 0.003830
2459874.685006 20.658245 0.003822
2459875.188599 20.657276 0.003819
2459875.681666 20.670495 0.003866
2459876.174733 20.671659 0.003870
2459876.678327 20.660908 0.003832
2459877.171394 20.659312 0.003826
2459877.664461 20.658617 0.003824
2459878.168055 20.666360 0.003851
2459878.661122 20.666891 0.003853
2459879.154189 20.670362 0.003865
2459987.411250 20.668075 0.003857
2459987.904317 20.664347 0.003844
2459988.407910 20.668885 0.003860
2459988.900977 20.663059 0.003839
2459989.394044 20.662049 0.003836
2459989.897638 20.667761 0.003856
2459990.390705 20.669502 0.003862
2459990.883772 20.664190 0.003843
2459991.387366 20.662410 0.003837
2459991.880433 20.663444 0.003841
2459992.373500 20.663372 0.003840
2459992.877094 20.654777 0.003810
2459993.370161 20.663011 0.003839
2459993.863228 20.656833 0.003817
2459994.366821 20.666216 0.003850
2459994.859888 20.666662 0.003852
2459995.352956 20.665287 0.003847
2459995.856549 20.667181 0.003854
2459996.349616 20.666409 0.003851
2459996.842683 20.663564 0.003841
2459997.346277 20.669260 0.003861
2459997.839344 20.668631 0.003859
2459998.332411 20.666662 0.003852
2459998.836005 20.662638 0.003838
2459999.329072 20.663179 0.003840
2459999.822139 20.661412 0.003833
2460000.325732 20.661833 0.003835
2460000.818800 20.659480 0.003827
2460001.311867 20.665347 0.003847
2460001.815460 20.667580 0.003855
2460002.308527 20.663974 0.003843
2460002.801594 20.658245 0.003822
2460003.305188 20.662277 0.003837
2460003.798255 20.659672 0.003827
2460004.291322 20.659264 0.003826
2460004.794916 20.665962 0.003850
2460005.287983 20.672253 0.003872
2460005.781050 20.656187 0.003815
2460006.284644 20.672010 0.003871
2460006.777711 20.661088 0.003832
2460007.270778 20.668559 0.003859
2460007.774371 20.658796 0.003824
2460008.267438 20.666240 0.003851
2460008.760506 20.662830 0.003838
2460009.264099 20.662265 0.003836
2460009.757166 20.661520 0.003834
2460010.250233 20.665058 0.003846
2460010.753827 20.660067 0.003829
2460011.246894 20.664407 0.003844
2460011.739961 20.663408 0.003841
2460012.243555 20.672593 0.003873
2460012.736622 20.663396 0.003840
2460013.229689 20.659768 0.003828
2460013.733282 20.662866 0.003839
2460014.226350 20.659096 0.003825
2460014.719417 20.660824 0.003831
2460015.223010 20.662337 0.003837
2460015.716077 20.660884 0.003832
2460016.209144 20.666819 0.003853
2460016.712738 20.662686 0.003838
2460017.205805 20.669962 0.003864
2460017.698872 20.653548 0.003806
2460018.202466 20.670023 0.003864
2460018.695533 20.665962 0.003850
2460019.188600 20.658557 0.003823
2460019.692194 20.658988 0.003825
2460020.185261 20.662554 0.003838
2460020.678328 20.666119 0.003850
2460021.181921 20.658964 0.003825
2460021.674988 20.663865 0.003842
2460022.168056 20.665239 0.003847
2460022.671649 20.664793 0.003845
2460023.164716 20.662049 0.003836
2460023.657783 20.660235 0.003829
2460024.161377 20.662169 0.003836
2460024.654444 20.659288 0.003826
2460025.147511 20.660559 0.003830
2460025.651105 20.659887 0.003828
2460026.144172 20.663769 0.003842
2460026.637239 20.663263 0.003840
2460027.140832 20.665311 0.003847
2460027.633900 20.659816 0.003828
2460028.126967 20.665347 0.003847
2460028.630560 20.667761 0.003856
2460029.123627 20.666614 0.003852
2460029.616694 20.667169 0.003854
2460030.120288 20.661869 0.003835
2460030.613355 20.658689 0.003824
2460031.106422 20.657335 0.003819
2460031.610016 20.670132 0.003864
2460032.103083 20.660223 0.003829
2460032.596150 20.668958 0.003860
2460033.099744 20.661556 0.003834
2460033.592811 20.657922 0.003821
2460034.085878 20.661544 0.003834
2460034.589471 20.657946 0.003821
2460035.082538 20.667242 0.003854
2460035.575606 20.664239 0.003843
2460036.079199 20.661316 0.003833
2460036.572266 20.662794 0.003838
2460037.065333 20.658940 0.003825
2460037.568927 20.661628 0.003834
2460038.061994 20.660980 0.003832
2460038.555061 20.665299 0.003847
2460039.058655 20.663468 0.003841
2460039.551722 20.658749 0.003824
2460040.044789 20.661628 0.003834
2460040.548382 20.671234 0.003868
2460041.041450 20.660727 0.003831
2460041.534517 20.666445 0.003851
2460042.038110 20.663733 0.003842
2460042.531177 20.664239 0.003843
2460043.024244 20.668269 0.003858
2460043.527838 20.668124 0.003857
2460044.020905 20.661328 0.003833
2460044.513972 20.660667 0.003831
2460045.017566 20.663841 0.003842
2460045.510633 20.665395 0.003848
2460046.003700 20.667689 0.003856
2460046.507294 20.663191 0.003840
2460047.000361 20.669708 0.003863
2460047.493428 20.665106 0.003847
2460047.997021 20.664479 0.003844
2460048.490088 20.661292 0.003833
2460048.983156 20.669381 0.003862
2460049.486749 20.669043 0.003861
2460049.979816 20.663637 0.003841
2460050.472883 20.661064 0.003832
2460050.976477 20.660007 0.003829
2460051.469544 20.659024 0.003825
2460051.962611 20.661869 0.003835
2460052.466205 20.663348 0.003840
2460052.959272 20.667906 0.003856
2460053.452339 20.662662 0.003838
2460053.955932 20.664841 0.003846
2460054.449000 20.659480 0.003827
2460054.942067 20.661724 0.003835
2460055.445660 20.666240 0.003851
2460055.938727 20.660295 0.003830
2460056.431794 20.669539 0.003862
2460056.935388 20.660908 0.003832
2460057.428455 20.660715 0.003831
2460057.921522 20.661052 0.003832
2460058.425116 20.667979 0.003857
2460058.918183 20.661448 0.003834
