2458346.727899 21.712236 0.006738
2458347.220966 21.715611 0.006759
2458347.714033 21.709859 0.006724
2458348.217627 21.718995 0.006780
2458348.710694 21.727318 0.006833
2458349.203761 21.725722 0.006823
2458349.707355 21.728730 0.006841
2458350.200422 21.715207 0.006757
2458350.693489 21.722834 0.006804
2458351.197082 21.716897 0.006767
2458351.690150 21.723833 0.006811
2458352.183217 21.714179 0.006750
2458352.686810 21.713152 0.006744
2458353.179877 21.726056 0.006825
2458353.672944 21.720359 0.006789
2458354.176538 21.715611 0.006759
2458354.669605 21.712053 0.006737
2458355.162672 21.712859 0.006742
2458355.666266 21.714509 0.006752
2458356.159333 21.723500 0.006809
2458356.652400 21.725463 0.006821
2458357.155994 21.716015 0.006762
2458357.649061 21.705192 0.006695
2458358.142128 21.704028 0.006688
2458358.645721 21.725352 0.006820
2458359.138788 21.717154 0.006769
2458359.631856 21.718222 0.006776
2458360.135449 21.727875 0.006836
2458360.628516 21.713592 0.006747
2458361.121583 21.710700 0.006729
2458361.625177 21.702612 0.006679
2458362.118244 21.722390 0.006802
2458362.611311 21.711541 0.006734
2458363.114905 21.718958 0.006780
2458363.607972 21.717302 0.006770
2458364.101039 21.715354 0.006758
2458364.604632 21.725871 0.006823
2458365.097700 21.723722 0.006810
2458365.590767 21.732379 0.006865
2458366.094360 21.720728 0.006791
2458366.587427 21.722760 0.006804
2458367.080494 21.728804 0.006842
2458367.584088 21.721799 0.006798
2458368.077155 21.725166 0.006819
2458368.570222 21.712420 0.006739
2458369.073816 21.712932 0.006743
2458369.566883 21.727726 0.006835
2458370.059950 21.717633 0.006772
2458370.563544 21.715574 0.006759
2458371.056611 21.720618 0.006791
2458371.549678 21.719253 0.006782
2458372.053271 21.717375 0.006770
2458372.546338 21.719622 0.006784
2458373.039406 21.714583 0.006753
2458373.542999 21.722317 0.006801
2458374.036066 21.727132 0.006831
2458374.529133 21.725722 0.006823
2458375.032727 21.718885 0.006780
2458375.525794 21.711614 0.006734
2458376.018861 21.712456 0.006740
2458376.522455 21.729957 0.006849
2458377.015522 21.720212 0.006788
2458377.508589 21.732640 0.006866
2458378.012182 21.721356 0.006795
2458378.505250 21.718664 0.006778
2458378.998317 21.726093 0.006825
2458379.501910 21.718664 0.006778
2458379.994977 21.713849 0.006748
2458380.488044 21.728655 0.006841
2458380.991638 21.718885 0.006780
2458381.484705 21.721541 0.006796
2458381.977772 21.718774 0.006779
2458382.481366 21.706284 0.006701
2458382.974433 21.711651 0.006735
2458383.467500 21.718774 0.006779
2458383.971094 21.720876 0.006792
2458384.464161 21.717302 0.006770
2458384.957228 21.724573 0.006815
2458385.460821 21.727318 0.006833
2458385.953888 21.716860 0.006767
2458386.446956 21.718222 0.006776
2458386.950549 21.724166 0.006813
2458387.443616 21.724833 0.006817
2458387.936683 21.721098 0.006794
2458388.440277 21.712017 0.006737
2458388.933344 21.726984 0.006830
2458389.426411 21.717449 0.006771
2458389.930005 21.714032 0.006749
2458390.423072 21.713116 0.006744
2458390.916139 21.718111 0.006775
2458391.419732 21.712273 0.006739
2458391.912800 21.718848 0.006779
2458392.405867 21.714876 0.006755
2458392.909460 21.715207 0.006757
2458393.402527 21.717522 0.006771
2458393.895594 21.718553 0.006778
2458394.399188 21.717081 0.006768
2458394.892255 21.716603 0.006765
2458395.385322 21.726019 0.006824
2458395.888916 21.727763 0.006835
2458396.381983 21.713629 0.006747
2458396.875050 21.726835 0.006830
2458397.378644 21.705774 0.006698
2458397.871711 21.721762 0.006798
2458398.364778 21.717338 0.006770
2458398.868371 21.713812 0.006748
2458399.361438 21.704574 0.006691
2458399.854506 21.724092 0.006812
2458400.358099 21.715941 0.006761
2458400.851166 21.725277 0.006820
2458401.344233 21.723167 0.006807
2458401.847827 21.722132 0.006800
2458402.340894 21.726093 0.006825
2458402.833961 21.714216 0.006751
2458403.337555 21.739866 0.006912
2458403.830622 21.712639 0.006741
2458404.323689 21.726984 0.006830
2458404.827282 21.713555 0.006747
2458405.320350 21.720950 0.006793
2458405.813417 21.722945 0.006805
2458406.317010 21.721725 0.006797
2458406.810077 21.737877 0.006899
2458407.303144 21.723463 0.006808
2458407.806738 21.710992 0.006731
2458408.299805 21.733835 0.006874
2458408.792872 21.713042 0.006743
2458409.296466 21.721799 0.006798
2458409.789533 21.730143 0.006850
2458410.282600 21.709530 0.006722
2458410.786194 21.710407 0.006727
2458411.279261 21.715868 0.006761
2458411.772328 21.731932 0.006862
2458412.275921 21.721245 0.006794
2458412.768988 21.726279 0.006826
2458413.262056 21.714986 0.006755
2458413.765649 21.719364 0.006783
2458414.258716 21.708654 0.006716
2458414.751783 21.728209 0.006838
2458415.255377 21.715831 0.006761
2458415.748444 21.708398 0.006715
2458416.241511 21.714583 0.006753
2458416.745105 21.713079 0.006744
2458417.238172 21.723648 0.006810
2458417.731239 21.713922 0.006749
2458418.234832 21.723093 0.006806
2458526.481367 21.727169 0.006832
2458526.984960 21.706758 0.006704
2458527.478027 21.721984 0.006799
2458527.971094 21.715647 0.006760
2458528.474688 21.715574 0.006759
2458528.967755 21.724166 0.006813
2458529.460822 21.727912 0.006836
2458529.964416 21.724833 0.006817
2458530.457483 21.715758 0.006760
2458530.950550 21.718222 0.006776
2458531.454144 21.738777 0.006905
2458531.947211 21.716382 0.006764
2458532.440278 21.709165 0.006719
2458532.943871 21.720286 0.006788
2458533.436938 21.712749 0.006742
2458533.930006 21.734695 0.006879
2458534.433599 21.716860 0.006767
2458534.926666 21.731410 0.006858
2458535.419733 21.716713 0.006766
2458535.923327 21.733088 0.006869
2458536.416394 21.714546 0.006753
2458536.909461 21.723426 0.006808
2458537.413055 21.726872 0.006830
2458537.906122 21.723093 0.006806
2458538.399189 21.722982 0.006805
2458538.902782 21.720323 0.006789
2458539.395850 21.732752 0.006867
2458539.888917 21.716787 0.006767
2458540.392510 21.705701 0.006698
2458540.885577 21.707742 0.006710
2458541.378644 21.726241 0.006826
2458541.882238 21.723056 0.006806
2458542.375305 21.716419 0.006764
2458542.868372 21.710480 0.006727
2458543.371966 21.737240 0.006895
2458543.865033 21.713739 0.006748
2458544.358100 21.720544 0.006790
2458544.861694 21.717854 0.006773
2458545.354761 21.715905 0.006761
2458545.847828 21.721541 0.006796
2458546.351421 21.712932 0.006743
2458546.844488 21.714839 0.006755
2458547.337556 21.726650 0.006828
2458547.841149 21.709092 0.006719
2458548.334216 21.717449 0.006771
2458548.827283 21.717375 0.006770
2458549.330877 21.727838 0.006836
2458549.823944 21.711907 0.006736
2458550.317011 21.729325 0.006845
2458550.820605 21.719327 0.006782
2458551.313672 21.727652 0.006835
2458551.806739 21.719696 0.006785
2458552.310332 21.723019 0.006806
2458552.803400 21.722908 0.006805
2458553.296467 21.720839 0.006792
2458553.800060 21.724388 0.006814
2458554.293127 21.717854 0.006773
2458554.786194 21.713702 0.006747
2458555.289788 21.713592 0.006747
2458555.782855 21.706539 0.006703
2458556.275922 21.723796 0.006810
2458556.779516 21.730255 0.006851
2458557.272583 21.707013 0.006706
2458557.765650 21.721467 0.006796
2458558.269244 21.719991 0.006787
2458558.762311 21.714803 0.006754
2458559.255378 21.723241 0.006807
2458559.758971 21.723167 0.006807
2458560.252038 21.722280 0.006801
2458560.745106 21.717375 0.006770
2458561.248699 21.720138 0.006788
2458561.741766 21.727615 0.006834
2458562.234833 21.723167 0.006807
2458562.738427 21.711797 0.006736
2458563.231494 21.710042 0.006725
2458563.724561 21.731857 0.006861
2458564.228155 21.725722 0.006823
2458564.721222 21.717191 0.006769
2458565.214289 21.709165 0.006719
2458565.717882 21.727021 0.006831
2458566.210950 21.718664 0.006778
2458566.704017 21.722464 0.006802
2458567.207610 21.724277 0.006813
2458567.700677 21.718222 0.006776
2458568.193744 21.713592 0.006747
2458568.697338 21.709676 0.006722
2458569.190405 21.721319 0.006795
2458569.683472 21.713042 0.006743
2458570.187066 21.728321 0.006839
2458570.680133 21.726575 0.006828
2458571.173200 21.720433 0.006789
2458571.676794 21.722280 0.006801
2458572.169861 21.716566 0.006765
2458572.662928 21.718885 0.006780
2458573.166521 21.737277 0.006896
2458573.659588 21.719032 0.006781
2458574.152656 21.734994 0.006881
2458574.656249 21.726390 0.006827
2458575.149316 21.723944 0.006811
2458575.642383 21.711212 0.006732
2458576.145977 21.734807 0.006880
2458576.639044 21.719991 0.006787
2458577.132111 21.712090 0.006737
2458577.635705 21.714289 0.006751
2458578.128772 21.717890 0.006774
2458578.621839 21.727763 0.006835
2458579.125432 21.716823 0.006767
2458579.618500 21.704574 0.006691
2458580.111567 21.714179 0.006750
2458580.615160 21.724092 0.006812
2458581.108227 21.710846 0.006730
2458581.601294 21.724018 0.006812
2458582.104888 21.717670 0.006772
2458582.597955 21.713959 0.006749
2458583.091022 21.711614 0.006734
2458583.594616 21.722427 0.006802
2458584.087683 21.714656 0.006753
2458584.580750 21.717559 0.006771
2458585.084344 21.716787 0.006767
2458585.577411 21.720692 0.006791
2458586.070478 21.719327 0.006782
2458586.574071 21.715427 0.006758
2458587.067138 21.717338 0.006770
2458587.560206 21.711980 0.006737
2458588.063799 21.725314 0.006820
2458588.556866 21.723093 0.006806
2458589.049933 21.714876 0.006755
2458589.553527 21.720876 0.006792
2458590.046594 21.721688 0.006797
2458590.539661 21.730627 0.006853
2458591.043255 21.730516 0.006853
2458591.536322 21.711578 0.006734
2458592.029389 21.711321 0.006733
2458592.532982 21.712310 0.006739
2458593.026050 21.718148 0.006775
2458593.519117 21.713776 0.006748
2458594.022710 21.719769 0.006785
2458594.515777 21.711797 0.006736
2458595.008844 21.714766 0.006754
2458595.512438 21.726538 0.006828
2458596.005505 21.713555 0.006747
2458596.498572 21.731522 0.006859
2458597.002166 21.702140 0.006676
2458597.495233 21.714252 0.006751
2458597.988300 21.733238 0.006870
2458712.204272 21.714766 0.006755
2458712.697339 21.716309 0.006765
2458713.200932 21.726204 0.006827
2458713.694000 21.717375 0.006772
2458714.187067 21.712786 0.006743
2458714.690660 21.718185 0.006777
2458715.183727 21.717780 0.006774
2458715.676794 21.707013 0.006707
2458716.180388 21.717007 0.006770
2458716.673455 21.707086 0.006708
2458717.166522 21.720323 0.006790
2458717.670116 21.716382 0.006766
2458718.163183 21.718995 0.006782
2458718.656250 21.725092 0.006820
2458719.159844 21.718664 0.006780
2458719.652911 21.717743 0.006774
2458720.145978 21.722686 0.006805
2458720.649571 21.705701 0.006700
2458721.142638 21.713959 0.006751
2458721.635706 21.714656 0.006755
2458722.139299 21.713372 0.006748
2458722.632366 21.721171 0.006796
2458723.125433 21.705847 0.006701
2458723.629027 21.716897 0.006770
2458724.122094 21.722095 0.006802
2458724.615161 21.739190 0.006910
2458725.118755 21.720802 0.006794
2458725.611822 21.722649 0.006806
2458726.104889 21.714950 0.006758
2458726.608482 21.712163 0.006741
2458727.101550 21.728358 0.006842
2458727.594617 21.719216 0.006785
2458728.098210 21.713519 0.006750
2458728.591277 21.706685 0.006707
2458729.084344 21.721024 0.006797
2458729.587938 21.719069 0.006785
2458730.081005 21.722317 0.006805
2458730.574072 21.720323 0.006793
2458731.077666 21.730292 0.006856
2458731.570733 21.714069 0.006754
2458732.063800 21.721947 0.006803
2458732.567394 21.714252 0.006756
2458733.060461 21.716456 0.006769
2458733.553528 21.720138 0.006793
2458734.057121 21.708289 0.006719
2458734.550188 21.709932 0.006730
2458735.043256 21.721873 0.006804
2458735.546849 21.729994 0.006855
2458736.039916 21.720913 0.006799
2458736.532983 21.727466 0.006840
2458737.036577 21.717780 0.006780
2458737.529644 21.720470 0.006797
2458738.022711 21.722723 0.006811
2458738.526305 21.716456 0.006772
2458739.019372 21.718700 0.006787
2458739.512439 21.717522 0.006780
2458740.016032 21.714399 0.006761
2458740.509100 21.714619 0.006762
2458741.002167 21.713666 0.006757
2458741.505760 21.714179 0.006761
2458741.998827 21.718222 0.006786
2458742.491894 21.718259 0.006787
2458742.995488 21.725574 0.006833
2458743.488555 21.723907 0.006824
2458743.981622 21.713996 0.006762
2458744.485216 21.722612 0.006817
2458744.978283 21.710444 0.006741
2458745.471350 21.711870 0.006751
2458745.974944 21.711468 0.006749
2458746.468011 21.710992 0.006747
2458746.961078 21.715133 0.006774
2458747.464671 21.724981 0.006837
2458747.957738 21.714179 0.006770
2458748.450806 21.715831 0.006781
2458748.954399 21.710115 0.006747
2458749.447466 21.707888 0.006734
2458749.940533 21.720249 0.006813
2458750.444127 21.696604 0.006668
2458750.937194 21.710334 0.006754
2458751.430261 21.702285 0.006706
2458751.933855 21.718995 0.006812
2458752.426922 21.722871 0.006838
2458752.919989 21.714289 0.006786
2458753.423582 21.701560 0.006709
2458753.916650 21.701234 0.006709
2458754.409717 21.703193 0.006724
2458754.913310 21.700074 0.006708
2458755.406377 21.702902 0.006728
2458755.899444 21.707341 0.006759
2458756.403038 21.694656 0.006684
2458756.896105 21.705374 0.006754
2458757.389172 21.697687 0.006710
2458757.892766 21.692389 0.006682
2458758.385833 21.694440 0.006700
2458758.878900 21.689947 0.006677
2458759.382494 21.697579 0.006730
2458759.875561 21.684222 0.006654
2458760.368628 21.681691 0.006645
2458760.872221 21.686365 0.006681
2458761.365288 21.675620 0.006623
2458761.858356 21.674063 0.006622
2458762.361949 21.665576 0.006580
2458762.855016 21.670534 0.006620
2458763.348083 21.671415 0.006637
2458763.851677 21.664875 0.006609
2458764.344744 21.657364 0.006577
2458764.837811 21.648281 0.006537
2458765.341405 21.657573 0.006609
2458765.834472 21.644077 0.006545
2458766.327539 21.631971 0.006492
2458766.831132 21.637016 0.006543
2458767.324200 21.615835 0.006439
2458767.817267 21.616204 0.006467
2458768.320860 21.599176 0.006394
2458768.813927 21.577549 0.006297
2458769.306994 21.571485 0.006294
2458769.810588 21.559076 0.006258
2458770.303655 21.537103 0.006170
2458770.796722 21.544482 0.006254
2458771.300316 21.522615 0.006174
2458771.793383 21.508774 0.006144
2458772.286450 21.471119 0.005986
2458772.790044 21.458118 0.005970
2458773.283111 21.437566 0.005915
2458773.776178 21.408557 0.005819
2458774.279771 21.391146 0.005790
2458774.772838 21.366473 0.005723
2458775.265906 21.332264 0.005609
2458775.769499 21.305274 0.005535
2458776.262566 21.287696 0.005506
2458776.755633 21.263740 0.005441
2458777.259227 21.234201 0.005345
2458777.752294 21.228275 0.005355
2458778.245361 21.218820 0.005338
2458778.748955 21.196093 0.005243
2458779.242022 21.196731 0.005249
2458779.735089 21.208249 0.005294
2458780.238682 21.213973 0.005298
2458780.731750 21.234460 0.005362
2458781.224817 21.254837 0.005418
2458781.728410 21.279529 0.005487
2458782.221477 21.306836 0.005567
2458782.714544 21.329480 0.005621
2458783.218138 21.340631 0.005613
2458783.711205 21.379089 0.005750
2459622.427944 21.707086 0.006706
2459622.921011 21.714362 0.006752
2459623.424605 21.716603 0.006765
2459623.917672 21.716015 0.006762
2459624.410739 21.719401 0.006783
2459624.914332 21.719548 0.006784
2459625.407400 21.717449 0.006771
2459625.900467 21.717706 0.006772
2459626.404060 21.716051 0.006762
2459626.897127 21.707888 0.006711
2459627.390194 21.730218 0.006851
2459627.893788 21.713519 0.006746
2459628.386855 21.718001 0.006774
2459628.879922 21.723944 0.006811
2459629.383516 21.717854 0.006773
2459629.876583 21.724277 0.006813
2459630.369650 21.715831 0.006761
2459630.873244 21.726241 0.006826
2459631.366311 21.714252 0.006751
2459631.859378 21.734246 0.006876
2459632.362971 21.714950 0.006755
2459632.856038 21.706903 0.006705
2459633.349106 21.724351 0.006814
2459633.852699 21.737614 0.006898
2459634.345766 21.707341 0.006708
2459634.838833 21.714950 0.006755
2459635.342427 21.714179 0.006750
2459635.835494 21.721651 0.006797
2459636.328561 21.719401 0.006783
2459636.832155 21.724759 0.006816
2459637.325222 21.717817 0.006773
2459637.818289 21.714473 0.006752
2459638.321882 21.715060 0.006756
2459638.814950 21.734582 0.006878
2459639.308017 21.713849 0.006748
2459639.811610 21.715390 0.006758
2459640.304677 21.718259 0.006776
2459640.797744 21.718664 0.006778
2459641.301338 21.731522 0.006859
2459641.794405 21.721245 0.006794
2459642.287472 21.719364 0.006783
2459642.791066 21.730553 0.006853
2459643.284133 21.707377 0.006708
2459643.777200 21.719327 0.006782
2459644.280794 21.723611 0.006809
2459644.773861 21.721245 0.006794
2459645.266928 21.710151 0.006725
2459645.770521 21.724277 0.006813
2459646.263588 21.724277 0.006813
2459646.756656 21.728767 0.006842
2459647.260249 21.725722 0.006823
2459647.753316 21.722501 0.006802
2459648.246383 21.713776 0.006748
2459648.749977 21.714399 0.006752
2459649.243044 21.719806 0.006785
2459649.736111 21.725685 0.006822
2459650.239705 21.723019 0.006806
2459650.732772 21.720175 0.006788
2459651.225839 21.721836 0.006798
2459651.729432 21.716088 0.006762
2459652.222500 21.713482 0.006746
2459652.715567 21.723944 0.006811
2459653.219160 21.723574 0.006809
2459653.712227 21.720359 0.006789
2459654.205294 21.724536 0.006815
2459654.708888 21.718995 0.006780
2459655.201955 21.714289 0.006751
2459655.695022 21.719843 0.006786
2459656.198616 21.714216 0.006751
2459656.691683 21.725166 0.006819
2459657.184750 21.722575 0.006803
2459657.688344 21.718075 0.006775
2459658.181411 21.717927 0.006774
2459658.674478 21.715464 0.006758
2459659.178071 21.701089 0.006669
2459659.671138 21.718148 0.006775
2459660.164206 21.709603 0.006722
2459660.667799 21.725463 0.006821
2459661.160866 21.723352 0.006808
2459661.653933 21.740993 0.006919
2459662.157527 21.728469 0.006840
2459662.650594 21.716345 0.006764
2459663.143661 21.728544 0.006840
2459663.647255 21.718627 0.006778
2459664.140322 21.719585 0.006784
2459664.633389 21.710297 0.006726
2459665.136982 21.723648 0.006810
2459665.630050 21.722427 0.006802
2459666.123117 21.721282 0.006795
2459666.626710 21.721393 0.006795
2459667.119777 21.721725 0.006797
2459667.612844 21.714326 0.006751
2459668.116438 21.720212 0.006788
2459668.609505 21.718848 0.006779
2459669.102572 21.722908 0.006805
2459669.606166 21.715941 0.006761
2459670.099233 21.720802 0.006792
2459670.592300 21.721910 0.006799
2459671.095894 21.720987 0.006793
2459671.588961 21.717007 0.006768
2459672.082028 21.716713 0.006766
2459672.585621 21.732528 0.006865
2459673.078688 21.707997 0.006712
2459673.571756 21.724203 0.006813
2459674.075349 21.710115 0.006725
2459674.568416 21.734807 0.006880
2459675.061483 21.719511 0.006784
2459675.565077 21.713812 0.006748
2459676.058144 21.727466 0.006834
2459676.551211 21.731149 0.006857
2459677.054805 21.716934 0.006768
2459677.547872 21.714729 0.006754
2459678.040939 21.707086 0.006706
2459678.544532 21.724944 0.006818
2459679.037600 21.720396 0.006789
2459679.530667 21.713922 0.006749
2459680.034260 21.721947 0.006799
2459680.527327 21.720913 0.006792
2459681.020394 21.724203 0.006813
2459681.523988 21.719954 0.006786
2459682.017055 21.727132 0.006831
2459682.510122 21.718811 0.006779
2459683.013716 21.707013 0.006706
2459683.506783 21.724870 0.006817
2459683.999850 21.708325 0.006714
2459684.503444 21.729213 0.006845
2459684.996511 21.723796 0.006810
2459685.489578 21.725426 0.006821
2459685.993171 21.722575 0.006803
2459686.486238 21.712456 0.006740
2459686.979306 21.720728 0.006791
2459687.482899 21.715831 0.006761
2459687.975966 21.717780 0.006773
2459688.469033 21.706794 0.006705
2459688.972627 21.718737 0.006779
2459689.465694 21.716676 0.006766
2459689.958761 21.719843 0.006786
2459690.462355 21.709640 0.006722
2459690.955422 21.729585 0.006847
2459691.448489 21.726093 0.006825
2459691.952082 21.720876 0.006792
2459692.445150 21.719106 0.006781
2459692.938217 21.726835 0.006830
2459693.441810 21.713372 0.006745
2459693.934877 21.719069 0.006781
2459807.647256 21.725982 0.006824
2459808.150849 21.720212 0.006788
2459808.643916 21.715500 0.006759
2459809.136983 21.727021 0.006831
2459809.640577 21.714950 0.006755
2459810.133644 21.719106 0.006781
2459810.626711 21.721430 0.006796
2459811.130305 21.724499 0.006815
2459811.623372 21.720692 0.006791
2459812.116439 21.725426 0.006821
2459812.620032 21.722834 0.006804
2459813.113100 21.718295 0.006776
2459813.606167 21.726575 0.006828
2459814.109760 21.717817 0.006773
2459814.602827 21.724129 0.006813
2459815.095894 21.721393 0.006795
2459815.599488 21.724611 0.006816
2459816.092555 21.716419 0.006764
2459816.585622 21.727689 0.006835
2459817.089216 21.736753 0.006892
2459817.582283 21.723056 0.006806
2459818.075350 21.734956 0.006881
2459818.578944 21.711395 0.006733
2459819.072011 21.726909 0.006830
2459819.565078 21.716971 0.006768
2459820.068671 21.718332 0.006776
2459820.561738 21.723056 0.006806
2459821.054806 21.717081 0.006768
2459821.558399 21.729920 0.006849
2459822.051466 21.725018 0.006818
2459822.544533 21.715611 0.006759
2459823.048127 21.726316 0.006826
2459823.541194 21.715023 0.006756
2459824.034261 21.723315 0.006807
2459824.537855 21.728246 0.006838
2459825.030922 21.714069 0.006750
2459825.523989 21.722797 0.006804
2459826.027582 21.710626 0.006728
2459826.520650 21.723352 0.006808
2459827.013717 21.717780 0.006773
2459827.517310 21.714509 0.006752
2459828.010377 21.720175 0.006788
2459828.503444 21.716971 0.006768
2459829.007038 21.724981 0.006818
2459829.500105 21.725685 0.006822
2459829.993172 21.715684 0.006760
2459830.496766 21.725389 0.006820
2459830.989833 21.719511 0.006784
2459831.482900 21.710407 0.006727
2459831.986494 21.721578 0.006797
2459832.479561 21.717302 0.006770
2459832.972628 21.715133 0.006756
2459833.476221 21.729027 0.006843
2459833.969288 21.711102 0.006731
2459834.462356 21.729325 0.006845
2459834.965949 21.726761 0.006829
2459835.459016 21.723019 0.006806
2459835.952083 21.717706 0.006772
2459836.455677 21.719585 0.006784
2459836.948744 21.716787 0.006767
2459837.441811 21.730106 0.006850
2459837.945405 21.710151 0.006725
2459838.438472 21.723574 0.006809
2459838.931539 21.722723 0.006804
2459839.435132 21.709128 0.006719
2459839.928200 21.717191 0.006769
2459840.421267 21.718332 0.006776
2459840.924860 21.724240 0.006813
2459841.417927 21.718075 0.006775
2459841.910994 21.717302 0.006770
2459842.414588 21.713042 0.006743
2459842.907655 21.726093 0.006825
2459843.400722 21.720913 0.006792
2459843.904316 21.734732 0.006879
2459844.397383 21.715905 0.006761
2459844.890450 21.720027 0.006787
2459845.394044 21.711578 0.006734
2459845.887111 21.708107 0.006713
2459846.380178 21.724907 0.006817
2459846.883771 21.717559 0.006771
2459847.376838 21.717375 0.006770
2459847.869906 21.724092 0.006812
2459848.373499 21.718295 0.006776
2459848.866566 21.722760 0.006804
2459849.359633 21.724907 0.006817
2459849.863227 21.726909 0.006830
2459850.356294 21.718369 0.006776
2459850.849361 21.729808 0.006848
2459851.352955 21.709421 0.006721
2459851.846022 21.736453 0.006890
2459852.339089 21.726761 0.006829
2459852.842682 21.727281 0.006832
2459853.335750 21.722686 0.006803
2459853.828817 21.724648 0.006816
2459854.332410 21.704828 0.006693
2459854.825477 21.722945 0.006805
2459855.318544 21.721098 0.006794
2459855.822138 21.716713 0.006766
2459856.315205 21.726390 0.006827
2459856.808272 21.719474 0.006783
2459857.311866 21.703774 0.006686
2459857.804933 21.704065 0.006688
2459858.298000 21.725426 0.006821
2459858.801594 21.712932 0.006743
2459859.294661 21.714399 0.006752
2459859.787728 21.728581 0.006841
2459860.291321 21.712786 0.006742
2459860.784388 21.711541 0.006734
2459861.277456 21.717780 0.006773
2459861.781049 21.718332 0.006776
2459862.274116 21.716309 0.006764
2459862.767183 21.718443 0.006777
2459863.270777 21.716566 0.006765
2459863.763844 21.715794 0.006760
2459864.256911 21.720286 0.006788
2459864.760505 21.712639 0.006741
2459865.253572 21.720728 0.006791
2459865.746639 21.721984 0.006799
2459866.250232 21.725833 0.006823
2459866.743300 21.712969 0.006743
2459867.236367 21.738852 0.006906
2459867.739960 21.721799 0.006798
2459868.233027 21.717375 0.006770
2459868.726094 21.711468 0.006734
2459869.229688 21.714252 0.006751
2459869.722755 21.725389 0.006820
2459870.215822 21.725945 0.006824
2459870.719416 21.714216 0.006751
2459871.212483 21.720175 0.006788
2459871.705550 21.707997 0.006712
2459872.209144 21.719769 0.006785
2459872.702211 21.718885 0.006780
2459873.195278 21.719364 0.006783
2459873.698871 21.725389 0.006820
2459874.191938 21.725611 0.006822
2459874.685006 21.719806 0.006785
2459875.188599 21.714142 0.006750
2459875.681666 21.722538 0.006803
2459876.174733 21.718111 0.006775
2459876.678327 21.714656 0.006753
2459877.171394 21.711285 0.006732
2459877.664461 21.726650 0.006828
2459878.168055 21.715390 0.006758
2459878.661122 21.724277 0.006813
2459879.154189 21.712676 0.006741
2459987.411250 21.723907 0.006811
2459987.904317 21.719659 0.006785
2459988.407910 21.730404 0.006852
2459988.900977 21.722058 0.006800
2459989.394044 21.719843 0.006786
2459989.897638 21.698771 0.006655
2459990.390705 21.722760 0.006804
2459990.883772 21.722871 0.006805
2459991.387366 21.727912 0.006836
2459991.880433 21.714656 0.006753
2459992.373500 21.727540 0.006834
2459992.877094 21.729585 0.006847
2459993.370161 21.715280 0.006757
2459993.863228 21.719401 0.006783
2459994.366821 21.724648 0.006816
2459994.859888 21.736603 0.006891
2459995.352956 21.707632 0.006710
2459995.856549 21.709969 0.006724
2459996.349616 21.713776 0.006748
2459996.842683 21.706648 0.006704
2459997.346277 21.722169 0.006800
2459997.839344 21.712383 0.006739
2459998.332411 21.720913 0.006792
2459998.836005 21.717302 0.006770
2459999.329072 21.710444 0.006727
2459999.822139 21.715023 0.006756
2460000.325732 21.718075 0.006775
2460000.818800 21.716787 0.006767
2460001.311867 21.714473 0.006752
2460001.815460 21.726501 0.006827
2460002.308527 21.730255 0.006851
2460002.801594 21.724018 0.006812
2460003.305188 21.710882 0.006730
2460003.798255 21.728618 0.006841
2460004.291322 21.713336 0.006745
2460004.794916 21.721836 0.006798
2460005.287983 21.716493 0.006765
2460005.781050 21.720212 0.006788
2460006.284644 21.719327 0.006782
2460006.777711 21.717338 0.006770
2460007.270778 21.723352 0.006808
2460007.774371 21.719843 0.006786
2460008.267438 21.718222 0.006776
2460008.760506 21.709895 0.006724
2460009.264099 21.726687 0.006829
2460009.757166 21.728655 0.006841
2460010.250233 21.721319 0.006795
2460010.753827 21.717338 0.006770
2460011.246894 21.720913 0.006792
2460011.739961 21.724685 0.006816
2460012.243555 21.719106 0.006781
2460012.736622 21.708143 0.006713
2460013.229689 21.725537 0.006821
2460013.733282 21.720655 0.006791
2460014.226350 21.721578 0.006797
2460014.719417 21.715464 0.006758
2460015.223010 21.708690 0.006716
2460015.716077 21.714876 0.006755
2460016.209144 21.709530 0.006722
2460016.712738 21.716860 0.006767
2460017.205805 21.717449 0.006771
2460017.698872 21.726427 0.006827
2460018.202466 21.718406 0.006777
2460018.695533 21.717890 0.006774
2460019.188600 21.719364 0.006783
2460019.692194 21.727949 0.006837
2460020.185261 21.706138 0.006701
2460020.678328 21.717007 0.006768
2460021.181921 21.702358 0.006677
2460021.674988 21.709311 0.006720
2460022.168056 21.723426 0.006808
2460022.671649 21.720101 0.006787
2460023.164716 21.718995 0.006780
2460023.657783 21.713262 0.006745
2460024.161377 21.717338 0.006770
2460024.654444 21.714142 0.006750
2460025.147511 21.717780 0.006773
2460025.651105 21.721171 0.006794
2460026.144172 21.735442 0.006884
2460026.637239 21.722280 0.006801
2460027.140832 21.715537 0.006759
2460027.633900 21.722280 0.006801
2460028.126967 21.718848 0.006779
2460028.630560 21.724907 0.006817
2460029.123627 21.730367 0.006852
2460029.616694 21.723648 0.006810
2460030.120288 21.715831 0.006761
2460030.613355 21.719806 0.006785
2460031.106422 21.725908 0.006824
2460031.610016 21.724425 0.006814
2460032.103083 21.714509 0.006752
2460032.596150 21.718001 0.006774
2460033.099744 21.724388 0.006814
2460033.592811 21.722760 0.006804
2460034.085878 21.720692 0.006791
2460034.589471 21.731261 0.006857
2460035.082538 21.730292 0.006851
2460035.575606 21.723648 0.006810
2460036.079199 21.714326 0.006751
2460036.572266 21.721836 0.006798
2460037.065333 21.719364 0.006783
2460037.568927 21.731559 0.006859
2460038.061994 21.717743 0.006773
2460038.555061 21.731932 0.006862
2460039.058655 21.723056 0.006806
2460039.551722 21.716419 0.006764
2460040.044789 21.717375 0.006770
2460040.548382 21.713189 0.006744
2460041.041450 21.721725 0.006797
2460041.534517 21.718700 0.006779
2460042.038110 21.715354 0.006758
2460042.531177 21.721873 0.006798
2460043.024244 21.715243 0.006757
2460043.527838 21.711687 0.006735
2460044.020905 21.724722 0.006816
2460044.513972 21.714032 0.006749
2460045.017566 21.718922 0.006780
2460045.510633 21.728246 0.006838
2460046.003700 21.712090 0.006737
2460046.507294 21.708654 0.006716
2460047.000361 21.716235 0.006763
2460047.493428 21.719769 0.006785
2460047.997021 21.727392 0.006833
2460048.490088 21.722390 0.006802
2460048.983156 21.715464 0.006758
2460049.486749 21.727169 0.006832
2460049.979816 21.727021 0.006831
2460050.472883 21.719991 0.006787
2460050.976477 21.720618 0.006791
2460051.469544 21.729250 0.006845
2460051.962611 21.723130 0.006806
2460052.466205 21.719106 0.006781
2460052.959272 21.717154 0.006769
2460053.452339 21.713812 0.006748
2460053.955932 21.716345 0.006764
2460054.449000 21.711504 0.006734
2460054.942067 21.726279 0.006826
2460055.445660 21.710809 0.006729
2460055.938727 21.720470 0.006790
2460056.431794 21.714069 0.006750
2460056.935388 21.723315 0.006807
2460057.428455 21.719769 0.006785
2460057.921522 21.717964 0.006774
2460058.425116 21.720581 0.006790
2460058.918183 21.731410 0.006858
