2458346.727899 20.213227 0.003841
2458347.220966 20.210594 0.003832
2458347.714033 20.211375 0.003834
2458348.217627 20.223202 0.003876
2458348.710694 20.218947 0.003861
2458349.203761 20.216904 0.003854
2458349.707355 20.218003 0.003858
2458350.200422 20.221175 0.003869
2458350.693489 20.211291 0.003834
2458351.197082 20.207417 0.003820
2458351.690150 20.208136 0.003823
2458352.183217 20.218221 0.003859
2458352.686810 20.222607 0.003874
2458353.179877 20.209598 0.003828
2458353.672944 20.214455 0.003845
2458354.176538 20.212264 0.003838
2458354.669605 20.213612 0.003842
2458355.162672 20.213853 0.003843
2458355.666266 20.214286 0.003845
2458356.159333 20.215950 0.003851
2458356.652400 20.214190 0.003844
2458357.155994 20.220909 0.003868
2458357.649061 20.210594 0.003832
2458358.142128 20.210942 0.003833
2458358.645721 20.213167 0.003841
2458359.138788 20.211820 0.003836
2458359.631856 20.212325 0.003838
2458360.135449 20.220145 0.003866
2458360.628516 20.216530 0.003853
2458361.121583 20.214756 0.003846
2458361.625177 20.210702 0.003832
2458362.118244 20.210414 0.003831
2458362.611311 20.213853 0.003843
2458363.114905 20.213022 0.003840
2458363.607972 20.209946 0.003829
2458364.101039 20.219261 0.003862
2458364.604632 20.212541 0.003839
2458365.097700 20.215311 0.003848
2458365.590767 20.215395 0.003849
2458366.094360 20.202460 0.003803
2458366.587427 20.204906 0.003812
2458367.080494 20.218862 0.003861
2458367.584088 20.221927 0.003872
2458368.077155 20.206795 0.003818
2458368.570222 20.213961 0.003844
2458369.073816 20.214443 0.003845
2458369.566883 20.208615 0.003825
2458370.059950 20.210906 0.003833
2458370.563544 20.205850 0.003815
2458371.056611 20.214853 0.003847
2458371.549678 20.218124 0.003858
2458372.053271 20.209574 0.003828
2458372.546338 20.210870 0.003833
2458373.039406 20.219818 0.003864
2458373.542999 20.209754 0.003829
2458374.036066 20.208555 0.003825
2458374.529133 20.218294 0.003859
2458375.032727 20.209538 0.003828
2458375.525794 20.215046 0.003847
2458376.018861 20.217109 0.003855
2458376.522455 20.213142 0.003841
2458377.015522 20.216095 0.003851
2458377.508589 20.219746 0.003864
2458378.012182 20.213720 0.003843
2458378.505250 20.214732 0.003846
2458378.998317 20.212553 0.003839
2458379.501910 20.213239 0.003841
2458379.994977 20.210270 0.003831
2458380.488044 20.216614 0.003853
2458380.991638 20.215468 0.003849
2458381.484705 20.209454 0.003828
2458381.977772 20.213455 0.003842
2458382.481366 20.211940 0.003837
2458382.974433 20.219068 0.003862
2458383.467500 20.215251 0.003848
2458383.971094 20.212180 0.003837
2458384.464161 20.209070 0.003826
2458384.957228 20.213094 0.003841
2458385.460821 20.214142 0.003844
2458385.953888 20.218052 0.003858
2458386.446956 20.209082 0.003826
2458386.950549 20.213961 0.003844
2458387.443616 20.219576 0.003864
2458387.936683 20.211940 0.003837
2458388.440277 20.213359 0.003842
2458388.933344 20.212048 0.003837
2458389.426411 20.210990 0.003833
2458389.930005 20.216807 0.003854
2458390.423072 20.206400 0.003817
2458390.916139 20.217556 0.003856
2458391.419732 20.211303 0.003834
2458391.912800 20.208855 0.003826
2458392.405867 20.213744 0.003843
2458392.909460 20.215154 0.003848
2458393.402527 20.217013 0.003855
2458393.895594 20.210426 0.003831
2458394.399188 20.207848 0.003822
2458394.892255 20.207776 0.003822
2458395.385322 20.215106 0.003848
2458395.888916 20.220969 0.003869
2458396.381983 20.216397 0.003852
2458396.875050 20.212878 0.003840
2458397.378644 20.210726 0.003832
2458397.871711 20.213841 0.003843
2458398.364778 20.215962 0.003851
2458398.868371 20.212685 0.003839
2458399.361438 20.210966 0.003833
2458399.854506 20.210078 0.003830
2458400.358099 20.208663 0.003825
2458400.851166 20.211856 0.003836
2458401.344233 20.211327 0.003834
2458401.847827 20.213046 0.003841
2458402.340894 20.215202 0.003848
2458402.833961 20.209070 0.003827
2458403.337555 20.216916 0.003854
2458403.830622 20.216167 0.003852
2458404.323689 20.217544 0.003857
2458404.827282 20.215540 0.003849
2458405.320350 20.208735 0.003825
2458405.813417 20.209454 0.003828
2458406.317010 20.209862 0.003829
2458406.810077 20.213082 0.003841
2458407.303144 20.214094 0.003844
2458407.806738 20.211916 0.003837
2458408.299805 20.214600 0.003846
2458408.792872 20.211147 0.003834
2458409.296466 20.208148 0.003823
2458409.789533 20.213913 0.003844
2458410.282600 20.210726 0.003832
2458410.786194 20.212493 0.003839
2458411.279261 20.211255 0.003834
2458411.772328 20.215444 0.003849
2458412.275921 20.214732 0.003847
2458412.768988 20.216602 0.003853
2458413.262056 20.210738 0.003833
2458413.765649 20.213395 0.003842
2458414.258716 20.213371 0.003842
2458414.751783 20.206843 0.003819
2458415.255377 20.206986 0.003819
2458415.748444 20.220642 0.003868
2458416.241511 20.217979 0.003858
2458416.745105 20.203879 0.003808
2458417.238172 20.216457 0.003853
2458417.731239 20.208124 0.003823
2458418.234832 20.218874 0.003861
2458526.481367 20.208076 0.003840
2458526.984960 20.203772 0.003825
2458527.478027 20.203879 0.003826
2458527.971094 20.205157 0.003831
2458528.474688 20.199461 0.003811
2458528.967755 20.206113 0.003835
2458529.460822 20.205300 0.003833
2458529.964416 20.203915 0.003829
2458530.457483 20.208148 0.003844
2458530.950550 20.204882 0.003833
2458531.454144 20.204822 0.003834
2458531.947211 20.205312 0.003836
2458532.440278 20.207501 0.003845
2458532.943871 20.200127 0.003819
2458533.436938 20.198570 0.003815
2458533.930006 20.197870 0.003813
2458534.433599 20.202961 0.003832
2458534.926666 20.208963 0.003854
2458535.419733 20.197016 0.003812
2458535.923327 20.198428 0.003818
2458536.416394 20.195926 0.003810
2458536.909461 20.196660 0.003814
2458537.413055 20.194091 0.003806
2458537.906122 20.195973 0.003814
2458538.399189 20.198452 0.003824
2458538.902782 20.192083 0.003802
2458539.395850 20.196933 0.003821
2458539.888917 20.192272 0.003806
2458540.392510 20.197965 0.003827
2458540.885577 20.189937 0.003800
2458541.378644 20.189301 0.003800
2458541.882238 20.180857 0.003772
2458542.375305 20.188759 0.003801
2458542.868372 20.184672 0.003789
2458543.371966 20.184555 0.003790
2458543.865033 20.181476 0.003781
2458544.358100 20.187571 0.003805
2458544.861694 20.184203 0.003795
2458545.354761 20.182540 0.003792
2458545.847828 20.175647 0.003770
2458546.351421 20.181476 0.003793
2458546.844488 20.176636 0.003779
2458547.337556 20.176555 0.003781
2458547.841149 20.170232 0.003763
2458548.334216 20.176741 0.003788
2458548.827283 20.173093 0.003779
2458549.330877 20.171887 0.003779
2458549.823944 20.166755 0.003765
2458550.317011 20.167839 0.003772
2458550.820605 20.165130 0.003767
2458551.313672 20.164486 0.003770
2458551.806739 20.153506 0.003737
2458552.310332 20.152789 0.003740
2458552.803400 20.147666 0.003727
2458553.296467 20.147587 0.003733
2458553.800060 20.146206 0.003735
2458554.293127 20.137561 0.003712
2458554.786194 20.134893 0.003710
2458555.289788 20.133651 0.003713
2458555.782855 20.132164 0.003716
2458556.275922 20.120609 0.003685
2458556.779516 20.117541 0.003684
2458557.272583 20.109712 0.003667
2458557.765650 20.112429 0.003687
2458558.269244 20.104375 0.003671
2458558.762311 20.093930 0.003648
2458559.255378 20.090141 0.003648
2458559.758971 20.077333 0.003619
2458560.252038 20.069344 0.003607
2458560.745106 20.059772 0.003590
2458561.248699 20.050367 0.003576
2458561.741766 20.038560 0.003556
2458562.234833 20.033489 0.003558
2458562.738427 20.017472 0.003527
2458563.231494 20.005876 0.003511
2458563.724561 19.995634 0.003502
2458564.228155 19.978415 0.003473
2458564.721222 19.962440 0.003449
2458565.214289 19.938582 0.003403
2458565.717882 19.924653 0.003392
2458566.210950 19.902542 0.003357
2458566.704017 19.883126 0.003334
2458567.207610 19.856737 0.003294
2458567.700677 19.828709 0.003252
2458568.193744 19.810899 0.003244
2458568.697338 19.766758 0.003165
2458569.190405 19.739344 0.003138
2458569.683472 19.698063 0.003077
2458570.187066 19.663418 0.003042
2458570.680133 19.619360 0.002987
2458571.173200 19.572194 0.002929
2458571.676794 19.516628 0.002859
2458572.169861 19.467183 0.002810
2458572.662928 19.404182 0.002734
2458573.166521 19.346078 0.002678
2458573.659588 19.282997 0.002609
2458574.152656 19.225569 0.002552
2458574.656249 19.177832 0.002510
2458575.149316 19.135451 0.002469
2458575.642383 19.097160 0.002430
2458576.145977 19.064097 0.002406
2458576.639044 19.012907 0.002356
2458577.132111 18.952272 0.002306
2458577.635705 18.871360 0.002237
2458578.128772 18.792472 0.002177
2458578.621839 18.738677 0.002138
2458579.125432 18.745037 0.002148
2458579.618500 18.798950 0.002181
2458580.111567 18.890731 0.002258
2458580.615160 18.982213 0.002334
2458581.108227 19.065317 0.002411
2458581.601294 19.129166 0.002463
2458582.104888 19.188444 0.002518
2458582.597955 19.243551 0.002575
2458583.091022 19.287508 0.002611
2458583.594616 19.345915 0.002684
2458584.087683 19.388286 0.002721
2458584.580750 19.437963 0.002778
2458585.084344 19.486669 0.002834
2458585.577411 19.529817 0.002880
2458586.070478 19.570615 0.002923
2458586.574071 19.618649 0.002989
2458587.067138 19.656275 0.003033
2458587.560206 19.690734 0.003073
2458588.063799 19.726216 0.003118
2458588.556866 19.756650 0.003155
2458589.049933 19.790135 0.003206
2458589.553527 19.817725 0.003242
2458590.046594 19.846910 0.003288
2458590.539661 19.866995 0.003309
2458591.043255 19.886880 0.003333
2458591.536322 19.912971 0.003379
2458592.029389 19.931094 0.003404
2458592.532982 19.951386 0.003437
2458593.026050 19.966882 0.003458
2458593.519117 19.984073 0.003487
2458594.022710 19.992251 0.003489
2458594.515777 20.008724 0.003519
2458595.008844 20.014021 0.003515
2458595.512438 20.027022 0.003537
2458596.005505 20.043366 0.003572
2458596.498572 20.051715 0.003582
2458597.002166 20.064663 0.003609
2458597.495233 20.068701 0.003607
2458597.988300 20.074755 0.003613
2458712.204272 20.213793 0.003844
2458712.697339 20.212986 0.003841
2458713.200932 20.212998 0.003841
2458713.694000 20.207764 0.003822
2458714.187067 20.208975 0.003827
2458714.690660 20.210882 0.003833
2458715.183727 20.216445 0.003853
2458715.676794 20.220085 0.003866
2458716.180388 20.210270 0.003831
2458716.673455 20.210306 0.003831
2458717.166522 20.204524 0.003811
2458717.670116 20.212228 0.003838
2458718.163183 20.217520 0.003857
2458718.656250 20.210918 0.003833
2458719.159844 20.210618 0.003832
2458719.652911 20.204082 0.003809
2458720.145978 20.209454 0.003828
2458720.649571 20.210174 0.003831
2458721.142638 20.212637 0.003839
2458721.635706 20.215287 0.003849
2458722.139299 20.210246 0.003831
2458722.632366 20.210654 0.003832
2458723.125433 20.205981 0.003816
2458723.629027 20.214070 0.003845
2458724.122094 20.219879 0.003865
2458724.615161 20.210030 0.003830
2458725.118755 20.207836 0.003822
2458725.611822 20.213744 0.003843
2458726.104889 20.210498 0.003832
2458726.608482 20.210282 0.003831
2458727.101550 20.214082 0.003845
2458727.594617 20.210102 0.003830
2458728.098210 20.206831 0.003819
2458728.591277 20.214793 0.003847
2458729.084344 20.211387 0.003835
2458729.587938 20.212048 0.003837
2458730.081005 20.213070 0.003841
2458730.574072 20.207166 0.003820
2458731.077666 20.215022 0.003848
2458731.570733 20.211014 0.003834
2458732.063800 20.215890 0.003851
2458732.567394 20.209226 0.003827
2458733.060461 20.220363 0.003867
2458733.553528 20.211074 0.003834
2458734.057121 20.213419 0.003842
2458734.550188 20.215600 0.003850
2458735.043256 20.207992 0.003823
2458735.546849 20.213781 0.003843
2458736.039916 20.213034 0.003841
2458736.532983 20.211795 0.003836
2458737.036577 20.212349 0.003838
2458737.529644 20.216699 0.003854
2458738.022711 20.216155 0.003852
2458738.526305 20.216264 0.003852
2458739.019372 20.214238 0.003845
2458739.512439 20.217725 0.003857
2458740.016032 20.210546 0.003832
2458740.509100 20.213287 0.003842
2458741.002167 20.215926 0.003851
2458741.505760 20.213757 0.003843
2458741.998827 20.220678 0.003868
2458742.491894 20.211747 0.003836
2458742.995488 20.215142 0.003848
2458743.488555 20.218535 0.003860
2458743.981622 20.214262 0.003845
2458744.485216 20.206125 0.003816
2458744.978283 20.213480 0.003842
2458745.471350 20.220787 0.003868
2458745.974944 20.212096 0.003837
2458746.468011 20.208771 0.003826
2458746.961078 20.218209 0.003859
2458747.464671 20.213215 0.003841
2458747.957738 20.211531 0.003835
2458748.450806 20.216505 0.003853
2458748.954399 20.221054 0.003869
2458749.447466 20.208615 0.003825
2458749.940533 20.222461 0.003874
2458750.444127 20.217049 0.003855
2458750.937194 20.215214 0.003848
2458751.430261 20.215878 0.003851
2458751.933855 20.216493 0.003853
2458752.426922 20.217242 0.003855
2458752.919989 20.217460 0.003856
2458753.423582 20.211735 0.003836
2458753.916650 20.205886 0.003815
2458754.409717 20.209178 0.003827
2458754.913310 20.208315 0.003824
2458755.406377 20.217218 0.003855
2458755.899444 20.209718 0.003829
2458756.403038 20.208447 0.003824
2458756.896105 20.205049 0.003812
2458757.389172 20.218402 0.003859
2458757.892766 20.211111 0.003834
2458758.385833 20.211303 0.003834
2458758.878900 20.212168 0.003837
2458759.382494 20.214070 0.003844
2458759.875561 20.216904 0.003854
2458760.368628 20.217568 0.003857
2458760.872221 20.213299 0.003841
2458761.365288 20.207716 0.003822
2458761.858356 20.211495 0.003835
2458762.361949 20.205491 0.003814
2458762.855016 20.212962 0.003840
2458763.348083 20.218281 0.003859
2458763.851677 20.218535 0.003860
2458764.344744 20.215612 0.003850
2458764.837811 20.206209 0.003816
2458765.341405 20.218620 0.003860
2458765.834472 20.210990 0.003833
2458766.327539 20.214805 0.003847
2458766.831132 20.211976 0.003837
2458767.324200 20.215227 0.003848
2458767.817267 20.219721 0.003864
2458768.320860 20.208939 0.003826
2458768.813927 20.208184 0.003823
2458769.306994 20.214214 0.003845
2458769.810588 20.216457 0.003853
2458770.303655 20.209766 0.003829
2458770.796722 20.214202 0.003845
2458771.300316 20.211303 0.003834
2458771.793383 20.209742 0.003829
2458772.286450 20.218475 0.003860
2458772.790044 20.216493 0.003853
2458773.283111 20.217786 0.003857
2458773.776178 20.213961 0.003844
2458774.279771 20.214973 0.003847
2458774.772838 20.211964 0.003837
2458775.265906 20.216397 0.003852
2458775.769499 20.209694 0.003829
2458776.262566 20.220654 0.003867
2458776.755633 20.216481 0.003853
2458777.259227 20.215468 0.003849
2458777.752294 20.213853 0.003843
2458778.245361 20.208879 0.003826
2458778.748955 20.209778 0.003829
2458779.242022 20.216131 0.003851
2458779.735089 20.211159 0.003834
2458780.238682 20.220606 0.003867
2458780.731750 20.213769 0.003843
2458781.224817 20.211219 0.003834
2458781.728410 20.212769 0.003839
2458782.221477 20.216638 0.003853
2458782.714544 20.220484 0.003867
2458783.218138 20.216650 0.003853
2458783.711205 20.212806 0.003840
2459622.427944 20.216095 0.003851
2459622.921011 20.217592 0.003856
2459623.424605 20.209070 0.003826
2459623.917672 20.217883 0.003857
2459624.410739 20.208375 0.003824
2459624.914332 20.220412 0.003866
2459625.407400 20.215552 0.003849
2459625.900467 20.218620 0.003860
2459626.404060 20.215022 0.003847
2459626.897127 20.215637 0.003849
2459627.390194 20.213961 0.003843
2459627.893788 20.211459 0.003835
2459628.386855 20.217266 0.003855
2459628.879922 20.213046 0.003840
2459629.383516 20.211856 0.003836
2459629.876583 20.213937 0.003843
2459630.369650 20.216059 0.003851
2459630.873244 20.216723 0.003853
2459631.366311 20.213901 0.003843
2459631.859378 20.210042 0.003830
2459632.362971 20.213757 0.003843
2459632.856038 20.207788 0.003822
2459633.349106 20.220654 0.003867
2459633.852699 20.209586 0.003828
2459634.345766 20.214552 0.003845
2459634.838833 20.214311 0.003845
2459635.342427 20.214311 0.003845
2459635.835494 20.203343 0.003806
2459636.328561 20.218040 0.003858
2459636.832155 20.212565 0.003838
2459637.325222 20.216687 0.003853
2459637.818289 20.219661 0.003864
2459638.321882 20.220000 0.003865
2459638.814950 20.216735 0.003853
2459639.308017 20.209262 0.003827
2459639.811610 20.212493 0.003838
2459640.304677 20.210618 0.003832
2459640.797744 20.214094 0.003844
2459641.301338 20.217133 0.003855
2459641.794405 20.212721 0.003839
2459642.287472 20.215842 0.003850
2459642.791066 20.222959 0.003875
2459643.284133 20.215866 0.003850
2459643.777200 20.209826 0.003829
2459644.280794 20.209346 0.003827
2459644.773861 20.213612 0.003842
2459645.266928 20.211135 0.003833
2459645.770521 20.214539 0.003845
2459646.263588 20.212397 0.003838
2459646.756656 20.214961 0.003847
2459647.260249 20.216155 0.003851
2459647.753316 20.216856 0.003854
2459648.246383 20.214937 0.003847
2459648.749977 20.214058 0.003844
2459649.243044 20.215950 0.003850
2459649.736111 20.211856 0.003836
2459650.239705 20.210858 0.003832
2459650.732772 20.212048 0.003837
2459651.225839 20.211039 0.003833
2459651.729432 20.207872 0.003822
2459652.222500 20.214576 0.003846
2459652.715567 20.215805 0.003850
2459653.219160 20.215142 0.003848
2459653.712227 20.209898 0.003829
2459654.205294 20.218862 0.003861
2459654.708888 20.211471 0.003835
2459655.201955 20.211099 0.003833
2459655.695022 20.211219 0.003834
2459656.198616 20.212264 0.003837
2459656.691683 20.211952 0.003836
2459657.184750 20.209814 0.003829
2459657.688344 20.211039 0.003833
2459658.181411 20.212325 0.003838
2459658.674478 20.212192 0.003837
2459659.178071 20.211844 0.003836
2459659.671138 20.209406 0.003827
2459660.164206 20.204261 0.003809
2459660.667799 20.217883 0.003857
2459661.160866 20.206986 0.003819
2459661.653933 20.214780 0.003846
2459662.157527 20.216373 0.003852
2459662.650594 20.217774 0.003857
2459663.143661 20.210534 0.003831
2459663.647255 20.213395 0.003841
2459664.140322 20.212096 0.003837
2459664.633389 20.209226 0.003827
2459665.136982 20.216180 0.003851
2459665.630050 20.214094 0.003844
2459666.123117 20.220460 0.003866
2459666.626710 20.218681 0.003860
2459667.119777 20.218584 0.003860
2459667.612844 20.212938 0.003840
2459668.116438 20.215866 0.003850
2459668.609505 20.208447 0.003824
2459669.102572 20.218741 0.003860
2459669.606166 20.206723 0.003818
2459670.099233 20.215383 0.003848
2459670.592300 20.216421 0.003852
2459671.095894 20.210354 0.003831
2459671.588961 20.215649 0.003849
2459672.082028 20.215094 0.003847
2459672.585621 20.215540 0.003849
2459673.078688 20.220690 0.003867
2459673.571756 20.211892 0.003836
2459674.075349 20.205360 0.003813
2459674.568416 20.209142 0.003826
2459675.061483 20.212914 0.003840
2459675.565077 20.216433 0.003852
2459676.058144 20.219709 0.003864
2459676.551211 20.210978 0.003833
2459677.054805 20.215914 0.003850
2459677.547872 20.212469 0.003838
2459678.040939 20.210114 0.003830
2459678.544532 20.212433 0.003838
2459679.037600 20.216083 0.003851
2459679.530667 20.215299 0.003848
2459680.034260 20.214046 0.003844
2459680.527327 20.213106 0.003840
2459681.020394 20.219189 0.003862
2459681.523988 20.210654 0.003832
2459682.017055 20.213853 0.003843
2459682.510122 20.210522 0.003831
2459683.013716 20.212926 0.003840
2459683.506783 20.206603 0.003817
2459683.999850 20.208112 0.003823
2459684.503444 20.209874 0.003829
2459684.996511 20.215757 0.003850
2459685.489578 20.212337 0.003838
2459685.993171 20.214636 0.003846
2459686.486238 20.217665 0.003857
2459686.979306 20.211231 0.003834
2459687.482899 20.207956 0.003822
2459687.975966 20.208831 0.003825
2459688.469033 20.208495 0.003824
2459688.972627 20.214286 0.003845
2459689.465694 20.210222 0.003830
2459689.958761 20.213407 0.003841
2459690.462355 20.214033 0.003844
2459690.955422 20.208663 0.003825
2459691.448489 20.214094 0.003844
2459691.952082 20.212878 0.003840
2459692.445150 20.219322 0.003862
2459692.938217 20.215311 0.003848
2459693.441810 20.211423 0.003834
2459693.934877 20.208016 0.003822
2459807.647256 20.211747 0.003836
2459808.150849 20.214817 0.003846
2459808.643916 20.215239 0.003848
2459809.136983 20.212252 0.003837
2459809.640577 20.214178 0.003844
2459810.133644 20.215347 0.003848
2459810.626711 20.207477 0.003820
2459811.130305 20.207764 0.003821
2459811.623372 20.204607 0.003810
2459812.116439 20.219891 0.003864
2459812.620032 20.213865 0.003843
2459813.113100 20.214202 0.003844
2459813.606167 20.214262 0.003844
2459814.109760 20.207932 0.003822
2459814.602827 20.216216 0.003851
2459815.095894 20.208447 0.003824
2459815.599488 20.206675 0.003818
2459816.092555 20.218959 0.003861
2459816.585622 20.212421 0.003838
2459817.089216 20.213997 0.003843
2459817.582283 20.218136 0.003858
2459818.075350 20.216493 0.003852
2459818.578944 20.215311 0.003848
2459819.072011 20.218523 0.003860
2459819.565078 20.216856 0.003854
2459820.068671 20.212685 0.003839
2459820.561738 20.213371 0.003841
2459821.054806 20.221321 0.003870
2459821.558399 20.209262 0.003827
2459822.051466 20.216505 0.003852
2459822.544533 20.216180 0.003851
2459823.048127 20.210078 0.003830
2459823.541194 20.211099 0.003833
2459824.034261 20.211531 0.003835
2459824.537855 20.217085 0.003854
2459825.030922 20.216843 0.003854
2459825.523989 20.211303 0.003834
2459826.027582 20.217774 0.003857
2459826.520650 20.213829 0.003843
2459827.013717 20.213552 0.003842
2459827.517310 20.211063 0.003833
2459828.010377 20.212830 0.003839
2459828.503444 20.216807 0.003853
2459829.007038 20.213817 0.003843
2459829.500105 20.208531 0.003824
2459829.993172 20.214817 0.003846
2459830.496766 20.208339 0.003824
2459830.989833 20.219467 0.003863
2459831.482900 20.212481 0.003838
2459831.986494 20.213600 0.003842
2459832.479561 20.212794 0.003839
2459832.972628 20.219770 0.003864
2459833.476221 20.213805 0.003843
2459833.969288 20.220387 0.003866
2459834.462356 20.213383 0.003841
2459834.965949 20.211699 0.003835
2459835.459016 20.212842 0.003839
2459835.952083 20.208675 0.003825
2459836.455677 20.211820 0.003836
2459836.948744 20.210750 0.003832
2459837.441811 20.213504 0.003842
2459837.945405 20.218959 0.003861
2459838.438472 20.210210 0.003830
2459838.931539 20.217290 0.003855
2459839.435132 20.209166 0.003826
2459839.928200 20.214720 0.003846
2459840.421267 20.221369 0.003870
2459840.924860 20.212878 0.003840
2459841.417927 20.211651 0.003835
2459841.910994 20.217713 0.003857
2459842.414588 20.215311 0.003848
2459842.907655 20.211375 0.003834
2459843.400722 20.216638 0.003853
2459843.904316 20.213612 0.003842
2459844.397383 20.211159 0.003833
2459844.890450 20.213082 0.003840
2459845.394044 20.211411 0.003834
2459845.887111 20.213179 0.003841
2459846.380178 20.218402 0.003859
2459846.883771 20.204560 0.003810
2459847.376838 20.209646 0.003828
2459847.869906 20.212325 0.003838
2459848.373499 20.222109 0.003872
2459848.866566 20.218294 0.003859
2459849.359633 20.217641 0.003856
2459849.863227 20.208136 0.003823
2459850.356294 20.206855 0.003818
2459850.849361 20.217568 0.003856
2459851.352955 20.214672 0.003846
2459851.846022 20.206615 0.003817
2459852.339089 20.213853 0.003843
2459852.842682 20.213973 0.003843
2459853.335750 20.210342 0.003831
2459853.828817 20.218221 0.003858
2459854.332410 20.213167 0.003841
2459854.825477 20.218003 0.003858
2459855.318544 20.217762 0.003857
2459855.822138 20.216602 0.003853
2459856.315205 20.215227 0.003848
2459856.808272 20.218402 0.003859
2459857.311866 20.220085 0.003865
2459857.804933 20.214058 0.003844
2459858.298000 20.217170 0.003855
2459858.801594 20.213311 0.003841
2459859.294661 20.213648 0.003842
2459859.787728 20.211051 0.003833
2459860.291321 20.211555 0.003835
2459860.784388 20.217895 0.003857
2459861.277456 20.211339 0.003834
2459861.781049 20.213841 0.003843
2459862.274116 20.217302 0.003855
2459862.767183 20.216023 0.003851
2459863.270777 20.213853 0.003843
2459863.763844 20.215612 0.003849
2459864.256911 20.206508 0.003817
2459864.760505 20.209826 0.003829
2459865.253572 20.208303 0.003823
2459865.746639 20.207585 0.003821
2459866.250232 20.217182 0.003855
2459866.743300 20.211579 0.003835
2459867.236367 20.219177 0.003862
2459867.739960 20.214901 0.003847
2459868.233027 20.214973 0.003847
2459868.726094 20.211507 0.003835
2459869.229688 20.219189 0.003862
2459869.722755 20.207800 0.003822
2459870.215822 20.210366 0.003831
2459870.719416 20.213179 0.003841
2459871.212483 20.219733 0.003864
2459871.705550 20.218052 0.003858
2459872.209144 20.213119 0.003840
2459872.702211 20.214744 0.003846
2459873.195278 20.213395 0.003841
2459873.698871 20.210306 0.003830
2459874.191938 20.213323 0.003841
2459874.685006 20.212902 0.003840
2459875.188599 20.211447 0.003834
2459875.681666 20.213564 0.003842
2459876.174733 20.206316 0.003816
2459876.678327 20.214552 0.003845
2459877.171394 20.210798 0.003832
2459877.664461 20.211783 0.003836
2459878.168055 20.208615 0.003824
2459878.661122 20.217254 0.003855
2459879.154189 20.218378 0.003859
2459987.411250 20.212325 0.003838
2459987.904317 20.211363 0.003834
2459988.407910 20.210738 0.003832
2459988.900977 20.214094 0.003844
2459989.394044 20.218100 0.003858
2459989.897638 20.212276 0.003837
2459990.390705 20.215685 0.003849
2459990.883772 20.209826 0.003829
2459991.387366 20.213600 0.003842
2459991.880433 20.213793 0.003843
2459992.373500 20.206627 0.003817
2459992.877094 20.209394 0.003827
2459993.370161 20.219104 0.003862
2459993.863228 20.211711 0.003835
2459994.366821 20.213010 0.003840
2459994.859888 20.218245 0.003859
2459995.352956 20.210858 0.003832
2459995.856549 20.211195 0.003834
2459996.349616 20.210846 0.003832
2459996.842683 20.215347 0.003848
2459997.346277 20.217665 0.003857
2459997.839344 20.215576 0.003849
2459998.332411 20.219443 0.003863
2459998.836005 20.212505 0.003838
2459999.329072 20.220569 0.003867
2459999.822139 20.214479 0.003845
2460000.325732 20.221988 0.003872
2460000.818800 20.216807 0.003853
2460001.311867 20.222838 0.003875
2460001.815460 20.215383 0.003848
2460002.308527 20.212132 0.003837
2460002.801594 20.219237 0.003862
2460003.305188 20.212481 0.003838
2460003.798255 20.212228 0.003837
2460004.291322 20.213106 0.003840
2460004.794916 20.216952 0.003854
2460005.287983 20.211603 0.003835
2460005.781050 20.215383 0.003848
2460006.284644 20.213528 0.003842
2460006.777711 20.209862 0.003829
2460007.270778 20.215986 0.003851
2460007.774371 20.215275 0.003848
2460008.267438 20.210114 0.003830
2460008.760506 20.213805 0.003843
2460009.264099 20.213504 0.003842
2460009.757166 20.215516 0.003849
2460010.250233 20.214853 0.003847
2460010.753827 20.219177 0.003862
2460011.246894 20.214636 0.003846
2460011.739961 20.212794 0.003839
2460012.243555 20.216216 0.003851
2460012.736622 20.216469 0.003852
2460013.229689 20.214696 0.003846
2460013.733282 20.212601 0.003839
2460014.226350 20.211279 0.003834
2460014.719417 20.212878 0.003840
2460015.223010 20.216288 0.003852
2460015.716077 20.216288 0.003852
2460016.209144 20.211243 0.003834
2460016.712738 20.215504 0.003849
2460017.205805 20.218221 0.003858
2460017.698872 20.212625 0.003839
2460018.202466 20.207022 0.003819
2460018.695533 20.209502 0.003828
2460019.188600 20.212589 0.003839
2460019.692194 20.214588 0.003846
2460020.185261 20.217375 0.003855
2460020.678328 20.206747 0.003818
2460021.181921 20.214009 0.003844
2460021.674988 20.210282 0.003830
2460022.168056 20.209598 0.003828
2460022.671649 20.215480 0.003849
2460023.164716 20.212577 0.003838
2460023.657783 20.210750 0.003832
2460024.161377 20.215118 0.003847
2460024.654444 20.216735 0.003853
2460025.147511 20.215046 0.003847
2460025.651105 20.214311 0.003845
2460026.144172 20.209622 0.003828
2460026.637239 20.213323 0.003841
2460027.140832 20.204011 0.003808
2460027.633900 20.207022 0.003819
2460028.126967 20.224065 0.003879
2460028.630560 20.213528 0.003842
2460029.123627 20.220836 0.003868
2460029.616694 20.210966 0.003833
2460030.120288 20.219467 0.003863
2460030.613355 20.215528 0.003849
2460031.106422 20.209142 0.003826
2460031.610016 20.212168 0.003837
2460032.103083 20.219564 0.003863
2460032.596150 20.220000 0.003865
2460033.099744 20.216192 0.003851
2460033.592811 20.210306 0.003830
2460034.085878 20.211904 0.003836
2460034.589471 20.206962 0.003819
2460035.082538 20.216095 0.003851
2460035.575606 20.211639 0.003835
2460036.079199 20.213949 0.003843
2460036.572266 20.213528 0.003842
2460037.065333 20.215299 0.003848
2460037.568927 20.216035 0.003851
2460038.061994 20.213383 0.003841
2460038.555061 20.213299 0.003841
2460039.058655 20.216843 0.003854
2460039.551722 20.218741 0.003860
2460040.044789 20.212818 0.003839
2460040.548382 20.208255 0.003823
2460041.041450 20.208951 0.003826
2460041.534517 20.210150 0.003830
2460042.038110 20.207740 0.003821
2460042.531177 20.210198 0.003830
2460043.024244 20.219951 0.003865
2460043.527838 20.215058 0.003847
2460044.020905 20.217967 0.003858
2460044.513972 20.213419 0.003841
2460045.017566 20.210258 0.003830
2460045.510633 20.215588 0.003849
2460046.003700 20.207669 0.003821
2460046.507294 20.218173 0.003858
2460047.000361 20.210018 0.003829
2460047.493428 20.216143 0.003851
2460047.997021 20.216421 0.003852
2460048.490088 20.211471 0.003835
2460048.983156 20.214033 0.003844
2460049.486749 20.207597 0.003821
2460049.979816 20.217605 0.003856
2460050.472883 20.209010 0.003826
2460050.976477 20.218681 0.003860
2460051.469544 20.220194 0.003865
2460051.962611 20.211699 0.003835
2460052.466205 20.217182 0.003855
2460052.959272 20.212601 0.003839
2460053.452339 20.212673 0.003839
2460053.955932 20.208663 0.003825
2460054.449000 20.212012 0.003836
2460054.942067 20.212349 0.003838
2460055.445660 20.207908 0.003822
2460055.938727 20.214684 0.003846
2460056.431794 20.212986 0.003840
2460056.935388 20.218850 0.003861
2460057.428455 20.211687 0.003835
2460057.921522 20.218620 0.003860
2460058.425116 20.217786 0.003857
2460058.918183 20.212036 0.003837
