2458346.727899 24.180120 0.017074
2458347.220966 24.201092 0.017409
2458347.714033 24.173105 0.016967
2458348.217627 24.182870 0.017121
2458348.710694 24.187526 0.017196
2458349.203761 24.196028 0.017333
2458349.707355 24.174470 0.016994
2458350.200422 24.205476 0.017488
2458350.693489 24.191162 0.017261
2458351.197082 24.153834 0.016679
2458351.690150 24.166134 0.016871
2458352.183217 24.194636 0.017322
2458352.686810 24.173787 0.016995
2458353.179877 24.185109 0.017175
2458353.672944 24.163934 0.016846
2458354.176538 24.147818 0.016601
2458354.669605 24.197423 0.017379
2458355.162672 24.179777 0.017102
2458355.666266 24.189602 0.017261
2458356.159333 24.192550 0.017312
2458356.652400 24.183558 0.017173
2458357.155994 24.180292 0.017125
2458357.649061 24.189949 0.017282
2458358.142128 24.165287 0.016899
2458358.645721 24.184420 0.017204
2458359.138788 24.135558 0.016452
2458359.631856 24.166304 0.016930
2458360.135449 24.180120 0.017153
2458360.628516 24.176350 0.017100
2458361.121583 24.126044 0.016333
2458361.625177 24.158704 0.016839
2458362.118244 24.137537 0.016522
2458362.611311 24.163764 0.016935
2458363.114905 24.144159 0.016641
2458363.607972 24.162750 0.016939
2458364.101039 24.152829 0.016796
2458364.604632 24.176179 0.017174
2458365.097700 24.150321 0.016783
2458365.590767 24.134570 0.016556
2458366.094360 24.132760 0.016544
2458366.587427 24.148652 0.016806
2458367.080494 24.131939 0.016568
2458367.584088 24.156350 0.016967
2458368.077155 24.147152 0.016848
2458368.570222 24.098947 0.016143
2458369.073816 24.131939 0.016671
2458369.566883 24.088169 0.016045
2458370.059950 24.085177 0.016037
2458370.563544 24.088800 0.016134
2458371.056611 24.071112 0.015921
2458371.549678 24.093386 0.016308
2458372.053271 24.047006 0.015691
2458372.546338 24.036879 0.015620
2458373.039406 24.004423 0.015248
2458373.542999 23.997147 0.015255
2458374.036066 23.967955 0.014980
2458374.529133 23.940629 0.014770
2458375.032727 23.884030 0.014229
2458375.525794 23.820331 0.013686
2458376.018861 23.744192 0.013129
2458376.522455 23.626597 0.012334
2458377.015522 23.384466 0.010702
2458377.508589 22.880537 0.008166
2458378.012182 20.915035 0.003258
2458378.505250 22.992421 0.008668
2458378.998317 23.418996 0.010877
2458379.501910 23.631972 0.012281
2458379.994977 23.766361 0.013333
2458380.488044 23.820455 0.013641
2458380.991638 23.897178 0.014361
2458381.484705 23.935136 0.014667
2458381.977772 23.961761 0.014872
2458382.481366 24.012042 0.015444
2458382.974433 24.017053 0.015410
2458383.467500 24.050200 0.015799
2458383.971094 24.077653 0.016126
2458384.464161 24.078747 0.016078
2458384.957228 24.086908 0.016145
2458385.460821 24.090379 0.016148
2458385.953888 24.104377 0.016315
2458386.446956 24.103897 0.016272
2458386.950549 24.134734 0.016706
2458387.443616 24.151658 0.016939
2458387.936683 24.124738 0.016498
2458388.440277 24.130790 0.016567
2458388.933344 24.127187 0.016491
2458389.426411 24.151323 0.016842
2458389.930005 24.123434 0.016398
2458390.423072 24.122294 0.016365
2458390.916139 24.168509 0.017062
2458391.419732 24.145821 0.016696
2458391.912800 24.149653 0.016743
2458392.405867 24.133254 0.016481
2458392.909460 24.149319 0.016717
2458393.402527 24.155511 0.016803
2458393.895594 24.170379 0.017026
2458394.399188 24.162919 0.016901
2458394.892255 24.161569 0.016873
2458395.385322 24.163257 0.016892
2458395.888916 24.158199 0.016807
2458396.381983 24.189083 0.017286
2458396.875050 24.171911 0.017010
2458397.378644 24.156182 0.016760
2458397.871711 24.147152 0.016616
2458398.364778 24.152160 0.016689
2458398.868371 24.152829 0.016695
2458399.361438 24.158367 0.016777
2458399.854506 24.161737 0.016825
2458400.358099 24.163426 0.016848
2458400.851166 24.208819 0.017564
2458401.344233 24.172934 0.016990
2458401.847827 24.174128 0.017006
2458402.340894 24.171911 0.016969
2458402.833961 24.196725 0.017358
2458403.337555 24.180807 0.017103
2458403.830622 24.189602 0.017240
2458404.323689 24.164103 0.016838
2458404.827282 24.150488 0.016626
2458405.320350 24.180292 0.017087
2458405.813417 24.158367 0.016744
2458406.317010 24.227307 0.017840
2458406.810077 24.172593 0.016962
2458407.303144 24.181322 0.017097
2458407.806738 24.200217 0.017396
2458408.299805 24.178405 0.017049
2458408.792872 24.166812 0.016866
2458409.296466 24.184592 0.017144
2458409.789533 24.198819 0.017369
2458410.282600 24.144657 0.016523
2458410.786194 24.194636 0.017300
2458411.279261 24.162919 0.016801
2458411.772328 24.157358 0.016714
2458412.275921 24.185282 0.017149
2458412.768988 24.185454 0.017151
2458413.262056 24.179605 0.017058
2458413.765649 24.219091 0.017689
2458414.258716 24.221941 0.017735
2458414.751783 24.180120 0.017064
2458415.255377 24.218201 0.017672
2458415.748444 24.190642 0.017229
2458416.241511 24.185972 0.017154
2458416.745105 24.192203 0.017253
2458417.238172 24.163764 0.016806
2458417.731239 24.186835 0.017166
2458418.234832 24.193245 0.017268
2458526.481367 24.154839 0.016656
2458526.984960 24.225873 0.017783
2458527.478027 24.203895 0.017426
2458527.971094 24.178233 0.017019
2458528.474688 24.187699 0.017168
2458528.967755 24.208819 0.017506
2458529.460822 24.175153 0.016971
2458529.964416 24.194810 0.017281
2458530.457483 24.202493 0.017404
2458530.950550 24.176863 0.016998
2458531.454144 24.180120 0.017049
2458531.947211 24.195506 0.017292
2458532.440278 24.186490 0.017149
2458532.943871 24.216070 0.017623
2458533.436938 24.187354 0.017163
2458533.930006 24.161400 0.016757
2458534.433599 24.179090 0.017033
2458534.926666 24.190469 0.017212
2458535.419733 24.194810 0.017281
2458535.923327 24.179948 0.017046
2458536.416394 24.154169 0.016646
2458536.909461 24.192029 0.017237
2458537.413055 24.195854 0.017298
2458537.906122 24.191162 0.017223
2458538.399189 24.185109 0.017127
2458538.902782 24.205300 0.017449
2458539.395850 24.175153 0.016971
2458539.888917 24.210583 0.017534
2458540.392510 24.170379 0.016897
2458540.885577 24.159040 0.016721
2458541.378644 24.219269 0.017675
2458541.882238 24.188737 0.017185
2458542.375305 24.173105 0.016939
2458542.868372 24.174641 0.016963
2458543.371966 24.191856 0.017234
2458543.865033 24.192897 0.017251
2458544.358100 24.207058 0.017477
2458544.861694 24.176863 0.016998
2458545.354761 24.195680 0.017295
2458545.847828 24.198121 0.017334
2458546.351421 24.210760 0.017537
2458546.844488 24.182010 0.017079
2458547.337556 24.161062 0.016752
2458547.841149 24.188737 0.017185
2458548.334216 24.182526 0.017087
2458548.827283 24.180463 0.017054
2458549.330877 24.136382 0.016376
2458549.823944 24.166134 0.016831
2458550.317011 24.200742 0.017376
2458550.820605 24.195506 0.017292
2458551.313672 24.172423 0.016928
2458551.806739 24.176521 0.016992
2458552.310332 24.194114 0.017270
2458552.803400 24.175495 0.016976
2458553.296467 24.192203 0.017240
2458553.800060 24.188045 0.017174
2458554.293127 24.156518 0.016682
2458554.786194 24.189083 0.017190
2458555.289788 24.175153 0.016971
2458555.782855 24.199168 0.017351
2458556.275922 24.204071 0.017429
2458556.779516 24.177719 0.017011
2458557.272583 24.166643 0.016839
2458557.765650 24.198470 0.017339
2458558.269244 24.177891 0.017014
2458558.762311 24.183214 0.017098
2458559.255378 24.190122 0.017207
2458559.758971 24.193940 0.017267
2458560.252038 24.173105 0.016939
2458560.745106 24.178233 0.017019
2458561.248699 24.185627 0.017136
2458561.741766 24.180463 0.017054
2458562.234833 24.167321 0.016849
2458562.738427 24.172252 0.016926
2458563.231494 24.177034 0.017000
2458563.724561 24.199168 0.017351
2458564.228155 24.194114 0.017270
2458564.721222 24.171741 0.016918
2458565.214289 24.171400 0.016912
2458565.717882 24.189949 0.017204
2458566.210950 24.169699 0.016886
2458566.704017 24.207586 0.017486
2458567.207610 24.187008 0.017157
2458567.700677 24.187008 0.017157
2458568.193744 24.200567 0.017373
2458568.697338 24.197946 0.017331
2458569.190405 24.204071 0.017429
2458569.683472 24.193419 0.017259
2458570.187066 24.187008 0.017157
2458570.680133 24.173275 0.016942
2458571.173200 24.188737 0.017185
2458571.676794 24.174812 0.016966
2458572.169861 24.164272 0.016802
2458572.662928 24.176350 0.016990
2458573.166521 24.168849 0.016873
2458573.659588 24.165118 0.016815
2458574.152656 24.198470 0.017339
2458574.656249 24.180635 0.017057
2458575.149316 24.166473 0.016836
2458575.642383 24.214474 0.017597
2458576.145977 24.178576 0.017025
2458576.639044 24.207234 0.017480
2458577.132111 24.201442 0.017387
2458577.635705 24.201967 0.017395
2458578.128772 24.209701 0.017520
2458578.621839 24.152996 0.016628
2458579.125432 24.200742 0.017376
2458579.618500 24.172082 0.016923
2458580.111567 24.188045 0.017174
2458580.615160 24.189776 0.017201
2458581.108227 24.180807 0.017060
2458581.601294 24.175153 0.016971
2458582.104888 24.158199 0.016708
2458582.597955 24.173616 0.016947
2458583.091022 24.186490 0.017149
2458583.594616 24.225694 0.017780
2458584.087683 24.184937 0.017125
2458584.580750 24.176008 0.016984
2458585.084344 24.185627 0.017136
2458585.577411 24.173958 0.016952
2458586.070478 24.190469 0.017212
2458586.574071 24.185627 0.017136
2458587.067138 24.178233 0.017019
2458587.560206 24.194114 0.017270
2458588.063799 24.177719 0.017011
2458588.556866 24.190989 0.017220
2458589.049933 24.172593 0.016931
2458589.553527 24.187526 0.017166
2458590.046594 24.198295 0.017337
2458590.539661 24.156518 0.016682
2458591.043255 24.212350 0.017563
2458591.536322 24.190989 0.017220
2458592.029389 24.203194 0.017415
2458592.532982 24.177891 0.017014
2458593.026050 24.196725 0.017312
2458593.519117 24.198819 0.017345
2458594.022710 24.198121 0.017334
2458594.515777 24.174299 0.016958
2458595.008844 24.165796 0.016825
2458595.512438 24.176692 0.016995
2458596.005505 24.165457 0.016820
2458596.498572 24.200567 0.017373
2458597.002166 24.194984 0.017284
2458597.495233 24.172764 0.016934
2458597.988300 24.196551 0.017309
2458712.204272 24.196551 0.017309
2458712.697339 24.196551 0.017309
2458713.200932 24.207410 0.017483
2458713.694000 24.176008 0.016984
2458714.187067 24.211290 0.017545
2458714.690660 24.189602 0.017198
2458715.183727 24.202317 0.017401
2458715.676794 24.200217 0.017367
2458716.180388 24.177548 0.017008
2458716.673455 24.179777 0.017043
2458717.166522 24.160388 0.016742
2458717.670116 24.205651 0.017454
2458718.163183 24.193766 0.017264
2458718.656250 24.205476 0.017452
2458719.159844 24.204949 0.017443
2458719.652911 24.220693 0.017698
2458720.145978 24.191509 0.017229
2458720.649571 24.199168 0.017350
2458721.142638 24.190469 0.017212
2458721.635706 24.169529 0.016883
2458722.139299 24.175153 0.016971
2458722.632366 24.180120 0.017049
2458723.125433 24.184247 0.017114
2458723.629027 24.184765 0.017122
2458724.122094 24.220693 0.017698
2458724.615161 24.195506 0.017292
2458725.118755 24.202843 0.017409
2458725.611822 24.168340 0.016865
2458726.104889 24.171400 0.016912
2458726.608482 24.199343 0.017353
2458727.101550 24.193766 0.017264
2458727.594617 24.170719 0.016902
2458728.098210 24.203018 0.017412
2458728.591277 24.178747 0.017027
2458729.084344 24.180292 0.017051
2458729.587938 24.151658 0.016608
2458730.081005 24.225157 0.017771
2458730.574072 24.163426 0.016789
2458731.077666 24.180978 0.017062
2458731.570733 24.207586 0.017486
2458732.063800 24.147152 0.016539
2458732.567394 24.208291 0.017497
2458733.060461 24.202668 0.017406
2458733.553528 24.172082 0.016923
2458734.057121 24.159040 0.016721
2458734.550188 24.223906 0.017750
2458735.043256 24.165965 0.016828
2458735.546849 24.217135 0.017640
2458736.039916 24.179262 0.017035
2458736.532983 24.162413 0.016773
2458737.036577 24.183731 0.017106
2458737.529644 24.147319 0.016541
2458738.022711 24.171230 0.016910
2458738.526305 24.195332 0.017289
2458739.019372 24.189776 0.017201
2458739.512439 24.166812 0.016841
2458740.016032 24.213766 0.017585
2458740.509100 24.152327 0.016618
2458741.002167 24.184592 0.017119
2458741.505760 24.188045 0.017174
2458741.998827 24.184765 0.017122
2458742.491894 24.184075 0.017111
2458742.995488 24.179948 0.017046
2458743.488555 24.212704 0.017568
2458743.981622 24.190815 0.017218
2458744.485216 24.217846 0.017652
2458744.978283 24.176692 0.016995
2458745.471350 24.182010 0.017078
2458745.974944 24.175666 0.016979
2458746.468011 24.206531 0.017469
2458746.961078 24.200217 0.017367
2458747.464671 24.211643 0.017551
2458747.957738 24.219447 0.017678
2458748.450806 24.190122 0.017207
2458748.954399 24.184592 0.017119
2458749.447466 24.198994 0.017348
2458749.940533 24.180635 0.017057
2458750.444127 24.203720 0.017423
2458750.937194 24.175153 0.016971
2458751.430261 24.194810 0.017281
2458751.933855 24.186835 0.017155
2458752.426922 24.172764 0.016934
2458752.919989 24.184937 0.017125
2458753.423582 24.164949 0.016812
2458753.916650 24.178919 0.017030
2458754.409717 24.159377 0.016726
2458754.913310 24.147319 0.016541
2458755.406377 24.200392 0.017370
2458755.899444 24.191682 0.017231
2458756.403038 24.214829 0.017603
2458756.896105 24.160388 0.016742
2458757.389172 24.184075 0.017111
2458757.892766 24.206882 0.017474
2458758.385833 24.180120 0.017049
2458758.878900 24.185282 0.017130
2458759.382494 24.195158 0.017287
2458759.875561 24.177206 0.017003
2458760.368628 24.181150 0.017065
2458760.872221 24.202493 0.017404
2458761.365288 24.167830 0.016857
2458761.858356 24.182870 0.017092
2458762.361949 24.205827 0.017457
2458762.855016 24.176179 0.016987
2458763.348083 24.143827 0.016488
2458763.851677 24.207762 0.017488
2458764.344744 24.176008 0.016984
2458764.837811 24.199693 0.017359
2458765.341405 24.218557 0.017663
2458765.834472 24.162581 0.016776
2458766.327539 24.170379 0.016896
2458766.831132 24.193071 0.017253
2458767.324200 24.164780 0.016810
2458767.817267 24.202668 0.017406
2458768.320860 24.198121 0.017334
2458768.813927 24.187699 0.017168
2458769.306994 24.171911 0.016920
2458769.810588 24.180978 0.017062
2458770.303655 24.200217 0.017367
2458770.796722 24.160388 0.016742
2458771.300316 24.173275 0.016942
2458771.793383 24.176692 0.016995
2458772.286450 24.191335 0.017226
2458772.790044 24.182354 0.017084
2458773.283111 24.196900 0.017314
2458773.776178 24.194984 0.017284
2458774.279771 24.186663 0.017152
2458774.772838 24.173446 0.016944
2458775.265906 24.164949 0.016812
2458775.769499 24.168000 0.016859
2458776.262566 24.185109 0.017127
2458776.755633 24.173446 0.016944
2458777.259227 24.172423 0.016928
2458777.752294 24.210937 0.017540
2458778.245361 24.188737 0.017185
2458778.748955 24.183558 0.017103
2458779.242022 24.209172 0.017511
2458779.735089 24.213589 0.017582
2458780.238682 24.194636 0.017278
2458780.731750 24.187872 0.017171
2458781.224817 24.181838 0.017076
2458781.728410 24.184592 0.017119
2458782.221477 24.168509 0.016867
2458782.714544 24.189429 0.017196
2458783.218138 24.164441 0.016804
2458783.711205 24.189602 0.017198
2459622.427944 24.202493 0.017404
2459622.921011 24.215183 0.017608
2459623.424605 24.193245 0.017256
2459623.917672 24.147152 0.016539
2459624.410739 24.194114 0.017270
2459624.914332 24.197248 0.017320
2459625.407400 24.195854 0.017298
2459625.900467 24.173616 0.016947
2459626.404060 24.187181 0.017160
2459626.897127 24.178576 0.017025
2459627.390194 24.192897 0.017251
2459627.893788 24.143329 0.016481
2459628.386855 24.207586 0.017486
2459628.879922 24.203895 0.017426
2459629.383516 24.153666 0.016638
2459629.876583 24.178576 0.017025
2459630.369650 24.188045 0.017174
2459630.873244 24.178919 0.017030
2459631.366311 24.195332 0.017289
2459631.859378 24.188737 0.017185
2459632.362971 24.180978 0.017062
2459632.856038 24.178405 0.017022
2459633.349106 24.223191 0.017739
2459633.852699 24.194984 0.017284
2459634.345766 24.168679 0.016870
2459634.838833 24.187872 0.017171
2459635.342427 24.174128 0.016955
2459635.835494 24.193940 0.017267
2459636.328561 24.211290 0.017545
2459636.832155 24.169359 0.016881
2459637.325222 24.151490 0.016605
2459637.818289 24.197772 0.017328
2459638.321882 24.168000 0.016859
2459638.814950 24.174470 0.016960
2459639.308017 24.184420 0.017116
2459639.811610 24.192724 0.017248
2459640.304677 24.178576 0.017025
2459640.797744 24.166643 0.016838
2459641.301338 24.158872 0.016718
2459641.794405 24.170209 0.016894
2459642.287472 24.195332 0.017289
2459642.791066 24.174641 0.016963
2459643.284133 24.189602 0.017198
2459643.777200 24.190642 0.017215
2459644.280794 24.185282 0.017130
2459644.773861 24.190295 0.017209
2459645.266928 24.201092 0.017381
2459645.770521 24.169189 0.016878
2459646.263588 24.164103 0.016799
2459646.756656 24.161737 0.016763
2459647.260249 24.191682 0.017231
2459647.753316 24.202142 0.017398
2459648.246383 24.190295 0.017209
2459648.749977 24.180292 0.017051
2459649.243044 24.175837 0.016982
2459649.736111 24.200392 0.017370
2459650.239705 24.153331 0.016633
2459650.732772 24.172423 0.016928
2459651.225839 24.189083 0.017190
2459651.729432 24.176179 0.016987
2459652.222500 24.180635 0.017057
2459652.715567 24.185109 0.017127
2459653.219160 24.186835 0.017155
2459653.712227 24.184765 0.017122
2459654.205294 24.157526 0.016698
2459654.708888 24.190295 0.017209
2459655.201955 24.155175 0.016662
2459655.695022 24.188218 0.017176
2459656.198616 24.163426 0.016789
2459656.691683 24.200042 0.017364
2459657.184750 24.166304 0.016833
2459657.688344 24.194636 0.017278
2459658.181411 24.185972 0.017141
2459658.674478 24.202668 0.017406
2459659.178071 24.171230 0.016910
2459659.671138 24.174470 0.016960
2459660.164206 24.201092 0.017381
2459660.667799 24.204598 0.017437
2459661.160866 24.160219 0.016739
2459661.653933 24.184247 0.017114
2459662.157527 24.179605 0.017041
2459662.650594 24.180463 0.017054
2459663.143661 24.135393 0.016361
2459663.647255 24.181666 0.017073
2459664.140322 24.185454 0.017133
2459664.633389 24.162413 0.016773
2459665.136982 24.194114 0.017270
2459665.630050 24.171230 0.016910
2459666.123117 24.169529 0.016883
2459666.626710 24.215893 0.017620
2459667.119777 24.189083 0.017190
2459667.612844 24.163934 0.016796
2459668.116438 24.188045 0.017174
2459668.609505 24.174299 0.016958
2459669.102572 24.194984 0.017284
2459669.606166 24.209701 0.017520
2459670.099233 24.201792 0.017392
2459670.592300 24.183386 0.017100
2459671.095894 24.181838 0.017076
2459671.588961 24.186663 0.017152
2459672.082028 24.172252 0.016926
2459672.585621 24.160725 0.016747
2459673.078688 24.164780 0.016810
2459673.571756 24.138527 0.016408
2459674.075349 24.179948 0.017046
2459674.568416 24.183558 0.017103
2459675.061483 24.198994 0.017348
2459675.565077 24.184592 0.017119
2459676.058144 24.218024 0.017654
2459676.551211 24.173275 0.016942
2459677.054805 24.178062 0.017016
2459677.547872 24.182870 0.017092
2459678.040939 24.168849 0.016873
2459678.544532 24.172934 0.016936
2459679.037600 24.149987 0.016582
2459679.530667 24.181322 0.017068
2459680.034260 24.219803 0.017683
2459680.527327 24.198994 0.017348
2459681.020394 24.185799 0.017138
2459681.523988 24.182870 0.017092
2459682.017055 24.165965 0.016828
2459682.510122 24.203895 0.017426
2459683.013716 24.195680 0.017295
2459683.506783 24.179262 0.017035
2459683.999850 24.159377 0.016726
2459684.503444 24.191682 0.017231
2459684.996511 24.188910 0.017187
2459685.489578 24.220337 0.017692
2459685.993171 24.179262 0.017035
2459686.486238 24.183214 0.017097
2459686.979306 24.163595 0.016791
2459687.482899 24.166812 0.016841
2459687.975966 24.190295 0.017209
2459688.469033 24.188218 0.017176
2459688.972627 24.224799 0.017765
2459689.465694 24.203720 0.017423
2459689.958761 24.187181 0.017160
2459690.462355 24.198121 0.017334
2459690.955422 24.198644 0.017342
2459691.448489 24.181494 0.017070
2459691.952082 24.214829 0.017603
2459692.445150 24.196203 0.017303
2459692.938217 24.183558 0.017103
2459693.441810 24.192203 0.017240
2459693.934877 24.197074 0.017317
2459807.647256 24.181150 0.017065
2459808.150849 24.173787 0.016950
2459808.643916 24.183386 0.017100
2459809.136983 24.171571 0.016915
2459809.640577 24.187181 0.017160
2459810.133644 24.199867 0.017362
2459810.626711 24.174641 0.016963
2459811.130305 24.189949 0.017204
2459811.623372 24.204773 0.017440
2459812.116439 24.194288 0.017273
2459812.620032 24.207939 0.017491
2459813.113100 24.203895 0.017426
2459813.606167 24.199867 0.017362
2459814.109760 24.189602 0.017198
2459814.602827 24.208115 0.017494
2459815.095894 24.171911 0.016920
2459815.599488 24.194114 0.017270
2459816.092555 24.190642 0.017215
2459816.585622 24.156014 0.016674
2459817.089216 24.189256 0.017193
2459817.582283 24.191509 0.017229
2459818.075350 24.192897 0.017251
2459818.578944 24.179777 0.017043
2459819.072011 24.177034 0.017000
2459819.565078 24.209348 0.017514
2459820.068671 24.180292 0.017051
2459820.561738 24.202317 0.017401
2459821.054806 24.181150 0.017065
2459821.558399 24.199518 0.017356
2459822.051466 24.158535 0.016713
2459822.544533 24.177034 0.017000
2459823.048127 24.184247 0.017114
2459823.541194 24.189776 0.017201
2459824.034261 24.201967 0.017395
2459824.537855 24.169019 0.016875
2459825.030922 24.204949 0.017443
2459825.523989 24.179605 0.017041
2459826.027582 24.199518 0.017356
2459826.520650 24.176521 0.016992
2459827.013717 24.183214 0.017097
2459827.517310 24.202668 0.017406
2459828.010377 24.178747 0.017027
2459828.503444 24.177034 0.017000
2459829.007038 24.182010 0.017078
2459829.500105 24.190815 0.017218
2459829.993172 24.174128 0.016955
2459830.496766 24.158031 0.016705
2459830.989833 24.156182 0.016677
2459831.482900 24.197946 0.017331
2459831.986494 24.202142 0.017398
2459832.479561 24.209701 0.017520
2459832.972628 24.191509 0.017229
2459833.476221 24.198470 0.017339
2459833.969288 24.159882 0.016734
2459834.462356 24.181150 0.017065
2459834.965949 24.220515 0.017695
2459835.459016 24.182354 0.017084
2459835.952083 24.204949 0.017443
2459836.455677 24.215183 0.017608
2459836.948744 24.196028 0.017300
2459837.441811 24.170039 0.016891
2459837.945405 24.147485 0.016544
2459838.438472 24.179090 0.017033
2459838.931539 24.182354 0.017084
2459839.435132 24.211290 0.017545
2459839.928200 24.173958 0.016952
2459840.421267 24.190122 0.017207
2459840.924860 24.171741 0.016918
2459841.417927 24.154839 0.016656
2459841.910994 24.209172 0.017511
2459842.414588 24.176350 0.016990
2459842.907655 24.193940 0.017267
2459843.400722 24.198819 0.017345
2459843.904316 24.162581 0.016776
2459844.397383 24.188910 0.017187
2459844.890450 24.164272 0.016802
2459845.394044 24.160051 0.016737
2459845.887111 24.186490 0.017149
2459846.380178 24.192550 0.017245
2459846.883771 24.190295 0.017209
2459847.376838 24.188045 0.017174
2459847.869906 24.218201 0.017657
2459848.373499 24.206355 0.017466
2459848.866566 24.167830 0.016857
2459849.359633 24.201792 0.017392
2459849.863227 24.196725 0.017311
2459850.356294 24.188737 0.017185
2459850.849361 24.219447 0.017678
2459851.352955 24.140015 0.016430
2459851.846022 24.209172 0.017511
2459852.339089 24.208115 0.017494
2459852.842682 24.179434 0.017038
2459853.335750 24.178233 0.017019
2459853.828817 24.154839 0.016656
2459854.332410 24.190815 0.017218
2459854.825477 24.196028 0.017300
2459855.318544 24.223548 0.017744
2459855.822138 24.177891 0.017014
2459856.315205 24.193419 0.017259
2459856.808272 24.172082 0.016923
2459857.311866 24.183731 0.017106
2459857.804933 24.161400 0.016757
2459858.298000 24.175324 0.016974
2459858.801594 24.205651 0.017454
2459859.294661 24.148319 0.016557
2459859.787728 24.180978 0.017062
2459860.291321 24.164272 0.016802
2459860.784388 24.200392 0.017370
2459861.277456 24.194636 0.017278
2459861.781049 24.173446 0.016944
2459862.274116 24.167661 0.016854
2459862.767183 24.150488 0.016590
2459863.270777 24.204773 0.017440
2459863.763844 24.199343 0.017353
2459864.256911 24.207586 0.017486
2459864.760505 24.208643 0.017503
2459865.253572 24.195854 0.017298
2459865.746639 24.196725 0.017311
2459866.250232 24.201617 0.017390
2459866.743300 24.196028 0.017300
2459867.236367 24.210230 0.017528
2459867.739960 24.196377 0.017306
2459868.233027 24.157022 0.016690
2459868.726094 24.199518 0.017356
2459869.229688 24.144159 0.016493
2459869.722755 24.173275 0.016942
2459870.215822 24.198644 0.017342
2459870.719416 24.174812 0.016966
2459871.212483 24.168340 0.016865
2459871.705550 24.165626 0.016823
2459872.209144 24.158704 0.016716
2459872.702211 24.211820 0.017554
2459873.195278 24.206179 0.017463
2459873.698871 24.173616 0.016947
2459874.191938 24.171911 0.016920
2459874.685006 24.215715 0.017617
2459875.188599 24.182698 0.017089
2459875.681666 24.179262 0.017035
2459876.174733 24.204071 0.017429
2459876.678327 24.171911 0.016920
2459877.171394 24.176008 0.016984
2459877.664461 24.205651 0.017454
2459878.168055 24.177548 0.017008
2459878.661122 24.184765 0.017122
2459879.154189 24.219447 0.017678
2459987.411250 24.153331 0.016633
2459987.904317 24.184592 0.017119
2459988.407910 24.186663 0.017152
2459988.900977 24.180463 0.017054
2459989.394044 24.172252 0.016926
2459989.897638 24.199518 0.017356
2459990.390705 24.193245 0.017256
2459990.883772 24.167321 0.016849
2459991.387366 24.161737 0.016763
2459991.880433 24.185799 0.017138
2459992.373500 24.173275 0.016942
2459992.877094 24.200567 0.017373
2459993.370161 24.173616 0.016947
2459993.863228 24.185454 0.017133
2459994.366821 24.163426 0.016789
2459994.859888 24.189602 0.017198
2459995.352956 24.174982 0.016968
2459995.856549 24.182698 0.017089
2459996.349616 24.197597 0.017325
2459996.842683 24.181838 0.017076
2459997.346277 24.183903 0.017108
2459997.839344 24.184765 0.017122
2459998.332411 24.196028 0.017300
2459998.836005 24.192897 0.017251
2459999.329072 24.176008 0.016984
2459999.822139 24.181494 0.017070
2460000.325732 24.194984 0.017284
2460000.818800 24.185282 0.017130
2460001.311867 24.157358 0.016695
2460001.815460 24.198121 0.017334
2460002.308527 24.174128 0.016955
2460002.801594 24.153499 0.016636
2460003.305188 24.192029 0.017237
2460003.798255 24.186145 0.017144
2460004.291322 24.193940 0.017267
2460004.794916 24.182698 0.017089
2460005.287983 24.196551 0.017309
2460005.781050 24.165118 0.016815
2460006.284644 24.157022 0.016690
2460006.777711 24.181322 0.017068
2460007.270778 24.197248 0.017320
2460007.774371 24.174982 0.016968
2460008.267438 24.181150 0.017065
2460008.760506 24.194288 0.017273
2460009.264099 24.207410 0.017483
2460009.757166 24.170890 0.016904
2460010.250233 24.197772 0.017328
2460010.753827 24.202317 0.017401
2460011.246894 24.182182 0.017081
2460011.739961 24.179777 0.017043
2460012.243555 24.196551 0.017309
2460012.736622 24.203194 0.017415
2460013.229689 24.193592 0.017262
2460013.733282 24.176008 0.016984
2460014.226350 24.171741 0.016918
2460014.719417 24.184420 0.017116
2460015.223010 24.192897 0.017251
2460015.716077 24.181494 0.017070
2460016.209144 24.170719 0.016902
2460016.712738 24.198819 0.017345
2460017.205805 24.190295 0.017209
2460017.698872 24.179948 0.017046
2460018.202466 24.196725 0.017311
2460018.695533 24.192377 0.017242
2460019.188600 24.161062 0.016752
2460019.692194 24.194288 0.017273
2460020.185261 24.160894 0.016749
2460020.678328 24.217135 0.017640
2460021.181921 24.168679 0.016870
2460021.674988 24.200917 0.017378
2460022.168056 24.146819 0.016534
2460022.671649 24.171400 0.016912
2460023.164716 24.221228 0.017707
2460023.657783 24.194636 0.017278
2460024.161377 24.174470 0.016960
2460024.654444 24.154672 0.016654
2460025.147511 24.172593 0.016931
2460025.651105 24.219803 0.017683
2460026.144172 24.200742 0.017376
2460026.637239 24.209348 0.017514
2460027.140832 24.163764 0.016794
2460027.633900 24.193766 0.017264
2460028.126967 24.192029 0.017237
2460028.630560 24.161400 0.016757
2460029.123627 24.185109 0.017127
2460029.616694 24.191682 0.017231
2460030.120288 24.155511 0.016667
2460030.613355 24.191509 0.017229
2460031.106422 24.198470 0.017339
2460031.610016 24.156686 0.016685
2460032.103083 24.179948 0.017046
2460032.596150 24.192377 0.017242
2460033.099744 24.179948 0.017046
2460033.592811 24.187526 0.017165
2460034.085878 24.183731 0.017106
2460034.589471 24.192377 0.017242
2460035.082538 24.185282 0.017130
2460035.575606 24.197597 0.017325
2460036.079199 24.193419 0.017259
2460036.572266 24.198121 0.017334
2460037.065333 24.178062 0.017016
2460037.568927 24.187354 0.017163
2460038.061994 24.192377 0.017242
2460038.555061 24.197423 0.017323
2460039.058655 24.181322 0.017068
2460039.551722 24.178576 0.017025
2460040.044789 24.180292 0.017051
2460040.548382 24.171230 0.016910
2460041.041450 24.161231 0.016755
2460041.534517 24.136547 0.016378
2460042.038110 24.178233 0.017019
2460042.531177 24.165626 0.016823
2460043.024244 24.168170 0.016862
2460043.527838 24.198994 0.017348
2460044.020905 24.196203 0.017303
2460044.513972 24.194114 0.017270
2460045.017566 24.195680 0.017295
2460045.510633 24.191682 0.017231
2460046.003700 24.168679 0.016870
2460046.507294 24.184937 0.017125
2460047.000361 24.197946 0.017331
2460047.493428 24.198994 0.017348
2460047.997021 24.169189 0.016878
2460048.490088 24.184937 0.017125
2460048.983156 24.206531 0.017469
2460049.486749 24.152661 0.016623
2460049.979816 24.240837 0.018029
2460050.472883 24.180120 0.017049
2460050.976477 24.205476 0.017452
2460051.469544 24.172082 0.016923
2460051.962611 24.164441 0.016804
2460052.466205 24.175495 0.016976
2460052.959272 24.173958 0.016952
2460053.452339 24.184420 0.017116
2460053.955932 24.163934 0.016796
2460054.449000 24.196203 0.017303
2460054.942067 24.188391 0.017179
2460055.445660 24.192897 0.017251
2460055.938727 24.200917 0.017378
2460056.431794 24.200742 0.017376
2460056.935388 24.194288 0.017273
2460057.428455 24.183731 0.017106
2460057.921522 24.182354 0.017084
2460058.425116 24.198470 0.017339
2460058.918183 24.179434 0.017038
