2458346.727899 21.000719 0.004766
2458347.220966 20.992553 0.004731
2458347.714033 20.993371 0.004734
2458348.217627 21.003418 0.004778
2458348.710694 21.003249 0.004778
2458349.203761 21.002367 0.004774
2458349.707355 21.002536 0.004774
2458350.200422 21.000719 0.004766
2458350.693489 21.002686 0.004775
2458351.197082 21.002218 0.004773
2458351.690150 21.000869 0.004767
2458352.183217 21.001880 0.004771
2458352.686810 20.999504 0.004761
2458353.179877 20.990382 0.004721
2458353.672944 21.005446 0.004787
2458354.176538 21.010853 0.004811
2458354.669605 21.000345 0.004765
2458355.162672 20.998887 0.004758
2458355.666266 20.990994 0.004724
2458356.159333 21.003981 0.004781
2458356.652400 21.004844 0.004785
2458357.155994 21.004469 0.004783
2458357.649061 20.996610 0.004748
2458358.142128 20.998644 0.004757
2458358.645721 21.009607 0.004806
2458359.138788 20.996852 0.004749
2458359.631856 21.004995 0.004785
2458360.135449 20.999111 0.004759
2458360.628516 21.007270 0.004795
2458361.121583 20.839860 0.004430
2458361.625177 20.659482 0.004094
2458362.118244 20.654192 0.004074
2458362.611311 20.652575 0.004068
2458363.114905 20.653159 0.004070
2458363.607972 20.651801 0.004065
2458364.101039 20.650377 0.004060
2458364.604632 20.646116 0.004044
2458365.097700 20.660398 0.004098
2458365.590767 20.661096 0.004100
2458366.094360 20.658567 0.004091
2458366.587427 20.654029 0.004074
2458367.080494 20.693451 0.004156
2458367.584088 20.715762 0.004176
2458368.077155 20.750810 0.004250
2458368.570222 20.776655 0.004291
2458369.073816 20.811840 0.004372
2458369.566883 20.833842 0.004405
2458370.059950 20.861620 0.004464
2458370.563544 20.894785 0.004549
2458371.056611 20.907746 0.004553
2458371.549678 20.939877 0.004641
2458372.053271 20.966022 0.004706
2458372.546338 20.974137 0.004697
2458373.039406 21.001712 0.004776
2458373.542999 21.003380 0.004778
2458374.036066 21.004938 0.004785
2458374.529133 21.008664 0.004801
2458375.032727 20.998887 0.004758
2458375.525794 20.997337 0.004752
2458376.018861 20.996200 0.004747
2458376.522455 20.994319 0.004738
2458377.015522 20.997002 0.004750
2458377.508589 20.999466 0.004761
2458378.012182 20.999092 0.004759
2458378.505250 20.994152 0.004738
2458378.998317 20.998738 0.004758
2458379.501910 20.992182 0.004729
2458379.994977 21.001449 0.004770
2458380.488044 20.999803 0.004762
2458380.991638 21.001674 0.004771
2458381.484705 20.999391 0.004761
2458381.977772 20.997468 0.004752
2458382.481366 20.995306 0.004743
2458382.974433 21.006480 0.004792
2458383.467500 21.000794 0.004767
2458383.971094 20.995064 0.004742
2458384.464161 21.006367 0.004791
2458384.957228 21.002761 0.004775
2458385.460821 21.005408 0.004787
2458385.953888 21.000439 0.004765
2458386.446956 21.001187 0.004768
2458386.950549 21.010835 0.004811
2458387.443616 20.998756 0.004758
2458387.936683 21.002124 0.004773
2458388.440277 20.998121 0.004755
2458388.933344 20.997300 0.004751
2458389.426411 21.009174 0.004804
2458389.930005 21.009532 0.004805
2458390.423072 21.007383 0.004796
2458390.916139 20.998420 0.004756
2458391.419732 20.993445 0.004735
2458391.912800 21.003455 0.004778
2458392.405867 21.009683 0.004806
2458392.909460 21.003737 0.004780
2458393.402527 21.000813 0.004767
2458393.895594 21.001843 0.004771
2458394.399188 21.000794 0.004767
2458394.892255 21.003399 0.004778
2458395.385322 21.004262 0.004782
2458395.888916 21.002274 0.004773
2458396.381983 21.002068 0.004772
2458396.875050 20.996815 0.004749
2458397.378644 20.999578 0.004761
2458397.871711 21.001468 0.004770
2458398.364778 20.993111 0.004733
2458398.868371 20.994803 0.004740
2458399.361438 21.004074 0.004781
2458399.854506 21.008156 0.004799
2458400.358099 21.004281 0.004782
2458400.851166 21.000046 0.004763
2458401.344233 21.004938 0.004785
2458401.847827 21.001599 0.004770
2458402.340894 20.999261 0.004760
2458402.833961 20.998794 0.004758
2458403.337555 21.001712 0.004771
2458403.830622 21.002611 0.004775
2458404.323689 21.008024 0.004799
2458404.827282 21.001225 0.004769
2458405.320350 21.003793 0.004780
2458405.813417 21.006480 0.004792
2458406.317010 21.008363 0.004800
2458406.810077 21.004074 0.004781
2458407.303144 20.999952 0.004763
2458407.806738 20.996331 0.004747
2458408.299805 21.013369 0.004822
2458408.792872 20.996424 0.004748
2458409.296466 20.998607 0.004757
2458409.789533 21.000757 0.004767
2458410.282600 21.003174 0.004777
2458410.786194 21.003530 0.004779
2458411.279261 21.005483 0.004787
2458411.772328 20.995194 0.004742
2458412.275921 21.006160 0.004790
2458412.768988 20.996386 0.004747
2458413.262056 21.005859 0.004789
2458413.765649 20.994524 0.004739
2458414.258716 21.009400 0.004805
2458414.751783 21.006555 0.004792
2458415.255377 21.003136 0.004777
2458415.748444 21.003568 0.004779
2458416.241511 20.998625 0.004757
2458416.745105 20.998868 0.004758
2458417.238172 21.014543 0.004827
2458417.731239 21.001393 0.004769
2458418.234832 21.005314 0.004787
2458526.481367 21.002311 0.004773
2458526.984960 21.000083 0.004764
2458527.478027 21.002686 0.004775
2458527.971094 21.010457 0.004809
2458528.474688 20.989975 0.004719
2458528.967755 21.001412 0.004769
2458529.460822 20.998980 0.004759
2458529.964416 20.999560 0.004761
2458530.457483 21.005089 0.004786
2458530.950550 20.999522 0.004761
2458531.454144 21.004450 0.004783
2458531.947211 21.013861 0.004824
2458532.440278 21.006593 0.004792
2458532.943871 20.994394 0.004739
2458533.436938 21.008796 0.004802
2458533.930006 20.999186 0.004760
2458534.433599 20.997039 0.004750
2458534.926666 21.008325 0.004800
2458535.419733 20.998289 0.004756
2458535.923327 21.004337 0.004782
2458536.416394 20.995082 0.004742
2458536.909461 20.999261 0.004760
2458537.413055 21.000495 0.004765
2458537.906122 21.001056 0.004768
2458538.399189 21.003211 0.004777
2458538.902782 20.997804 0.004754
2458539.395850 21.003793 0.004780
2458539.888917 21.002442 0.004774
2458540.392510 20.998569 0.004757
2458540.885577 21.001206 0.004769
2458541.378644 21.009324 0.004804
2458541.882238 21.002180 0.004773
2458542.375305 21.009136 0.004803
2458542.868372 21.005183 0.004786
2458543.371966 21.001262 0.004769
2458543.865033 21.005972 0.004790
2458544.358100 20.998047 0.004755
2458544.861694 21.004788 0.004784
2458545.354761 21.002761 0.004775
2458545.847828 20.999541 0.004761
2458546.351421 21.000626 0.004766
2458546.844488 21.006649 0.004792
2458547.337556 20.995213 0.004742
2458547.841149 21.000008 0.004763
2458548.334216 20.995902 0.004745
2458548.827283 20.999410 0.004761
2458549.330877 20.999672 0.004762
2458549.823944 20.999504 0.004761
2458550.317011 20.998289 0.004756
2458550.820605 20.994487 0.004739
2458551.313672 21.004638 0.004784
2458551.806739 20.997225 0.004751
2458552.310332 21.001506 0.004770
2458552.803400 20.993241 0.004734
2458553.296467 21.008099 0.004799
2458553.800060 21.001431 0.004770
2458554.293127 20.998177 0.004755
2458554.786194 21.006273 0.004791
2458555.289788 20.997748 0.004753
2458555.782855 21.003530 0.004779
2458556.275922 21.008570 0.004801
2458556.779516 21.000008 0.004763
2458557.272583 20.999635 0.004762
2458557.765650 21.003793 0.004780
2458558.269244 21.003155 0.004777
2458558.762311 21.005446 0.004787
2458559.255378 21.004487 0.004783
2458559.758971 21.006085 0.004790
2458560.252038 21.011382 0.004813
2458560.745106 20.995418 0.004743
2458561.248699 21.005634 0.004788
2458561.741766 21.000607 0.004766
2458562.234833 21.001618 0.004770
2458562.738427 20.997319 0.004751
2458563.231494 20.997599 0.004753
2458563.724561 20.998289 0.004756
2458564.228155 20.999074 0.004759
2458564.721222 21.000252 0.004764
2458565.214289 21.006367 0.004791
2458565.717882 21.006179 0.004790
2458566.210950 21.002855 0.004776
2458566.704017 21.007252 0.004795
2458567.207610 21.001094 0.004768
2458567.700677 20.988993 0.004715
2458568.193744 21.010174 0.004808
2458568.697338 20.997561 0.004753
2458569.190405 21.001393 0.004769
2458569.683472 20.999261 0.004760
2458570.187066 21.010211 0.004808
2458570.680133 20.996014 0.004746
2458571.173200 21.008193 0.004799
2458571.676794 21.003380 0.004778
2458572.169861 21.007496 0.004796
2458572.662928 21.002030 0.004772
2458573.166521 21.007101 0.004794
2458573.659588 21.001637 0.004770
2458574.152656 21.003174 0.004777
2458574.656249 21.007930 0.004798
2458575.149316 21.000270 0.004764
2458575.642383 20.993668 0.004736
2458576.145977 20.995697 0.004744
2458576.639044 20.996442 0.004748
2458577.132111 21.004074 0.004781
2458577.635705 20.997767 0.004753
2458578.128772 20.997729 0.004753
2458578.621839 20.995418 0.004743
2458579.125432 20.996852 0.004749
2458579.618500 20.992776 0.004732
2458580.111567 20.994691 0.004740
2458580.615160 20.994840 0.004741
2458581.108227 21.002030 0.004772
2458581.601294 21.002499 0.004774
2458582.104888 21.013066 0.004821
2458582.597955 20.999747 0.004762
2458583.091022 21.006593 0.004792
2458583.594616 21.003511 0.004779
2458584.087683 21.004957 0.004785
2458584.580750 21.006442 0.004792
2458585.084344 20.989752 0.004718
2458585.577411 20.996722 0.004749
2458586.070478 21.006687 0.004793
2458586.574071 20.998383 0.004756
2458587.067138 21.012555 0.004819
2458587.560206 21.005051 0.004785
2458588.063799 20.998401 0.004756
2458588.556866 20.992386 0.004730
2458589.049933 21.000083 0.004764
2458589.553527 20.997673 0.004753
2458590.046594 20.997916 0.004754
2458590.539661 21.004450 0.004783
2458591.043255 21.003905 0.004780
2458591.536322 20.996200 0.004747
2458592.029389 21.004469 0.004783
2458592.532982 21.006066 0.004790
2458593.026050 21.002124 0.004773
2458593.519117 21.005784 0.004789
2458594.022710 20.998271 0.004756
2458594.515777 21.003624 0.004779
2458595.008844 21.008928 0.004803
2458595.512438 21.004318 0.004782
2458596.005505 20.999279 0.004760
2458596.498572 21.001562 0.004770
2458597.002166 21.004074 0.004781
2458597.495233 21.002293 0.004773
2458597.988300 21.004206 0.004782
2458712.204272 21.001468 0.004770
2458712.697339 21.003849 0.004780
2458713.200932 21.004037 0.004781
2458713.694000 20.999092 0.004759
2458714.187067 21.001562 0.004770
2458714.690660 21.005107 0.004786
2458715.183727 21.004807 0.004784
2458715.676794 21.002049 0.004772
2458716.180388 20.998775 0.004758
2458716.673455 21.001674 0.004771
2458717.166522 21.005314 0.004787
2458717.670116 21.002817 0.004776
2458718.163183 20.995306 0.004743
2458718.656250 20.998121 0.004755
2458719.159844 21.002311 0.004773
2458719.652911 21.004469 0.004783
2458720.145978 20.996871 0.004750
2458720.649571 20.999242 0.004760
2458721.142638 20.993315 0.004734
2458721.635706 21.004450 0.004783
2458722.139299 21.005333 0.004787
2458722.632366 21.001674 0.004771
2458723.125433 21.008080 0.004799
2458723.629027 20.994840 0.004741
2458724.122094 21.006217 0.004791
2458724.615161 21.000476 0.004765
2458725.118755 21.002911 0.004776
2458725.611822 20.995529 0.004744
2458726.104889 21.002068 0.004772
2458726.608482 21.008740 0.004802
2458727.101550 20.998756 0.004758
2458727.594617 21.003812 0.004780
2458728.098210 20.999223 0.004760
2458728.591277 21.005408 0.004787
2458729.084344 21.003737 0.004780
2458729.587938 21.007477 0.004796
2458730.081005 21.008438 0.004800
2458730.574072 20.999522 0.004761
2458731.077666 20.999784 0.004762
2458731.570733 20.996070 0.004746
2458732.063800 20.998794 0.004758
2458732.567394 21.008570 0.004801
2458733.060461 21.000364 0.004765
2458733.553528 20.993910 0.004737
2458734.057121 21.008080 0.004799
2458734.550188 21.009098 0.004803
2458735.043256 20.999952 0.004763
2458735.546849 21.002480 0.004774
2458736.039916 20.991421 0.004726
2458736.532983 21.000139 0.004764
2458737.036577 20.998756 0.004758
2458737.529644 21.006442 0.004792
2458738.022711 21.000364 0.004765
2458738.526305 20.990661 0.004722
2458739.019372 21.004168 0.004782
2458739.512439 21.008137 0.004799
2458740.016032 21.007195 0.004795
2458740.509100 20.998924 0.004759
2458741.002167 21.000420 0.004765
2458741.505760 21.004882 0.004785
2458741.998827 21.004581 0.004783
2458742.491894 21.000495 0.004765
2458742.995488 20.997337 0.004752
2458743.488555 21.003249 0.004778
2458743.981622 21.006104 0.004790
2458744.485216 21.005577 0.004788
2458744.978283 20.998999 0.004759
2458745.471350 21.002611 0.004775
2458745.974944 20.990623 0.004722
2458746.468011 21.005558 0.004788
2458746.961078 21.010344 0.004809
2458747.464671 20.996181 0.004747
2458747.957738 21.004901 0.004785
2458748.450806 20.999840 0.004763
2458748.954399 21.007930 0.004798
2458749.447466 21.002630 0.004775
2458749.940533 20.999111 0.004759
2458750.444127 21.006367 0.004791
2458750.937194 21.015852 0.004833
2458751.430261 20.998364 0.004756
2458751.933855 21.003793 0.004780
2458752.426922 20.998588 0.004757
2458752.919989 21.007139 0.004795
2458753.423582 21.000102 0.004764
2458753.916650 20.990994 0.004724
2458754.409717 20.997767 0.004753
2458754.913310 20.993055 0.004733
2458755.406377 21.010797 0.004811
2458755.899444 21.001393 0.004769
2458756.403038 21.007854 0.004798
2458756.896105 21.006160 0.004790
2458757.389172 20.998159 0.004755
2458757.892766 20.994636 0.004740
2458758.385833 20.998625 0.004757
2458758.878900 21.002574 0.004775
2458759.382494 21.004525 0.004783
2458759.875561 20.992349 0.004730
2458760.368628 21.001131 0.004768
2458760.872221 20.995492 0.004743
2458761.365288 21.004938 0.004785
2458761.858356 20.990661 0.004722
2458762.361949 21.003024 0.004777
2458762.855016 20.999466 0.004761
2458763.348083 21.003324 0.004778
2458763.851677 21.002649 0.004775
2458764.344744 20.994896 0.004741
2458764.837811 21.007779 0.004797
2458765.341405 21.004863 0.004785
2458765.834472 21.010476 0.004809
2458766.327539 20.993817 0.004736
2458766.831132 21.001262 0.004769
2458767.324200 20.998738 0.004758
2458767.817267 20.997972 0.004754
2458768.320860 21.007685 0.004797
2458768.813927 20.988715 0.004714
2458769.306994 21.000738 0.004766
2458769.810588 21.003905 0.004780
2458770.303655 21.001955 0.004772
2458770.796722 21.004074 0.004781
2458771.300316 21.001244 0.004769
2458771.793383 20.999803 0.004762
2458772.286450 21.007515 0.004796
2458772.790044 21.009287 0.004804
2458773.283111 20.997972 0.004754
2458773.776178 21.001431 0.004770
2458774.279771 21.003999 0.004781
2458774.772838 21.002461 0.004774
2458775.265906 20.994059 0.004737
2458775.769499 21.002686 0.004775
2458776.262566 20.997188 0.004751
2458776.755633 20.997114 0.004751
2458777.259227 21.005107 0.004786
2458777.752294 20.995194 0.004742
2458778.245361 21.004675 0.004784
2458778.748955 21.004525 0.004783
2458779.242022 21.000065 0.004764
2458779.735089 21.009136 0.004803
2458780.238682 21.001993 0.004772
2458780.731750 21.008551 0.004801
2458781.224817 20.997487 0.004752
2458781.728410 21.007176 0.004795
2458782.221477 20.998831 0.004758
2458782.714544 21.002461 0.004774
2458783.218138 20.993074 0.004733
2458783.711205 21.000476 0.004765
2459622.427944 21.001843 0.004771
2459622.921011 20.998738 0.004758
2459623.424605 21.001862 0.004771
2459623.917672 20.999279 0.004760
2459624.410739 20.998364 0.004756
2459624.914332 21.001000 0.004768
2459625.407400 21.003080 0.004777
2459625.900467 21.004713 0.004784
2459626.404060 21.002293 0.004773
2459626.897127 21.002705 0.004775
2459627.390194 21.001000 0.004768
2459627.893788 20.999485 0.004761
2459628.386855 20.998569 0.004757
2459628.879922 21.014922 0.004829
2459629.383516 21.008683 0.004801
2459629.876583 21.007157 0.004795
2459630.369650 20.995492 0.004743
2459630.873244 20.996815 0.004749
2459631.366311 21.007421 0.004796
2459631.859378 21.001449 0.004770
2459632.362971 21.008608 0.004801
2459632.856038 21.002761 0.004775
2459633.349106 21.005690 0.004788
2459633.852699 21.003568 0.004779
2459634.345766 21.013710 0.004824
2459634.838833 20.991662 0.004727
2459635.342427 21.014259 0.004826
2459635.835494 21.004769 0.004784
2459636.328561 21.004450 0.004783
2459636.832155 20.998215 0.004755
2459637.325222 20.997673 0.004753
2459637.818289 20.998345 0.004756
2459638.321882 20.997841 0.004754
2459638.814950 20.997151 0.004751
2459639.308017 21.001225 0.004769
2459639.811610 21.003099 0.004777
2459640.304677 20.999672 0.004762
2459640.797744 21.001562 0.004770
2459641.301338 21.004450 0.004783
2459641.794405 21.008250 0.004800
2459642.287472 21.007948 0.004798
2459642.791066 21.002293 0.004773
2459643.284133 21.007703 0.004797
2459643.777200 20.995008 0.004741
2459644.280794 20.999653 0.004762
2459644.773861 20.997524 0.004752
2459645.266928 21.004450 0.004783
2459645.770521 21.000963 0.004767
2459646.263588 21.008061 0.004799
2459646.756656 20.997263 0.004751
2459647.260249 21.003249 0.004778
2459647.753316 21.001187 0.004768
2459648.246383 20.996107 0.004746
2459648.749977 20.998233 0.004755
2459649.243044 20.995716 0.004744
2459649.736111 21.008476 0.004801
2459650.239705 20.999335 0.004760
2459650.732772 20.998569 0.004757
2459651.225839 21.002236 0.004773
2459651.729432 21.003530 0.004779
2459652.222500 21.005070 0.004786
2459652.715567 21.011590 0.004814
2459653.219160 21.003605 0.004779
2459653.712227 21.000289 0.004764
2459654.205294 21.002461 0.004774
2459654.708888 20.995399 0.004743
2459655.201955 21.003080 0.004777
2459655.695022 20.991885 0.004728
2459656.198616 21.006499 0.004792
2459656.691683 20.999672 0.004762
2459657.184750 20.998065 0.004755
2459657.688344 20.995827 0.004745
2459658.181411 21.001581 0.004770
2459658.674478 21.011761 0.004815
2459659.178071 20.997711 0.004753
2459659.671138 20.998009 0.004755
2459660.164206 21.002161 0.004773
2459660.667799 20.996368 0.004747
2459661.160866 20.992981 0.004733
2459661.653933 21.007590 0.004797
2459662.157527 20.997449 0.004752
2459662.650594 21.000645 0.004766
2459663.143661 20.997468 0.004752
2459663.647255 20.999036 0.004759
2459664.140322 21.003099 0.004777
2459664.633389 20.992238 0.004729
2459665.136982 21.005784 0.004789
2459665.630050 20.995678 0.004744
2459666.123117 20.998159 0.004755
2459666.626710 20.998439 0.004756
2459667.119777 20.998887 0.004758
2459667.612844 20.996386 0.004747
2459668.116438 21.004769 0.004784
2459668.609505 21.012290 0.004817
2459669.102572 21.004506 0.004783
2459669.606166 21.002667 0.004775
2459670.099233 21.001955 0.004772
2459670.592300 21.000158 0.004764
2459671.095894 21.000514 0.004765
2459671.588961 21.004919 0.004785
2459672.082028 21.002480 0.004774
2459672.585621 21.001412 0.004769
2459673.078688 21.000345 0.004765
2459673.571756 21.008099 0.004799
2459674.075349 21.004018 0.004781
2459674.568416 21.014828 0.004829
2459675.061483 20.999653 0.004762
2459675.565077 21.004375 0.004782
2459676.058144 20.995082 0.004742
2459676.551211 21.003343 0.004778
2459677.054805 21.005239 0.004786
2459677.547872 21.000289 0.004764
2459678.040939 21.005859 0.004789
2459678.544532 21.003249 0.004778
2459679.037600 21.002630 0.004775
2459679.530667 21.004619 0.004784
2459680.034260 21.002011 0.004772
2459680.527327 20.988678 0.004714
2459681.020394 20.997748 0.004753
2459681.523988 21.003099 0.004777
2459682.017055 21.001487 0.004770
2459682.510122 21.004337 0.004782
2459683.013716 21.002461 0.004774
2459683.506783 20.994226 0.004738
2459683.999850 20.991811 0.004727
2459684.503444 21.001918 0.004772
2459684.996511 21.008928 0.004803
2459685.489578 20.996181 0.004747
2459685.993171 20.999522 0.004761
2459686.486238 20.993390 0.004734
2459686.979306 21.006085 0.004790
2459687.482899 21.002311 0.004773
2459687.975966 21.003211 0.004777
2459688.469033 21.001300 0.004769
2459688.972627 21.001187 0.004768
2459689.465694 21.008363 0.004800
2459689.958761 20.993687 0.004736
2459690.462355 21.004337 0.004782
2459690.955422 20.997617 0.004753
2459691.448489 21.002967 0.004776
2459691.952082 21.009570 0.004805
2459692.445150 21.004581 0.004783
2459692.938217 20.992071 0.004729
2459693.441810 21.004262 0.004782
2459693.934877 21.002911 0.004776
2459807.647256 21.006179 0.004790
2459808.150849 20.997151 0.004751
2459808.643916 21.005389 0.004787
2459809.136983 20.997319 0.004751
2459809.640577 20.996685 0.004749
2459810.133644 20.991106 0.004724
2459810.626711 21.001993 0.004772
2459811.130305 21.001955 0.004772
2459811.623372 21.002630 0.004775
2459812.116439 21.002930 0.004776
2459812.620032 21.006386 0.004791
2459813.113100 21.001356 0.004769
2459813.606167 21.006273 0.004791
2459814.109760 21.002105 0.004772
2459814.602827 21.000757 0.004767
2459815.095894 21.006367 0.004791
2459815.599488 20.995902 0.004745
2459816.092555 21.003080 0.004777
2459816.585622 20.997356 0.004752
2459817.089216 21.004356 0.004782
2459817.582283 21.000981 0.004768
2459818.075350 21.009645 0.004806
2459818.578944 21.006837 0.004793
2459819.072011 21.004168 0.004782
2459819.565078 21.000027 0.004763
2459820.068671 21.006875 0.004793
2459820.561738 20.999541 0.004761
2459821.054806 20.999466 0.004761
2459821.558399 21.002761 0.004775
2459822.051466 20.998289 0.004756
2459822.544533 21.002686 0.004775
2459823.048127 21.007986 0.004798
2459823.541194 21.001412 0.004769
2459824.034261 21.004431 0.004783
2459824.537855 21.001375 0.004769
2459825.030922 20.989882 0.004719
2459825.523989 20.993743 0.004736
2459826.027582 21.008778 0.004802
2459826.520650 21.001356 0.004769
2459827.013717 21.007101 0.004794
2459827.517310 21.002424 0.004774
2459828.010377 20.996144 0.004746
2459828.503444 21.006066 0.004790
2459829.007038 20.998289 0.004756
2459829.500105 21.005671 0.004788
2459829.993172 21.004168 0.004782
2459830.496766 21.002649 0.004775
2459830.989833 20.998831 0.004758
2459831.482900 21.010268 0.004808
2459831.986494 20.996442 0.004748
2459832.479561 21.002892 0.004776
2459832.972628 21.000401 0.004765
2459833.476221 21.007590 0.004797
2459833.969288 21.010910 0.004811
2459834.462356 20.994357 0.004739
2459834.965949 21.002199 0.004773
2459835.459016 20.995380 0.004743
2459835.952083 21.011458 0.004814
2459836.455677 21.008928 0.004803
2459836.948744 21.000345 0.004765
2459837.441811 21.003099 0.004777
2459837.945405 20.999130 0.004759
2459838.438472 21.001131 0.004768
2459838.931539 21.003474 0.004778
2459839.435132 20.998420 0.004756
2459839.928200 21.005276 0.004786
2459840.421267 21.007063 0.004794
2459840.924860 21.004487 0.004783
2459841.417927 21.001431 0.004770
2459841.910994 21.001281 0.004769
2459842.414588 20.997935 0.004754
2459842.907655 21.006649 0.004792
2459843.400722 21.001206 0.004769
2459843.904316 21.006461 0.004792
2459844.397383 21.003680 0.004779
2459844.890450 21.002874 0.004776
2459845.394044 21.004318 0.004782
2459845.887111 21.003474 0.004778
2459846.380178 21.005577 0.004788
2459846.883771 21.009060 0.004803
2459847.376838 21.003174 0.004777
2459847.869906 21.002836 0.004776
2459848.373499 21.003343 0.004778
2459848.866566 20.998962 0.004759
2459849.359633 21.005502 0.004787
2459849.863227 20.999485 0.004761
2459850.356294 21.000326 0.004765
2459850.849361 21.005013 0.004785
2459851.352955 20.999990 0.004763
2459851.846022 20.994691 0.004740
2459852.339089 21.000981 0.004768
2459852.842682 21.001862 0.004771
2459853.335750 21.004394 0.004783
2459853.828817 21.009702 0.004806
2459854.332410 21.001187 0.004768
2459854.825477 21.008589 0.004801
2459855.318544 21.007101 0.004794
2459855.822138 21.004957 0.004785
2459856.315205 21.002349 0.004774
2459856.808272 21.005972 0.004790
2459857.311866 21.007477 0.004796
2459857.804933 21.008156 0.004799
2459858.298000 20.999466 0.004761
2459858.801594 21.001805 0.004771
2459859.294661 20.994710 0.004740
2459859.787728 20.999578 0.004761
2459860.291321 21.003530 0.004779
2459860.784388 21.004882 0.004785
2459861.277456 20.999915 0.004763
2459861.781049 21.005333 0.004787
2459862.274116 21.003661 0.004779
2459862.767183 21.003099 0.004777
2459863.270777 21.005615 0.004788
2459863.763844 21.009607 0.004806
2459864.256911 21.001918 0.004772
2459864.760505 20.999055 0.004759
2459865.253572 21.001449 0.004770
2459865.746639 21.004694 0.004784
2459866.250232 20.993854 0.004736
2459866.743300 20.997972 0.004754
2459867.236367 21.001412 0.004769
2459867.739960 20.999952 0.004763
2459868.233027 21.004262 0.004782
2459868.726094 21.001974 0.004772
2459869.229688 20.999036 0.004759
2459869.722755 20.995306 0.004743
2459870.215822 21.002892 0.004776
2459870.719416 20.995548 0.004744
2459871.212483 21.000214 0.004764
2459871.705550 21.000102 0.004764
2459872.209144 21.003343 0.004778
2459872.702211 20.997263 0.004751
2459873.195278 21.009664 0.004806
2459873.698871 21.002105 0.004772
2459874.191938 21.000439 0.004765
2459874.685006 21.007176 0.004795
2459875.188599 21.009834 0.004807
2459875.681666 21.001019 0.004768
2459876.174733 21.002161 0.004773
2459876.678327 20.994989 0.004741
2459877.171394 20.994375 0.004739
2459877.664461 21.000270 0.004764
2459878.168055 20.991495 0.004726
2459878.661122 21.007609 0.004797
2459879.154189 20.995976 0.004746
2459987.411250 21.002442 0.004774
2459987.904317 20.997916 0.004754
2459988.407910 21.005991 0.004790
2459988.900977 21.003680 0.004779
2459989.394044 21.007383 0.004796
2459989.897638 21.017105 0.004839
2459990.390705 20.995734 0.004745
2459990.883772 21.011590 0.004814
2459991.387366 21.005126 0.004786
2459991.880433 21.007930 0.004798
2459992.373500 21.009740 0.004806
2459992.877094 21.000907 0.004767
2459993.370161 20.993111 0.004733
2459993.863228 21.002086 0.004772
2459994.366821 20.986922 0.004706
2459994.859888 21.006687 0.004793
2459995.352956 20.993873 0.004736
2459995.856549 21.003418 0.004778
2459996.349616 20.994487 0.004739
2459996.842683 20.999616 0.004762
2459997.346277 21.005089 0.004786
2459997.839344 20.999971 0.004763
2459998.332411 21.000233 0.004764
2459998.836005 20.997020 0.004750
2459999.329072 21.005070 0.004786
2459999.822139 21.006311 0.004791
2460000.325732 21.006612 0.004792
2460000.818800 21.014619 0.004828
2460001.311867 21.002461 0.004774
2460001.815460 20.999765 0.004762
2460002.308527 21.001936 0.004772
2460002.801594 20.997039 0.004750
2460003.305188 21.004412 0.004783
2460003.798255 21.006555 0.004792
2460004.291322 21.006273 0.004791
2460004.794916 21.012404 0.004818
2460005.287983 21.006254 0.004791
2460005.781050 21.000027 0.004763
2460006.284644 20.998980 0.004759
2460006.777711 20.997804 0.004754
2460007.270778 20.998420 0.004756
2460007.774371 20.991792 0.004727
2460008.267438 21.002911 0.004776
2460008.760506 21.002442 0.004774
2460009.264099 21.008344 0.004800
2460009.757166 21.001712 0.004771
2460010.250233 20.999728 0.004762
2460010.753827 21.008872 0.004802
2460011.246894 21.007063 0.004794
2460011.739961 21.008043 0.004799
2460012.243555 21.000832 0.004767
2460012.736622 21.003699 0.004779
2460013.229689 21.000514 0.004765
2460013.733282 21.001337 0.004769
2460014.226350 21.007044 0.004794
2460014.719417 21.000420 0.004765
2460015.223010 21.001787 0.004771
2460015.716077 21.003024 0.004777
2460016.209144 21.006141 0.004790
2460016.712738 21.007816 0.004798
2460017.205805 20.994264 0.004738
2460017.698872 21.010098 0.004808
2460018.202466 21.003099 0.004777
2460018.695533 21.000476 0.004765
2460019.188600 20.997692 0.004753
2460019.692194 21.000719 0.004766
2460020.185261 20.997767 0.004753
2460020.678328 21.005183 0.004786
2460021.181921 21.005258 0.004786
2460021.674988 20.994338 0.004738
2460022.168056 21.001880 0.004771
2460022.671649 20.998999 0.004759
2460023.164716 20.993929 0.004737
2460023.657783 21.004187 0.004782
2460024.161377 20.994822 0.004741
2460024.654444 21.001824 0.004771
2460025.147511 20.998047 0.004755
2460025.651105 21.004769 0.004784
2460026.144172 20.999111 0.004759
2460026.637239 20.996125 0.004746
2460027.140832 20.999653 0.004762
2460027.633900 21.002817 0.004776
2460028.126967 20.997244 0.004751
2460028.630560 20.994803 0.004740
2460029.123627 20.997841 0.004754
2460029.616694 21.002105 0.004772
2460030.120288 21.004506 0.004783
2460030.613355 21.007402 0.004796
2460031.106422 21.003286 0.004778
2460031.610016 21.010513 0.004810
2460032.103083 21.002592 0.004775
2460032.596150 21.000270 0.004764
2460033.099744 21.010362 0.004809
2460033.592811 21.002424 0.004774
2460034.085878 21.005916 0.004789
2460034.589471 20.992646 0.004731
2460035.082538 21.007157 0.004795
2460035.575606 20.992460 0.004730
2460036.079199 21.003924 0.004780
2460036.572266 21.008947 0.004803
2460037.065333 20.999672 0.004762
2460037.568927 20.998233 0.004755
2460038.061994 21.000663 0.004766
2460038.555061 21.001637 0.004770
2460039.058655 21.000046 0.004763
2460039.551722 20.996256 0.004747
2460040.044789 21.000776 0.004767
2460040.548382 20.997711 0.004753
2460041.041450 20.994412 0.004739
2460041.534517 20.999317 0.004760
2460042.038110 21.002030 0.004772
2460042.531177 21.002686 0.004775
2460043.024244 20.992071 0.004729
2460043.527838 20.997524 0.004752
2460044.020905 20.999223 0.004760
2460044.513972 20.999018 0.004759
2460045.017566 21.001880 0.004771
2460045.510633 21.005991 0.004790
2460046.003700 21.000364 0.004765
2460046.507294 20.997953 0.004754
2460047.000361 21.004544 0.004783
2460047.493428 20.997431 0.004752
2460047.997021 20.998009 0.004755
2460048.490088 21.003830 0.004780
2460048.983156 21.000832 0.004767
2460049.486749 21.005521 0.004788
2460049.979816 20.996591 0.004748
2460050.472883 20.998625 0.004757
2460050.976477 21.001000 0.004768
2460051.469544 21.004675 0.004784
2460051.962611 21.004844 0.004785
2460052.466205 21.001787 0.004771
2460052.959272 21.001449 0.004770
2460053.452339 20.993167 0.004733
2460053.955932 21.004581 0.004783
2460054.449000 21.011969 0.004816
2460054.942067 21.000925 0.004767
2460055.445660 21.000757 0.004767
2460055.938727 20.994822 0.004741
2460056.431794 20.999205 0.004760
2460056.935388 20.997561 0.004753
2460057.428455 21.002255 0.004773
2460057.921522 21.001824 0.004771
2460058.425116 21.001094 0.004768
2460058.918183 20.999822 0.004762
