2458346.727899 24.000558 0.008801
2458347.220966 23.990162 0.008717
2458347.714033 24.014615 0.008916
2458348.217627 23.995990 0.008764
2458348.710694 23.988883 0.008707
2458349.203761 23.999033 0.008789
2458349.707355 23.981016 0.008644
2458350.200422 24.004143 0.008830
2458350.693489 23.994646 0.008753
2458351.197082 23.982747 0.008658
2458351.690150 23.987085 0.008692
2458352.183217 23.994238 0.008750
2458352.686810 23.988071 0.008700
2458353.179877 23.971490 0.008569
2458353.672944 23.992023 0.008732
2458354.176538 23.993771 0.008746
2458354.669605 23.989813 0.008714
2458355.162672 23.999150 0.008790
2458355.666266 24.003555 0.008825
2458356.159333 24.001027 0.008805
2458356.652400 23.990394 0.008719
2458357.155994 24.002731 0.008819
2458357.649061 23.977621 0.008617
2458358.142128 23.993655 0.008745
2458358.645721 23.982170 0.008653
2458359.138788 23.979058 0.008628
2458359.631856 24.004438 0.008833
2458360.135449 23.993596 0.008745
2458360.628516 23.996808 0.008771
2458361.121583 24.015983 0.008927
2458361.625177 24.001614 0.008810
2458362.118244 23.992256 0.008734
2458362.611311 23.988942 0.008707
2458363.114905 23.989871 0.008715
2458363.607972 23.982574 0.008656
2458364.101039 23.996867 0.008771
2458364.604632 23.997978 0.008780
2458365.097700 24.004850 0.008836
2458365.590767 23.995055 0.008757
2458366.094360 23.999560 0.008793
2458366.587427 24.003613 0.008826
2458367.080494 23.987317 0.008694
2458367.584088 23.991674 0.008729
2458368.077155 23.993538 0.008744
2458368.570222 23.995581 0.008761
2458369.073816 24.007977 0.008861
2458369.566883 23.989290 0.008710
2458370.059950 23.998037 0.008781
2458370.563544 23.995406 0.008759
2458371.056611 24.002908 0.008820
2458371.549678 23.996399 0.008767
2458372.053271 23.999326 0.008791
2458372.546338 23.978598 0.008625
2458373.039406 23.999326 0.008791
2458373.542999 23.990568 0.008720
2458374.036066 24.017651 0.008941
2458374.529133 23.978598 0.008625
2458375.032727 23.988013 0.008700
2458375.525794 23.988129 0.008701
2458376.018861 23.988535 0.008704
2458376.522455 24.009574 0.008874
2458377.015522 24.009041 0.008870
2458377.508589 23.992373 0.008735
2458378.012182 23.984943 0.008675
2458378.505250 23.992664 0.008737
2458378.998317 23.991383 0.008727
2458379.501910 23.983035 0.008660
2458379.994977 23.994705 0.008754
2458380.488044 24.000088 0.008797
2458380.991638 23.998974 0.008788
2458381.484705 23.990510 0.008720
2458381.977772 24.003908 0.008828
2458382.481366 23.976759 0.008610
2458382.974433 24.009692 0.008875
2458383.467500 23.999502 0.008792
2458383.971094 23.984827 0.008674
2458384.464161 23.994880 0.008755
2458384.957228 23.992955 0.008740
2458385.460821 23.994063 0.008749
2458385.953888 23.992780 0.008738
2458386.446956 23.985637 0.008681
2458386.950549 23.988071 0.008700
2458387.443616 23.989232 0.008710
2458387.936683 24.002555 0.008817
2458388.440277 24.010343 0.008881
2458388.933344 23.994005 0.008748
2458389.426411 24.001673 0.008810
2458389.930005 23.978426 0.008623
2458390.423072 23.995990 0.008764
2458390.916139 23.991732 0.008730
2458391.419732 23.993247 0.008742
2458391.912800 23.986448 0.008687
2458392.405867 23.978541 0.008624
2458392.909460 24.003555 0.008825
2458393.402527 23.994238 0.008750
2458393.895594 24.007150 0.008855
2458394.399188 23.978943 0.008628
2458394.892255 24.017473 0.008939
2458395.385322 23.999209 0.008790
2458395.888916 24.003672 0.008826
2458396.381983 23.991907 0.008731
2458396.875050 23.992023 0.008732
2458397.378644 23.987433 0.008695
2458397.871711 23.989522 0.008712
2458398.364778 23.996165 0.008765
2458398.868371 23.992839 0.008739
2458399.361438 23.981824 0.008650
2458399.854506 24.002613 0.008818
2458400.358099 23.991790 0.008730
2458400.851166 24.012537 0.008899
2458401.344233 23.983555 0.008664
2458401.847827 23.987143 0.008693
2458402.340894 23.982631 0.008657
2458402.833961 23.995114 0.008757
2458403.337555 23.999267 0.008791
2458403.830622 24.002378 0.008816
2458404.323689 24.009692 0.008875
2458404.827282 23.994938 0.008756
2458405.320350 23.992722 0.008738
2458405.813417 24.001145 0.008806
2458406.317010 23.997627 0.008777
2458406.810077 23.985927 0.008683
2458407.303144 23.995873 0.008763
2458407.806738 23.994355 0.008751
2458408.299805 23.999033 0.008789
2458408.792872 23.991616 0.008729
2458409.296466 24.007327 0.008856
2458409.789533 23.986969 0.008692
2458410.282600 24.003025 0.008821
2458410.786194 24.006206 0.008847
2458411.279261 23.981593 0.008649
2458411.772328 23.999384 0.008792
2458412.275921 23.986158 0.008685
2458412.768988 24.001203 0.008806
2458413.262056 23.993946 0.008748
2458413.765649 23.993421 0.008743
2458414.258716 23.997627 0.008777
2458414.751783 23.998623 0.008785
2458415.255377 24.003378 0.008824
2458415.748444 23.992081 0.008733
2458416.241511 23.988477 0.008704
2458416.745105 23.998330 0.008783
2458417.238172 23.997920 0.008780
2458417.731239 23.998506 0.008784
2458418.234832 23.997042 0.008773
2458526.481367 23.987839 0.008699
2458526.984960 23.981362 0.008647
2458527.478027 23.977851 0.008619
2458527.971094 23.998916 0.008788
2458528.474688 23.983498 0.008664
2458528.967755 23.998564 0.008785
2458529.460822 23.994180 0.008749
2458529.964416 23.983960 0.008668
2458530.457483 23.999560 0.008793
2458530.950550 23.998798 0.008787
2458531.454144 24.003613 0.008826
2458531.947211 23.996224 0.008766
2458532.440278 23.987839 0.008699
2458532.943871 23.987085 0.008693
2458533.436938 23.996633 0.008769
2458533.930006 24.008036 0.008862
2458534.433599 23.988593 0.008705
2458534.926666 23.997803 0.008779
2458535.419733 23.984133 0.008669
2458535.923327 23.988245 0.008702
2458536.416394 24.009692 0.008875
2458536.909461 23.998506 0.008784
2458537.413055 23.995873 0.008763
2458537.906122 23.995814 0.008763
2458538.399189 23.984364 0.008671
2458538.902782 23.987665 0.008697
2458539.395850 23.992314 0.008734
2458539.888917 23.993363 0.008743
2458540.392510 23.996282 0.008766
2458540.885577 23.973663 0.008586
2458541.378644 23.994180 0.008750
2458541.882238 23.993946 0.008748
2458542.375305 24.003967 0.008829
2458542.868372 23.987085 0.008693
2458543.371966 23.996925 0.008772
2458543.865033 23.988419 0.008703
2458544.358100 24.001321 0.008807
2458544.861694 23.990917 0.008723
2458545.354761 23.989058 0.008708
2458545.847828 23.990801 0.008722
2458546.351421 23.994005 0.008748
2458546.844488 23.999736 0.008794
2458547.337556 23.989755 0.008714
2458547.841149 23.991616 0.008729
2458548.334216 23.986564 0.008688
2458548.827283 24.014794 0.008917
2458549.330877 23.988361 0.008703
2458549.823944 24.002496 0.008817
2458550.317011 23.984711 0.008674
2458550.820605 23.991150 0.008725
2458551.313672 23.993596 0.008745
2458551.806739 23.999326 0.008791
2458552.310332 24.005970 0.008845
2458552.803400 23.986911 0.008691
2458553.296467 23.997744 0.008778
2458553.800060 23.988129 0.008701
2458554.293127 24.010639 0.008883
2458554.786194 23.995814 0.008763
2458555.289788 23.992780 0.008738
2458555.782855 24.007623 0.008859
2458556.275922 23.985290 0.008678
2458556.779516 24.010225 0.008880
2458557.272583 23.994763 0.008754
2458557.765650 23.993596 0.008745
2458558.269244 23.991150 0.008725
2458558.762311 24.007150 0.008855
2458559.255378 24.000088 0.008797
2458559.758971 23.998506 0.008784
2458560.252038 24.002790 0.008819
2458560.745106 23.994005 0.008748
2458561.248699 23.997510 0.008776
2458561.741766 24.003202 0.008823
2458562.234833 24.002261 0.008815
2458562.738427 24.000851 0.008803
2458563.231494 23.998213 0.008782
2458563.724561 24.002261 0.008815
2458564.228155 23.979058 0.008629
2458564.721222 24.005793 0.008844
2458565.214289 24.014437 0.008914
2458565.717882 23.996691 0.008770
2458566.210950 23.991790 0.008730
2458566.704017 23.994005 0.008748
2458567.207610 23.983671 0.008665
2458567.700677 23.998096 0.008781
2458568.193744 23.979346 0.008631
2458568.697338 23.996808 0.008771
2458569.190405 23.998213 0.008782
2458569.683472 24.008509 0.008866
2458570.187066 23.996867 0.008771
2458570.680133 24.000851 0.008803
2458571.173200 23.990336 0.008719
2458571.676794 23.978598 0.008625
2458572.169861 24.004026 0.008829
2458572.662928 23.986969 0.008692
2458573.166521 23.982516 0.008656
2458573.659588 23.997627 0.008777
2458574.152656 23.985521 0.008680
2458574.656249 23.996925 0.008772
2458575.149316 23.997335 0.008775
2458575.642383 23.996399 0.008767
2458576.145977 23.994005 0.008748
2458576.639044 23.984480 0.008672
2458577.132111 23.981939 0.008651
2458577.635705 23.988129 0.008701
2458578.128772 23.994997 0.008756
2458578.621839 23.987375 0.008695
2458579.125432 24.007386 0.008857
2458579.618500 24.018367 0.008947
2458580.111567 23.983209 0.008662
2458580.615160 24.000675 0.008802
2458581.108227 24.010166 0.008879
2458581.601294 24.000030 0.008797
2458582.104888 23.996048 0.008765
2458582.597955 23.998388 0.008784
2458583.091022 23.997042 0.008773
2458583.594616 23.995756 0.008762
2458584.087683 23.995931 0.008764
2458584.580750 24.001262 0.008807
2458585.084344 23.993596 0.008745
2458585.577411 24.012833 0.008901
2458586.070478 23.994588 0.008753
2458586.574071 24.012952 0.008902
2458587.067138 23.978023 0.008620
2458587.560206 23.997920 0.008780
2458588.063799 23.988535 0.008704
2458588.556866 24.000792 0.008803
2458589.049933 23.981304 0.008646
2458589.553527 23.998916 0.008788
2458590.046594 23.998447 0.008784
2458590.539661 23.984480 0.008672
2458591.043255 23.989058 0.008708
2458591.536322 23.992664 0.008737
2458592.029389 23.994413 0.008751
2458592.532982 23.981247 0.008646
2458593.026050 23.993480 0.008744
2458593.519117 23.986274 0.008686
2458594.022710 23.989464 0.008712
2458594.515777 23.991732 0.008730
2458595.008844 23.994180 0.008750
2458595.512438 23.975956 0.008604
2458596.005505 23.987259 0.008694
2458596.498572 23.982400 0.008655
2458597.002166 24.002908 0.008820
2458597.495233 23.997452 0.008776
2458597.988300 23.988477 0.008704
2458712.204272 24.005439 0.008853
2458712.697339 23.990394 0.008732
2458713.200932 23.973663 0.008599
2458713.694000 23.992897 0.008753
2458714.187067 23.990045 0.008730
2458714.690660 23.981650 0.008664
2458715.183727 23.987433 0.008710
2458715.676794 23.995931 0.008779
2458716.180388 23.982978 0.008676
2458716.673455 23.998974 0.008805
2458717.166522 23.982170 0.008670
2458717.670116 23.991907 0.008749
2458718.163183 23.984249 0.008688
2458718.656250 23.986332 0.008706
2458719.159844 23.992664 0.008757
2458719.652911 23.984538 0.008693
2458720.145978 23.994880 0.008776
2458720.649571 24.001849 0.008834
2458721.142638 23.980094 0.008659
2458721.635706 23.988303 0.008726
2458722.139299 23.984596 0.008697
2458722.632366 23.993130 0.008767
2458723.125433 23.993072 0.008767
2458723.629027 23.977621 0.008644
2458724.122094 23.973492 0.008612
2458724.615161 23.986564 0.008718
2458725.118755 23.972233 0.008605
2458725.611822 23.987027 0.008724
2458726.104889 23.986100 0.008718
2458726.608482 23.982343 0.008689
2458727.101550 23.987317 0.008730
2458727.594617 23.982227 0.008691
2458728.098210 23.984018 0.008707
2458728.591277 23.985116 0.008717
2458729.084344 23.954034 0.008473
2458729.587938 23.983151 0.008705
2458730.081005 23.985695 0.008727
2458730.574072 23.965621 0.008569
2458731.077666 23.976817 0.008660
2458731.570733 23.980267 0.008690
2458732.063800 23.966531 0.008583
2458732.567394 23.965053 0.008574
2458733.060461 23.999443 0.008853
2458733.553528 23.976644 0.008672
2458734.057121 23.961651 0.008556
2458734.550188 23.973320 0.008651
2458735.043256 23.951675 0.008484
2458735.546849 23.975726 0.008678
2458736.039916 23.974580 0.008672
2458736.532983 23.970120 0.008641
2458737.036577 23.965110 0.008606
2458737.529644 23.980037 0.008730
2458738.022711 23.970063 0.008655
2458738.526305 23.982343 0.008759
2458739.019372 23.956060 0.008556
2458739.512439 23.973034 0.008697
2458740.016032 23.960066 0.008601
2458740.509100 23.959501 0.008604
2458741.002167 23.949321 0.008532
2458741.505760 23.945967 0.008516
2458741.998827 23.944350 0.008513
2458742.491894 23.933538 0.008440
2458742.995488 23.933869 0.008455
2458743.488555 23.941846 0.008531
2458743.981622 23.940734 0.008538
2458744.485216 23.924308 0.008427
2458744.978283 23.922887 0.008436
2458745.471350 23.912502 0.008378
2458745.974944 23.913476 0.008412
2458746.468011 23.874327 0.008144
2458746.961078 23.893513 0.008325
2458747.464671 23.885618 0.008308
2458747.957738 23.847036 0.008069
2458748.450806 23.838612 0.008069
2458748.954399 23.801099 0.007875
2458749.447466 23.775472 0.007793
2458749.940533 23.733922 0.007636
2458750.444127 23.672697 0.007410
2458750.937194 23.582083 0.007092
2458751.430261 23.423735 0.006560
2458751.933855 23.234307 0.005956
2458752.426922 23.392887 0.006467
2458752.919989 23.515024 0.006836
2458753.423582 23.626362 0.007233
2458753.916650 23.698426 0.007492
2458754.409717 23.750995 0.007695
2458754.913310 23.801002 0.007931
2458755.406377 23.824398 0.008009
2458755.899444 23.852399 0.008145
2458756.403038 23.846425 0.008041
2458756.896105 23.876890 0.008222
2458757.389172 23.884827 0.008243
2458757.892766 23.905920 0.008370
2458758.385833 23.913151 0.008397
2458758.878900 23.909638 0.008346
2458759.382494 23.926115 0.008451
2458759.875561 23.921795 0.008399
2458760.368628 23.924254 0.008402
2458760.872221 23.948146 0.008573
2458761.365288 23.945633 0.008540
2458761.858356 23.950890 0.008570
2458762.361949 23.956454 0.008603
2458762.855016 23.938903 0.008455
2458763.348083 23.977448 0.008752
2458763.851677 23.955384 0.008567
2458764.344744 23.964542 0.008632
2458764.837811 23.957187 0.008567
2458765.341405 23.966076 0.008631
2458765.834472 23.962047 0.008593
2458766.327539 23.964599 0.008608
2458766.831132 23.962897 0.008590
2458767.324200 23.973950 0.008673
2458767.817267 23.968181 0.008623
2458768.320860 23.982978 0.008737
2458768.813927 23.977793 0.008691
2458769.306994 23.973435 0.008653
2458769.810588 23.982400 0.008721
2458770.303655 23.964258 0.008574
2458770.796722 23.980613 0.008701
2458771.300316 23.972290 0.008632
2458771.793383 23.983960 0.008722
2458772.286450 23.977334 0.008667
2458772.790044 23.977391 0.008665
2458773.283111 23.984480 0.008720
2458773.776178 23.985464 0.008725
2458774.279771 23.984654 0.008717
2458774.772838 23.979576 0.008674
2458775.265906 23.990162 0.008758
2458775.769499 23.996867 0.008810
2458776.262566 23.980613 0.008678
2458776.755633 23.979691 0.008669
2458777.259227 23.969378 0.008585
2458777.752294 23.983151 0.008694
2458778.245361 23.973263 0.008614
2458778.748955 23.991266 0.008756
2458779.242022 23.979058 0.008657
2458779.735089 23.993130 0.008769
2458780.238682 23.982285 0.008681
2458780.731750 23.979922 0.008661
2458781.224817 24.004026 0.008854
2458781.728410 23.993713 0.008770
2458782.221477 24.005145 0.008862
2458782.714544 23.988245 0.008724
2458783.218138 23.993421 0.008765
2458783.711205 23.992897 0.008760
2459622.427944 24.002143 0.008814
2459622.921011 23.999443 0.008792
2459623.424605 24.006560 0.008850
2459623.917672 24.006973 0.008853
2459624.410739 23.980613 0.008641
2459624.914332 23.988651 0.008705
2459625.407400 23.995464 0.008760
2459625.900467 23.996867 0.008771
2459626.404060 23.996984 0.008772
2459626.897127 23.991732 0.008730
2459627.390194 24.003613 0.008826
2459627.893788 24.005322 0.008840
2459628.386855 23.997276 0.008774
2459628.879922 23.983498 0.008664
2459629.383516 23.999795 0.008795
2459629.876583 24.002378 0.008816
2459630.369650 24.004673 0.008834
2459630.873244 23.992606 0.008737
2459631.366311 23.985753 0.008682
2459631.859378 23.986680 0.008689
2459632.362971 23.986564 0.008688
2459632.856038 23.996516 0.008768
2459633.349106 23.990627 0.008721
2459633.852699 24.006796 0.008852
2459634.345766 23.996925 0.008772
2459634.838833 23.994588 0.008753
2459635.342427 24.003555 0.008825
2459635.835494 23.995464 0.008760
2459636.328561 23.990627 0.008721
2459636.832155 23.991848 0.008731
2459637.325222 23.980325 0.008639
2459637.818289 24.006442 0.008849
2459638.321882 23.991150 0.008725
2459638.814950 23.993596 0.008745
2459639.308017 23.996107 0.008765
2459639.811610 23.998096 0.008781
2459640.304677 23.997686 0.008778
2459640.797744 23.991441 0.008727
2459641.301338 23.995639 0.008761
2459641.794405 23.997686 0.008778
2459642.287472 24.006973 0.008853
2459642.791066 23.992955 0.008740
2459643.284133 23.996048 0.008765
2459643.777200 23.994063 0.008749
2459644.280794 23.998447 0.008784
2459644.773861 23.995522 0.008760
2459645.266928 23.993888 0.008747
2459645.770521 23.983902 0.008667
2459646.263588 23.988071 0.008700
2459646.756656 23.983613 0.008665
2459647.260249 23.987317 0.008694
2459647.753316 23.984654 0.008673
2459648.246383 23.991674 0.008729
2459648.749977 23.992489 0.008736
2459649.243044 23.989116 0.008709
2459649.736111 24.008154 0.008863
2459650.239705 23.996574 0.008769
2459650.732772 23.990685 0.008721
2459651.225839 23.994997 0.008756
2459651.729432 23.984711 0.008673
2459652.222500 23.999736 0.008794
2459652.715567 23.977506 0.008616
2459653.219160 24.004614 0.008834
2459653.712227 24.004026 0.008829
2459654.205294 23.994588 0.008753
2459654.708888 23.995814 0.008763
2459655.201955 23.975038 0.008597
2459655.695022 23.991092 0.008725
2459656.198616 23.989290 0.008710
2459656.691683 23.983786 0.008666
2459657.184750 23.992081 0.008733
2459657.688344 24.001497 0.008809
2459658.181411 23.981189 0.008645
2459658.674478 24.002790 0.008819
2459659.178071 23.985985 0.008684
2459659.671138 23.997393 0.008775
2459660.164206 24.011706 0.008892
2459660.667799 24.010462 0.008882
2459661.160866 24.005322 0.008840
2459661.653933 23.996867 0.008771
2459662.157527 23.987259 0.008694
2459662.650594 23.998857 0.008787
2459663.143661 23.986853 0.008691
2459663.647255 23.993421 0.008743
2459664.140322 23.994005 0.008748
2459664.633389 23.988825 0.008706
2459665.136982 24.009810 0.008876
2459665.630050 23.996984 0.008772
2459666.123117 23.983844 0.008667
2459666.626710 23.983786 0.008666
2459667.119777 23.996224 0.008766
2459667.612844 23.987723 0.008698
2459668.116438 23.992198 0.008734
2459668.609505 23.986274 0.008686
2459669.102572 24.014496 0.008915
2459669.606166 24.001908 0.008812
2459670.099233 23.991325 0.008726
2459670.592300 23.986969 0.008692
2459671.095894 23.992431 0.008735
2459671.588961 23.987781 0.008698
2459672.082028 24.011588 0.008891
2459672.585621 24.003790 0.008827
2459673.078688 24.004084 0.008830
2459673.571756 23.994238 0.008750
2459674.075349 24.000030 0.008797
2459674.568416 23.985116 0.008677
2459675.061483 23.991383 0.008727
2459675.565077 24.000499 0.008801
2459676.058144 24.007150 0.008855
2459676.551211 24.003496 0.008825
2459677.054805 23.985753 0.008682
2459677.547872 23.991732 0.008730
2459678.040939 23.999912 0.008796
2459678.544532 24.002555 0.008817
2459679.037600 23.997569 0.008777
2459679.530667 23.980094 0.008637
2459680.034260 23.998916 0.008788
2459680.527327 23.987317 0.008694
2459681.020394 23.981593 0.008649
2459681.523988 24.006560 0.008850
2459682.017055 24.001321 0.008807
2459682.510122 24.011825 0.008893
2459683.013716 24.004320 0.008832
2459683.506783 23.999678 0.008794
2459683.999850 23.992373 0.008735
2459684.503444 23.995931 0.008764
2459684.996511 23.981362 0.008647
2459685.489578 23.990801 0.008722
2459685.993171 23.986911 0.008691
2459686.486238 23.987839 0.008699
2459686.979306 24.006088 0.008846
2459687.482899 23.993480 0.008744
2459687.975966 23.993946 0.008748
2459688.469033 23.987027 0.008692
2459688.972627 23.985521 0.008680
2459689.465694 23.983786 0.008666
2459689.958761 23.987201 0.008693
2459690.462355 24.002790 0.008819
2459690.955422 23.992489 0.008736
2459691.448489 24.007682 0.008859
2459691.952082 23.984538 0.008672
2459692.445150 23.998623 0.008785
2459692.938217 23.998388 0.008783
2459693.441810 23.994763 0.008754
2459693.934877 24.009870 0.008877
2459807.647256 23.987491 0.008696
2459808.150849 23.997510 0.008776
2459808.643916 23.976243 0.008606
2459809.136983 23.990336 0.008719
2459809.640577 23.993596 0.008745
2459810.133644 23.991790 0.008730
2459810.626711 24.024709 0.008999
2459811.130305 23.993713 0.008746
2459811.623372 24.000264 0.008799
2459812.116439 23.999209 0.008790
2459812.620032 23.992489 0.008736
2459813.113100 23.998154 0.008782
2459813.606167 23.994413 0.008751
2459814.109760 23.994471 0.008752
2459814.602827 24.007918 0.008861
2459815.095894 23.994121 0.008749
2459815.599488 23.993771 0.008746
2459816.092555 23.996165 0.008765
2459816.585622 23.997569 0.008777
2459817.089216 23.999795 0.008795
2459817.582283 23.995756 0.008762
2459818.075350 23.990162 0.008717
2459818.578944 24.009219 0.008872
2459819.072011 23.995873 0.008763
2459819.565078 24.000323 0.008799
2459820.068671 23.982227 0.008654
2459820.561738 23.987143 0.008693
2459821.054806 23.996282 0.008766
2459821.558399 23.994763 0.008754
2459822.051466 23.979404 0.008631
2459822.544533 23.993305 0.008742
2459823.048127 24.005380 0.008840
2459823.541194 23.999033 0.008789
2459824.034261 23.994938 0.008756
2459824.537855 23.993363 0.008743
2459825.030922 23.977851 0.008619
2459825.523989 23.986969 0.008692
2459826.027582 24.014972 0.008919
2459826.520650 24.009455 0.008873
2459827.013717 24.004732 0.008835
2459827.517310 23.987781 0.008698
2459828.010377 23.971604 0.008569
2459828.503444 23.992081 0.008733
2459829.007038 23.995639 0.008761
2459829.500105 23.998447 0.008784
2459829.993172 23.992606 0.008737
2459830.496766 23.992198 0.008734
2459830.989833 23.998271 0.008783
2459831.482900 23.986042 0.008684
2459831.986494 24.009219 0.008872
2459832.479561 24.001203 0.008806
2459832.972628 24.012833 0.008901
2459833.476221 23.995581 0.008761
2459833.969288 23.975382 0.008599
2459834.462356 23.978081 0.008621
2459834.965949 23.979806 0.008634
2459835.459016 23.987375 0.008695
2459835.952083 24.013011 0.008903
2459836.455677 23.987607 0.008697
2459836.948744 24.002731 0.008819
2459837.441811 23.987201 0.008693
2459837.945405 23.997101 0.008773
2459838.438472 23.993188 0.008741
2459838.931539 23.989580 0.008712
2459839.435132 23.999502 0.008792
2459839.928200 24.001614 0.008810
2459840.421267 23.998798 0.008787
2459840.924860 23.991616 0.008729
2459841.417927 23.985753 0.008682
2459841.910994 23.986737 0.008690
2459842.414588 24.005322 0.008840
2459842.907655 23.997042 0.008773
2459843.400722 23.986390 0.008687
2459843.904316 23.992431 0.008735
2459844.397383 23.998213 0.008782
2459844.890450 23.975726 0.008602
2459845.394044 23.994880 0.008755
2459845.887111 24.005498 0.008841
2459846.380178 24.003672 0.008826
2459846.883771 24.000088 0.008797
2459847.376838 23.989000 0.008708
2459847.869906 24.006088 0.008846
2459848.373499 23.992198 0.008734
2459848.866566 23.993480 0.008744
2459849.359633 24.000206 0.008798
2459849.863227 23.998037 0.008781
2459850.356294 23.987897 0.008699
2459850.849361 23.995172 0.008757
2459851.352955 24.006501 0.008849
2459851.846022 23.989580 0.008712
2459852.339089 23.972119 0.008573
2459852.842682 24.003025 0.008821
2459853.335750 23.988245 0.008702
2459853.828817 23.985637 0.008681
2459854.332410 24.001145 0.008806
2459854.825477 23.986158 0.008685
2459855.318544 23.992955 0.008740
2459855.822138 23.993363 0.008743
2459856.315205 24.005322 0.008840
2459856.808272 23.994822 0.008755
2459857.311866 23.996574 0.008769
2459857.804933 23.984480 0.008672
2459858.298000 23.993421 0.008743
2459858.801594 23.989871 0.008715
2459859.294661 23.987143 0.008693
2459859.787728 23.977563 0.008617
2459860.291321 24.012655 0.008900
2459860.784388 24.000440 0.008800
2459861.277456 24.011706 0.008892
2459861.781049 23.983035 0.008660
2459862.274116 24.005675 0.008843
2459862.767183 23.996457 0.008768
2459863.270777 23.989697 0.008713
2459863.763844 23.978023 0.008620
2459864.256911 23.979634 0.008633
2459864.760505 23.986911 0.008691
2459865.253572 23.985406 0.008679
2459865.746639 23.997042 0.008773
2459866.250232 24.000147 0.008798
2459866.743300 23.976358 0.008607
2459867.236367 23.996457 0.008768
2459867.739960 23.996224 0.008766
2459868.233027 24.004909 0.008836
2459868.726094 23.996224 0.008766
2459869.229688 23.987549 0.008696
2459869.722755 24.007800 0.008860
2459870.215822 23.999678 0.008794
2459870.719416 23.996340 0.008767
2459871.212483 23.981708 0.008650
2459871.705550 24.022072 0.008977
2459872.209144 23.989464 0.008712
2459872.702211 23.999736 0.008794
2459873.195278 23.980094 0.008637
2459873.698871 23.994121 0.008749
2459874.191938 23.999619 0.008793
2459874.685006 23.998154 0.008782
2459875.188599 23.990976 0.008724
2459875.681666 23.997510 0.008776
2459876.174733 23.992140 0.008733
2459876.678327 23.982978 0.008660
2459877.171394 24.001438 0.008808
2459877.664461 23.989697 0.008713
2459878.168055 23.991790 0.008730
2459878.661122 24.002908 0.008820
2459879.154189 23.989580 0.008712
2459987.411250 23.985695 0.008681
2459987.904317 23.986622 0.008689
2459988.407910 24.001438 0.008808
2459988.900977 24.006501 0.008849
2459989.394044 23.985290 0.008678
2459989.897638 23.987143 0.008693
2459990.390705 23.996107 0.008765
2459990.883772 24.008509 0.008866
2459991.387366 23.997335 0.008775
2459991.880433 23.975669 0.008602
2459992.373500 23.998916 0.008788
2459992.877094 23.998154 0.008782
2459993.370161 23.992198 0.008734
2459993.863228 24.000264 0.008799
2459994.366821 24.002613 0.008818
2459994.859888 23.976300 0.008607
2459995.352956 23.986853 0.008691
2459995.856549 23.991616 0.008729
2459996.349616 24.000675 0.008802
2459996.842683 24.008450 0.008865
2459997.346277 23.997744 0.008778
2459997.839344 24.021533 0.008973
2459998.332411 23.981593 0.008649
2459998.836005 23.990801 0.008722
2459999.329072 24.003260 0.008823
2459999.822139 23.990859 0.008723
2460000.325732 23.994121 0.008749
2460000.818800 23.994938 0.008756
2460001.311867 23.990743 0.008722
2460001.815460 23.989755 0.008714
2460002.308527 24.000206 0.008798
2460002.801594 23.993247 0.008742
2460003.305188 23.993480 0.008744
2460003.798255 23.994705 0.008754
2460004.291322 23.992897 0.008739
2460004.794916 24.008568 0.008866
2460005.287983 23.989755 0.008714
2460005.781050 23.984943 0.008675
2460006.284644 23.989580 0.008712
2460006.777711 23.992198 0.008734
2460007.270778 23.997276 0.008774
2460007.774371 23.987085 0.008692
2460008.267438 23.992897 0.008739
2460008.760506 24.001262 0.008807
2460009.264099 23.988419 0.008703
2460009.757166 23.992023 0.008732
2460010.250233 23.980152 0.008637
2460010.753827 23.985116 0.008677
2460011.246894 23.988883 0.008707
2460011.739961 23.997335 0.008775
2460012.243555 23.988419 0.008703
2460012.736622 23.982112 0.008653
2460013.229689 24.007682 0.008859
2460013.733282 24.007505 0.008858
2460014.226350 23.984885 0.008675
2460014.719417 23.983209 0.008662
2460015.223010 23.996457 0.008768
2460015.716077 23.997861 0.008779
2460016.209144 23.990103 0.008717
2460016.712738 23.986622 0.008689
2460017.205805 23.984596 0.008673
2460017.698872 23.994763 0.008754
2460018.202466 23.987781 0.008698
2460018.695533 23.986332 0.008686
2460019.188600 24.010639 0.008883
2460019.692194 24.002849 0.008820
2460020.185261 23.983844 0.008667
2460020.678328 24.002672 0.008818
2460021.181921 23.997569 0.008777
2460021.674988 23.985290 0.008678
2460022.168056 24.001967 0.008812
2460022.671649 23.993480 0.008744
2460023.164716 23.991790 0.008730
2460023.657783 23.994238 0.008750
2460024.161377 23.988593 0.008705
2460024.654444 24.009751 0.008876
2460025.147511 23.999443 0.008792
2460025.651105 23.984769 0.008674
2460026.144172 24.012240 0.008896
2460026.637239 23.997569 0.008777
2460027.140832 23.996750 0.008770
2460027.633900 24.001673 0.008810
2460028.126967 23.986564 0.008688
2460028.630560 23.993130 0.008741
2460029.123627 24.016877 0.008934
2460029.616694 24.007859 0.008860
2460030.120288 24.007505 0.008858
2460030.613355 23.990917 0.008723
2460031.106422 23.991907 0.008731
2460031.610016 23.994355 0.008751
2460032.103083 23.994121 0.008749
2460032.596150 24.001086 0.008805
2460033.099744 23.981708 0.008650
2460033.592811 23.999326 0.008791
2460034.085878 24.002731 0.008819
2460034.589471 23.994880 0.008755
2460035.082538 23.982285 0.008654
2460035.575606 23.998916 0.008788
2460036.079199 23.977621 0.008617
2460036.572266 23.985637 0.008681
2460037.065333 24.003319 0.008823
2460037.568927 24.007091 0.008854
2460038.061994 23.990510 0.008720
2460038.555061 23.995522 0.008760
2460039.058655 24.008273 0.008864
2460039.551722 23.994355 0.008751
2460040.044789 23.995230 0.008758
2460040.548382 23.984133 0.008669
2460041.041450 23.973835 0.008587
2460041.534517 24.010876 0.008885
2460042.038110 23.999795 0.008795
2460042.531177 23.998213 0.008782
2460043.024244 24.002026 0.008813
2460043.527838 23.987143 0.008693
2460044.020905 23.996048 0.008765
2460044.513972 24.012299 0.008897
2460045.017566 24.022491 0.008981
2460045.510633 23.994296 0.008750
2460046.003700 23.986158 0.008685
2460046.507294 23.985116 0.008677
2460047.000361 24.000323 0.008799
2460047.493428 23.994121 0.008749
2460047.997021 23.998506 0.008784
2460048.490088 24.005911 0.008845
2460048.983156 23.986100 0.008685
2460049.486749 24.002143 0.008814
2460049.979816 23.999443 0.008792
2460050.472883 24.006560 0.008850
2460050.976477 23.988651 0.008705
2460051.469544 23.993421 0.008743
2460051.962611 23.994822 0.008755
2460052.466205 23.981881 0.008651
2460052.959272 24.009219 0.008872
2460053.452339 23.997803 0.008779
2460053.955932 23.995464 0.008760
2460054.449000 23.985811 0.008682
2460054.942067 23.995756 0.008762
2460055.445660 23.992431 0.008735
2460055.938727 23.988883 0.008707
2460056.431794 23.998798 0.008787
2460056.935388 23.997042 0.008773
2460057.428455 23.991441 0.008727
2460057.921522 23.989464 0.008712
2460058.425116 24.005734 0.008843
2460058.918183 23.981131 0.008645
