2458346.727899 23.166119 0.008328
2458347.220966 23.178504 0.008423
2458347.714033 23.168424 0.008345
2458348.217627 23.166815 0.008333
2458348.710694 23.161311 0.008291
2458349.203761 23.164087 0.008312
2458349.707355 23.161951 0.008296
2458350.200422 23.175854 0.008403
2458350.693489 23.163659 0.008309
2458351.197082 23.173533 0.008385
2458351.690150 23.177151 0.008413
2458352.183217 23.171809 0.008371
2458352.686810 23.149753 0.008203
2458353.179877 23.160193 0.008282
2458353.672944 23.152235 0.008222
2458354.176538 23.166869 0.008333
2458354.669605 23.187149 0.008490
2458355.162672 23.161951 0.008296
2458355.666266 23.161791 0.008294
2458356.159333 23.178991 0.008427
2458356.652400 23.181215 0.008444
2458357.155994 23.161845 0.008295
2458357.649061 23.169283 0.008352
2458358.142128 23.156843 0.008257
2458358.645721 23.152552 0.008224
2458359.138788 23.167512 0.008338
2458359.631856 23.167727 0.008340
2458360.135449 23.157427 0.008261
2458360.628516 23.167298 0.008337
2458361.121583 23.166601 0.008331
2458361.625177 23.158915 0.008273
2458362.118244 23.163446 0.008307
2458362.611311 23.167619 0.008339
2458363.114905 23.170303 0.008360
2458363.607972 23.161471 0.008292
2458364.101039 23.178775 0.008425
2458364.604632 23.174396 0.008391
2458365.097700 23.168585 0.008347
2458365.590767 23.167941 0.008342
2458366.094360 23.164354 0.008314
2458366.587427 23.157533 0.008262
2458367.080494 23.169820 0.008356
2458367.584088 23.169229 0.008351
2458368.077155 23.167834 0.008341
2458368.570222 23.165584 0.008323
2458369.073816 23.166923 0.008334
2458369.566883 23.166441 0.008330
2458370.059950 23.164782 0.008317
2458370.563544 23.159660 0.008278
2458371.056611 23.168746 0.008348
2458371.549678 23.184967 0.008473
2458372.053271 23.170518 0.008361
2458372.546338 23.166441 0.008330
2458373.039406 23.176610 0.008408
2458373.542999 23.182736 0.008456
2458374.036066 23.174720 0.008394
2458374.529133 23.160992 0.008288
2458375.032727 23.164033 0.008312
2458375.525794 23.176016 0.008404
2458376.018861 23.168209 0.008344
2458376.522455 23.173910 0.008388
2458377.015522 23.168585 0.008347
2458377.508589 23.179804 0.008433
2458378.012182 23.161471 0.008292
2458378.505250 23.165477 0.008323
2458378.998317 23.157002 0.008258
2458379.501910 23.176016 0.008404
2458379.994977 23.158649 0.008270
2458380.488044 23.171863 0.008372
2458380.991638 23.168156 0.008343
2458381.484705 23.171863 0.008372
2458381.977772 23.174504 0.008392
2458382.481366 23.171702 0.008371
2458382.974433 23.170680 0.008363
2458383.467500 23.157905 0.008265
2458383.971094 23.159767 0.008279
2458384.464161 23.169444 0.008353
2458384.957228 23.173641 0.008385
2458385.460821 23.163392 0.008307
2458385.953888 23.180998 0.008442
2458386.446956 23.165530 0.008323
2458386.950549 23.177421 0.008415
2458387.443616 23.173964 0.008388
2458387.936683 23.181812 0.008449
2458388.440277 23.166012 0.008327
2458388.933344 23.171809 0.008371
2458389.426411 23.164835 0.008318
2458389.930005 23.153927 0.008235
2458390.423072 23.167995 0.008342
2458390.916139 23.168370 0.008345
2458391.419732 23.173264 0.008383
2458391.912800 23.173479 0.008384
2458392.405867 23.162698 0.008301
2458392.909460 23.169766 0.008356
2458393.402527 23.170088 0.008358
2458393.895594 23.183443 0.008462
2458394.399188 23.167244 0.008336
2458394.892255 23.161045 0.008289
2458395.385322 23.164087 0.008312
2458395.888916 23.166601 0.008331
2458396.381983 23.175421 0.008399
2458396.875050 23.176935 0.008411
2458397.378644 23.167030 0.008335
2458397.871711 23.175097 0.008397
2458398.364778 23.170465 0.008361
2458398.868371 23.172563 0.008377
2458399.361438 23.170088 0.008358
2458399.854506 23.164407 0.008314
2458400.358099 23.172348 0.008375
2458400.851166 23.171487 0.008369
2458401.344233 23.161525 0.008292
2458401.847827 23.159022 0.008273
2458402.340894 23.175259 0.008398
2458402.833961 23.167459 0.008338
2458403.337555 23.171002 0.008365
2458403.830622 23.152393 0.008223
2458404.323689 23.168907 0.008349
2458404.827282 23.167888 0.008341
2458405.320350 23.155146 0.008244
2458405.813417 23.168209 0.008344
2458406.317010 23.171056 0.008366
2458406.810077 23.158384 0.008268
2458407.303144 23.169014 0.008350
2458407.806738 23.176394 0.008407
2458408.299805 23.174720 0.008394
2458408.792872 23.157374 0.008261
2458409.296466 23.152552 0.008224
2458409.789533 23.166923 0.008334
2458410.282600 23.166173 0.008328
2458410.786194 23.150967 0.008212
2458411.279261 23.170895 0.008364
2458411.772328 23.171971 0.008373
2458412.275921 23.178558 0.008424
2458412.768988 23.166494 0.008330
2458413.262056 23.136439 0.008103
2458413.765649 23.179100 0.008428
2458414.258716 23.167030 0.008335
2458414.751783 23.168853 0.008349
2458415.255377 23.161151 0.008290
2458415.748444 23.162485 0.008300
2458416.241511 23.162485 0.008300
2458416.745105 23.163392 0.008307
2458417.238172 23.156206 0.008252
2458417.731239 23.174234 0.008390
2458418.234832 23.163926 0.008311
2458526.481367 23.170465 0.008361
2458526.984960 23.173210 0.008382
2458527.478027 23.169229 0.008351
2458527.971094 23.178071 0.008420
2458528.474688 23.162752 0.008302
2458528.967755 23.168639 0.008347
2458529.460822 23.167619 0.008339
2458529.964416 23.163499 0.008308
2458530.457483 23.169659 0.008355
2458530.950550 23.166280 0.008329
2458531.454144 23.168478 0.008346
2458531.947211 23.166334 0.008329
2458532.440278 23.160352 0.008283
2458532.943871 23.181812 0.008449
2458533.436938 23.167512 0.008338
2458533.930006 23.178233 0.008421
2458534.433599 23.150755 0.008211
2458534.926666 23.160406 0.008284
2458535.419733 23.173479 0.008384
2458535.923327 23.175475 0.008400
2458536.416394 23.178233 0.008421
2458536.909461 23.171809 0.008371
2458537.413055 23.184259 0.008468
2458537.906122 23.171379 0.008368
2458538.399189 23.185131 0.008475
2458538.902782 23.164354 0.008314
2458539.395850 23.175097 0.008397
2458539.888917 23.165424 0.008322
2458540.392510 23.162058 0.008296
2458540.885577 23.169229 0.008351
2458541.378644 23.157427 0.008261
2458541.882238 23.159341 0.008276
2458542.375305 23.177638 0.008416
2458542.868372 23.180347 0.008437
2458543.371966 23.162858 0.008303
2458543.865033 23.160512 0.008285
2458544.358100 23.152922 0.008227
2458544.861694 23.170250 0.008359
2458545.354761 23.168478 0.008346
2458545.847828 23.182954 0.008458
2458546.351421 23.172779 0.008379
2458546.844488 23.170411 0.008361
2458547.337556 23.169444 0.008353
2458547.841149 23.164140 0.008312
2458548.334216 23.166173 0.008328
2458548.827283 23.165798 0.008325
2458549.330877 23.166815 0.008333
2458549.823944 23.173479 0.008384
2458550.317011 23.164728 0.008317
2458550.820605 23.169927 0.008357
2458551.313672 23.168907 0.008349
2458551.806739 23.169766 0.008356
2458552.310332 23.161525 0.008292
2458552.803400 23.164354 0.008314
2458553.296467 23.157480 0.008262
2458553.800060 23.164782 0.008317
2458554.293127 23.162912 0.008303
2458554.786194 23.182736 0.008456
2458555.289788 23.170411 0.008361
2458555.782855 23.166012 0.008327
2458556.275922 23.175313 0.008398
2458556.779516 23.179154 0.008428
2458557.272583 23.165370 0.008322
2458557.765650 23.169068 0.008350
2458558.269244 23.180347 0.008437
2458558.762311 23.166815 0.008333
2458559.255378 23.161045 0.008289
2458559.758971 23.177205 0.008413
2458560.252038 23.176556 0.008408
2458560.745106 23.183389 0.008461
2458561.248699 23.160193 0.008282
2458561.741766 23.159767 0.008279
2458562.234833 23.178450 0.008423
2458562.738427 23.166976 0.008334
2458563.231494 23.166548 0.008331
2458563.724561 23.161311 0.008291
2458564.228155 23.167191 0.008336
2458564.721222 23.177962 0.008419
2458565.214289 23.177097 0.008412
2458565.717882 23.170680 0.008363
2458566.210950 23.167566 0.008339
2458566.704017 23.184477 0.008470
2458567.207610 23.159447 0.008277
2458567.700677 23.144439 0.008163
2458568.193744 23.158065 0.008266
2458568.697338 23.162378 0.008299
2458569.190405 23.174936 0.008395
2458569.683472 23.155146 0.008244
2458570.187066 23.174342 0.008391
2458570.680133 23.158862 0.008272
2458571.173200 23.165370 0.008322
2458571.676794 23.159022 0.008273
2458572.169861 23.158543 0.008270
2458572.662928 23.154139 0.008236
2458573.166521 23.170626 0.008362
2458573.659588 23.165102 0.008320
2458574.152656 23.160246 0.008283
2458574.656249 23.150967 0.008212
2458575.149316 23.176772 0.008410
2458575.642383 23.162965 0.008303
2458576.145977 23.160672 0.008286
2458576.639044 23.168102 0.008343
2458577.132111 23.173533 0.008385
2458577.635705 23.185349 0.008476
2458578.128772 23.161578 0.008293
2458578.621839 23.177908 0.008418
2458579.125432 23.155040 0.008243
2458579.618500 23.166762 0.008333
2458580.111567 23.159660 0.008278
2458580.615160 23.156100 0.008251
2458581.108227 23.176502 0.008408
2458581.601294 23.162698 0.008301
2458582.104888 23.172186 0.008374
2458582.597955 23.167191 0.008336
2458583.091022 23.161525 0.008292
2458583.594616 23.179750 0.008433
2458584.087683 23.183770 0.008464
2458584.580750 23.163232 0.008305
2458585.084344 23.174234 0.008390
2458585.577411 23.157321 0.008260
2458586.070478 23.172563 0.008377
2458586.574071 23.176935 0.008411
2458587.067138 23.162698 0.008301
2458587.560206 23.164300 0.008314
2458588.063799 23.158915 0.008273
2458588.556866 23.163552 0.008308
2458589.049933 23.142290 0.008147
2458589.553527 23.149384 0.008200
2458590.046594 23.184368 0.008469
2458590.539661 23.168585 0.008347
2458591.043255 23.153663 0.008233
2458591.536322 23.161471 0.008292
2458592.029389 23.164087 0.008312
2458592.532982 23.168424 0.008345
2458593.026050 23.159926 0.008280
2458593.519117 23.166601 0.008331
2458594.022710 23.184259 0.008468
2458594.515777 23.171271 0.008367
2458595.008844 23.176935 0.008411
2458595.512438 23.164087 0.008312
2458596.005505 23.165263 0.008321
2458596.498572 23.182138 0.008451
2458597.002166 23.171540 0.008369
2458597.495233 23.153398 0.008231
2458597.988300 23.150755 0.008211
2458712.204272 23.162004 0.008296
2458712.697339 23.153980 0.008235
2458713.200932 23.158330 0.008268
2458713.694000 23.172725 0.008378
2458714.187067 23.174666 0.008393
2458714.690660 23.182410 0.008453
2458715.183727 23.162218 0.008298
2458715.676794 23.156100 0.008251
2458716.180388 23.173587 0.008385
2458716.673455 23.165584 0.008323
2458717.166522 23.171702 0.008371
2458717.670116 23.162004 0.008296
2458718.163183 23.170035 0.008358
2458718.656250 23.169283 0.008352
2458719.159844 23.182790 0.008456
2458719.652911 23.165156 0.008320
2458720.145978 23.161045 0.008289
2458720.649571 23.166815 0.008333
2458721.142638 23.169874 0.008356
2458721.635706 23.185076 0.008474
2458722.139299 23.170088 0.008358
2458722.632366 23.152076 0.008221
2458723.125433 23.165317 0.008321
2458723.629027 23.175205 0.008398
2458724.122094 23.180455 0.008438
2458724.615161 23.172186 0.008374
2458725.118755 23.181541 0.008447
2458725.611822 23.176232 0.008406
2458726.104889 23.168478 0.008346
2458726.608482 23.158490 0.008269
2458727.101550 23.157055 0.008258
2458727.594617 23.170841 0.008364
2458728.098210 23.166119 0.008328
2458728.591277 23.161205 0.008290
2458729.084344 23.172348 0.008375
2458729.587938 23.165424 0.008322
2458730.081005 23.156631 0.008255
2458730.574072 23.156631 0.008255
2458731.077666 23.175043 0.008396
2458731.570733 23.159980 0.008281
2458732.063800 23.172186 0.008374
2458732.567394 23.163392 0.008307
2458733.060461 23.158756 0.008271
2458733.553528 23.165691 0.008324
2458734.057121 23.167459 0.008338
2458734.550188 23.156790 0.008256
2458735.043256 23.168531 0.008346
2458735.546849 23.160832 0.008287
2458736.039916 23.164835 0.008318
2458736.532983 23.180292 0.008437
2458737.036577 23.182573 0.008455
2458737.529644 23.169766 0.008356
2458738.022711 23.167834 0.008341
2458738.526305 23.177908 0.008418
2458739.019372 23.173479 0.008384
2458739.512439 23.168853 0.008349
2458740.016032 23.162912 0.008303
2458740.509100 23.177313 0.008414
2458741.002167 23.161311 0.008291
2458741.505760 23.167191 0.008336
2458741.998827 23.173156 0.008382
2458742.491894 23.180944 0.008442
2458742.995488 23.166119 0.008328
2458743.488555 23.159128 0.008274
2458743.981622 23.147961 0.008189
2458744.485216 23.182627 0.008455
2458744.978283 23.185076 0.008474
2458745.471350 23.166815 0.008333
2458745.974944 23.173533 0.008385
2458746.468011 23.179262 0.008429
2458746.961078 23.170035 0.008358
2458747.464671 23.148067 0.008190
2458747.957738 23.161151 0.008290
2458748.450806 23.158649 0.008270
2458748.954399 23.165691 0.008324
2458749.447466 23.161898 0.008295
2458749.940533 23.165691 0.008324
2458750.444127 23.168907 0.008349
2458750.937194 23.165691 0.008324
2458751.430261 23.167727 0.008340
2458751.933855 23.183225 0.008460
2458752.426922 23.173749 0.008386
2458752.919989 23.154033 0.008235
2458753.423582 23.166601 0.008331
2458753.916650 23.164194 0.008313
2458754.409717 23.157958 0.008265
2458754.913310 23.166869 0.008333
2458755.406377 23.163766 0.008310
2458755.899444 23.155623 0.008247
2458756.403038 23.171540 0.008369
2458756.896105 23.166601 0.008331
2458757.389172 23.173587 0.008385
2458757.892766 23.175475 0.008400
2458758.385833 23.163232 0.008305
2458758.878900 23.172186 0.008374
2458759.382494 23.168692 0.008347
2458759.875561 23.172240 0.008375
2458760.368628 23.174396 0.008391
2458760.872221 23.163232 0.008305
2458761.365288 23.179154 0.008428
2458761.858356 23.166441 0.008330
2458762.361949 23.164996 0.008319
2458762.855016 23.164033 0.008312
2458763.348083 23.168424 0.008345
2458763.851677 23.163552 0.008308
2458764.344744 23.162325 0.008299
2458764.837811 23.162111 0.008297
2458765.341405 23.174234 0.008390
2458765.834472 23.174396 0.008391
2458766.327539 23.160832 0.008287
2458766.831132 23.143181 0.008153
2458767.324200 23.160299 0.008283
2458767.817267 23.166976 0.008334
2458768.320860 23.171809 0.008371
2458768.813927 23.172617 0.008378
2458769.306994 23.161365 0.008291
2458769.810588 23.162752 0.008302
2458770.303655 23.166226 0.008328
2458770.796722 23.174828 0.008395
2458771.300316 23.167995 0.008342
2458771.793383 23.168800 0.008348
2458772.286450 23.159394 0.008276
2458772.790044 23.171540 0.008369
2458773.283111 23.172940 0.008380
2458773.776178 23.163446 0.008307
2458774.279771 23.170841 0.008364
2458774.772838 23.161898 0.008295
2458775.265906 23.172940 0.008380
2458775.769499 23.169766 0.008356
2458776.262566 23.155835 0.008249
2458776.755633 23.165905 0.008326
2458777.259227 23.180021 0.008435
2458777.752294 23.178775 0.008425
2458778.245361 23.163018 0.008304
2458778.748955 23.169283 0.008352
2458779.242022 23.171110 0.008366
2458779.735089 23.179316 0.008429
2458780.238682 23.188022 0.008497
2458780.731750 23.160672 0.008286
2458781.224817 23.172186 0.008374
2458781.728410 23.170142 0.008358
2458782.221477 23.166334 0.008329
2458782.714544 23.173264 0.008383
2458783.218138 23.162111 0.008297
2458783.711205 23.180075 0.008435
2459622.427944 23.168746 0.008353
2459622.921011 23.151812 0.008224
2459623.424605 23.172779 0.008385
2459623.917672 23.163606 0.008314
2459624.410739 23.171433 0.008375
2459624.914332 23.153663 0.008239
2459625.407400 23.149648 0.008209
2459625.900467 23.165691 0.008331
2459626.404060 23.151019 0.008220
2459626.897127 23.169712 0.008363
2459627.390194 23.170465 0.008369
2459627.893788 23.176826 0.008418
2459628.386855 23.151125 0.008222
2459628.879922 23.153292 0.008238
2459629.383516 23.168317 0.008353
2459629.876583 23.174504 0.008402
2459630.369650 23.159022 0.008283
2459630.873244 23.178504 0.008433
2459631.366311 23.167191 0.008346
2459631.859378 23.181106 0.008454
2459632.362971 23.163713 0.008321
2459632.856038 23.165959 0.008338
2459633.349106 23.156259 0.008265
2459633.852699 23.157055 0.008271
2459634.345766 23.154245 0.008250
2459634.838833 23.176826 0.008424
2459635.342427 23.163713 0.008324
2459635.835494 23.165156 0.008335
2459636.328561 23.169444 0.008369
2459636.832155 23.162912 0.008320
2459637.325222 23.162325 0.008316
2459637.818289 23.163392 0.008325
2459638.321882 23.167673 0.008359
2459638.814950 23.158756 0.008291
2459639.308017 23.154722 0.008261
2459639.811610 23.159288 0.008297
2459640.304677 23.165691 0.008347
2459640.797744 23.160512 0.008309
2459641.301338 23.158277 0.008293
2459641.794405 23.159501 0.008303
2459642.287472 23.160086 0.008309
2459642.791066 23.152605 0.008253
2459643.284133 23.157640 0.008293
2459643.777200 23.161685 0.008326
2459644.280794 23.171056 0.008400
2459644.773861 23.154404 0.008273
2459645.266928 23.164889 0.008356
2459645.770521 23.162378 0.008338
2459646.263588 23.154033 0.008277
2459646.756656 23.159980 0.008324
2459647.260249 23.169498 0.008400
2459647.753316 23.149542 0.008250
2459648.246383 23.159554 0.008329
2459648.749977 23.152235 0.008276
2459649.243044 23.151917 0.008277
2459649.736111 23.148699 0.008255
2459650.239705 23.147067 0.008247
2459650.732772 23.149753 0.008271
2459651.225839 23.157799 0.008337
2459651.729432 23.141033 0.008214
2459652.222500 23.148751 0.008277
2459652.715567 23.148857 0.008283
2459653.219160 23.133006 0.008169
2459653.712227 23.140406 0.008231
2459654.205294 23.136491 0.008208
2459654.708888 23.137742 0.008225
2459655.201955 23.131138 0.008184
2459655.695022 23.117794 0.008093
2459656.198616 23.119382 0.008114
2459656.691683 23.126896 0.008181
2459657.184750 23.110444 0.008070
2459657.688344 23.116770 0.008131
2459658.181411 23.126431 0.008219
2459658.674478 23.085604 0.007932
2459659.178071 23.106788 0.008107
2459659.671138 23.085952 0.007974
2459660.164206 23.083270 0.007978
2459660.667799 23.089888 0.008055
2459661.160866 23.069713 0.007938
2459661.653933 23.060736 0.007910
2459662.157527 23.028284 0.007720
2459662.650594 23.010882 0.007647
2459663.143661 23.010510 0.007705
2459663.647255 22.979369 0.007559
2459664.140322 22.951334 0.007449
2459664.633389 22.937323 0.007437
2459665.136982 22.905570 0.007332
2459665.630050 22.840430 0.007043
2459666.123117 22.811970 0.006953
2459666.626710 22.816267 0.007013
2459667.119777 22.821478 0.007000
2459667.612844 22.864169 0.007178
2459668.116438 22.901199 0.007304
2459668.609505 22.925891 0.007358
2459669.102572 22.953313 0.007447
2459669.606166 22.992704 0.007636
2459670.099233 23.011160 0.007696
2459670.592300 23.027011 0.007751
2459671.095894 23.054583 0.007899
2459671.588961 23.049282 0.007819
2459672.082028 23.059959 0.007861
2459672.585621 23.090337 0.008052
2459673.078688 23.084412 0.007981
2459673.571756 23.091736 0.008012
2459674.075349 23.109275 0.008121
2459674.568416 23.108259 0.008095
2459675.061483 23.099211 0.008012
2459675.565077 23.111717 0.008090
2459676.058144 23.123081 0.008162
2459676.551211 23.129843 0.008202
2459677.054805 23.120152 0.008118
2459677.547872 23.126018 0.008152
2459678.040939 23.117128 0.008077
2459678.544532 23.138943 0.008233
2459679.037600 23.118818 0.008075
2459679.530667 23.140040 0.008227
2459680.034260 23.147645 0.008279
2459680.527327 23.144229 0.008247
2459681.020394 23.142447 0.008229
2459681.523988 23.143915 0.008235
2459682.017055 23.150122 0.008277
2459682.510122 23.139517 0.008193
2459683.013716 23.152816 0.008290
2459683.506783 23.142290 0.008206
2459683.999850 23.158224 0.008324
2459684.503444 23.170895 0.008419
2459684.996511 23.164407 0.008366
2459685.489578 23.144125 0.008208
2459685.993171 23.150967 0.008258
2459686.486238 23.152975 0.008271
2459686.979306 23.149964 0.008245
2459687.482899 23.158330 0.008307
2459687.975966 23.156312 0.008290
2459688.469033 23.165102 0.008355
2459688.972627 23.156737 0.008289
2459689.465694 23.151178 0.008245
2459689.958761 23.155729 0.008278
2459690.462355 23.156684 0.008284
2459690.955422 23.144020 0.008187
2459691.448489 23.159926 0.008306
2459691.952082 23.173156 0.008407
2459692.445150 23.165691 0.008348
2459692.938217 23.161471 0.008315
2459693.441810 23.158118 0.008288
2459693.934877 23.167941 0.008362
2459807.647256 23.172671 0.008378
2459808.150849 23.176772 0.008410
2459808.643916 23.174018 0.008388
2459809.136983 23.173641 0.008386
2459809.640577 23.173695 0.008386
2459810.133644 23.155888 0.008250
2459810.626711 23.159980 0.008281
2459811.130305 23.168370 0.008345
2459811.623372 23.155464 0.008246
2459812.116439 23.165209 0.008321
2459812.620032 23.165263 0.008321
2459813.113100 23.161311 0.008291
2459813.606167 23.161471 0.008292
2459814.109760 23.178341 0.008422
2459814.602827 23.155570 0.008247
2459815.095894 23.152499 0.008224
2459815.599488 23.166387 0.008330
2459816.092555 23.175529 0.008400
2459816.585622 23.167566 0.008339
2459817.089216 23.173910 0.008388
2459817.582283 23.167512 0.008338
2459818.075350 23.178341 0.008422
2459818.578944 23.159713 0.008279
2459819.072011 23.177475 0.008415
2459819.565078 23.155358 0.008246
2459820.068671 23.161365 0.008291
2459820.561738 23.176016 0.008404
2459821.054806 23.167619 0.008339
2459821.558399 23.174396 0.008391
2459822.051466 23.157852 0.008264
2459822.544533 23.170357 0.008360
2459823.048127 23.160352 0.008284
2459823.541194 23.169444 0.008353
2459824.034261 23.163018 0.008304
2459824.537855 23.174288 0.008391
2459825.030922 23.155623 0.008248
2459825.523989 23.172779 0.008379
2459826.027582 23.168102 0.008343
2459826.520650 23.168961 0.008349
2459827.013717 23.170734 0.008363
2459827.517310 23.175367 0.008399
2459828.010377 23.180184 0.008436
2459828.503444 23.164782 0.008317
2459829.007038 23.171110 0.008366
2459829.500105 23.162538 0.008300
2459829.993172 23.165263 0.008321
2459830.496766 23.171056 0.008366
2459830.989833 23.160086 0.008281
2459831.482900 23.160139 0.008282
2459831.986494 23.178612 0.008424
2459832.479561 23.166923 0.008334
2459832.972628 23.170035 0.008358
2459833.476221 23.172025 0.008373
2459833.969288 23.173371 0.008383
2459834.462356 23.166923 0.008334
2459834.965949 23.177421 0.008415
2459835.459016 23.155676 0.008248
2459835.952083 23.161258 0.008290
2459836.455677 23.161685 0.008294
2459836.948744 23.168263 0.008344
2459837.441811 23.152605 0.008225
2459837.945405 23.171648 0.008370
2459838.438472 23.162805 0.008302
2459838.931539 23.151970 0.008220
2459839.435132 23.162378 0.008299
2459839.928200 23.163285 0.008306
2459840.421267 23.165798 0.008325
2459840.924860 23.165102 0.008320
2459841.417927 23.167834 0.008341
2459841.910994 23.157374 0.008261
2459842.414588 23.168692 0.008347
2459842.907655 23.178937 0.008427
2459843.400722 23.162698 0.008301
2459843.904316 23.177151 0.008413
2459844.397383 23.165370 0.008322
2459844.890450 23.184641 0.008471
2459845.394044 23.176340 0.008406
2459845.887111 23.175854 0.008403
2459846.380178 23.162218 0.008298
2459846.883771 23.152816 0.008226
2459847.376838 23.163980 0.008311
2459847.869906 23.165477 0.008323
2459848.373499 23.172563 0.008377
2459848.866566 23.162218 0.008298
2459849.359633 23.164461 0.008315
2459849.863227 23.172563 0.008377
2459850.356294 23.172455 0.008376
2459850.849361 23.168424 0.008345
2459851.352955 23.172348 0.008376
2459851.846022 23.176610 0.008408
2459852.339089 23.174612 0.008393
2459852.842682 23.172186 0.008374
2459853.335750 23.163713 0.008309
2459853.828817 23.160725 0.008286
2459854.332410 23.156100 0.008251
2459854.825477 23.166066 0.008327
2459855.318544 23.173479 0.008384
2459855.822138 23.176989 0.008411
2459856.315205 23.148383 0.008193
2459856.808272 23.169551 0.008354
2459857.311866 23.155199 0.008244
2459857.804933 23.169498 0.008354
2459858.298000 23.161578 0.008293
2459858.801594 23.168102 0.008343
2459859.294661 23.179046 0.008427
2459859.787728 23.159926 0.008280
2459860.291321 23.171863 0.008372
2459860.784388 23.165102 0.008320
2459861.277456 23.167137 0.008335
2459861.781049 23.158012 0.008266
2459862.274116 23.172402 0.008376
2459862.767183 23.158649 0.008271
2459863.270777 23.164568 0.008316
2459863.763844 23.168907 0.008349
2459864.256911 23.163766 0.008310
2459864.760505 23.172994 0.008381
2459865.253572 23.166066 0.008327
2459865.746639 23.169068 0.008350
2459866.250232 23.163072 0.008304
2459866.743300 23.163285 0.008306
2459867.236367 23.172994 0.008381
2459867.739960 23.178829 0.008426
2459868.233027 23.168209 0.008344
2459868.726094 23.172240 0.008375
2459869.229688 23.165638 0.008324
2459869.722755 23.168370 0.008345
2459870.215822 23.160619 0.008286
2459870.719416 23.176826 0.008410
2459871.212483 23.157533 0.008262
2459871.705550 23.174126 0.008389
2459872.209144 23.174828 0.008395
2459872.702211 23.167780 0.008340
2459873.195278 23.164621 0.008316
2459873.698871 23.181704 0.008448
2459874.191938 23.179154 0.008428
2459874.685006 23.163072 0.008304
2459875.188599 23.183062 0.008459
2459875.681666 23.183933 0.008465
2459876.174733 23.167941 0.008342
2459876.678327 23.166173 0.008328
2459877.171394 23.171702 0.008371
2459877.664461 23.166762 0.008333
2459878.168055 23.166869 0.008333
2459878.661122 23.179262 0.008429
2459879.154189 23.164675 0.008317
2459987.411250 23.183606 0.008463
2459987.904317 23.165745 0.008325
2459988.407910 23.169498 0.008354
2459988.900977 23.159341 0.008276
2459989.394044 23.176232 0.008406
2459989.897638 23.153716 0.008233
2459990.390705 23.162591 0.008301
2459990.883772 23.166012 0.008327
2459991.387366 23.163980 0.008311
2459991.880433 23.170841 0.008364
2459992.373500 23.180184 0.008436
2459992.877094 23.160246 0.008283
2459993.370161 23.181704 0.008448
2459993.863228 23.152023 0.008220
2459994.366821 23.184042 0.008466
2459994.859888 23.179642 0.008432
2459995.352956 23.179642 0.008432
2459995.856549 23.170895 0.008364
2459996.349616 23.179046 0.008427
2459996.842683 23.162858 0.008303
2459997.346277 23.157427 0.008261
2459997.839344 23.167083 0.008335
2459998.332411 23.170841 0.008364
2459998.836005 23.172994 0.008380
2459999.329072 23.171702 0.008371
2459999.822139 23.152340 0.008223
2460000.325732 23.165745 0.008325
2460000.818800 23.163873 0.008310
2460001.311867 23.178991 0.008427
2460001.815460 23.169551 0.008354
2460002.308527 23.162058 0.008296
2460002.801594 23.166387 0.008330
2460003.305188 23.171056 0.008366
2460003.798255 23.171971 0.008373
2460004.291322 23.161365 0.008291
2460004.794916 23.168907 0.008349
2460005.287983 23.164514 0.008315
2460005.781050 23.170142 0.008358
2460006.284644 23.155411 0.008246
2460006.777711 23.168585 0.008347
2460007.270778 23.149226 0.008199
2460007.774371 23.162058 0.008296
2460008.267438 23.163446 0.008307
2460008.760506 23.162858 0.008303
2460009.264099 23.158969 0.008273
2460009.757166 23.175962 0.008403
2460010.250233 23.161098 0.008289
2460010.753827 23.165638 0.008324
2460011.246894 23.181161 0.008444
2460011.739961 23.176880 0.008411
2460012.243555 23.161418 0.008292
2460012.736622 23.162698 0.008301
2460013.229689 23.163392 0.008307
2460013.733282 23.170196 0.008359
2460014.226350 23.170734 0.008363
2460014.719417 23.166280 0.008329
2460015.223010 23.173749 0.008386
2460015.716077 23.173371 0.008383
2460016.209144 23.174882 0.008395
2460016.712738 23.180021 0.008435
2460017.205805 23.154775 0.008241
2460017.698872 23.169659 0.008355
2460018.202466 23.169820 0.008356
2460018.695533 23.165049 0.008319
2460019.188600 23.161791 0.008294
2460019.692194 23.177530 0.008416
2460020.185261 23.161471 0.008292
2460020.678328 23.152763 0.008226
2460021.181921 23.166548 0.008331
2460021.674988 23.163552 0.008308
2460022.168056 23.184967 0.008473
2460022.671649 23.157109 0.008259
2460023.164716 23.159394 0.008276
2460023.657783 23.172671 0.008378
2460024.161377 23.183280 0.008460
2460024.654444 23.173910 0.008388
2460025.147511 23.162325 0.008299
2460025.651105 23.160139 0.008282
2460026.144172 23.142866 0.008151
2460026.637239 23.173857 0.008387
2460027.140832 23.153081 0.008228
2460027.633900 23.167941 0.008342
2460028.126967 23.160672 0.008286
2460028.630560 23.179967 0.008434
2460029.123627 23.173048 0.008381
2460029.616694 23.169927 0.008357
2460030.120288 23.174288 0.008390
2460030.613355 23.178937 0.008426
2460031.106422 23.167727 0.008340
2460031.610016 23.168800 0.008348
2460032.103083 23.159022 0.008273
2460032.596150 23.162378 0.008299
2460033.099744 23.163552 0.008308
2460033.592811 23.168639 0.008347
2460034.085878 23.174828 0.008395
2460034.589471 23.165370 0.008322
2460035.082538 23.160778 0.008287
2460035.575606 23.166012 0.008327
2460036.079199 23.169014 0.008350
2460036.572266 23.165156 0.008320
2460037.065333 23.157852 0.008264
2460037.568927 23.169981 0.008357
2460038.061994 23.188624 0.008502
2460038.555061 23.161951 0.008296
2460039.058655 23.164300 0.008314
2460039.551722 23.186003 0.008481
2460040.044789 23.182410 0.008453
2460040.548382 23.157321 0.008260
2460041.041450 23.166012 0.008327
2460041.534517 23.173156 0.008382
2460042.038110 23.175637 0.008401
2460042.531177 23.171756 0.008371
2460043.024244 23.164889 0.008318
2460043.527838 23.159341 0.008276
2460044.020905 23.159554 0.008277
2460044.513972 23.176556 0.008408
2460045.017566 23.172132 0.008374
2460045.510633 23.194653 0.008549
2460046.003700 23.162591 0.008301
2460046.507294 23.169551 0.008354
2460047.000361 23.168853 0.008349
2460047.493428 23.159501 0.008277
2460047.997021 23.176556 0.008408
2460048.490088 23.167405 0.008337
2460048.983156 23.145595 0.008172
2460049.486749 23.168048 0.008342
2460049.979816 23.155941 0.008250
2460050.472883 23.157374 0.008261
2460050.976477 23.166066 0.008327
2460051.469544 23.169014 0.008350
2460051.962611 23.174450 0.008392
2460052.466205 23.151389 0.008215
2460052.959272 23.157268 0.008260
2460053.452339 23.162111 0.008297
2460053.955932 23.165959 0.008326
2460054.449000 23.167727 0.008340
2460054.942067 23.170142 0.008358
2460055.445660 23.158277 0.008268
2460055.938727 23.170787 0.008363
2460056.431794 23.172025 0.008373
2460056.935388 23.182356 0.008453
2460057.428455 23.175800 0.008402
2460057.921522 23.164461 0.008315
2460058.425116 23.175583 0.008400
2460058.918183 23.155199 0.008244
