2458346.727899 21.772969 0.006607
2458347.220966 21.773353 0.006610
2458347.714033 21.755636 0.006503
2458348.217627 21.759529 0.006526
2458348.710694 21.759944 0.006528
2458349.203761 21.771851 0.006600
2458349.707355 21.768401 0.006579
2458350.200422 21.776293 0.006627
2458350.693489 21.757874 0.006516
2458351.197082 21.764268 0.006554
2458351.690150 21.767149 0.006572
2458352.183217 21.760945 0.006534
2458352.686810 21.758253 0.006518
2458353.179877 21.761913 0.006540
2458353.672944 21.750524 0.006472
2458354.176538 21.765170 0.006560
2458354.669605 21.782268 0.006664
2458355.162672 21.760669 0.006533
2458355.666266 21.775838 0.006625
2458356.159333 21.769341 0.006585
2458356.652400 21.767288 0.006573
2458357.155994 21.764684 0.006557
2458357.649061 21.773388 0.006610
2458358.142128 21.775452 0.006622
2458358.645721 21.770909 0.006595
2458359.138788 21.764233 0.006554
2458359.631856 21.755980 0.006505
2458360.135449 21.768992 0.006583
2458360.628516 21.761429 0.006537
2458361.121583 21.766558 0.006568
2458361.625177 21.764129 0.006554
2458362.118244 21.771572 0.006599
2458362.611311 21.766350 0.006567
2458363.114905 21.757805 0.006516
2458363.607972 21.765794 0.006564
2458364.101039 21.775768 0.006624
2458364.604632 21.768122 0.006578
2458365.097700 21.771118 0.006596
2458365.590767 21.765829 0.006564
2458366.094360 21.760531 0.006532
2458366.587427 21.757771 0.006515
2458367.080494 21.771642 0.006599
2458367.584088 21.764927 0.006558
2458368.077155 21.768644 0.006581
2458368.570222 21.753918 0.006492
2458369.073816 21.765933 0.006565
2458369.566883 21.758460 0.006519
2458370.059950 21.759667 0.006527
2458370.563544 21.769132 0.006584
2458371.056611 21.763471 0.006550
2458371.549678 21.772759 0.006606
2458372.053271 21.770247 0.006591
2458372.546338 21.773213 0.006609
2458373.039406 21.760842 0.006534
2458373.542999 21.767949 0.006577
2458374.036066 21.768331 0.006579
2458374.529133 21.764511 0.006556
2458375.032727 21.761844 0.006540
2458375.525794 21.762813 0.006546
2458376.018861 21.750319 0.006471
2458376.522455 21.761740 0.006539
2458377.015522 21.764545 0.006556
2458377.508589 21.781564 0.006660
2458378.012182 21.767010 0.006571
2458378.505250 21.764649 0.006557
2458378.998317 21.767636 0.006575
2458379.501910 21.759667 0.006527
2458379.994977 21.759529 0.006526
2458380.488044 21.773108 0.006608
2458380.991638 21.769654 0.006587
2458381.484705 21.772026 0.006601
2458381.977772 21.750524 0.006472
2458382.481366 21.770874 0.006594
2458382.974433 21.764511 0.006556
2458383.467500 21.762052 0.006541
2458383.971094 21.768331 0.006579
2458384.464161 21.764961 0.006559
2458384.957228 21.774892 0.006619
2458385.460821 21.776118 0.006626
2458385.953888 21.777696 0.006636
2458386.446956 21.765031 0.006559
2458386.950549 21.768714 0.006581
2458387.443616 21.760393 0.006531
2458387.936683 21.767601 0.006575
2458388.440277 21.759909 0.006528
2458388.933344 21.765760 0.006563
2458389.426411 21.759115 0.006523
2458389.930005 21.761049 0.006535
2458390.423072 21.768401 0.006579
2458390.916139 21.760323 0.006531
2458391.419732 21.769968 0.006589
2458391.912800 21.759357 0.006525
2458392.405867 21.758391 0.006519
2458392.909460 21.771188 0.006596
2458393.402527 21.767079 0.006571
2458393.895594 21.761775 0.006539
2458394.399188 21.760254 0.006530
2458394.892255 21.766350 0.006567
2458395.385322 21.765551 0.006562
2458395.888916 21.765621 0.006563
2458396.381983 21.769759 0.006588
2458396.875050 21.759357 0.006525
2458397.378644 21.771153 0.006596
2458397.871711 21.758012 0.006517
2458398.364778 21.761464 0.006538
2458398.868371 21.764580 0.006556
2458399.361438 21.763021 0.006547
2458399.854506 21.769376 0.006585
2458400.358099 21.767392 0.006573
2458400.851166 21.769828 0.006588
2458401.344233 21.765482 0.006562
2458401.847827 21.771362 0.006597
2458402.340894 21.768749 0.006582
2458402.833961 21.760565 0.006532
2458403.337555 21.761706 0.006539
2458403.830622 21.775277 0.006621
2458404.323689 21.763783 0.006552
2458404.827282 21.774752 0.006618
2458405.320350 21.764649 0.006557
2458405.813417 21.763575 0.006550
2458406.317010 21.753678 0.006491
2458406.810077 21.750490 0.006472
2458407.303144 21.776749 0.006630
2458407.806738 21.769410 0.006586
2458408.299805 21.768714 0.006581
2458408.792872 21.766489 0.006568
2458409.296466 21.771991 0.006601
2458409.789533 21.762778 0.006545
2458410.282600 21.766628 0.006569
2458410.786194 21.766454 0.006568
2458411.279261 21.765760 0.006563
2458411.772328 21.763298 0.006549
2458412.275921 21.776539 0.006629
2458412.768988 21.774087 0.006614
2458413.262056 21.761568 0.006538
2458413.765649 21.767149 0.006572
2458414.258716 21.760358 0.006531
2458414.751783 21.761844 0.006540
2458415.255377 21.771118 0.006596
2458415.748444 21.769027 0.006583
2458416.241511 21.762052 0.006541
2458416.745105 21.770316 0.006591
2458417.238172 21.773073 0.006608
2458417.731239 21.768157 0.006578
2458418.234832 21.764788 0.006558
2458526.481367 21.765621 0.006563
2458526.984960 21.763021 0.006547
2458527.478027 21.772584 0.006605
2458527.971094 21.758908 0.006522
2458528.474688 21.773773 0.006612
2458528.967755 21.763956 0.006553
2458529.460822 21.761498 0.006538
2458529.964416 21.778047 0.006638
2458530.457483 21.768818 0.006582
2458530.950550 21.759909 0.006528
2458531.454144 21.763783 0.006552
2458531.947211 21.771432 0.006598
2458532.440278 21.765517 0.006562
2458532.943871 21.774332 0.006615
2458533.436938 21.762848 0.006546
2458533.930006 21.762432 0.006543
2458534.433599 21.760220 0.006530
2458534.926666 21.770247 0.006591
2458535.419733 21.760082 0.006529
2458535.923327 21.755636 0.006503
2458536.416394 21.763713 0.006551
2458536.909461 21.769480 0.006586
2458537.413055 21.769097 0.006584
2458537.906122 21.769968 0.006589
2458538.399189 21.760289 0.006530
2458538.902782 21.762328 0.006543
2458539.395850 21.761844 0.006540
2458539.888917 21.769376 0.006585
2458540.392510 21.764545 0.006556
2458540.885577 21.763852 0.006552
2458541.378644 21.746186 0.006446
2458541.882238 21.777977 0.006638
2458542.375305 21.760634 0.006533
2458542.868372 21.785834 0.006686
2458543.371966 21.760462 0.006532
2458543.865033 21.776188 0.006627
2458544.358100 21.756944 0.006510
2458544.861694 21.768227 0.006578
2458545.354761 21.770735 0.006594
2458545.847828 21.761879 0.006540
2458546.351421 21.777415 0.006634
2458546.844488 21.762640 0.006545
2458547.337556 21.769341 0.006585
2458547.841149 21.766211 0.006566
2458548.334216 21.758977 0.006523
2458548.827283 21.783785 0.006673
2458549.330877 21.764511 0.006556
2458549.823944 21.769584 0.006587
2458550.317011 21.768958 0.006583
2458550.820605 21.767601 0.006575
2458551.313672 21.770735 0.006594
2458551.806739 21.777345 0.006634
2458552.310332 21.760600 0.006532
2458552.803400 21.764823 0.006558
2458553.296467 21.755224 0.006500
2458553.800060 21.766489 0.006568
2458554.293127 21.773598 0.006611
2458554.786194 21.776293 0.006627
2458555.289788 21.780015 0.006650
2458555.782855 21.766558 0.006568
2458556.275922 21.771432 0.006598
2458556.779516 21.768227 0.006578
2458557.272583 21.756703 0.006509
2458557.765650 21.779523 0.006647
2458558.269244 21.758701 0.006521
2458558.762311 21.760220 0.006530
2458559.255378 21.763436 0.006549
2458559.758971 21.765586 0.006562
2458560.252038 21.768331 0.006579
2458560.745106 21.770944 0.006595
2458561.248699 21.751483 0.006478
2458561.741766 21.772794 0.006606
2458562.234833 21.769410 0.006586
2458562.738427 21.759253 0.006524
2458563.231494 21.772934 0.006607
2458563.724561 21.778750 0.006642
2458564.228155 21.762848 0.006546
2458564.721222 21.764615 0.006557
2458565.214289 21.767496 0.006574
2458565.717882 21.775978 0.006626
2458566.210950 21.764545 0.006556
2458566.704017 21.759012 0.006523
2458567.207610 21.764372 0.006555
2458567.700677 21.768818 0.006582
2458568.193744 21.751517 0.006478
2458568.697338 21.761602 0.006538
2458569.190405 21.770909 0.006595
2458569.683472 21.771746 0.006600
2458570.187066 21.775067 0.006620
2458570.680133 21.759150 0.006524
2458571.173200 21.769584 0.006587
2458571.676794 21.778047 0.006638
2458572.169861 21.760323 0.006531
2458572.662928 21.762882 0.006546
2458573.166521 21.760116 0.006529
2458573.659588 21.763332 0.006549
2458574.152656 21.769445 0.006586
2458574.656249 21.764372 0.006555
2458575.149316 21.771397 0.006598
2458575.642383 21.769341 0.006585
2458576.145977 21.776819 0.006631
2458576.639044 21.769027 0.006583
2458577.132111 21.764580 0.006556
2458577.635705 21.770909 0.006595
2458578.128772 21.765378 0.006561
2458578.621839 21.763021 0.006547
2458579.125432 21.771432 0.006598
2458579.618500 21.767427 0.006574
2458580.111567 21.768157 0.006578
2458580.615160 21.766975 0.006571
2458581.108227 21.770107 0.006590
2458581.601294 21.772514 0.006604
2458582.104888 21.757461 0.006513
2458582.597955 21.761983 0.006541
2458583.091022 21.773913 0.006613
2458583.594616 21.776714 0.006630
2458584.087683 21.769968 0.006589
2458584.580750 21.753335 0.006489
2458585.084344 21.766801 0.006570
2458585.577411 21.767809 0.006576
2458586.070478 21.768505 0.006580
2458586.574071 21.771677 0.006599
2458587.067138 21.766767 0.006570
2458587.560206 21.761810 0.006540
2458588.063799 21.774507 0.006617
2458588.556866 21.776048 0.006626
2458589.049933 21.765690 0.006563
2458589.553527 21.771014 0.006595
2458590.046594 21.767323 0.006573
2458590.539661 21.766697 0.006569
2458591.043255 21.773458 0.006610
2458591.536322 21.763921 0.006552
2458592.029389 21.756428 0.006507
2458592.532982 21.767740 0.006575
2458593.026050 21.762086 0.006541
2458593.519117 21.755224 0.006500
2458594.022710 21.770839 0.006594
2458594.515777 21.764545 0.006556
2458595.008844 21.769445 0.006586
2458595.512438 21.763817 0.006552
2458596.005505 21.759495 0.006526
2458596.498572 21.768749 0.006582
2458597.002166 21.765655 0.006563
2458597.495233 21.766871 0.006570
2458597.988300 21.776433 0.006628
2458712.204272 21.773773 0.006621
2458712.697339 21.768714 0.006591
2458713.200932 21.764095 0.006564
2458713.694000 21.759460 0.006537
2458714.187067 21.760220 0.006543
2458714.690660 21.753060 0.006501
2458715.183727 21.756669 0.006524
2458715.676794 21.759909 0.006545
2458716.180388 21.756084 0.006524
2458716.673455 21.762778 0.006566
2458717.166522 21.752546 0.006507
2458717.670116 21.753953 0.006518
2458718.163183 21.758150 0.006546
2458718.656250 21.758426 0.006551
2458719.159844 21.757667 0.006550
2458719.652911 21.746595 0.006488
2458720.145978 21.743530 0.006474
2458720.649571 21.746493 0.006498
2458721.142638 21.743632 0.006487
2458721.635706 21.732635 0.006429
2458722.139299 21.738340 0.006473
2458722.632366 21.740067 0.006494
2458723.125433 21.725587 0.006421
2458723.629027 21.726591 0.006444
2458724.122094 21.704453 0.006336
2458724.615161 21.714770 0.006427
2458725.118755 21.690696 0.006323
2458725.611822 21.686364 0.006301
2458726.104889 21.699413 0.006355
2458726.608482 21.703764 0.006373
2458727.101550 21.705405 0.006386
2458727.594617 21.701374 0.006370
2458728.098210 21.692966 0.006333
2458728.591277 21.696250 0.006365
2458729.084344 21.678841 0.006278
2458729.587938 21.686171 0.006336
2458730.081005 21.667843 0.006248
2458730.574072 21.662590 0.006239
2458731.077666 21.647762 0.006182
2458731.570733 21.634947 0.006150
2458732.063800 21.619882 0.006135
2458732.567394 21.560306 0.005953
2458733.060461 21.398918 0.005498
2458733.553528 21.339728 0.005348
2458734.057121 21.529241 0.005853
2458734.550188 21.602302 0.006066
2458735.043256 21.649507 0.006235
2458735.546849 21.663285 0.006251
2458736.039916 21.687236 0.006346
2458736.532983 21.676440 0.006250
2458737.036577 21.694070 0.006325
2458737.529644 21.707081 0.006380
2458738.022711 21.721214 0.006445
2458738.526305 21.720481 0.006424
2458739.019372 21.718419 0.006399
2458739.512439 21.736784 0.006496
2458740.016032 21.733780 0.006467
2458740.509100 21.735433 0.006468
2458741.002167 21.737900 0.006474
2458741.505760 21.745505 0.006512
2458741.998827 21.746493 0.006511
2458742.491894 21.755671 0.006560
2458742.995488 21.756152 0.006558
2458743.488555 21.753026 0.006534
2458743.981622 21.745266 0.006483
2458744.485216 21.753918 0.006531
2458744.978283 21.749601 0.006501
2458745.471350 21.757357 0.006544
2458745.974944 21.769480 0.006615
2458746.468011 21.757392 0.006539
2458746.961078 21.765690 0.006587
2458747.464671 21.762363 0.006565
2458747.957738 21.756256 0.006526
2458748.450806 21.774437 0.006634
2458748.954399 21.755602 0.006519
2458749.447466 21.763194 0.006563
2458749.940533 21.761879 0.006554
2458750.444127 21.766662 0.006582
2458750.937194 21.765794 0.006575
2458751.430261 21.758184 0.006528
2458751.933855 21.765482 0.006572
2458752.426922 21.760773 0.006542
2458752.919989 21.761464 0.006546
2458753.423582 21.772375 0.006611
2458753.916650 21.764511 0.006563
2458754.409717 21.771851 0.006607
2458754.913310 21.760876 0.006540
2458755.406377 21.758494 0.006525
2458755.899444 21.770909 0.006600
2458756.403038 21.768784 0.006587
2458756.896105 21.765482 0.006566
2458757.389172 21.767392 0.006578
2458757.892766 21.759875 0.006532
2458758.385833 21.771886 0.006604
2458758.878900 21.763956 0.006556
2458759.382494 21.772899 0.006610
2458759.875561 21.769654 0.006590
2458760.368628 21.769132 0.006587
2458760.872221 21.775417 0.006625
2458761.365288 21.764719 0.006560
2458761.858356 21.767670 0.006577
2458762.361949 21.770665 0.006595
2458762.855016 21.774157 0.006617
2458763.348083 21.760323 0.006533
2458763.851677 21.767914 0.006578
2458764.344744 21.761844 0.006542
2458764.837811 21.775452 0.006624
2458765.341405 21.764407 0.006557
2458765.834472 21.767496 0.006576
2458766.327539 21.774192 0.006616
2458766.831132 21.769794 0.006589
2458767.324200 21.764441 0.006557
2458767.817267 21.750661 0.006474
2458768.320860 21.767983 0.006578
2458768.813927 21.758598 0.006521
2458769.306994 21.767010 0.006572
2458769.810588 21.764199 0.006555
2458770.303655 21.769828 0.006589
2458770.796722 21.766558 0.006569
2458771.300316 21.781387 0.006660
2458771.793383 21.771711 0.006600
2458772.286450 21.769201 0.006585
2458772.790044 21.762986 0.006547
2458773.283111 21.765135 0.006560
2458773.776178 21.767427 0.006574
2458774.279771 21.763332 0.006549
2458774.772838 21.761014 0.006535
2458775.265906 21.764753 0.006558
2458775.769499 21.768714 0.006582
2458776.262566 21.771851 0.006601
2458776.755633 21.764025 0.006554
2458777.259227 21.758357 0.006519
2458777.752294 21.760600 0.006533
2458778.245361 21.774402 0.006616
2458778.748955 21.767357 0.006574
2458779.242022 21.765725 0.006564
2458779.735089 21.766523 0.006569
2458780.238682 21.770107 0.006590
2458780.731750 21.764823 0.006558
2458781.224817 21.769550 0.006587
2458781.728410 21.760496 0.006532
2458782.221477 21.761671 0.006539
2458782.714544 21.764684 0.006557
2458783.218138 21.766523 0.006568
2458783.711205 21.766037 0.006565
2459622.427944 21.762571 0.006544
2459622.921011 21.770804 0.006594
2459623.424605 21.764337 0.006555
2459623.917672 21.765066 0.006559
2459624.410739 21.758426 0.006519
2459624.914332 21.761706 0.006539
2459625.407400 21.774787 0.006618
2459625.900467 21.770037 0.006589
2459626.404060 21.764476 0.006556
2459626.897127 21.775557 0.006623
2459627.390194 21.767427 0.006574
2459627.893788 21.764268 0.006554
2459628.386855 21.771677 0.006599
2459628.879922 21.757736 0.006515
2459629.383516 21.765412 0.006561
2459629.876583 21.765135 0.006560
2459630.369650 21.767670 0.006575
2459630.873244 21.755189 0.006500
2459631.366311 21.769376 0.006585
2459631.859378 21.762086 0.006541
2459632.362971 21.769654 0.006587
2459632.856038 21.765204 0.006560
2459633.349106 21.773108 0.006608
2459633.852699 21.775768 0.006624
2459634.345766 21.767253 0.006573
2459634.838833 21.773563 0.006611
2459635.342427 21.762778 0.006545
2459635.835494 21.769933 0.006589
2459636.328561 21.771816 0.006600
2459636.832155 21.762744 0.006545
2459637.325222 21.768992 0.006583
2459637.818289 21.771746 0.006600
2459638.321882 21.755189 0.006500
2459638.814950 21.761395 0.006537
2459639.308017 21.768088 0.006578
2459639.811610 21.765135 0.006560
2459640.304677 21.770595 0.006593
2459640.797744 21.779593 0.006648
2459641.301338 21.771537 0.006598
2459641.794405 21.772724 0.006606
2459642.287472 21.765690 0.006563
2459642.791066 21.762709 0.006545
2459643.284133 21.768644 0.006581
2459643.777200 21.768018 0.006577
2459644.280794 21.764303 0.006555
2459644.773861 21.775908 0.006625
2459645.266928 21.769062 0.006583
2459645.770521 21.764788 0.006558
2459646.263588 21.762778 0.006545
2459646.756656 21.765412 0.006561
2459647.260249 21.754708 0.006497
2459647.753316 21.770316 0.006591
2459648.246383 21.761533 0.006538
2459648.749977 21.769167 0.006584
2459649.243044 21.769480 0.006586
2459649.736111 21.760323 0.006531
2459650.239705 21.766003 0.006565
2459650.732772 21.762156 0.006542
2459651.225839 21.774297 0.006615
2459651.729432 21.766176 0.006566
2459652.222500 21.764025 0.006553
2459652.715567 21.777135 0.006633
2459653.219160 21.768575 0.006581
2459653.712227 21.759840 0.006528
2459654.205294 21.773143 0.006608
2459654.708888 21.772410 0.006604
2459655.201955 21.762952 0.006547
2459655.695022 21.769376 0.006585
2459656.198616 21.766419 0.006567
2459656.691683 21.763090 0.006547
2459657.184750 21.754296 0.006495
2459657.688344 21.766558 0.006568
2459658.181411 21.761256 0.006536
2459658.674478 21.763610 0.006550
2459659.178071 21.764719 0.006557
2459659.671138 21.753644 0.006491
2459660.164206 21.773528 0.006611
2459660.667799 21.772969 0.006607
2459661.160866 21.767149 0.006572
2459661.653933 21.776293 0.006627
2459662.157527 21.778258 0.006639
2459662.650594 21.777275 0.006633
2459663.143661 21.773283 0.006609
2459663.647255 21.776118 0.006626
2459664.140322 21.760151 0.006530
2459664.633389 21.772794 0.006606
2459665.136982 21.756531 0.006508
2459665.630050 21.764615 0.006557
2459666.123117 21.759702 0.006527
2459666.626710 21.763332 0.006549
2459667.119777 21.743224 0.006429
2459667.612844 21.762536 0.006544
2459668.116438 21.764857 0.006558
2459668.609505 21.759944 0.006528
2459669.102572 21.772864 0.006607
2459669.606166 21.767184 0.006572
2459670.099233 21.763887 0.006552
2459670.592300 21.791897 0.006723
2459671.095894 21.770003 0.006589
2459671.588961 21.770735 0.006594
2459672.082028 21.767566 0.006574
2459672.585621 21.778609 0.006642
2459673.078688 21.764129 0.006554
2459673.571756 21.765586 0.006562
2459674.075349 21.766176 0.006566
2459674.568416 21.770142 0.006590
2459675.061483 21.757564 0.006514
2459675.565077 21.769376 0.006585
2459676.058144 21.768018 0.006577
2459676.551211 21.770909 0.006595
2459677.054805 21.756221 0.006506
2459677.547872 21.770491 0.006592
2459678.040939 21.758322 0.006519
2459678.544532 21.762640 0.006545
2459679.037600 21.772340 0.006603
2459679.530667 21.775417 0.006622
2459680.034260 21.758494 0.006520
2459680.527327 21.768018 0.006577
2459681.020394 21.770177 0.006590
2459681.523988 21.764025 0.006553
2459682.017055 21.767705 0.006575
2459682.510122 21.767079 0.006571
2459683.013716 21.765100 0.006559
2459683.506783 21.764268 0.006554
2459683.999850 21.761498 0.006538
2459684.503444 21.763817 0.006552
2459684.996511 21.763125 0.006548
2459685.489578 21.774962 0.006619
2459685.993171 21.770212 0.006590
2459686.486238 21.762121 0.006542
2459686.979306 21.773878 0.006613
2459687.482899 21.769445 0.006586
2459687.975966 21.774157 0.006614
2459688.469033 21.770072 0.006590
2459688.972627 21.764927 0.006558
2459689.465694 21.775803 0.006624
2459689.958761 21.756634 0.006509
2459690.462355 21.772375 0.006604
2459690.955422 21.767636 0.006575
2459691.448489 21.775172 0.006621
2459691.952082 21.779558 0.006647
2459692.445150 21.750764 0.006473
2459692.938217 21.774787 0.006618
2459693.441810 21.757840 0.006516
2459693.934877 21.768853 0.006582
2459807.647256 21.776644 0.006630
2459808.150849 21.763125 0.006548
2459808.643916 21.769968 0.006589
2459809.136983 21.758253 0.006518
2459809.640577 21.775032 0.006620
2459810.133644 21.783079 0.006669
2459810.626711 21.764060 0.006553
2459811.130305 21.767601 0.006575
2459811.623372 21.763713 0.006551
2459812.116439 21.766662 0.006569
2459812.620032 21.765308 0.006561
2459813.113100 21.775838 0.006625
2459813.606167 21.764961 0.006559
2459814.109760 21.771851 0.006600
2459814.602827 21.765794 0.006564
2459815.095894 21.765204 0.006560
2459815.599488 21.758184 0.006518
2459816.092555 21.762813 0.006546
2459816.585622 21.770874 0.006594
2459817.089216 21.766593 0.006569
2459817.582283 21.774122 0.006614
2459818.075350 21.775207 0.006621
2459818.578944 21.769236 0.006585
2459819.072011 21.766211 0.006566
2459819.565078 21.765621 0.006563
2459820.068671 21.763471 0.006550
2459820.561738 21.756841 0.006510
2459821.054806 21.757288 0.006512
2459821.558399 21.752032 0.006481
2459822.051466 21.766280 0.006567
2459822.544533 21.765274 0.006561
2459823.048127 21.763713 0.006551
2459823.541194 21.758219 0.006518
2459824.034261 21.768958 0.006583
2459824.537855 21.775768 0.006624
2459825.030922 21.780120 0.006651
2459825.523989 21.758322 0.006519
2459826.027582 21.768331 0.006579
2459826.520650 21.767601 0.006575
2459827.013717 21.763229 0.006548
2459827.517310 21.762086 0.006541
2459828.010377 21.769480 0.006586
2459828.503444 21.767253 0.006573
2459829.007038 21.766141 0.006566
2459829.500105 21.761879 0.006540
2459829.993172 21.774052 0.006614
2459830.496766 21.769584 0.006587
2459830.989833 21.760013 0.006529
2459831.482900 21.773108 0.006608
2459831.986494 21.774647 0.006617
2459832.479561 21.751107 0.006475
2459832.972628 21.776328 0.006628
2459833.476221 21.770072 0.006590
2459833.969288 21.779171 0.006645
2459834.462356 21.769271 0.006585
2459834.965949 21.765274 0.006561
2459835.459016 21.777837 0.006637
2459835.952083 21.762086 0.006541
2459836.455677 21.765621 0.006563
2459836.948744 21.769689 0.006587
2459837.441811 21.761222 0.006536
2459837.945405 21.768575 0.006581
2459838.438472 21.770456 0.006592
2459838.931539 21.772410 0.006604
2459839.435132 21.758632 0.006521
2459839.928200 21.771153 0.006596
2459840.421267 21.769619 0.006587
2459840.924860 21.760358 0.006531
2459841.417927 21.767740 0.006575
2459841.910994 21.766489 0.006568
2459842.414588 21.760082 0.006529
2459842.907655 21.762294 0.006543
2459843.400722 21.765655 0.006563
2459843.904316 21.771851 0.006600
2459844.397383 21.770909 0.006595
2459844.890450 21.760738 0.006533
2459845.394044 21.764233 0.006554
2459845.887111 21.754537 0.006496
2459846.380178 21.764615 0.006557
2459846.883771 21.768610 0.006581
2459847.376838 21.772026 0.006601
2459847.869906 21.772619 0.006605
2459848.373499 21.764615 0.006557
2459848.866566 21.783820 0.006674
2459849.359633 21.757736 0.006515
2459849.863227 21.780367 0.006652
2459850.356294 21.763956 0.006553
2459850.849361 21.756256 0.006506
2459851.352955 21.774122 0.006614
2459851.846022 21.760842 0.006534
2459852.339089 21.776293 0.006627
2459852.842682 21.769236 0.006585
2459853.335750 21.759184 0.006524
2459853.828817 21.764615 0.006557
2459854.332410 21.754056 0.006493
2459854.825477 21.771781 0.006600
2459855.318544 21.766385 0.006567
2459855.822138 21.760773 0.006533
2459856.315205 21.761740 0.006539
2459856.808272 21.765100 0.006559
2459857.311866 21.761913 0.006540
2459857.804933 21.763402 0.006549
2459858.298000 21.761153 0.006536
2459858.801594 21.773738 0.006612
2459859.294661 21.766211 0.006566
2459859.787728 21.767357 0.006573
2459860.291321 21.771502 0.006598
2459860.784388 21.764129 0.006554
2459861.277456 21.772654 0.006605
2459861.781049 21.761395 0.006537
2459862.274116 21.772235 0.006603
2459862.767183 21.767949 0.006577
2459863.270777 21.757874 0.006516
2459863.763844 21.763540 0.006550
2459864.256911 21.775102 0.006620
2459864.760505 21.759667 0.006527
2459865.253572 21.778890 0.006643
2459865.746639 21.768888 0.006582
2459866.250232 21.768053 0.006577
2459866.743300 21.764823 0.006558
2459867.236367 21.766107 0.006566
2459867.739960 21.768227 0.006578
2459868.233027 21.783573 0.006672
2459868.726094 21.766732 0.006569
2459869.229688 21.776293 0.006627
2459869.722755 21.772270 0.006603
2459870.215822 21.763956 0.006553
2459870.719416 21.758874 0.006522
2459871.212483 21.767288 0.006573
2459871.705550 21.760980 0.006535
2459872.209144 21.762086 0.006541
2459872.702211 21.772165 0.006602
2459873.195278 21.766211 0.006566
2459873.698871 21.766107 0.006566
2459874.191938 21.762052 0.006541
2459874.685006 21.776504 0.006629
2459875.188599 21.757254 0.006512
2459875.681666 21.768749 0.006582
2459876.174733 21.764060 0.006553
2459876.678327 21.768157 0.006578
2459877.171394 21.765308 0.006561
2459877.664461 21.766211 0.006566
2459878.168055 21.768053 0.006577
2459878.661122 21.763506 0.006550
2459879.154189 21.771049 0.006596
2459987.411250 21.768714 0.006581
2459987.904317 21.760462 0.006532
2459988.407910 21.762328 0.006543
2459988.900977 21.758805 0.006522
2459989.394044 21.774402 0.006616
2459989.897638 21.759840 0.006528
2459990.390705 21.765829 0.006564
2459990.883772 21.759150 0.006524
2459991.387366 21.779945 0.006650
2459991.880433 21.754915 0.006498
2459992.373500 21.763644 0.006551
2459992.877094 21.762675 0.006545
2459993.370161 21.774332 0.006615
2459993.863228 21.772026 0.006601
2459994.366821 21.765551 0.006562
2459994.859888 21.770003 0.006589
2459995.352956 21.766767 0.006570
2459995.856549 21.769062 0.006583
2459996.349616 21.771153 0.006596
2459996.842683 21.749156 0.006464
2459997.346277 21.770839 0.006594
2459997.839344 21.761533 0.006538
2459998.332411 21.770560 0.006593
2459998.836005 21.767462 0.006574
2459999.329072 21.764788 0.006558
2459999.822139 21.767914 0.006577
2460000.325732 21.767114 0.006572
2460000.818800 21.764025 0.006553
2460001.311867 21.771781 0.006600
2460001.815460 21.768088 0.006578
2460002.308527 21.766906 0.006570
2460002.801594 21.759564 0.006526
2460003.305188 21.771049 0.006596
2460003.798255 21.762052 0.006541
2460004.291322 21.773913 0.006613
2460004.794916 21.768053 0.006577
2460005.287983 21.764060 0.006553
2460005.781050 21.763540 0.006550
2460006.284644 21.766940 0.006571
2460006.777711 21.763921 0.006552
2460007.270778 21.760358 0.006531
2460007.774371 21.761498 0.006538
2460008.267438 21.755843 0.006504
2460008.760506 21.776819 0.006631
2460009.264099 21.770107 0.006590
2460009.757166 21.777661 0.006636
2460010.250233 21.766940 0.006571
2460010.753827 21.768505 0.006580
2460011.246894 21.762121 0.006542
2460011.739961 21.766906 0.006570
2460012.243555 21.765621 0.006563
2460012.736622 21.768227 0.006578
2460013.229689 21.774157 0.006614
2460013.733282 21.760185 0.006530
2460014.226350 21.776924 0.006631
2460014.719417 21.768296 0.006579
2460015.223010 21.775487 0.006623
2460015.716077 21.760565 0.006532
2460016.209144 21.769689 0.006587
2460016.712738 21.773738 0.006612
2460017.205805 21.768958 0.006583
2460017.698872 21.764199 0.006554
2460018.202466 21.767670 0.006575
2460018.695533 21.768749 0.006582
2460019.188600 21.773248 0.006609
2460019.692194 21.762917 0.006546
2460020.185261 21.772200 0.006603
2460020.678328 21.765794 0.006564
2460021.181921 21.775943 0.006625
2460021.674988 21.765725 0.006563
2460022.168056 21.774892 0.006619
2460022.671649 21.759564 0.006526
2460023.164716 21.780613 0.006654
2460023.657783 21.757667 0.006515
2460024.161377 21.761256 0.006536
2460024.654444 21.773913 0.006613
2460025.147511 21.762675 0.006545
2460025.651105 21.753609 0.006490
2460026.144172 21.770769 0.006594
2460026.637239 21.768679 0.006581
2460027.140832 21.768923 0.006583
2460027.633900 21.772026 0.006601
2460028.126967 21.762259 0.006542
2460028.630560 21.766315 0.006567
2460029.123627 21.765690 0.006563
2460029.616694 21.767427 0.006574
2460030.120288 21.767566 0.006574
2460030.613355 21.767601 0.006575
2460031.106422 21.776363 0.006628
2460031.610016 21.775032 0.006620
2460032.103083 21.775838 0.006625
2460032.596150 21.768122 0.006578
2460033.099744 21.759667 0.006527
2460033.592811 21.763402 0.006549
2460034.085878 21.762709 0.006545
2460034.589471 21.773493 0.006610
2460035.082538 21.770700 0.006593
2460035.575606 21.760393 0.006531
2460036.079199 21.769480 0.006586
2460036.572266 21.765655 0.006563
2460037.065333 21.758322 0.006519
2460037.568927 21.761222 0.006536
2460038.061994 21.763298 0.006549
2460038.555061 21.756462 0.006508
2460039.058655 21.763506 0.006550
2460039.551722 21.757771 0.006515
2460040.044789 21.775347 0.006622
2460040.548382 21.761775 0.006539
2460041.041450 21.761256 0.006536
2460041.534517 21.778258 0.006639
2460042.038110 21.760082 0.006529
2460042.531177 21.764961 0.006559
2460043.024244 21.770630 0.006593
2460043.527838 21.759667 0.006527
2460044.020905 21.763125 0.006548
2460044.513972 21.767705 0.006575
2460045.017566 21.763332 0.006549
2460045.510633 21.762848 0.006546
2460046.003700 21.757908 0.006516
2460046.507294 21.766176 0.006566
2460047.000361 21.758563 0.006520
2460047.493428 21.770735 0.006594
2460047.997021 21.754365 0.006495
2460048.490088 21.762156 0.006542
2460048.983156 21.772026 0.006601
2460049.486749 21.767914 0.006577
2460049.979816 21.760842 0.006534
2460050.472883 21.767114 0.006572
2460050.976477 21.761913 0.006540
2460051.469544 21.757529 0.006514
2460051.962611 21.765933 0.006565
2460052.466205 21.765586 0.006562
2460052.959272 21.752820 0.006486
2460053.452339 21.774227 0.006615
2460053.955932 21.771258 0.006597
2460054.449000 21.777801 0.006637
2460054.942067 21.773703 0.006612
2460055.445660 21.771293 0.006597
2460055.938727 21.766211 0.006566
2460056.431794 21.768331 0.006579
2460056.935388 21.755052 0.006499
2460057.428455 21.769271 0.006585
2460057.921522 21.770177 0.006590
2460058.425116 21.766107 0.006566
2460058.918183 21.766906 0.006570
