2458346.727899 21.938954 0.005800
2458347.220966 21.935683 0.005783
2458347.714033 21.941687 0.005815
2458348.217627 21.936990 0.005790
2458348.710694 21.936500 0.005787
2458349.203761 21.926199 0.005733
2458349.707355 21.937017 0.005790
2458350.200422 21.935057 0.005780
2458350.693489 21.931880 0.005763
2458351.197082 21.924124 0.005722
2458351.690150 21.938190 0.005796
2458352.183217 21.940237 0.005807
2458352.686810 21.933617 0.005772
2458353.179877 21.930525 0.005756
2458353.672944 21.932639 0.005767
2458354.176538 21.935220 0.005781
2458354.669605 21.944619 0.005831
2458355.162672 21.930118 0.005753
2458355.666266 21.936935 0.005790
2458356.159333 21.935628 0.005783
2458356.652400 21.923747 0.005720
2458357.155994 21.930443 0.005755
2458357.649061 21.932476 0.005766
2458358.142128 21.935411 0.005782
2458358.645721 21.932721 0.005767
2458359.138788 21.935275 0.005781
2458359.631856 21.942070 0.005817
2458360.135449 21.936581 0.005788
2458360.628516 21.931500 0.005761
2458361.121583 21.923909 0.005721
2458361.625177 21.925903 0.005731
2458362.118244 21.935683 0.005783
2458362.611311 21.943330 0.005824
2458363.114905 21.920146 0.005701
2458363.607972 21.926847 0.005736
2458364.101039 21.928576 0.005745
2458364.604632 21.929604 0.005751
2458365.097700 21.928495 0.005745
2458365.590767 21.926928 0.005737
2458366.094360 21.942398 0.005819
2458366.587427 21.929929 0.005752
2458367.080494 21.920978 0.005705
2458367.584088 21.943741 0.005826
2458368.077155 21.930470 0.005755
2458368.570222 21.935193 0.005780
2458369.073816 21.933264 0.005770
2458369.566883 21.934541 0.005777
2458370.059950 21.923882 0.005720
2458370.563544 21.933943 0.005774
2458371.056611 21.935628 0.005783
2458371.549678 21.927522 0.005740
2458372.053271 21.929550 0.005750
2458372.546338 21.938490 0.005798
2458373.039406 21.929144 0.005748
2458373.542999 21.927900 0.005742
2458374.036066 21.929388 0.005750
2458374.529133 21.930308 0.005754
2458375.032727 21.931229 0.005759
2458375.525794 21.920549 0.005703
2458376.018861 21.936200 0.005786
2458376.522455 21.934921 0.005779
2458377.015522 21.929333 0.005749
2458377.508589 21.927441 0.005739
2458378.012182 21.934704 0.005778
2458378.505250 21.929252 0.005749
2458378.998317 21.945882 0.005838
2458379.501910 21.928333 0.005744
2458379.994977 21.916691 0.005683
2458380.488044 21.922994 0.005716
2458380.991638 21.949156 0.005855
2458381.484705 21.931121 0.005759
2458381.977772 21.926415 0.005734
2458382.481366 21.929415 0.005750
2458382.974433 21.930768 0.005757
2458383.467500 21.923693 0.005719
2458383.971094 21.937644 0.005793
2458384.464161 21.937453 0.005792
2458384.957228 21.929252 0.005749
2458385.460821 21.928846 0.005747
2458385.953888 21.932015 0.005763
2458386.446956 21.935982 0.005785
2458386.950549 21.928928 0.005747
2458387.443616 21.941632 0.005815
2458387.936683 21.927171 0.005738
2458388.440277 21.929496 0.005750
2458388.933344 21.934867 0.005779
2458389.426411 21.938490 0.005798
2458389.930005 21.935084 0.005780
2458390.423072 21.933562 0.005772
2458390.916139 21.934649 0.005777
2458391.419732 21.936990 0.005790
2458391.912800 21.936581 0.005788
2458392.405867 21.928414 0.005744
2458392.909460 21.922026 0.005711
2458393.402527 21.933264 0.005770
2458393.895594 21.928008 0.005742
2458394.399188 21.930958 0.005758
2458394.892255 21.922698 0.005714
2458395.385322 21.934812 0.005778
2458395.888916 21.933454 0.005771
2458396.381983 21.939691 0.005804
2458396.875050 21.942316 0.005818
2458397.378644 21.938954 0.005800
2458397.871711 21.929225 0.005749
2458398.364778 21.936990 0.005790
2458398.868371 21.919235 0.005696
2458399.361438 21.942508 0.005819
2458399.854506 21.932124 0.005764
2458400.358099 21.924528 0.005724
2458400.851166 21.935492 0.005782
2458401.344233 21.922429 0.005713
2458401.847827 21.932748 0.005767
2458402.340894 21.938899 0.005800
2458402.833961 21.936963 0.005790
2458403.337555 21.929469 0.005750
2458403.830622 21.926766 0.005736
2458404.323689 21.936963 0.005790
2458404.827282 21.942974 0.005822
2458405.320350 21.929117 0.005748
2458405.813417 21.925256 0.005728
2458406.317010 21.918886 0.005694
2458406.810077 21.924501 0.005724
2458407.303144 21.933318 0.005770
2458407.806738 21.937262 0.005791
2458408.299805 21.909946 0.005648
2458408.792872 21.928819 0.005747
2458409.296466 21.934731 0.005778
2458409.789533 21.936037 0.005785
2458410.282600 21.934459 0.005776
2458410.786194 21.934758 0.005778
2458411.279261 21.929766 0.005752
2458411.772328 21.937453 0.005792
2458412.275921 21.934078 0.005774
2458412.768988 21.933780 0.005773
2458413.262056 21.926928 0.005737
2458413.765649 21.928630 0.005746
2458414.258716 21.933155 0.005770
2458414.751783 21.933807 0.005773
2458415.255377 21.934649 0.005777
2458415.748444 21.929929 0.005752
2458416.241511 21.927711 0.005741
2458416.745105 21.930714 0.005757
2458417.238172 21.927873 0.005742
2458417.731239 21.928360 0.005744
2458418.234832 21.930660 0.005756
2458526.481367 21.933481 0.005771
2458526.984960 21.939582 0.005804
2458527.478027 21.935710 0.005783
2458527.971094 21.937399 0.005792
2458528.474688 21.936255 0.005786
2458528.967755 21.929198 0.005749
2458529.460822 21.928171 0.005743
2458529.964416 21.934758 0.005778
2458530.457483 21.947889 0.005848
2458530.950550 21.925606 0.005730
2458531.454144 21.928846 0.005747
2458531.947211 21.931717 0.005762
2458532.440278 21.921354 0.005707
2458532.943871 21.942179 0.005818
2458533.436938 21.943412 0.005824
2458533.930006 21.928549 0.005745
2458534.433599 21.931825 0.005762
2458534.926666 21.926685 0.005735
2458535.419733 21.920334 0.005702
2458535.923327 21.947834 0.005848
2458536.416394 21.933046 0.005769
2458536.909461 21.933671 0.005772
2458537.413055 21.934078 0.005774
2458537.906122 21.916317 0.005681
2458538.399189 21.927927 0.005742
2458538.902782 21.931446 0.005760
2458539.395850 21.935356 0.005781
2458539.888917 21.936037 0.005785
2458540.392510 21.926739 0.005736
2458540.885577 21.934894 0.005779
2458541.378644 21.930064 0.005753
2458541.882238 21.915328 0.005676
2458542.375305 21.932124 0.005764
2458542.868372 21.934867 0.005779
2458543.371966 21.927603 0.005740
2458543.865033 21.930525 0.005756
2458544.358100 21.933046 0.005769
2458544.861694 21.932124 0.005764
2458545.354761 21.942289 0.005818
2458545.847828 21.928090 0.005743
2458546.351421 21.942919 0.005822
2458546.844488 21.929144 0.005748
2458547.337556 21.938380 0.005797
2458547.841149 21.930200 0.005754
2458548.334216 21.932286 0.005765
2458548.827283 21.936363 0.005787
2458549.330877 21.937617 0.005793
2458549.823944 21.927090 0.005737
2458550.317011 21.940128 0.005807
2458550.820605 21.931256 0.005759
2458551.313672 21.935139 0.005780
2458551.806739 21.929117 0.005748
2458552.310332 21.935248 0.005781
2458552.803400 21.926766 0.005736
2458553.296467 21.928955 0.005747
2458553.800060 21.934595 0.005777
2458554.293127 21.927522 0.005740
2458554.786194 21.941769 0.005816
2458555.289788 21.924609 0.005724
2458555.782855 21.935384 0.005781
2458556.275922 21.928387 0.005744
2458556.779516 21.941057 0.005812
2458557.272583 21.926092 0.005732
2458557.765650 21.931934 0.005763
2458558.269244 21.946266 0.005840
2458558.762311 21.938599 0.005799
2458559.255378 21.935465 0.005782
2458559.758971 21.938190 0.005796
2458560.252038 21.931256 0.005759
2458560.745106 21.925876 0.005731
2458561.248699 21.926253 0.005733
2458561.741766 21.929252 0.005749
2458562.234833 21.931554 0.005761
2458562.738427 21.930254 0.005754
2458563.231494 21.932286 0.005765
2458563.724561 21.926388 0.005734
2458564.228155 21.925876 0.005731
2458564.721222 21.932585 0.005767
2458565.214289 21.937535 0.005793
2458565.717882 21.932856 0.005768
2458566.210950 21.934432 0.005776
2458566.704017 21.938080 0.005796
2458567.207610 21.932721 0.005767
2458567.700677 21.940073 0.005806
2458568.193744 21.935329 0.005781
2458568.697338 21.937617 0.005793
2458569.190405 21.937835 0.005794
2458569.683472 21.930985 0.005758
2458570.187066 21.929063 0.005748
2458570.680133 21.932721 0.005767
2458571.173200 21.933291 0.005770
2458571.676794 21.929956 0.005753
2458572.169861 21.939254 0.005802
2458572.662928 21.935656 0.005783
2458573.166521 21.939254 0.005802
2458573.659588 21.941112 0.005812
2458574.152656 21.924259 0.005722
2458574.656249 21.923990 0.005721
2458575.149316 21.922080 0.005711
2458575.642383 21.921462 0.005708
2458576.145977 21.941687 0.005815
2458576.639044 21.930714 0.005757
2458577.132111 21.933426 0.005771
2458577.635705 21.927117 0.005738
2458578.128772 21.934459 0.005776
2458578.621839 21.935003 0.005779
2458579.125432 21.936363 0.005787
2458579.618500 21.932992 0.005769
2458580.111567 21.932639 0.005767
2458580.615160 21.935139 0.005780
2458581.108227 21.946486 0.005841
2458581.601294 21.935765 0.005783
2458582.104888 21.927549 0.005740
2458582.597955 21.934269 0.005775
2458583.091022 21.938162 0.005796
2458583.594616 21.921865 0.005710
2458584.087683 21.932612 0.005767
2458584.580750 21.928279 0.005744
2458585.084344 21.935465 0.005782
2458585.577411 21.935465 0.005782
2458586.070478 21.931365 0.005760
2458586.574071 21.936173 0.005786
2458587.067138 21.940647 0.005810
2458587.560206 21.929090 0.005748
2458588.063799 21.934214 0.005775
2458588.556866 21.923963 0.005721
2458589.049933 21.924932 0.005726
2458589.553527 21.934242 0.005775
2458590.046594 21.930606 0.005756
2458590.539661 21.937344 0.005792
2458591.043255 21.929279 0.005749
2458591.536322 21.937426 0.005792
2458592.029389 21.927090 0.005737
2458592.532982 21.930118 0.005753
2458593.026050 21.933834 0.005773
2458593.519117 21.926280 0.005733
2458594.022710 21.938217 0.005797
2458594.515777 21.928171 0.005743
2458595.008844 21.936554 0.005788
2458595.512438 21.931202 0.005759
2458596.005505 21.923532 0.005719
2458596.498572 21.929739 0.005751
2458597.002166 21.927306 0.005739
2458597.495233 21.929009 0.005748
2458597.988300 21.932585 0.005767
2458712.204272 21.928819 0.005747
2458712.697339 21.928063 0.005743
2458713.200932 21.930741 0.005757
2458713.694000 21.936010 0.005785
2458714.187067 21.940429 0.005808
2458714.690660 21.930850 0.005757
2458715.183727 21.927819 0.005741
2458715.676794 21.939336 0.005802
2458716.180388 21.931934 0.005763
2458716.673455 21.933997 0.005774
2458717.166522 21.930227 0.005754
2458717.670116 21.936010 0.005785
2458718.163183 21.938681 0.005799
2458718.656250 21.936418 0.005787
2458719.159844 21.933915 0.005774
2458719.652911 21.924528 0.005724
2458720.145978 21.928414 0.005744
2458720.649571 21.931039 0.005758
2458721.142638 21.946404 0.005840
2458721.635706 21.929279 0.005749
2458722.139299 21.936391 0.005787
2458722.632366 21.928387 0.005744
2458723.125433 21.930200 0.005754
2458723.629027 21.928576 0.005745
2458724.122094 21.946294 0.005840
2458724.615161 21.926712 0.005735
2458725.118755 21.938571 0.005798
2458725.611822 21.922644 0.005714
2458726.104889 21.925957 0.005731
2458726.608482 21.920468 0.005703
2458727.101550 21.927873 0.005742
2458727.594617 21.921892 0.005710
2458728.098210 21.935792 0.005784
2458728.591277 21.932721 0.005767
2458729.084344 21.924663 0.005725
2458729.587938 21.931690 0.005762
2458730.081005 21.944920 0.005832
2458730.574072 21.929279 0.005749
2458731.077666 21.930172 0.005754
2458731.570733 21.938981 0.005801
2458732.063800 21.929415 0.005750
2458732.567394 21.924986 0.005726
2458733.060461 21.929902 0.005752
2458733.553528 21.934704 0.005778
2458734.057121 21.937862 0.005795
2458734.550188 21.935166 0.005780
2458735.043256 21.930497 0.005755
2458735.546849 21.943302 0.005824
2458736.039916 21.940784 0.005810
2458736.532983 21.932124 0.005764
2458737.036577 21.938517 0.005798
2458737.529644 21.932395 0.005766
2458738.022711 21.924178 0.005722
2458738.526305 21.941167 0.005812
2458739.019372 21.942316 0.005818
2458739.512439 21.927792 0.005741
2458740.016032 21.922026 0.005711
2458740.509100 21.931663 0.005762
2458741.002167 21.929929 0.005752
2458741.505760 21.930118 0.005753
2458741.998827 21.938735 0.005799
2458742.491894 21.947449 0.005846
2458742.995488 21.923774 0.005720
2458743.488555 21.927819 0.005741
2458743.981622 21.926199 0.005733
2458744.485216 21.929658 0.005751
2458744.978283 21.944646 0.005831
2458745.471350 21.931744 0.005762
2458745.974944 21.934513 0.005777
2458746.468011 21.936554 0.005788
2458746.961078 21.930497 0.005755
2458747.464671 21.934214 0.005775
2458747.957738 21.935220 0.005781
2458748.450806 21.934377 0.005776
2458748.954399 21.934106 0.005775
2458749.447466 21.929902 0.005752
2458749.940533 21.928603 0.005745
2458750.444127 21.926577 0.005735
2458750.937194 21.925714 0.005730
2458751.430261 21.928036 0.005742
2458751.933855 21.934840 0.005779
2458752.426922 21.925579 0.005729
2458752.919989 21.928874 0.005747
2458753.423582 21.935765 0.005783
2458753.916650 21.931283 0.005760
2458754.409717 21.938762 0.005799
2458754.913310 21.936418 0.005787
2458755.406377 21.931365 0.005760
2458755.899444 21.932395 0.005766
2458756.403038 21.934676 0.005778
2458756.896105 21.931500 0.005761
2458757.389172 21.932639 0.005767
2458757.892766 21.933861 0.005773
2458758.385833 21.937072 0.005790
2458758.878900 21.933562 0.005772
2458759.382494 21.929469 0.005750
2458759.875561 21.930768 0.005757
2458760.368628 21.924420 0.005723
2458760.872221 21.937753 0.005794
2458761.365288 21.924447 0.005723
2458761.858356 21.928846 0.005747
2458762.361949 21.937481 0.005793
2458762.855016 21.940948 0.005811
2458763.348083 21.936282 0.005786
2458763.851677 21.930416 0.005755
2458764.344744 21.936718 0.005789
2458764.837811 21.924609 0.005724
2458765.341405 21.928468 0.005745
2458765.834472 21.925444 0.005729
2458766.327539 21.930606 0.005756
2458766.831132 21.923344 0.005718
2458767.324200 21.931771 0.005762
2458767.817267 21.929117 0.005748
2458768.320860 21.937699 0.005794
2458768.813927 21.934649 0.005777
2458769.306994 21.937481 0.005793
2458769.810588 21.928901 0.005747
2458770.303655 21.931581 0.005761
2458770.796722 21.932585 0.005767
2458771.300316 21.928036 0.005742
2458771.793383 21.928090 0.005743
2458772.286450 21.916665 0.005683
2458772.790044 21.939527 0.005804
2458773.283111 21.927414 0.005739
2458773.776178 21.949679 0.005858
2458774.279771 21.939964 0.005806
2458774.772838 21.933508 0.005771
2458775.265906 21.938162 0.005796
2458775.769499 21.935465 0.005782
2458776.262566 21.932531 0.005766
2458776.755633 21.929252 0.005749
2458777.259227 21.935601 0.005783
2458777.752294 21.933209 0.005770
2458778.245361 21.917788 0.005688
2458778.748955 21.928711 0.005746
2458779.242022 21.931446 0.005760
2458779.735089 21.938926 0.005800
2458780.238682 21.927090 0.005737
2458780.731750 21.931012 0.005758
2458781.224817 21.930470 0.005755
2458781.728410 21.932341 0.005765
2458782.221477 21.940374 0.005808
2458782.714544 21.932015 0.005763
2458783.218138 21.932802 0.005768
2458783.711205 21.931283 0.005760
2459622.427944 21.928738 0.005746
2459622.921011 21.939254 0.005802
2459623.424605 21.928684 0.005746
2459623.917672 21.929360 0.005749
2459624.410739 21.933128 0.005769
2459624.914332 21.929198 0.005749
2459625.407400 21.938190 0.005796
2459625.900467 21.923747 0.005720
2459626.404060 21.933589 0.005772
2459626.897127 21.934976 0.005779
2459627.390194 21.936935 0.005790
2459627.893788 21.928495 0.005745
2459628.386855 21.946596 0.005841
2459628.879922 21.922564 0.005714
2459629.383516 21.938244 0.005797
2459629.876583 21.922214 0.005712
2459630.369650 21.930335 0.005755
2459630.873244 21.926173 0.005733
2459631.366311 21.933209 0.005770
2459631.859378 21.934812 0.005778
2459632.362971 21.929604 0.005751
2459632.856038 21.928765 0.005746
2459633.349106 21.937671 0.005794
2459633.852699 21.924205 0.005722
2459634.345766 21.922510 0.005713
2459634.838833 21.935248 0.005781
2459635.342427 21.938762 0.005799
2459635.835494 21.938735 0.005799
2459636.328561 21.926982 0.005737
2459636.832155 21.925741 0.005730
2459637.325222 21.916344 0.005681
2459637.818289 21.937208 0.005791
2459638.321882 21.930335 0.005755
2459638.814950 21.936963 0.005790
2459639.308017 21.923128 0.005717
2459639.811610 21.931798 0.005762
2459640.304677 21.929063 0.005748
2459640.797744 21.934758 0.005778
2459641.301338 21.930687 0.005756
2459641.794405 21.930579 0.005756
2459642.287472 21.935765 0.005783
2459642.791066 21.935220 0.005781
2459643.284133 21.927441 0.005739
2459643.777200 21.941468 0.005814
2459644.280794 21.935003 0.005779
2459644.773861 21.929009 0.005748
2459645.266928 21.936118 0.005785
2459645.770521 21.936472 0.005787
2459646.263588 21.932286 0.005765
2459646.756656 21.929875 0.005752
2459647.260249 21.936200 0.005786
2459647.753316 21.930714 0.005757
2459648.246383 21.933752 0.005773
2459648.749977 21.919905 0.005700
2459649.243044 21.930118 0.005753
2459649.736111 21.930416 0.005755
2459650.239705 21.937399 0.005792
2459650.732772 21.935465 0.005782
2459651.225839 21.936772 0.005789
2459651.729432 21.934812 0.005778
2459652.222500 21.929306 0.005749
2459652.715567 21.933535 0.005772
2459653.219160 21.944125 0.005828
2459653.712227 21.936336 0.005786
2459654.205294 21.929306 0.005749
2459654.708888 21.932721 0.005767
2459655.201955 21.931608 0.005761
2459655.695022 21.937290 0.005792
2459656.198616 21.940565 0.005809
2459656.691683 21.918726 0.005693
2459657.184750 21.931527 0.005761
2459657.688344 21.930904 0.005758
2459658.181411 21.925121 0.005727
2459658.674478 21.934921 0.005779
2459659.178071 21.922375 0.005713
2459659.671138 21.929631 0.005751
2459660.164206 21.934622 0.005777
2459660.667799 21.925256 0.005728
2459661.160866 21.929360 0.005749
2459661.653933 21.931581 0.005761
2459662.157527 21.926793 0.005736
2459662.650594 21.925067 0.005727
2459663.143661 21.923478 0.005718
2459663.647255 21.934568 0.005777
2459664.140322 21.928549 0.005745
2459664.633389 21.936609 0.005788
2459665.136982 21.931825 0.005762
2459665.630050 21.940429 0.005808
2459666.123117 21.922134 0.005711
2459666.626710 21.929766 0.005752
2459667.119777 21.934731 0.005778
2459667.612844 21.931365 0.005760
2459668.116438 21.933426 0.005771
2459668.609505 21.934350 0.005776
2459669.102572 21.927792 0.005741
2459669.606166 21.933698 0.005772
2459670.099233 21.933834 0.005773
2459670.592300 21.943275 0.005824
2459671.095894 21.932341 0.005765
2459671.588961 21.934785 0.005778
2459672.082028 21.919476 0.005697
2459672.585621 21.925660 0.005730
2459673.078688 21.927684 0.005741
2459673.571756 21.933535 0.005772
2459674.075349 21.930281 0.005754
2459674.568416 21.923855 0.005720
2459675.061483 21.922940 0.005716
2459675.565077 21.934432 0.005776
2459676.058144 21.936010 0.005785
2459676.551211 21.930497 0.005755
2459677.054805 21.930958 0.005758
2459677.547872 21.936554 0.005788
2459678.040939 21.938053 0.005796
2459678.544532 21.929442 0.005750
2459679.037600 21.938762 0.005799
2459679.530667 21.939227 0.005802
2459680.034260 21.931039 0.005758
2459680.527327 21.931852 0.005763
2459681.020394 21.924771 0.005725
2459681.523988 21.938517 0.005798
2459682.017055 21.936963 0.005790
2459682.510122 21.936064 0.005785
2459683.013716 21.942837 0.005821
2459683.506783 21.938435 0.005798
2459683.999850 21.939827 0.005805
2459684.503444 21.923640 0.005719
2459684.996511 21.929739 0.005751
2459685.489578 21.917333 0.005686
2459685.993171 21.926280 0.005733
2459686.486238 21.932639 0.005767
2459686.979306 21.929929 0.005752
2459687.482899 21.938053 0.005796
2459687.975966 21.926955 0.005737
2459688.469033 21.928414 0.005744
2459688.972627 21.939636 0.005804
2459689.465694 21.937890 0.005795
2459689.958761 21.926011 0.005732
2459690.462355 21.920281 0.005702
2459690.955422 21.918190 0.005691
2459691.448489 21.925148 0.005727
2459691.952082 21.930850 0.005757
2459692.445150 21.915195 0.005675
2459692.938217 21.922295 0.005712
2459693.441810 21.938899 0.005800
2459693.934877 21.930606 0.005756
2459807.647256 21.939882 0.005805
2459808.150849 21.934242 0.005775
2459808.643916 21.927387 0.005739
2459809.136983 21.932124 0.005764
2459809.640577 21.938053 0.005796
2459810.133644 21.934214 0.005775
2459810.626711 21.930741 0.005757
2459811.130305 21.929415 0.005750
2459811.623372 21.925148 0.005727
2459812.116439 21.936908 0.005790
2459812.620032 21.845484 0.005538
2459813.113100 21.589293 0.004893
2459813.606167 21.594369 0.004916
2459814.109760 21.598470 0.004935
2459814.602827 21.592125 0.004906
2459815.095894 21.585423 0.004876
2459815.599488 21.579938 0.004851
2459816.092555 21.592522 0.004908
2459816.585622 21.594389 0.004916
2459817.089216 21.602788 0.004955
2459817.582283 21.586389 0.004880
2459818.075350 21.593812 0.004914
2459818.578944 21.593852 0.004914
2459819.072011 21.592661 0.004909
2459819.565078 21.594607 0.004917
2459820.068671 21.592165 0.004906
2459820.561738 21.590362 0.004898
2459821.054806 21.592562 0.004908
2459821.558399 21.592185 0.004906
2459822.051466 21.591610 0.004904
2459822.544533 21.599029 0.004937
2459823.048127 21.591154 0.004902
2459823.541194 21.590184 0.004897
2459824.034261 21.594607 0.004917
2459824.537855 21.591233 0.004902
2459825.030922 21.603569 0.004958
2459825.523989 21.590263 0.004898
2459826.027582 21.591491 0.004903
2459826.520650 21.591352 0.004903
2459827.013717 21.595701 0.004922
2459827.517310 21.588127 0.004888
2459828.010377 21.600347 0.004943
2459828.503444 21.601787 0.004950
2459829.007038 21.595840 0.004923
2459829.500105 21.589689 0.004895
2459829.993172 21.590560 0.004899
2459830.496766 21.590045 0.004897
2459830.989833 21.598391 0.004935
2459831.482900 21.593237 0.004911
2459831.986494 21.593753 0.004913
2459832.479561 21.588897 0.004892
2459832.972628 21.592820 0.004909
2459833.476221 21.587415 0.004885
2459833.969288 21.592363 0.004907
2459834.462356 21.583867 0.004869
2459834.965949 21.593554 0.004913
2459835.459016 21.596039 0.004924
2459835.952083 21.588443 0.004890
2459836.455677 21.608934 0.004962
2459836.948744 21.613819 0.004951
2459837.441811 21.630045 0.004993
2459837.945405 21.646558 0.005037
2459838.438472 21.658067 0.005061
2459838.931539 21.676622 0.005118
2459839.435132 21.679713 0.005104
2459839.928200 21.702898 0.005187
2459840.421267 21.699127 0.005143
2459840.924860 21.721840 0.005225
2459841.417927 21.738460 0.005281
2459841.910994 21.736216 0.005247
2459842.414588 21.758247 0.005331
2459842.907655 21.760398 0.005320
2459843.400722 21.764365 0.005319
2459843.904316 21.768930 0.005321
2459844.397383 21.774523 0.005329
2459844.890450 21.789214 0.005384
2459845.394044 21.790261 0.005371
2459845.887111 21.795247 0.005379
2459846.380178 21.806641 0.005420
2459846.883771 21.813647 0.005439
2459847.376838 21.818400 0.005448
2459847.869906 21.822733 0.005456
2459848.373499 21.831993 0.005489
2459848.866566 21.841334 0.005523
2459849.359633 21.835189 0.005480
2459849.863227 21.845834 0.005522
2459850.356294 21.842407 0.005493
2459850.849361 21.860793 0.005576
2459851.352955 21.875343 0.005641
2459851.846022 21.873568 0.005622
2459852.339089 21.869131 0.005590
2459852.842682 21.873054 0.005601
2459853.335750 21.870206 0.005578
2459853.828817 21.882627 0.005634
2459854.332410 21.895374 0.005692
2459854.825477 21.886963 0.005641
2459855.318544 21.894326 0.005672
2459855.822138 21.891317 0.005650
2459856.315205 21.902900 0.005704
2459856.808272 21.898894 0.005677
2459857.311866 21.897343 0.005663
2459857.804933 21.906047 0.005703
2459858.298000 21.909176 0.005714
2459858.801594 21.915221 0.005741
2459859.294661 21.911382 0.005716
2459859.787728 21.911542 0.005712
2459860.291321 21.910611 0.005703
2459860.784388 21.915622 0.005725
2459861.277456 21.909309 0.005688
2459861.781049 21.923021 0.005757
2459862.274116 21.907027 0.005669
2459862.767183 21.915195 0.005709
2459863.270777 21.910771 0.005682
2459863.763844 21.919851 0.005727
2459864.256911 21.919825 0.005724
2459864.760505 21.923451 0.005740
2459865.253572 21.927144 0.005757
2459865.746639 21.919101 0.005712
2459866.250232 21.932314 0.005780
2459866.743300 21.929063 0.005760
2459867.236367 21.932286 0.005775
2459867.739960 21.926173 0.005741
2459868.233027 21.926874 0.005743
2459868.726094 21.930335 0.005759
2459869.229688 21.926577 0.005738
2459869.722755 21.933698 0.005774
2459870.215822 21.929739 0.005751
2459870.719416 21.925714 0.005730
2459871.212483 21.931771 0.005762
2459871.705550 21.934812 0.005778
2459872.209144 21.928090 0.005743
2459872.702211 21.924367 0.005723
2459873.195278 21.929793 0.005752
2459873.698871 21.931988 0.005763
2459874.191938 21.928333 0.005744
2459874.685006 21.933807 0.005773
2459875.188599 21.931419 0.005760
2459875.681666 21.930335 0.005755
2459876.174733 21.932395 0.005766
2459876.678327 21.921193 0.005706
2459877.171394 21.929496 0.005750
2459877.664461 21.921596 0.005708
2459878.168055 21.925930 0.005731
2459878.661122 21.933399 0.005771
2459879.154189 21.942152 0.005818
2459987.411250 21.926550 0.005735
2459987.904317 21.923559 0.005719
2459988.407910 21.934377 0.005776
2459988.900977 21.923317 0.005718
2459989.394044 21.939827 0.005805
2459989.897638 21.931039 0.005758
2459990.390705 21.936990 0.005790
2459990.883772 21.935411 0.005782
2459991.387366 21.933481 0.005771
2459991.880433 21.929929 0.005752
2459992.373500 21.942508 0.005819
2459992.877094 21.931256 0.005759
2459993.370161 21.931446 0.005760
2459993.863228 21.935982 0.005785
2459994.366821 21.932504 0.005766
2459994.859888 21.934948 0.005779
2459995.352956 21.928117 0.005743
2459995.856549 21.933617 0.005772
2459996.349616 21.928117 0.005743
2459996.842683 21.935955 0.005784
2459997.346277 21.927657 0.005740
2459997.839344 21.931365 0.005760
2459998.332411 21.926901 0.005736
2459998.836005 21.954847 0.005886
2459999.329072 21.940183 0.005807
2459999.822139 21.928738 0.005746
2460000.325732 21.935438 0.005782
2460000.818800 21.930687 0.005756
2460001.311867 21.932314 0.005765
2460001.815460 21.933508 0.005771
2460002.308527 21.924420 0.005723
2460002.801594 21.929929 0.005752
2460003.305188 21.929739 0.005751
2460003.798255 21.927981 0.005742
2460004.291322 21.942097 0.005817
2460004.794916 21.931392 0.005760
2460005.287983 21.923424 0.005718
2460005.781050 21.935928 0.005784
2460006.284644 21.935710 0.005783
2460006.777711 21.930904 0.005758
2460007.270778 21.927468 0.005739
2460007.774371 21.933943 0.005774
2460008.267438 21.937372 0.005792
2460008.760506 21.920120 0.005701
2460009.264099 21.919262 0.005696
2460009.757166 21.934704 0.005778
2460010.250233 21.928955 0.005747
2460010.753827 21.941085 0.005812
2460011.246894 21.933372 0.005771
2460011.739961 21.919583 0.005698
2460012.243555 21.926415 0.005734
2460012.736622 21.940593 0.005809
2460013.229689 21.941468 0.005814
2460013.733282 21.929063 0.005748
2460014.226350 21.924744 0.005725
2460014.719417 21.920120 0.005701
2460015.223010 21.925849 0.005731
2460015.716077 21.932151 0.005764
2460016.209144 21.925957 0.005731
2460016.712738 21.938681 0.005799
2460017.205805 21.937099 0.005791
2460017.698872 21.942672 0.005820
2460018.202466 21.924205 0.005722
2460018.695533 21.927981 0.005742
2460019.188600 21.935628 0.005783
2460019.692194 21.926146 0.005732
2460020.185261 21.935982 0.005785
2460020.678328 21.926874 0.005736
2460021.181921 21.925687 0.005730
2460021.674988 21.927441 0.005739
2460022.168056 21.928333 0.005744
2460022.671649 21.939308 0.005802
2460023.164716 21.929523 0.005750
2460023.657783 21.934242 0.005775
2460024.161377 21.939090 0.005801
2460024.654444 21.954431 0.005884
2460025.147511 21.934812 0.005778
2460025.651105 21.941522 0.005814
2460026.144172 21.936418 0.005787
2460026.637239 21.925768 0.005730
2460027.140832 21.935765 0.005783
2460027.633900 21.943933 0.005827
2460028.126967 21.934894 0.005779
2460028.630560 21.926712 0.005735
2460029.123627 21.934649 0.005777
2460029.616694 21.934024 0.005774
2460030.120288 21.935411 0.005782
2460030.613355 21.931202 0.005759
2460031.106422 21.937372 0.005792
2460031.610016 21.939937 0.005806
2460032.103083 21.925229 0.005728
2460032.596150 21.940292 0.005808
2460033.099744 21.929360 0.005749
2460033.592811 21.932748 0.005767
2460034.085878 21.925202 0.005727
2460034.589471 21.927765 0.005741
2460035.082538 21.938408 0.005798
2460035.575606 21.935547 0.005782
2460036.079199 21.933209 0.005770
2460036.572266 21.922107 0.005711
2460037.065333 21.926253 0.005733
2460037.568927 21.927846 0.005741
2460038.061994 21.941003 0.005811
2460038.555061 21.925525 0.005729
2460039.058655 21.936146 0.005785
2460039.551722 21.923936 0.005721
2460040.044789 21.934459 0.005776
2460040.548382 21.929036 0.005748
2460041.041450 21.930281 0.005754
2460041.534517 21.919422 0.005697
2460042.038110 21.922295 0.005712
2460042.531177 21.938571 0.005798
2460043.024244 21.934948 0.005779
2460043.527838 21.943494 0.005825
2460044.020905 21.934622 0.005777
2460044.513972 21.932232 0.005765
2460045.017566 21.931121 0.005759
2460045.510633 21.931121 0.005759
2460046.003700 21.936690 0.005788
2460046.507294 21.925040 0.005727
2460047.000361 21.934242 0.005775
2460047.493428 21.929821 0.005752
2460047.997021 21.946046 0.005838
2460048.490088 21.922564 0.005714
2460048.983156 21.945936 0.005838
2460049.486749 21.937780 0.005794
2460049.979816 21.924986 0.005726
2460050.472883 21.935846 0.005784
2460050.976477 21.940702 0.005810
2460051.469544 21.931175 0.005759
2460051.962611 21.931419 0.005760
2460052.466205 21.925067 0.005727
2460052.959272 21.916905 0.005684
2460053.452339 21.923209 0.005717
2460053.955932 21.936282 0.005786
2460054.449000 21.935492 0.005782
2460054.942067 21.935329 0.005781
2460055.445660 21.925984 0.005732
2460055.938727 21.940101 0.005807
2460056.431794 21.926766 0.005736
2460056.935388 21.935465 0.005782
2460057.428455 21.933046 0.005769
2460057.921522 21.938626 0.005799
2460058.425116 21.933454 0.005771
2460058.918183 21.924636 0.005724
