2458346.727899 23.132419 0.011516
2458347.220966 23.130277 0.011494
2458347.714033 23.140467 0.011602
2458348.217627 23.121657 0.011403
2458348.710694 23.129161 0.011482
2458349.203761 23.160278 0.011816
2458349.707355 23.123320 0.011420
2458350.200422 23.148765 0.011691
2458350.693489 23.152178 0.011728
2458351.197082 23.127396 0.011463
2458351.690150 23.160278 0.011816
2458352.183217 23.142912 0.011628
2458352.686810 23.116867 0.011353
2458353.179877 23.151893 0.011725
2458353.672944 23.116316 0.011347
2458354.176538 23.145174 0.011653
2458354.669605 23.163823 0.011854
2458355.162672 23.134005 0.011533
2458355.666266 23.123228 0.011419
2458356.159333 23.122119 0.011408
2458356.652400 23.144420 0.011644
2458357.155994 23.120273 0.011388
2458357.649061 23.150280 0.011707
2458358.142128 23.144797 0.011648
2458358.645721 23.130184 0.011493
2458359.138788 23.150470 0.011710
2458359.631856 23.133352 0.011526
2458360.135449 23.147346 0.011676
2458360.628516 23.123690 0.011424
2458361.121583 23.137747 0.011573
2458361.625177 23.112556 0.011308
2458362.118244 23.122119 0.011408
2458362.611311 23.142442 0.011623
2458363.114905 23.148102 0.011684
2458363.607972 23.140373 0.011601
2458364.101039 23.153983 0.011747
2458364.604632 23.118523 0.011370
2458365.097700 23.153317 0.011740
2458365.590767 23.140467 0.011602
2458366.094360 23.129719 0.011488
2458366.587427 23.130463 0.011496
2458367.080494 23.139341 0.011590
2458367.584088 23.155125 0.011760
2458368.077155 23.145174 0.011653
2458368.570222 23.124986 0.011438
2458369.073816 23.155315 0.011762
2458369.566883 23.139247 0.011589
2458370.059950 23.150659 0.011712
2458370.563544 23.133072 0.011523
2458371.056611 23.120642 0.011392
2458371.549678 23.148386 0.011687
2458372.053271 23.131860 0.011511
2458372.546338 23.135126 0.011545
2458373.039406 23.130184 0.011493
2458373.542999 23.156745 0.011777
2458374.036066 23.134939 0.011543
2458374.529133 23.134659 0.011540
2458375.032727 23.132233 0.011514
2458375.525794 23.172979 0.011955
2458376.018861 23.127303 0.011462
2458376.522455 23.122581 0.011413
2458377.015522 23.136249 0.011557
2458377.508589 23.153888 0.011746
2458378.012182 23.139153 0.011588
2458378.505250 23.143383 0.011633
2458378.998317 23.154554 0.011754
2458379.501910 23.133819 0.011531
2458379.994977 23.130835 0.011500
2458380.488044 23.127489 0.011464
2458380.991638 23.161235 0.011826
2458381.484705 23.154078 0.011748
2458381.977772 23.144985 0.011651
2458382.481366 23.148008 0.011683
2458382.974433 23.118707 0.011372
2458383.467500 23.134659 0.011540
2458383.971094 23.143571 0.011635
2458384.464161 23.155220 0.011761
2458384.957228 23.122673 0.011414
2458385.460821 23.135781 0.011552
2458385.953888 23.136529 0.011560
2458386.446956 23.146401 0.011666
2458386.950549 23.136529 0.011560
2458387.443616 23.143948 0.011639
2458387.936683 23.133352 0.011526
2458388.440277 23.136810 0.011563
2458388.933344 23.133632 0.011529
2458389.426411 23.128325 0.011473
2458389.930005 23.121288 0.011399
2458390.423072 23.127396 0.011463
2458390.916139 23.155887 0.011768
2458391.419732 23.133445 0.011527
2458391.912800 23.134192 0.011535
2458392.405867 23.137372 0.011569
2458392.909460 23.147819 0.011681
2458393.402527 23.134286 0.011536
2458393.895594 23.155125 0.011760
2458394.399188 23.145457 0.011656
2458394.892255 23.143666 0.011636
2458395.385322 23.155506 0.011764
2458395.888916 23.146590 0.011668
2458396.381983 23.127675 0.011466
2458396.875050 23.156077 0.011770
2458397.378644 23.127210 0.011461
2458397.871711 23.120458 0.011390
2458398.364778 23.138684 0.011583
2458398.868371 23.134472 0.011538
2458399.361438 23.127675 0.011466
2458399.854506 23.132326 0.011515
2458400.358099 23.129347 0.011484
2458400.851166 23.136155 0.011556
2458401.344233 23.141595 0.011614
2458401.847827 23.138028 0.011576
2458402.340894 23.140843 0.011606
2458402.833961 23.136997 0.011565
2458403.337555 23.147440 0.011677
2458403.830622 23.135313 0.011547
2458404.323689 23.137840 0.011574
2458404.827282 23.152842 0.011735
2458405.320350 23.132233 0.011514
2458405.813417 23.124338 0.011431
2458406.317010 23.139622 0.011593
2458406.810077 23.140843 0.011606
2458407.303144 23.151323 0.011719
2458407.806738 23.120458 0.011390
2458408.299805 23.135126 0.011545
2458408.792872 23.153032 0.011737
2458409.296466 23.167958 0.011900
2458409.789533 23.123413 0.011421
2458410.282600 23.132512 0.011517
2458410.786194 23.108992 0.011271
2458411.279261 23.141689 0.011615
2458411.772328 23.139528 0.011592
2458412.275921 23.128325 0.011473
2458412.768988 23.155792 0.011767
2458413.262056 23.150849 0.011714
2458413.765649 23.139059 0.011587
2458414.258716 23.133632 0.011529
2458414.751783 23.127396 0.011463
2458415.255377 23.144420 0.011644
2458415.748444 23.139904 0.011596
2458416.241511 23.153888 0.011746
2458416.745105 23.153698 0.011744
2458417.238172 23.137653 0.011572
2458417.731239 23.124986 0.011438
2458418.234832 23.132606 0.011518
2458526.481367 23.144137 0.011641
2458526.984960 23.117879 0.011363
2458527.478027 23.149996 0.011704
2458527.971094 23.116959 0.011354
2458528.474688 23.135781 0.011552
2458528.967755 23.151893 0.011725
2458529.460822 23.142630 0.011625
2458529.964416 23.137091 0.011566
2458530.457483 23.123875 0.011426
2458530.950550 23.150849 0.011714
2458531.454144 23.107624 0.011256
2458531.947211 23.128325 0.011473
2458532.440278 23.146590 0.011668
2458532.943871 23.127675 0.011466
2458533.436938 23.141689 0.011615
2458533.930006 23.138872 0.011585
2458534.433599 23.127582 0.011465
2458534.926666 23.165648 0.011874
2458535.419733 23.141125 0.011609
2458535.923327 23.148008 0.011683
2458536.416394 23.133165 0.011524
2458536.909461 23.155696 0.011766
2458537.413055 23.126468 0.011453
2458537.906122 23.150470 0.011710
2458538.399189 23.141219 0.011610
2458538.902782 23.144985 0.011651
2458539.395850 23.158367 0.011795
2458539.888917 23.113380 0.011316
2458540.392510 23.136249 0.011557
2458540.885577 23.148102 0.011684
2458541.378644 23.118339 0.011368
2458541.882238 23.139153 0.011588
2458542.375305 23.139904 0.011596
2458542.868372 23.146495 0.011667
2458543.371966 23.138497 0.011581
2458543.865033 23.155315 0.011762
2458544.358100 23.146873 0.011671
2458544.861694 23.107806 0.011258
2458545.354761 23.125264 0.011441
2458545.847828 23.134099 0.011534
2458546.351421 23.146873 0.011671
2458546.844488 23.117511 0.011359
2458547.337556 23.136062 0.011555
2458547.841149 23.143006 0.011629
2458548.334216 23.143195 0.011631
2458548.827283 23.124245 0.011430
2458549.330877 23.127489 0.011464
2458549.823944 23.152652 0.011733
2458550.317011 23.154078 0.011748
2458550.820605 23.136062 0.011555
2458551.313672 23.147440 0.011677
2458551.806739 23.148670 0.011690
2458552.310332 23.147630 0.011679
2458552.803400 23.140092 0.011598
2458553.296467 23.141595 0.011614
2458553.800060 23.150944 0.011715
2458554.293127 23.136342 0.011558
2458554.786194 23.157794 0.011789
2458555.289788 23.159991 0.011813
2458555.782855 23.150091 0.011705
2458556.275922 23.147913 0.011682
2458556.779516 23.143101 0.011630
2458557.272583 23.135874 0.011553
2458557.765650 23.137091 0.011566
2458558.269244 23.153888 0.011746
2458558.762311 23.123043 0.011417
2458559.255378 23.144325 0.011643
2458559.758971 23.139716 0.011594
2458560.252038 23.125264 0.011441
2458560.745106 23.133165 0.011524
2458561.248699 23.131208 0.011504
2458561.741766 23.122858 0.011415
2458562.234833 23.153983 0.011747
2458562.738427 23.141971 0.011618
2458563.231494 23.130649 0.011498
2458563.724561 23.128325 0.011473
2458564.228155 23.134939 0.011543
2458564.721222 23.148292 0.011686
2458565.214289 23.113380 0.011316
2458565.717882 23.145268 0.011654
2458566.210950 23.125541 0.011444
2458566.704017 23.148008 0.011683
2458567.207610 23.138215 0.011578
2458567.700677 23.128696 0.011477
2458568.193744 23.141595 0.011614
2458568.697338 23.129533 0.011486
2458569.190405 23.133912 0.011532
2458569.683472 23.147535 0.011678
2458570.187066 23.140843 0.011606
2458570.680133 23.137840 0.011574
2458571.173200 23.128046 0.011470
2458571.676794 23.137185 0.011567
2458572.169861 23.112465 0.011307
2458572.662928 23.132606 0.011518
2458573.166521 23.130463 0.011496
2458573.659588 23.126839 0.011457
2458574.152656 23.155601 0.011765
2458574.656249 23.150944 0.011715
2458575.149316 23.148481 0.011688
2458575.642383 23.151418 0.011720
2458576.145977 23.127489 0.011464
2458576.639044 23.153317 0.011740
2458577.132111 23.147062 0.011673
2458577.635705 23.128046 0.011470
2458578.128772 23.139247 0.011589
2458578.621839 23.136155 0.011556
2458579.125432 23.143477 0.011634
2458579.618500 23.120735 0.011393
2458580.111567 23.134192 0.011535
2458580.615160 23.133165 0.011524
2458581.108227 23.163440 0.011850
2458581.601294 23.117327 0.011357
2458582.104888 23.144985 0.011651
2458582.597955 23.127396 0.011463
2458583.091022 23.136436 0.011559
2458583.594616 23.123135 0.011418
2458584.087683 23.112373 0.011306
2458584.580750 23.136997 0.011565
2458585.084344 23.121657 0.011403
2458585.577411 23.146779 0.011670
2458586.070478 23.131953 0.011511
2458586.574071 23.154554 0.011754
2458587.067138 23.123968 0.011427
2458587.560206 23.134192 0.011535
2458588.063799 23.117051 0.011355
2458588.556866 23.137559 0.011571
2458589.049933 23.121842 0.011405
2458589.553527 23.140186 0.011599
2458590.046594 23.132606 0.011518
2458590.539661 23.145080 0.011652
2458591.043255 23.128789 0.011478
2458591.536322 23.154173 0.011750
2458592.029389 23.160948 0.011823
2458592.532982 23.137278 0.011568
2458593.026050 23.144042 0.011640
2458593.519117 23.134939 0.011543
2458594.022710 23.136717 0.011562
2458594.515777 23.143101 0.011630
2458595.008844 23.138778 0.011584
2458595.512438 23.160757 0.011821
2458596.005505 23.132885 0.011521
2458596.498572 23.135126 0.011545
2458597.002166 23.143948 0.011639
2458597.495233 23.150375 0.011708
2458597.988300 23.134379 0.011537
2458712.204272 23.133165 0.011524
2458712.697339 23.130184 0.011493
2458713.200932 23.137934 0.011575
2458713.694000 23.145174 0.011653
2458714.187067 23.143760 0.011637
2458714.690660 23.113106 0.011313
2458715.183727 23.125634 0.011445
2458715.676794 23.132885 0.011521
2458716.180388 23.148386 0.011687
2458716.673455 23.151608 0.011722
2458717.166522 23.117879 0.011363
2458717.670116 23.126283 0.011452
2458718.163183 23.126376 0.011453
2458718.656250 23.167958 0.011900
2458719.159844 23.140843 0.011606
2458719.652911 23.137840 0.011574
2458720.145978 23.144514 0.011645
2458720.649571 23.151608 0.011722
2458721.142638 23.143289 0.011632
2458721.635706 23.131301 0.011505
2458722.139299 23.127767 0.011467
2458722.632366 23.128139 0.011471
2458723.125433 23.159418 0.011806
2458723.629027 23.124430 0.011432
2458724.122094 23.144608 0.011646
2458724.615161 23.138965 0.011586
2458725.118755 23.148008 0.011683
2458725.611822 23.127489 0.011464
2458726.104889 23.149806 0.011702
2458726.608482 23.133165 0.011524
2458727.101550 23.121196 0.011398
2458727.594617 23.130835 0.011500
2458728.098210 23.143854 0.011638
2458728.591277 23.120735 0.011393
2458729.084344 23.130556 0.011497
2458729.587938 23.133352 0.011526
2458730.081005 23.141125 0.011609
2458730.574072 23.141125 0.011609
2458731.077666 23.142724 0.011626
2458731.570733 23.131953 0.011511
2458732.063800 23.137372 0.011569
2458732.567394 23.138684 0.011583
2458733.060461 23.144042 0.011640
2458733.553528 23.142159 0.011620
2458734.057121 23.139716 0.011594
2458734.550188 23.124708 0.011435
2458735.043256 23.142253 0.011621
2458735.546849 23.113014 0.011312
2458736.039916 23.127767 0.011467
2458736.532983 23.158940 0.011801
2458737.036577 23.151513 0.011721
2458737.529644 23.136810 0.011563
2458738.022711 23.153508 0.011742
2458738.526305 23.126190 0.011451
2458739.019372 23.115398 0.011337
2458739.512439 23.138215 0.011578
2458740.016032 23.121288 0.011399
2458740.509100 23.160757 0.011821
2458741.002167 23.131767 0.011510
2458741.505760 23.131580 0.011508
2458741.998827 23.145929 0.011661
2458742.491894 23.157508 0.011786
2458742.995488 23.139904 0.011596
2458743.488555 23.134379 0.011537
2458743.981622 23.132606 0.011518
2458744.485216 23.120273 0.011388
2458744.978283 23.139341 0.011590
2458745.471350 23.146590 0.011668
2458745.974944 23.133725 0.011530
2458746.468011 23.142159 0.011620
2458746.961078 23.118891 0.011374
2458747.464671 23.136342 0.011558
2458747.957738 23.133165 0.011524
2458748.450806 23.128603 0.011476
2458748.954399 23.143195 0.011631
2458749.447466 23.132792 0.011520
2458749.940533 23.117143 0.011356
2458750.444127 23.132699 0.011519
2458750.937194 23.139810 0.011595
2458751.430261 23.144042 0.011640
2458751.933855 23.133539 0.011528
2458752.426922 23.138309 0.011579
2458752.919989 23.140373 0.011601
2458753.423582 23.142536 0.011624
2458753.916650 23.144702 0.011647
2458754.409717 23.126747 0.011456
2458754.913310 23.147251 0.011675
2458755.406377 23.145646 0.011658
2458755.899444 23.113380 0.011316
2458756.403038 23.148386 0.011687
2458756.896105 23.134939 0.011543
2458757.389172 23.131674 0.011509
2458757.892766 23.150470 0.011710
2458758.385833 23.153222 0.011739
2458758.878900 23.144231 0.011642
2458759.382494 23.119168 0.011377
2458759.875561 23.112099 0.011303
2458760.368628 23.146779 0.011670
2458760.872221 23.129254 0.011483
2458761.365288 23.139716 0.011594
2458761.858356 23.142253 0.011621
2458762.361949 23.143477 0.011634
2458762.855016 23.148292 0.011686
2458763.348083 23.143006 0.011629
2458763.851677 23.136249 0.011557
2458764.344744 23.131301 0.011505
2458764.837811 23.137466 0.011570
2458765.341405 23.130835 0.011500
2458765.834472 23.130184 0.011493
2458766.327539 23.130184 0.011493
2458766.831132 23.148292 0.011686
2458767.324200 23.158271 0.011794
2458767.817267 23.143666 0.011636
2458768.320860 23.149238 0.011696
2458768.813927 23.144797 0.011648
2458769.306994 23.138684 0.011583
2458769.810588 23.150754 0.011713
2458770.303655 23.132512 0.011517
2458770.796722 23.137747 0.011573
2458771.300316 23.133072 0.011523
2458771.793383 23.135220 0.011546
2458772.286450 23.149712 0.011701
2458772.790044 23.147535 0.011678
2458773.283111 23.126561 0.011454
2458773.776178 23.143289 0.011632
2458774.279771 23.143760 0.011637
2458774.772838 23.144420 0.011644
2458775.265906 23.128325 0.011473
2458775.769499 23.131953 0.011511
2458776.262566 23.141971 0.011618
2458776.755633 23.153317 0.011740
2458777.259227 23.123228 0.011419
2458777.752294 23.135033 0.011544
2458778.245361 23.139622 0.011593
2458778.748955 23.140373 0.011601
2458779.242022 23.132792 0.011520
2458779.735089 23.148765 0.011691
2458780.238682 23.145835 0.011660
2458780.731750 23.131953 0.011511
2458781.224817 23.136155 0.011556
2458781.728410 23.148859 0.011692
2458782.221477 23.151703 0.011723
2458782.714544 23.141877 0.011617
2458783.218138 23.137840 0.011574
2458783.711205 23.153698 0.011744
2459622.427944 23.129998 0.011491
2459622.921011 23.131487 0.011507
2459623.424605 23.128232 0.011472
2459623.917672 23.154935 0.011758
2459624.410739 23.126839 0.011457
2459624.914332 23.136249 0.011557
2459625.407400 23.135033 0.011544
2459625.900467 23.129998 0.011491
2459626.404060 23.138215 0.011578
2459626.897127 23.132512 0.011517
2459627.390194 23.148859 0.011692
2459627.893788 23.146118 0.011663
2459628.386855 23.138309 0.011579
2459628.879922 23.139341 0.011590
2459629.383516 23.133072 0.011523
2459629.876583 23.168536 0.011906
2459630.369650 23.131394 0.011506
2459630.873244 23.133072 0.011523
2459631.366311 23.119628 0.011382
2459631.859378 23.129533 0.011486
2459632.362971 23.139810 0.011595
2459632.856038 23.150280 0.011707
2459633.349106 23.141031 0.011608
2459633.852699 23.147913 0.011682
2459634.345766 23.131208 0.011504
2459634.838833 23.154839 0.011757
2459635.342427 23.117787 0.011362
2459635.835494 23.131115 0.011503
2459636.328561 23.132233 0.011514
2459636.832155 23.142630 0.011625
2459637.325222 23.141595 0.011614
2459637.818289 23.141313 0.011611
2459638.321882 23.138403 0.011580
2459638.814950 23.155125 0.011760
2459639.308017 23.155601 0.011765
2459639.811610 23.115581 0.011339
2459640.304677 23.143760 0.011637
2459640.797744 23.151513 0.011721
2459641.301338 23.144797 0.011648
2459641.794405 23.128789 0.011478
2459642.287472 23.158176 0.011793
2459642.791066 23.144420 0.011644
2459643.284133 23.153413 0.011741
2459643.777200 23.130928 0.011501
2459644.280794 23.144514 0.011645
2459644.773861 23.139810 0.011595
2459645.266928 23.119260 0.011378
2459645.770521 23.134472 0.011538
2459646.263588 23.137091 0.011566
2459646.756656 23.136810 0.011563
2459647.260249 23.120735 0.011393
2459647.753316 23.132512 0.011517
2459648.246383 23.145457 0.011656
2459648.749977 23.153317 0.011740
2459649.243044 23.148670 0.011690
2459649.736111 23.148197 0.011685
2459650.239705 23.156077 0.011770
2459650.732772 23.148481 0.011688
2459651.225839 23.124245 0.011430
2459651.729432 23.125171 0.011440
2459652.222500 23.135781 0.011552
2459652.715567 23.147251 0.011675
2459653.219160 23.136529 0.011560
2459653.712227 23.155792 0.011767
2459654.205294 23.163919 0.011855
2459654.708888 23.136249 0.011557
2459655.201955 23.143854 0.011638
2459655.695022 23.132233 0.011514
2459656.198616 23.140092 0.011598
2459656.691683 23.130463 0.011496
2459657.184750 23.141877 0.011617
2459657.688344 23.127303 0.011462
2459658.181411 23.149617 0.011700
2459658.674478 23.146779 0.011670
2459659.178071 23.138872 0.011585
2459659.671138 23.145080 0.011652
2459660.164206 23.128046 0.011470
2459660.667799 23.136904 0.011564
2459661.160866 23.133165 0.011524
2459661.653933 23.148954 0.011693
2459662.157527 23.151134 0.011717
2459662.650594 23.145268 0.011654
2459663.143661 23.136062 0.011555
2459663.647255 23.122581 0.011413
2459664.140322 23.156077 0.011770
2459664.633389 23.139059 0.011587
2459665.136982 23.141595 0.011614
2459665.630050 23.145740 0.011659
2459666.123117 23.134005 0.011533
2459666.626710 23.142536 0.011624
2459667.119777 23.133632 0.011529
2459667.612844 23.119076 0.011376
2459668.116438 23.126005 0.011449
2459668.609505 23.159131 0.011803
2459669.102572 23.126283 0.011452
2459669.606166 23.122211 0.011409
2459670.099233 23.150091 0.011705
2459670.592300 23.124801 0.011436
2459671.095894 23.126283 0.011452
2459671.588961 23.127860 0.011468
2459672.082028 23.140373 0.011601
2459672.585621 23.126747 0.011456
2459673.078688 23.134472 0.011538
2459673.571756 23.138122 0.011577
2459674.075349 23.156077 0.011770
2459674.568416 23.148954 0.011693
2459675.061483 23.146779 0.011670
2459675.565077 23.141219 0.011610
2459676.058144 23.134005 0.011533
2459676.551211 23.142630 0.011625
2459677.054805 23.132326 0.011515
2459677.547872 23.158271 0.011794
2459678.040939 23.154744 0.011756
2459678.544532 23.146684 0.011669
2459679.037600 23.146307 0.011665
2459679.530667 23.136529 0.011560
2459680.034260 23.122211 0.011409
2459680.527327 23.131767 0.011510
2459681.020394 23.154459 0.011753
2459681.523988 23.153222 0.011739
2459682.017055 23.138872 0.011585
2459682.510122 23.121842 0.011405
2459683.013716 23.152462 0.011731
2459683.506783 23.120642 0.011392
2459683.999850 23.122488 0.011412
2459684.503444 23.136623 0.011561
2459684.996511 23.132699 0.011519
2459685.489578 23.138965 0.011586
2459685.993171 23.164688 0.011864
2459686.486238 23.134659 0.011540
2459686.979306 23.140561 0.011603
2459687.482899 23.128603 0.011476
2459687.975966 23.136155 0.011556
2459688.469033 23.137372 0.011569
2459688.972627 23.141595 0.011614
2459689.465694 23.135313 0.011547
2459689.958761 23.133725 0.011530
2459690.462355 23.137840 0.011574
2459690.955422 23.136623 0.011561
2459691.448489 23.138778 0.011584
2459691.952082 23.153603 0.011743
2459692.445150 23.132885 0.011521
2459692.938217 23.146684 0.011669
2459693.441810 23.136997 0.011565
2459693.934877 23.141971 0.011618
2459807.647256 23.158080 0.011792
2459808.150849 23.133725 0.011530
2459808.643916 23.133632 0.011529
2459809.136983 23.147535 0.011678
2459809.640577 23.150470 0.011710
2459810.133644 23.123598 0.011423
2459810.626711 23.146779 0.011670
2459811.130305 23.144325 0.011643
2459811.623372 23.142347 0.011622
2459812.116439 23.129905 0.011490
2459812.620032 23.127675 0.011466
2459813.113100 23.146779 0.011670
2459813.606167 23.136997 0.011565
2459814.109760 23.130649 0.011498
2459814.602827 23.139153 0.011588
2459815.095894 23.143666 0.011636
2459815.599488 23.152747 0.011734
2459816.092555 23.149617 0.011700
2459816.585622 23.120181 0.011387
2459817.089216 23.148386 0.011687
2459817.582283 23.145551 0.011657
2459818.075350 23.147157 0.011674
2459818.578944 23.124338 0.011431
2459819.072011 23.141783 0.011616
2459819.565078 23.110910 0.011291
2459820.068671 23.138309 0.011579
2459820.561738 23.128510 0.011475
2459821.054806 23.136623 0.011561
2459821.558399 23.138684 0.011583
2459822.051466 23.132419 0.011516
2459822.544533 23.119720 0.011383
2459823.048127 23.122396 0.011411
2459823.541194 23.130649 0.011498
2459824.034261 23.140937 0.011607
2459824.537855 23.128975 0.011480
2459825.030922 23.136717 0.011562
2459825.523989 23.130649 0.011498
2459826.027582 23.131860 0.011511
2459826.520650 23.139810 0.011595
2459827.013717 23.125727 0.011446
2459827.517310 23.154078 0.011748
2459828.010377 23.145080 0.011652
2459828.503444 23.139341 0.011590
2459829.007038 23.144325 0.011643
2459829.500105 23.117143 0.011356
2459829.993172 23.126654 0.011455
2459830.496766 23.120458 0.011390
2459830.989833 23.121657 0.011403
2459831.482900 23.144325 0.011643
2459831.986494 23.136717 0.011562
2459832.479561 23.138778 0.011584
2459832.972628 23.127118 0.011460
2459833.476221 23.129068 0.011481
2459833.969288 23.122304 0.011410
2459834.462356 23.116867 0.011353
2459834.965949 23.132792 0.011520
2459835.459016 23.112922 0.011311
2459835.952083 23.130091 0.011492
2459836.455677 23.153032 0.011737
2459836.948744 23.142065 0.011619
2459837.441811 23.113289 0.011315
2459837.945405 23.144702 0.011647
2459838.438472 23.114480 0.011328
2459838.931539 23.129998 0.011491
2459839.435132 23.143666 0.011636
2459839.928200 23.144891 0.011649
2459840.421267 23.144325 0.011643
2459840.924860 23.131301 0.011505
2459841.417927 23.160852 0.011822
2459841.910994 23.125078 0.011439
2459842.414588 23.139059 0.011587
2459842.907655 23.142536 0.011624
2459843.400722 23.153317 0.011740
2459843.904316 23.122581 0.011413
2459844.397383 23.144042 0.011640
2459844.890450 23.160852 0.011822
2459845.394044 23.145551 0.011657
2459845.887111 23.154268 0.011751
2459846.380178 23.128789 0.011478
2459846.883771 23.123505 0.011422
2459847.376838 23.130463 0.011496
2459847.869906 23.148670 0.011690
2459848.373499 23.144797 0.011648
2459848.866566 23.141971 0.011618
2459849.359633 23.137559 0.011571
2459849.863227 23.140561 0.011603
2459850.356294 23.146590 0.011668
2459850.849361 23.143101 0.011630
2459851.352955 23.122581 0.011413
2459851.846022 23.132885 0.011521
2459852.339089 23.118799 0.011373
2459852.842682 23.142347 0.011622
2459853.335750 23.148765 0.011691
2459853.828817 23.115949 0.011343
2459854.332410 23.149049 0.011694
2459854.825477 23.145457 0.011656
2459855.318544 23.127118 0.011460
2459855.822138 23.134846 0.011542
2459856.315205 23.131860 0.011511
2459856.808272 23.141313 0.011611
2459857.311866 23.142630 0.011625
2459857.804933 23.133725 0.011530
2459858.298000 23.132979 0.011522
2459858.801594 23.133725 0.011530
2459859.294661 23.153983 0.011747
2459859.787728 23.150470 0.011710
2459860.291321 23.132326 0.011515
2459860.784388 23.125912 0.011448
2459861.277456 23.148386 0.011687
2459861.781049 23.145268 0.011654
2459862.274116 23.143666 0.011636
2459862.767183 23.139904 0.011596
2459863.270777 23.130370 0.011495
2459863.763844 23.132326 0.011515
2459864.256911 23.156363 0.011773
2459864.760505 23.140561 0.011603
2459865.253572 23.139153 0.011588
2459865.746639 23.131860 0.011511
2459866.250232 23.119720 0.011383
2459866.743300 23.130742 0.011499
2459867.236367 23.141877 0.011617
2459867.739960 23.133072 0.011523
2459868.233027 23.136997 0.011565
2459868.726094 23.121380 0.011400
2459869.229688 23.117419 0.011358
2459869.722755 23.123875 0.011426
2459870.215822 23.140843 0.011606
2459870.719416 23.137840 0.011574
2459871.212483 23.138028 0.011576
2459871.705550 23.130463 0.011496
2459872.209144 23.127582 0.011465
2459872.702211 23.153508 0.011742
2459873.195278 23.127675 0.011466
2459873.698871 23.136997 0.011565
2459874.191938 23.128882 0.011479
2459874.685006 23.133165 0.011524
2459875.188599 23.136997 0.011565
2459875.681666 23.147346 0.011676
2459876.174733 23.156935 0.011779
2459876.678327 23.148292 0.011686
2459877.171394 23.143383 0.011633
2459877.664461 23.127210 0.011461
2459878.168055 23.141783 0.011616
2459878.661122 23.140561 0.011603
2459879.154189 23.148197 0.011685
2459987.411250 23.141595 0.011614
2459987.904317 23.162289 0.011838
2459988.407910 23.148670 0.011690
2459988.900977 23.127675 0.011466
2459989.394044 23.140749 0.011605
2459989.897638 23.160757 0.011821
2459990.390705 23.139528 0.011592
2459990.883772 23.127489 0.011464
2459991.387366 23.148008 0.011683
2459991.880433 23.134192 0.011535
2459992.373500 23.113839 0.011321
2459992.877094 23.132233 0.011514
2459993.370161 23.145835 0.011660
2459993.863228 23.132419 0.011516
2459994.366821 23.131022 0.011502
2459994.859888 23.148292 0.011686
2459995.352956 23.149238 0.011696
2459995.856549 23.152083 0.011727
2459996.349616 23.137840 0.011574
2459996.842683 23.157126 0.011782
2459997.346277 23.148954 0.011693
2459997.839344 23.150375 0.011708
2459998.332411 23.137091 0.011566
2459998.836005 23.128046 0.011470
2459999.329072 23.143666 0.011636
2459999.822139 23.137372 0.011569
2460000.325732 23.134939 0.011543
2460000.818800 23.155506 0.011764
2460001.311867 23.142630 0.011625
2460001.815460 23.161714 0.011831
2460002.308527 23.157126 0.011782
2460002.801594 23.137372 0.011569
2460003.305188 23.169694 0.011919
2460003.798255 23.118799 0.011373
2460004.291322 23.133819 0.011531
2460004.794916 23.145740 0.011659
2460005.287983 23.145080 0.011652
2460005.781050 23.141595 0.011614
2460006.284644 23.139904 0.011596
2460006.777711 23.138028 0.011576
2460007.270778 23.140561 0.011603
2460007.774371 23.146684 0.011669
2460008.267438 23.155982 0.011769
2460008.760506 23.133352 0.011526
2460009.264099 23.132139 0.011513
2460009.757166 23.157699 0.011788
2460010.250233 23.145080 0.011652
2460010.753827 23.148481 0.011688
2460011.246894 23.148859 0.011692
2460011.739961 23.111641 0.011298
2460012.243555 23.147440 0.011677
2460012.736622 23.134846 0.011542
2460013.229689 23.110635 0.011288
2460013.733282 23.127489 0.011464
2460014.226350 23.129998 0.011491
2460014.719417 23.159322 0.011805
2460015.223010 23.145551 0.011657
2460015.716077 23.115765 0.011341
2460016.209144 23.138309 0.011579
2460016.712738 23.136342 0.011558
2460017.205805 23.132139 0.011513
2460017.698872 23.132326 0.011515
2460018.202466 23.153508 0.011742
2460018.695533 23.129626 0.011487
2460019.188600 23.149712 0.011701
2460019.692194 23.132699 0.011519
2460020.185261 23.151418 0.011720
2460020.678328 23.133072 0.011523
2460021.181921 23.142442 0.011623
2460021.674988 23.134939 0.011543
2460022.168056 23.137747 0.011573
2460022.671649 23.123598 0.011423
2460023.164716 23.135033 0.011544
2460023.657783 23.131767 0.011510
2460024.161377 23.128417 0.011474
2460024.654444 23.137559 0.011571
2460025.147511 23.123043 0.011417
2460025.651105 23.137559 0.011571
2460026.144172 23.149712 0.011701
2460026.637239 23.154173 0.011750
2460027.140832 23.131208 0.011504
2460027.633900 23.118431 0.011369
2460028.126967 23.135033 0.011544
2460028.630560 23.172399 0.011948
2460029.123627 23.135407 0.011548
2460029.616694 23.125727 0.011446
2460030.120288 23.134753 0.011541
2460030.613355 23.137091 0.011566
2460031.106422 23.131767 0.011510
2460031.610016 23.135126 0.011545
2460032.103083 23.140467 0.011602
2460032.596150 23.140092 0.011598
2460033.099744 23.126561 0.011454
2460033.592811 23.135874 0.011553
2460034.085878 23.132419 0.011516
2460034.589471 23.128139 0.011471
2460035.082538 23.122581 0.011413
2460035.575606 23.130463 0.011496
2460036.079199 23.141219 0.011610
2460036.572266 23.145363 0.011655
2460037.065333 23.140655 0.011604
2460037.568927 23.130277 0.011494
2460038.061994 23.140749 0.011605
2460038.555061 23.158558 0.011797
2460039.058655 23.138684 0.011583
2460039.551722 23.150944 0.011715
2460040.044789 23.149427 0.011698
2460040.548382 23.147535 0.011678
2460041.041450 23.138215 0.011578
2460041.534517 23.134286 0.011536
2460042.038110 23.144702 0.011647
2460042.531177 23.155696 0.011766
2460043.024244 23.151703 0.011723
2460043.527838 23.141125 0.011609
2460044.020905 23.132885 0.011521
2460044.513972 23.139998 0.011597
2460045.017566 23.134566 0.011539
2460045.510633 23.127303 0.011462
2460046.003700 23.145363 0.011655
2460046.507294 23.119352 0.011379
2460047.000361 23.129812 0.011489
2460047.493428 23.131487 0.011507
2460047.997021 23.111275 0.011294
2460048.490088 23.114114 0.011324
2460048.983156 23.145457 0.011656
2460049.486749 23.138309 0.011579
2460049.979816 23.112190 0.011304
2460050.472883 23.136717 0.011562
2460050.976477 23.135594 0.011550
2460051.469544 23.143571 0.011635
2460051.962611 23.143854 0.011638
2460052.466205 23.160661 0.011820
2460052.959272 23.138590 0.011582
2460053.452339 23.131860 0.011511
2460053.955932 23.144420 0.011644
2460054.449000 23.130091 0.011492
2460054.942067 23.147724 0.011680
2460055.445660 23.136529 0.011560
2460055.938727 23.133072 0.011523
2460056.431794 23.124801 0.011436
2460056.935388 23.138965 0.011586
2460057.428455 23.123783 0.011425
2460057.921522 23.132046 0.011512
2460058.425116 23.150565 0.011711
2460058.918183 23.148386 0.011687
