2458346.727899 20.885378 0.003667
2458347.220966 20.883686 0.003661
2458347.714033 20.880937 0.003652
2458348.217627 20.882700 0.003658
2458348.710694 20.880191 0.003649
2458349.203761 20.873170 0.003626
2458349.707355 20.883599 0.003661
2458350.200422 20.880321 0.003650
2458350.693489 20.875663 0.003634
2458351.197082 20.885064 0.003666
2458351.690150 20.883036 0.003659
2458352.183217 20.882451 0.003657
2458352.686810 20.880115 0.003649
2458353.179877 20.879349 0.003646
2458353.672944 20.879349 0.003646
2458354.176538 20.884738 0.003665
2458354.669605 20.880396 0.003650
2458355.162672 20.879651 0.003647
2458355.666266 20.880861 0.003651
2458356.159333 20.875620 0.003634
2458356.652400 20.876793 0.003638
2458357.155994 20.878399 0.003643
2458357.649061 20.878669 0.003644
2458358.142128 20.879122 0.003646
2458358.645721 20.886660 0.003671
2458359.138788 20.882484 0.003657
2458359.631856 20.881964 0.003655
2458360.135449 20.889337 0.003680
2458360.628516 20.880137 0.003649
2458361.121583 20.877817 0.003641
2458361.625177 20.883556 0.003661
2458362.118244 20.882939 0.003658
2458362.611311 20.881088 0.003652
2458363.114905 20.874469 0.003630
2458363.607972 20.877256 0.003639
2458364.101039 20.878162 0.003642
2458364.604632 20.881531 0.003654
2458365.097700 20.879716 0.003648
2458365.590767 20.882007 0.003655
2458366.094360 20.877957 0.003642
2458366.587427 20.881261 0.003653
2458367.080494 20.887769 0.003675
2458367.584088 20.877838 0.003641
2458368.077155 20.881034 0.003652
2458368.570222 20.883860 0.003662
2458369.073816 20.885976 0.003669
2458369.566883 20.881077 0.003652
2458370.059950 20.882592 0.003657
2458370.563544 20.880299 0.003650
2458371.056611 20.880061 0.003649
2458371.549678 20.884337 0.003663
2458372.053271 20.874996 0.003632
2458372.546338 20.884098 0.003662
2458373.039406 20.880720 0.003651
2458373.542999 20.877590 0.003641
2458374.036066 20.886899 0.003672
2458374.529133 20.876373 0.003636
2458375.032727 20.881694 0.003654
2458375.525794 20.886758 0.003671
2458376.018861 20.885335 0.003667
2458376.522455 20.881683 0.003654
2458377.015522 20.885020 0.003666
2458377.508589 20.880537 0.003650
2458378.012182 20.878377 0.003643
2458378.505250 20.879618 0.003647
2458378.998317 20.882982 0.003659
2458379.501910 20.880288 0.003650
2458379.994977 20.878485 0.003644
2458380.488044 20.883361 0.003660
2458380.991638 20.878863 0.003645
2458381.484705 20.876395 0.003637
2458381.977772 20.878798 0.003645
2458382.481366 20.883469 0.003660
2458382.974433 20.881704 0.003654
2458383.467500 20.873846 0.003628
2458383.971094 20.875544 0.003634
2458384.464161 20.877817 0.003641
2458384.957228 20.879435 0.003647
2458385.460821 20.876147 0.003636
2458385.953888 20.876179 0.003636
2458386.446956 20.876029 0.003635
2458386.950549 20.880256 0.003649
2458387.443616 20.882884 0.003658
2458387.936683 20.875491 0.003633
2458388.440277 20.878280 0.003643
2458388.933344 20.878097 0.003642
2458389.426411 20.892195 0.003690
2458389.930005 20.885085 0.003666
2458390.423072 20.875803 0.003635
2458390.916139 20.883264 0.003660
2458391.419732 20.879532 0.003647
2458391.912800 20.879716 0.003648
2458392.405867 20.874759 0.003631
2458392.909460 20.876309 0.003636
2458393.402527 20.875749 0.003634
2458393.895594 20.878431 0.003643
2458394.399188 20.885129 0.003666
2458394.892255 20.884196 0.003663
2458395.385322 20.877105 0.003639
2458395.888916 20.878690 0.003644
2458396.381983 20.884001 0.003662
2458396.875050 20.879143 0.003646
2458397.378644 20.883567 0.003661
2458397.871711 20.881986 0.003655
2458398.364778 20.882527 0.003657
2458398.868371 20.879500 0.003647
2458399.361438 20.879090 0.003646
2458399.854506 20.877849 0.003641
2458400.358099 20.879068 0.003645
2458400.851166 20.888629 0.003678
2458401.344233 20.885107 0.003666
2458401.847827 20.876879 0.003638
2458402.340894 20.873459 0.003627
2458402.833961 20.876319 0.003636
2458403.337555 20.883144 0.003659
2458403.830622 20.877084 0.003639
2458404.323689 20.877386 0.003640
2458404.827282 20.873674 0.003627
2458405.320350 20.883556 0.003661
2458405.813417 20.880202 0.003649
2458406.317010 20.880331 0.003650
2458406.810077 20.882884 0.003658
2458407.303144 20.885509 0.003667
2458407.806738 20.877838 0.003641
2458408.299805 20.882116 0.003656
2458408.792872 20.879381 0.003647
2458409.296466 20.881077 0.003652
2458409.789533 20.884586 0.003664
2458410.282600 20.882960 0.003659
2458410.786194 20.880277 0.003650
2458411.279261 20.882408 0.003657
2458411.772328 20.882018 0.003655
2458412.275921 20.875071 0.003632
2458412.768988 20.882408 0.003657
2458413.262056 20.883827 0.003661
2458413.765649 20.878809 0.003645
2458414.258716 20.879489 0.003647
2458414.751783 20.877181 0.003639
2458415.255377 20.877256 0.003639
2458415.748444 20.881769 0.003655
2458416.241511 20.886943 0.003672
2458416.745105 20.881921 0.003655
2458417.238172 20.883578 0.003661
2458417.731239 20.885443 0.003667
2458418.234832 20.880277 0.003650
2458526.481367 20.886660 0.003671
2458526.984960 20.879608 0.003647
2458527.478027 20.884716 0.003664
2458527.971094 20.886856 0.003672
2458528.474688 20.880602 0.003651
2458528.967755 20.879036 0.003645
2458529.460822 20.875340 0.003633
2458529.964416 20.874996 0.003632
2458530.457483 20.878809 0.003645
2458530.950550 20.877008 0.003639
2458531.454144 20.881196 0.003653
2458531.947211 20.884868 0.003665
2458532.440278 20.876470 0.003637
2458532.943871 20.878011 0.003642
2458533.436938 20.876492 0.003637
2458533.930006 20.883838 0.003662
2458534.433599 20.881412 0.003653
2458534.926666 20.884705 0.003664
2458535.419733 20.880850 0.003651
2458535.923327 20.881553 0.003654
2458536.416394 20.876685 0.003637
2458536.909461 20.881066 0.003652
2458537.413055 20.883090 0.003659
2458537.906122 20.882560 0.003657
2458538.399189 20.881023 0.003652
2458538.902782 20.881845 0.003655
2458539.395850 20.886291 0.003670
2458539.888917 20.877784 0.003641
2458540.392510 20.875663 0.003634
2458540.885577 20.887291 0.003673
2458541.378644 20.878863 0.003645
2458541.882238 20.885943 0.003669
2458542.375305 20.879251 0.003646
2458542.868372 20.880007 0.003649
2458543.371966 20.880785 0.003651
2458543.865033 20.886041 0.003669
2458544.358100 20.882581 0.003657
2458544.861694 20.877946 0.003642
2458545.354761 20.875125 0.003632
2458545.847828 20.879003 0.003645
2458546.351421 20.879176 0.003646
2458546.844488 20.882397 0.003657
2458547.337556 20.875405 0.003633
2458547.841149 20.880007 0.003649
2458548.334216 20.881975 0.003655
2458548.827283 20.876050 0.003635
2458549.330877 20.879856 0.003648
2458549.823944 20.879921 0.003648
2458550.317011 20.881488 0.003654
2458550.820605 20.884543 0.003664
2458551.313672 20.889642 0.003681
2458551.806739 20.882711 0.003658
2458552.310332 20.882062 0.003656
2458552.803400 20.875598 0.003634
2458553.296467 20.885758 0.003668
2458553.800060 20.871732 0.003621
2458554.293127 20.880893 0.003652
2458554.786194 20.881726 0.003654
2458555.289788 20.877299 0.003640
2458555.782855 20.883892 0.003662
2458556.275922 20.878593 0.003644
2458556.779516 20.883697 0.003661
2458557.272583 20.883524 0.003660
2458557.765650 20.881088 0.003652
2458558.269244 20.882527 0.003657
2458558.762311 20.882202 0.003656
2458559.255378 20.881012 0.003652
2458559.758971 20.880742 0.003651
2458560.252038 20.882722 0.003658
2458560.745106 20.880591 0.003651
2458561.248699 20.879629 0.003647
2458561.741766 20.875534 0.003634
2458562.234833 20.873159 0.003626
2458562.738427 20.883004 0.003659
2458563.231494 20.875405 0.003633
2458563.724561 20.877989 0.003642
2458564.228155 20.878162 0.003642
2458564.721222 20.880764 0.003651
2458565.214289 20.878075 0.003642
2458565.717882 20.886193 0.003669
2458566.210950 20.878194 0.003643
2458566.704017 20.876341 0.003636
2458567.207610 20.877881 0.003641
2458567.700677 20.880137 0.003649
2458568.193744 20.878582 0.003644
2458568.697338 20.884011 0.003662
2458569.190405 20.881337 0.003653
2458569.683472 20.878410 0.003643
2458570.187066 20.881845 0.003655
2458570.680133 20.885454 0.003667
2458571.173200 20.876233 0.003636
2458571.676794 20.880969 0.003652
2458572.169861 20.882408 0.003657
2458572.662928 20.879521 0.003647
2458573.166521 20.880764 0.003651
2458573.659588 20.875362 0.003633
2458574.152656 20.876179 0.003636
2458574.656249 20.880926 0.003652
2458575.149316 20.881391 0.003653
2458575.642383 20.887617 0.003674
2458576.145977 20.879111 0.003646
2458576.639044 20.884141 0.003663
2458577.132111 20.886725 0.003671
2458577.635705 20.877892 0.003642
2458578.128772 20.878140 0.003642
2458578.621839 20.880937 0.003652
2458579.125432 20.875157 0.003632
2458579.618500 20.877774 0.003641
2458580.111567 20.877838 0.003641
2458580.615160 20.884011 0.003662
2458581.108227 20.884467 0.003664
2458581.601294 20.882689 0.003658
2458582.104888 20.883469 0.003660
2458582.597955 20.879888 0.003648
2458583.091022 20.882939 0.003658
2458583.594616 20.885661 0.003668
2458584.087683 20.880277 0.003650
2458584.580750 20.884131 0.003663
2458585.084344 20.877149 0.003639
2458585.577411 20.878183 0.003643
2458586.070478 20.882982 0.003659
2458586.574071 20.887552 0.003674
2458587.067138 20.882906 0.003658
2458587.560206 20.882949 0.003659
2458588.063799 20.872944 0.003625
2458588.556866 20.882960 0.003659
2458589.049933 20.883188 0.003659
2458589.553527 20.883524 0.003660
2458590.046594 20.877256 0.003639
2458590.539661 20.879046 0.003645
2458591.043255 20.882549 0.003657
2458591.536322 20.878561 0.003644
2458592.029389 20.883599 0.003661
2458592.532982 20.875770 0.003634
2458593.026050 20.878518 0.003644
2458593.519117 20.880439 0.003650
2458594.022710 20.882798 0.003658
2458594.515777 20.877504 0.003640
2458595.008844 20.876007 0.003635
2458595.512438 20.876836 0.003638
2458596.005505 20.881261 0.003653
2458596.498572 20.883686 0.003661
2458597.002166 20.878323 0.003643
2458597.495233 20.881131 0.003652
2458597.988300 20.876470 0.003637
2458712.204272 20.875717 0.003634
2458712.697339 20.885867 0.003668
2458713.200932 20.884890 0.003665
2458713.694000 20.881629 0.003654
2458714.187067 20.878528 0.003644
2458714.690660 20.877353 0.003640
2458715.183727 20.882538 0.003657
2458715.676794 20.887214 0.003673
2458716.180388 20.879964 0.003648
2458716.673455 20.883394 0.003660
2458717.166522 20.884543 0.003664
2458717.670116 20.880342 0.003650
2458718.163183 20.881412 0.003653
2458718.656250 20.874512 0.003630
2458719.159844 20.879349 0.003646
2458719.652911 20.888487 0.003677
2458720.145978 20.878205 0.003643
2458720.649571 20.886627 0.003671
2458721.142638 20.878712 0.003644
2458721.635706 20.879597 0.003647
2458722.139299 20.882798 0.003658
2458722.632366 20.880839 0.003651
2458723.125433 20.880321 0.003650
2458723.629027 20.880288 0.003650
2458724.122094 20.882700 0.003658
2458724.615161 20.882982 0.003659
2458725.118755 20.879662 0.003647
2458725.611822 20.884380 0.003663
2458726.104889 20.881607 0.003654
2458726.608482 20.876050 0.003635
2458727.101550 20.878485 0.003644
2458727.594617 20.878669 0.003644
2458728.098210 20.879467 0.003647
2458728.591277 20.880321 0.003650
2458729.084344 20.869237 0.003613
2458729.587938 20.878658 0.003644
2458730.081005 20.873814 0.003628
2458730.574072 20.883079 0.003659
2458731.077666 20.878270 0.003643
2458731.570733 20.871979 0.003622
2458732.063800 20.877784 0.003641
2458732.567394 20.876448 0.003637
2458733.060461 20.880310 0.003650
2458733.553528 20.884033 0.003662
2458734.057121 20.883599 0.003661
2458734.550188 20.891343 0.003687
2458735.043256 20.882246 0.003656
2458735.546849 20.874136 0.003629
2458736.039916 20.882451 0.003657
2458736.532983 20.879316 0.003646
2458737.036577 20.884879 0.003665
2458737.529644 20.882982 0.003659
2458738.022711 20.881099 0.003652
2458738.526305 20.879780 0.003648
2458739.019372 20.876965 0.003638
2458739.512439 20.878518 0.003644
2458740.016032 20.875243 0.003633
2458740.509100 20.876847 0.003638
2458741.002167 20.877116 0.003639
2458741.505760 20.882776 0.003658
2458741.998827 20.883849 0.003662
2458742.491894 20.881845 0.003655
2458742.995488 20.881596 0.003654
2458743.488555 20.878183 0.003643
2458743.981622 20.885118 0.003666
2458744.485216 20.881953 0.003655
2458744.978283 20.879046 0.003645
2458745.471350 20.881099 0.003652
2458745.974944 20.887073 0.003672
2458746.468011 20.871700 0.003621
2458746.961078 20.875319 0.003633
2458747.464671 20.880537 0.003650
2458747.957738 20.881834 0.003655
2458748.450806 20.882386 0.003657
2458748.954399 20.888226 0.003676
2458749.447466 20.876244 0.003636
2458749.940533 20.877774 0.003641
2458750.444127 20.882462 0.003657
2458750.937194 20.875168 0.003632
2458751.430261 20.878032 0.003642
2458751.933855 20.880061 0.003649
2458752.426922 20.879003 0.003645
2458752.919989 20.882007 0.003655
2458753.423582 20.879932 0.003648
2458753.916650 20.881358 0.003653
2458754.409717 20.880710 0.003651
2458754.913310 20.873535 0.003627
2458755.406377 20.884423 0.003664
2458755.899444 20.881802 0.003655
2458756.403038 20.879338 0.003646
2458756.896105 20.880494 0.003650
2458757.389172 20.885813 0.003668
2458757.892766 20.877925 0.003642
2458758.385833 20.878528 0.003644
2458758.878900 20.882917 0.003659
2458759.382494 20.879662 0.003649
2458759.875561 20.875340 0.003636
2458760.368628 20.878712 0.003650
2458760.872221 20.862244 0.003607
2458761.365288 20.840206 0.003589
2458761.858356 20.841654 0.003586
2458762.361949 20.869398 0.003629
2458762.855016 20.875050 0.003638
2458763.348083 20.878690 0.003647
2458763.851677 20.876632 0.003638
2458764.344744 20.882181 0.003657
2458764.837811 20.877978 0.003642
2458765.341405 20.874867 0.003632
2458765.834472 20.878626 0.003644
2458766.327539 20.877235 0.003639
2458766.831132 20.881001 0.003652
2458767.324200 20.880969 0.003652
2458767.817267 20.883502 0.003660
2458768.320860 20.885009 0.003665
2458768.813927 20.884022 0.003662
2458769.306994 20.878884 0.003645
2458769.810588 20.881607 0.003654
2458770.303655 20.880450 0.003650
2458770.796722 20.886714 0.003671
2458771.300316 20.875190 0.003632
2458771.793383 20.883719 0.003661
2458772.286450 20.880807 0.003651
2458772.790044 20.882343 0.003656
2458773.283111 20.882863 0.003658
2458773.776178 20.883708 0.003661
2458774.279771 20.882148 0.003656
2458774.772838 20.878399 0.003643
2458775.265906 20.880591 0.003651
2458775.769499 20.881585 0.003654
2458776.262566 20.880904 0.003652
2458776.755633 20.886410 0.003670
2458777.259227 20.882993 0.003659
2458777.752294 20.884315 0.003663
2458778.245361 20.883253 0.003660
2458778.748955 20.886703 0.003671
2458779.242022 20.872633 0.003624
2458779.735089 20.876868 0.003638
2458780.238682 20.878949 0.003645
2458780.731750 20.875501 0.003634
2458781.224817 20.887040 0.003672
2458781.728410 20.878712 0.003644
2458782.221477 20.884489 0.003664
2458782.714544 20.875297 0.003633
2458783.218138 20.881564 0.003654
2458783.711205 20.884152 0.003663
2459622.427944 20.885617 0.003668
2459622.921011 20.879424 0.003647
2459623.424605 20.889326 0.003680
2459623.917672 20.882549 0.003657
2459624.410739 20.871046 0.003619
2459624.914332 20.880818 0.003651
2459625.407400 20.884630 0.003664
2459625.900467 20.878690 0.003644
2459626.404060 20.878097 0.003642
2459626.897127 20.879813 0.003648
2459627.390194 20.877504 0.003640
2459627.893788 20.881964 0.003655
2459628.386855 20.879338 0.003646
2459628.879922 20.880537 0.003650
2459629.383516 20.882397 0.003657
2459629.876583 20.879597 0.003647
2459630.369650 20.881888 0.003655
2459630.873244 20.875975 0.003635
2459631.366311 20.883480 0.003660
2459631.859378 20.882051 0.003655
2459632.362971 20.888509 0.003677
2459632.856038 20.884608 0.003664
2459633.349106 20.884456 0.003664
2459633.852699 20.876750 0.003638
2459634.345766 20.880137 0.003649
2459634.838833 20.884673 0.003664
2459635.342427 20.884261 0.003663
2459635.835494 20.875426 0.003633
2459636.328561 20.889021 0.003679
2459636.832155 20.882213 0.003656
2459637.325222 20.883220 0.003659
2459637.818289 20.881629 0.003654
2459638.321882 20.874287 0.003629
2459638.814950 20.877655 0.003641
2459639.308017 20.878787 0.003645
2459639.811610 20.888063 0.003676
2459640.304677 20.882798 0.003658
2459640.797744 20.879910 0.003648
2459641.301338 20.881953 0.003655
2459641.794405 20.875168 0.003632
2459642.287472 20.877041 0.003639
2459642.791066 20.882830 0.003658
2459643.284133 20.875405 0.003633
2459643.777200 20.884413 0.003663
2459644.280794 20.877461 0.003640
2459644.773861 20.883307 0.003660
2459645.266928 20.884554 0.003664
2459645.770521 20.882148 0.003656
2459646.263588 20.877181 0.003639
2459646.756656 20.881921 0.003655
2459647.260249 20.880029 0.003649
2459647.753316 20.882311 0.003656
2459648.246383 20.881867 0.003655
2459648.749977 20.876395 0.003637
2459649.243044 20.880537 0.003650
2459649.736111 20.875136 0.003632
2459650.239705 20.881456 0.003653
2459650.732772 20.880666 0.003651
2459651.225839 20.880375 0.003650
2459651.729432 20.883979 0.003662
2459652.222500 20.885834 0.003668
2459652.715567 20.884239 0.003663
2459653.219160 20.883144 0.003659
2459653.712227 20.877644 0.003641
2459654.205294 20.887301 0.003673
2459654.708888 20.883394 0.003660
2459655.201955 20.882906 0.003658
2459655.695022 20.885487 0.003667
2459656.198616 20.882614 0.003657
2459656.691683 20.875792 0.003634
2459657.184750 20.883990 0.003662
2459657.688344 20.877838 0.003641
2459658.181411 20.884847 0.003665
2459658.674478 20.880051 0.003649
2459659.178071 20.877418 0.003640
2459659.671138 20.884152 0.003663
2459660.164206 20.881099 0.003652
2459660.667799 20.882809 0.003658
2459661.160866 20.885118 0.003666
2459661.653933 20.881088 0.003652
2459662.157527 20.867335 0.003606
2459662.650594 20.871121 0.003619
2459663.143661 20.881856 0.003655
2459663.647255 20.880829 0.003651
2459664.140322 20.881272 0.003653
2459664.633389 20.881369 0.003653
2459665.136982 20.877235 0.003639
2459665.630050 20.882311 0.003656
2459666.123117 20.882051 0.003655
2459666.626710 20.880883 0.003652
2459667.119777 20.880537 0.003650
2459667.612844 20.878194 0.003643
2459668.116438 20.876179 0.003636
2459668.609505 20.877062 0.003639
2459669.102572 20.877450 0.003640
2459669.606166 20.880267 0.003649
2459670.099233 20.879068 0.003645
2459670.592300 20.880277 0.003650
2459671.095894 20.880829 0.003651
2459671.588961 20.880396 0.003650
2459672.082028 20.882874 0.003658
2459672.585621 20.879349 0.003646
2459673.078688 20.872923 0.003625
2459673.571756 20.883675 0.003661
2459674.075349 20.875953 0.003635
2459674.568416 20.879079 0.003646
2459675.061483 20.878065 0.003642
2459675.565077 20.877041 0.003639
2459676.058144 20.877709 0.003641
2459676.551211 20.884326 0.003663
2459677.054805 20.878701 0.003644
2459677.547872 20.886345 0.003670
2459678.040939 20.878733 0.003644
2459678.544532 20.882408 0.003657
2459679.037600 20.878054 0.003642
2459679.530667 20.880569 0.003651
2459680.034260 20.888128 0.003676
2459680.527327 20.878593 0.003644
2459681.020394 20.883101 0.003659
2459681.523988 20.881997 0.003655
2459682.017055 20.878669 0.003644
2459682.510122 20.881921 0.003655
2459683.013716 20.877677 0.003641
2459683.506783 20.886801 0.003672
2459683.999850 20.880774 0.003651
2459684.503444 20.881304 0.003653
2459684.996511 20.882668 0.003658
2459685.489578 20.879208 0.003646
2459685.993171 20.878248 0.003643
2459686.486238 20.883307 0.003660
2459686.979306 20.876158 0.003636
2459687.482899 20.880634 0.003651
2459687.975966 20.876901 0.003638
2459688.469033 20.878431 0.003643
2459688.972627 20.886508 0.003671
2459689.465694 20.882516 0.003657
2459689.958761 20.880450 0.003650
2459690.462355 20.870982 0.003618
2459690.955422 20.881888 0.003655
2459691.448489 20.881694 0.003654
2459691.952082 20.885976 0.003669
2459692.445150 20.882646 0.003658
2459692.938217 20.880547 0.003650
2459693.441810 20.874308 0.003630
2459693.934877 20.882830 0.003658
2459807.647256 20.885845 0.003668
2459808.150849 20.882538 0.003657
2459808.643916 20.883567 0.003661
2459809.136983 20.881423 0.003653
2459809.640577 20.880429 0.003650
2459810.133644 20.888509 0.003677
2459810.626711 20.876578 0.003637
2459811.130305 20.885867 0.003668
2459811.623372 20.879295 0.003646
2459812.116439 20.882939 0.003658
2459812.620032 20.881012 0.003652
2459813.113100 20.880656 0.003651
2459813.606167 20.879964 0.003648
2459814.109760 20.883036 0.003659
2459814.602827 20.880915 0.003652
2459815.095894 20.882062 0.003656
2459815.599488 20.884684 0.003664
2459816.092555 20.883491 0.003660
2459816.585622 20.883686 0.003661
2459817.089216 20.888520 0.003677
2459817.582283 20.886247 0.003670
2459818.075350 20.884423 0.003663
2459818.578944 20.880202 0.003649
2459819.072011 20.876578 0.003637
2459819.565078 20.880375 0.003650
2459820.068671 20.875351 0.003633
2459820.561738 20.876901 0.003638
2459821.054806 20.889391 0.003680
2459821.558399 20.879478 0.003647
2459822.051466 20.881456 0.003653
2459822.544533 20.884781 0.003665
2459823.048127 20.883643 0.003661
2459823.541194 20.887693 0.003675
2459824.034261 20.878226 0.003643
2459824.537855 20.880699 0.003651
2459825.030922 20.883784 0.003661
2459825.523989 20.883491 0.003660
2459826.027582 20.885628 0.003668
2459826.520650 20.884543 0.003664
2459827.013717 20.881726 0.003654
2459827.517310 20.885378 0.003667
2459828.010377 20.878669 0.003644
2459828.503444 20.881131 0.003652
2459829.007038 20.884684 0.003664
2459829.500105 20.885443 0.003667
2459829.993172 20.880029 0.003649
2459830.496766 20.880353 0.003650
2459830.989833 20.875534 0.003634
2459831.482900 20.879618 0.003647
2459831.986494 20.878679 0.003644
2459832.479561 20.883242 0.003660
2459832.972628 20.880753 0.003651
2459833.476221 20.875921 0.003635
2459833.969288 20.880018 0.003649
2459834.462356 20.881737 0.003654
2459834.965949 20.880526 0.003650
2459835.459016 20.886258 0.003670
2459835.952083 20.886367 0.003670
2459836.455677 20.874437 0.003630
2459836.948744 20.884272 0.003663
2459837.441811 20.875254 0.003633
2459837.945405 20.879478 0.003647
2459838.438472 20.886562 0.003671
2459838.931539 20.883513 0.003660
2459839.435132 20.885313 0.003666
2459839.928200 20.884326 0.003663
2459840.421267 20.885259 0.003666
2459840.924860 20.881326 0.003653
2459841.417927 20.883686 0.003661
2459841.910994 20.879521 0.003647
2459842.414588 20.883860 0.003662
2459842.907655 20.882570 0.003657
2459843.400722 20.874792 0.003631
2459843.904316 20.882895 0.003658
2459844.397383 20.874813 0.003631
2459844.890450 20.878162 0.003642
2459845.394044 20.881153 0.003652
2459845.887111 20.877289 0.003640
2459846.380178 20.877957 0.003642
2459846.883771 20.874964 0.003632
2459847.376838 20.881185 0.003653
2459847.869906 20.879025 0.003645
2459848.373499 20.882993 0.003659
2459848.866566 20.881012 0.003652
2459849.359633 20.877386 0.003640
2459849.863227 20.884391 0.003663
2459850.356294 20.882300 0.003656
2459850.849361 20.884608 0.003664
2459851.352955 20.880494 0.003650
2459851.846022 20.874190 0.003629
2459852.339089 20.874480 0.003630
2459852.842682 20.878561 0.003644
2459853.335750 20.876556 0.003637
2459853.828817 20.878086 0.003642
2459854.332410 20.873663 0.003627
2459854.825477 20.879079 0.003646
2459855.318544 20.880666 0.003651
2459855.822138 20.878011 0.003642
2459856.315205 20.875996 0.003635
2459856.808272 20.874491 0.003630
2459857.311866 20.883296 0.003660
2459857.804933 20.887040 0.003672
2459858.298000 20.882375 0.003657
2459858.801594 20.878205 0.003643
2459859.294661 20.880580 0.003651
2459859.787728 20.884456 0.003664
2459860.291321 20.886606 0.003671
2459860.784388 20.881045 0.003652
2459861.277456 20.888096 0.003676
2459861.781049 20.881986 0.003655
2459862.274116 20.883394 0.003660
2459862.767183 20.870232 0.003616
2459863.270777 20.876126 0.003636
2459863.763844 20.888030 0.003676
2459864.256911 20.887943 0.003675
2459864.760505 20.881445 0.003653
2459865.253572 20.884586 0.003664
2459865.746639 20.886508 0.003671
2459866.250232 20.877052 0.003639
2459866.743300 20.881629 0.003654
2459867.236367 20.879716 0.003648
2459867.739960 20.879953 0.003648
2459868.233027 20.880774 0.003651
2459868.726094 20.879802 0.003648
2459869.229688 20.879618 0.003647
2459869.722755 20.883253 0.003660
2459870.215822 20.877795 0.003641
2459870.719416 20.886062 0.003669
2459871.212483 20.879305 0.003646
2459871.705550 20.877741 0.003641
2459872.209144 20.884282 0.003663
2459872.702211 20.880839 0.003651
2459873.195278 20.883773 0.003661
2459873.698871 20.880342 0.003650
2459874.191938 20.878388 0.003643
2459874.685006 20.885183 0.003666
2459875.188599 20.878863 0.003645
2459875.681666 20.875405 0.003633
2459876.174733 20.879165 0.003646
2459876.678327 20.883838 0.003662
2459877.171394 20.884228 0.003663
2459877.664461 20.876405 0.003637
2459878.168055 20.887878 0.003675
2459878.661122 20.879575 0.003647
2459879.154189 20.879392 0.003647
2459987.411250 20.880267 0.003649
2459987.904317 20.876513 0.003637
2459988.407910 20.884510 0.003664
2459988.900977 20.882928 0.003658
2459989.394044 20.883426 0.003660
2459989.897638 20.882430 0.003657
2459990.390705 20.878582 0.003644
2459990.883772 20.887225 0.003673
2459991.387366 20.882819 0.003658
2459991.880433 20.875007 0.003632
2459992.373500 20.879921 0.003648
2459992.877094 20.888760 0.003678
2459993.370161 20.883274 0.003660
2459993.863228 20.883762 0.003661
2459994.366821 20.886921 0.003672
2459994.859888 20.875351 0.003633
2459995.352956 20.883004 0.003659
2459995.856549 20.887204 0.003673
2459996.349616 20.885476 0.003667
2459996.842683 20.874276 0.003629
2459997.346277 20.874319 0.003630
2459997.839344 20.879165 0.003646
2459998.332411 20.881488 0.003654
2459998.836005 20.876039 0.003635
2459999.329072 20.881207 0.003653
2459999.822139 20.881423 0.003653
2460000.325732 20.881348 0.003653
2460000.818800 20.881402 0.003653
2460001.311867 20.879867 0.003648
2460001.815460 20.872697 0.003624
2460002.308527 20.879359 0.003646
2460002.801594 20.878733 0.003644
2460003.305188 20.878097 0.003642
2460003.798255 20.880569 0.003651
2460004.291322 20.875458 0.003633
2460004.794916 20.884185 0.003663
2460005.287983 20.880785 0.003651
2460005.781050 20.879726 0.003648
2460006.284644 20.890896 0.003685
2460006.777711 20.876352 0.003636
2460007.270778 20.880191 0.003649
2460007.774371 20.877246 0.003639
2460008.267438 20.879165 0.003646
2460008.760506 20.880342 0.003650
2460009.264099 20.885476 0.003667
2460009.757166 20.887530 0.003674
2460010.250233 20.884608 0.003664
2460010.753827 20.880980 0.003652
2460011.246894 20.878054 0.003642
2460011.739961 20.878787 0.003645
2460012.243555 20.885726 0.003668
2460012.736622 20.881618 0.003654
2460013.229689 20.883014 0.003659
2460013.733282 20.878733 0.003644
2460014.226350 20.877720 0.003641
2460014.719417 20.882235 0.003656
2460015.223010 20.878248 0.003643
2460015.716077 20.882040 0.003655
2460016.209144 20.885802 0.003668
2460016.712738 20.882624 0.003657
2460017.205805 20.882484 0.003657
2460017.698872 20.880980 0.003652
2460018.202466 20.878928 0.003645
2460018.695533 20.881445 0.003653
2460019.188600 20.886008 0.003669
2460019.692194 20.879791 0.003648
2460020.185261 20.878906 0.003645
2460020.678328 20.882635 0.003657
2460021.181921 20.878043 0.003642
2460021.674988 20.877278 0.003639
2460022.168056 20.876050 0.003635
2460022.671649 20.885129 0.003666
2460023.164716 20.878205 0.003643
2460023.657783 20.889740 0.003681
2460024.161377 20.879457 0.003647
2460024.654444 20.882127 0.003656
2460025.147511 20.887095 0.003673
2460025.651105 20.875996 0.003635
2460026.144172 20.874878 0.003631
2460026.637239 20.882624 0.003657
2460027.140832 20.870832 0.003618
2460027.633900 20.884781 0.003665
2460028.126967 20.883264 0.003660
2460028.630560 20.877827 0.003641
2460029.123627 20.883946 0.003662
2460029.616694 20.884001 0.003662
2460030.120288 20.878636 0.003644
2460030.613355 20.884434 0.003664
2460031.106422 20.880007 0.003649
2460031.610016 20.882375 0.003657
2460032.103083 20.879564 0.003647
2460032.596150 20.883058 0.003659
2460033.099744 20.881661 0.003654
2460033.592811 20.876115 0.003636
2460034.085878 20.883123 0.003659
2460034.589471 20.879511 0.003647
2460035.082538 20.876718 0.003638
2460035.575606 20.877806 0.003641
2460036.079199 20.879154 0.003646
2460036.572266 20.880288 0.003650
2460037.065333 20.869772 0.003614
2460037.568927 20.887802 0.003675
2460038.061994 20.886497 0.003670
2460038.555061 20.879564 0.003647
2460039.058655 20.886019 0.003669
2460039.551722 20.887378 0.003673
2460040.044789 20.879899 0.003648
2460040.548382 20.884098 0.003662
2460041.041450 20.876201 0.003636
2460041.534517 20.883513 0.003660
2460042.038110 20.882635 0.003657
2460042.531177 20.886856 0.003672
2460043.024244 20.881229 0.003653
2460043.527838 20.874684 0.003631
2460044.020905 20.882148 0.003656
2460044.513972 20.875986 0.003635
2460045.017566 20.879413 0.003647
2460045.510633 20.880277 0.003650
2460046.003700 20.879910 0.003648
2460046.507294 20.873578 0.003627
2460047.000361 20.879932 0.003648
2460047.493428 20.878518 0.003644
2460047.997021 20.883740 0.003661
2460048.490088 20.875104 0.003632
2460048.983156 20.882744 0.003658
2460049.486749 20.875588 0.003634
2460049.979816 20.882495 0.003657
2460050.472883 20.881120 0.003652
2460050.976477 20.880483 0.003650
2460051.469544 20.871571 0.003620
2460051.962611 20.881164 0.003653
2460052.466205 20.877482 0.003640
2460052.959272 20.886671 0.003671
2460053.452339 20.880364 0.003650
2460053.955932 20.878528 0.003644
2460054.449000 20.888716 0.003678
2460054.942067 20.881239 0.003653
2460055.445660 20.880494 0.003650
2460055.938727 20.880504 0.003650
2460056.431794 20.882311 0.003656
2460056.935388 20.878453 0.003643
2460057.428455 20.880148 0.003649
2460057.921522 20.878820 0.003645
2460058.425116 20.879413 0.003647
2460058.918183 20.881045 0.003652
