2458346.727899 21.273009 0.005524
2458347.220966 21.284238 0.005581
2458347.714033 21.288559 0.005604
2458348.217627 21.283173 0.005576
2458348.710694 21.280263 0.005561
2458349.203761 21.280061 0.005560
2458349.707355 21.280592 0.005563
2458350.200422 21.274063 0.005529
2458350.693489 21.272306 0.005520
2458351.197082 21.283959 0.005580
2458351.690150 21.275094 0.005535
2458352.183217 21.283832 0.005579
2458352.686810 21.269374 0.005506
2458353.179877 21.284771 0.005584
2458353.672944 21.289400 0.005608
2458354.176538 21.283832 0.005579
2458354.669605 21.272507 0.005521
2458355.162672 21.271453 0.005516
2458355.666266 21.284619 0.005583
2458356.159333 21.278596 0.005553
2458356.652400 21.286981 0.005596
2458357.155994 21.275975 0.005539
2458357.649061 21.283934 0.005580
2458358.142128 21.285101 0.005586
2458358.645721 21.280339 0.005561
2458359.138788 21.273310 0.005526
2458359.631856 21.277159 0.005545
2458360.135449 21.283351 0.005577
2458360.628516 21.282515 0.005573
2458361.121583 21.279505 0.005557
2458361.625177 21.269600 0.005507
2458362.118244 21.278167 0.005550
2458362.611311 21.282084 0.005570
2458363.114905 21.286956 0.005595
2458363.607972 21.270977 0.005514
2458364.101039 21.290675 0.005615
2458364.604632 21.271980 0.005519
2458365.097700 21.274566 0.005532
2458365.590767 21.285660 0.005589
2458366.094360 21.274239 0.005530
2458366.587427 21.281097 0.005565
2458367.080494 21.272080 0.005519
2458367.584088 21.280516 0.005562
2458368.077155 21.279758 0.005558
2458368.570222 21.276151 0.005540
2458369.073816 21.280389 0.005562
2458369.566883 21.287159 0.005596
2458370.059950 21.274089 0.005529
2458370.563544 21.279960 0.005559
2458371.056611 21.277713 0.005548
2458371.549678 21.284974 0.005585
2458372.053271 21.278697 0.005553
2458372.546338 21.273410 0.005526
2458373.039406 21.280516 0.005562
2458373.542999 21.281148 0.005566
2458374.036066 21.273134 0.005525
2458374.529133 21.274114 0.005530
2458375.032727 21.275321 0.005536
2458375.525794 21.272958 0.005524
2458376.018861 21.278293 0.005551
2458376.522455 21.270952 0.005514
2458377.015522 21.275371 0.005536
2458377.508589 21.274943 0.005534
2458378.012182 21.280870 0.005564
2458378.505250 21.282363 0.005572
2458378.998317 21.284289 0.005582
2458379.501910 21.280288 0.005561
2458379.994977 21.277587 0.005547
2458380.488044 21.276604 0.005542
2458380.991638 21.273988 0.005529
2458381.484705 21.275472 0.005537
2458381.977772 21.277108 0.005545
2458382.481366 21.277058 0.005545
2458382.974433 21.282540 0.005573
2458383.467500 21.280263 0.005561
2458383.971094 21.280212 0.005561
2458384.464161 21.275170 0.005535
2458384.957228 21.284517 0.005583
2458385.460821 21.284796 0.005584
2458385.953888 21.291849 0.005621
2458386.446956 21.280617 0.005563
2458386.950549 21.278647 0.005553
2458387.443616 21.278924 0.005554
2458387.936683 21.275321 0.005536
2458388.440277 21.267250 0.005495
2458388.933344 21.277360 0.005546
2458389.426411 21.279051 0.005555
2458389.930005 21.285685 0.005589
2458390.423072 21.280516 0.005562
2458390.916139 21.285507 0.005588
2458391.419732 21.294381 0.005634
2458391.912800 21.282692 0.005573
2458392.405867 21.276932 0.005544
2458392.909460 21.285837 0.005590
2458393.402527 21.278899 0.005554
2458393.895594 21.279859 0.005559
2458394.399188 21.274566 0.005532
2458394.892255 21.284010 0.005580
2458395.385322 21.279556 0.005557
2458395.888916 21.280718 0.005563
2458396.381983 21.275321 0.005536
2458396.875050 21.271879 0.005518
2458397.378644 21.275270 0.005536
2458397.871711 21.280415 0.005562
2458398.364778 21.279480 0.005557
2458398.868371 21.277764 0.005548
2458399.361438 21.274742 0.005533
2458399.854506 21.284669 0.005584
2458400.358099 21.274390 0.005531
2458400.851166 21.281274 0.005566
2458401.344233 21.295482 0.005640
2458401.847827 21.282895 0.005575
2458402.340894 21.275598 0.005537
2458402.833961 21.279227 0.005556
2458403.337555 21.274969 0.005534
2458403.830622 21.281603 0.005568
2458404.323689 21.275799 0.005538
2458404.827282 21.285329 0.005587
2458405.320350 21.267400 0.005496
2458405.813417 21.281679 0.005568
2458406.317010 21.279808 0.005559
2458406.810077 21.282743 0.005574
2458407.303144 21.270852 0.005513
2458407.806738 21.274642 0.005532
2458408.299805 21.276025 0.005539
2458408.792872 21.274591 0.005532
2458409.296466 21.277991 0.005549
2458409.789533 21.287337 0.005597
2458410.282600 21.274189 0.005530
2458410.786194 21.273661 0.005527
2458411.279261 21.277184 0.005545
2458411.772328 21.282084 0.005570
2458412.275921 21.271228 0.005515
2458412.768988 21.273888 0.005528
2458413.262056 21.271930 0.005519
2458413.765649 21.277486 0.005547
2458414.258716 21.271303 0.005515
2458414.751783 21.280364 0.005562
2458415.255377 21.280592 0.005563
2458415.748444 21.276630 0.005542
2458416.241511 21.283883 0.005580
2458416.745105 21.276554 0.005542
2458417.238172 21.281603 0.005568
2458417.731239 21.276000 0.005539
2458418.234832 21.277940 0.005549
2458526.481367 21.275673 0.005538
2458526.984960 21.273737 0.005528
2458527.478027 21.284111 0.005581
2458527.971094 21.291364 0.005618
2458528.474688 21.270050 0.005509
2458528.967755 21.277940 0.005549
2458529.460822 21.272155 0.005520
2458529.964416 21.285863 0.005590
2458530.457483 21.273461 0.005526
2458530.950550 21.282059 0.005570
2458531.454144 21.281856 0.005569
2458531.947211 21.281451 0.005567
2458532.440278 21.291543 0.005619
2458532.943871 21.287846 0.005600
2458533.436938 21.277991 0.005549
2458533.930006 21.269775 0.005508
2458534.433599 21.287846 0.005600
2458534.926666 21.278495 0.005552
2458535.419733 21.274591 0.005532
2458535.923327 21.284949 0.005585
2458536.416394 21.265079 0.005484
2458536.909461 21.274164 0.005530
2458537.413055 21.276529 0.005542
2458537.906122 21.265005 0.005483
2458538.399189 21.275497 0.005537
2458538.902782 21.284137 0.005581
2458539.395850 21.277612 0.005547
2458539.888917 21.281780 0.005569
2458540.392510 21.278495 0.005552
2458540.885577 21.282008 0.005570
2458541.378644 21.280667 0.005563
2458541.882238 21.277234 0.005546
2458542.375305 21.287337 0.005597
2458542.868372 21.271553 0.005517
2458543.371966 21.284822 0.005584
2458543.865033 21.282895 0.005575
2458544.358100 21.274566 0.005532
2458544.861694 21.274265 0.005530
2458545.354761 21.279859 0.005559
2458545.847828 21.282869 0.005574
2458546.351421 21.272481 0.005521
2458546.844488 21.276529 0.005542
2458547.337556 21.270075 0.005509
2458547.841149 21.285304 0.005587
2458548.334216 21.275245 0.005535
2458548.827283 21.271328 0.005515
2458549.330877 21.275472 0.005537
2458549.823944 21.269950 0.005508
2458550.317011 21.280036 0.005560
2458550.820605 21.279328 0.005556
2458551.313672 21.282717 0.005574
2458551.806739 21.263759 0.005477
2458552.310332 21.281072 0.005565
2458552.803400 21.267949 0.005498
2458553.296467 21.290802 0.005615
2458553.800060 21.283325 0.005577
2458554.293127 21.269550 0.005506
2458554.786194 21.275421 0.005536
2458555.289788 21.274742 0.005533
2458555.782855 21.277234 0.005546
2458556.275922 21.275598 0.005537
2458556.779516 21.279354 0.005556
2458557.272583 21.279833 0.005559
2458557.765650 21.275220 0.005535
2458558.269244 21.275899 0.005539
2458558.762311 21.270025 0.005509
2458559.255378 21.271829 0.005518
2458559.758971 21.282059 0.005570
2458560.252038 21.274114 0.005530
2458560.745106 21.276453 0.005542
2458561.248699 21.274139 0.005530
2458561.741766 21.284517 0.005583
2458562.234833 21.273059 0.005524
2458562.738427 21.276277 0.005541
2458563.231494 21.274642 0.005532
2458563.724561 21.275019 0.005534
2458564.228155 21.269800 0.005508
2458564.721222 21.274139 0.005530
2458565.214289 21.280794 0.005564
2458565.717882 21.280592 0.005563
2458566.210950 21.277764 0.005548
2458566.704017 21.280339 0.005561
2458567.207610 21.280844 0.005564
2458567.700677 21.278975 0.005554
2458568.193744 21.277966 0.005549
2458568.697338 21.281806 0.005569
2458569.190405 21.279556 0.005557
2458569.683472 21.280794 0.005564
2458570.187066 21.277966 0.005549
2458570.680133 21.287363 0.005598
2458571.173200 21.282464 0.005572
2458571.676794 21.277865 0.005549
2458572.169861 21.284568 0.005583
2458572.662928 21.275446 0.005536
2458573.166521 21.277008 0.005544
2458573.659588 21.284974 0.005585
2458574.152656 21.278066 0.005550
2458574.656249 21.285456 0.005588
2458575.149316 21.276982 0.005544
2458575.642383 21.278697 0.005553
2458576.145977 21.273661 0.005527
2458576.639044 21.277159 0.005545
2458577.132111 21.283934 0.005580
2458577.635705 21.278470 0.005552
2458578.128772 21.271754 0.005518
2458578.621839 21.275069 0.005534
2458579.125432 21.280263 0.005561
2458579.618500 21.273888 0.005528
2458580.111567 21.276982 0.005544
2458580.615160 21.282515 0.005573
2458581.108227 21.275245 0.005535
2458581.601294 21.286117 0.005591
2458582.104888 21.279960 0.005559
2458582.597955 21.269049 0.005504
2458583.091022 21.270025 0.005509
2458583.594616 21.278823 0.005554
2458584.087683 21.268424 0.005501
2458584.580750 21.269650 0.005507
2458585.084344 21.283401 0.005577
2458585.577411 21.268649 0.005502
2458586.070478 21.275849 0.005538
2458586.574071 21.275346 0.005536
2458587.067138 21.280516 0.005562
2458587.560206 21.272306 0.005520
2458588.063799 21.276806 0.005543
2458588.556866 21.275321 0.005536
2458589.049933 21.278672 0.005553
2458589.553527 21.274114 0.005530
2458590.046594 21.270977 0.005514
2458590.539661 21.275472 0.005537
2458591.043255 21.276076 0.005540
2458591.536322 21.284746 0.005584
2458592.029389 21.282413 0.005572
2458592.532982 21.280111 0.005560
2458593.026050 21.282616 0.005573
2458593.519117 21.277436 0.005547
2458594.022710 21.287032 0.005596
2458594.515777 21.268474 0.005501
2458595.008844 21.279833 0.005559
2458595.512438 21.271077 0.005514
2458596.005505 21.270751 0.005513
2458596.498572 21.269775 0.005508
2458597.002166 21.287693 0.005599
2458597.495233 21.271879 0.005518
2458597.988300 21.271303 0.005515
2458712.204272 21.275598 0.005537
2458712.697339 21.274918 0.005534
2458713.200932 21.274290 0.005531
2458713.694000 21.269124 0.005504
2458714.187067 21.275296 0.005536
2458714.690660 21.285558 0.005588
2458715.183727 21.274063 0.005529
2458715.676794 21.277688 0.005548
2458716.180388 21.271353 0.005516
2458716.673455 21.285126 0.005586
2458717.166522 21.271930 0.005519
2458717.670116 21.278319 0.005551
2458718.163183 21.276705 0.005543
2458718.656250 21.278041 0.005550
2458719.159844 21.270100 0.005509
2458719.652911 21.283807 0.005579
2458720.145978 21.275145 0.005535
2458720.649571 21.264730 0.005482
2458721.142638 21.277033 0.005545
2458721.635706 21.265927 0.005488
2458722.139299 21.273737 0.005528
2458722.632366 21.274290 0.005531
2458723.125433 21.282236 0.005571
2458723.629027 21.276378 0.005541
2458724.122094 21.274868 0.005533
2458724.615161 21.290318 0.005613
2458725.118755 21.275572 0.005537
2458725.611822 21.287693 0.005599
2458726.104889 21.277108 0.005545
2458726.608482 21.282565 0.005573
2458727.101550 21.278748 0.005553
2458727.594617 21.272883 0.005523
2458728.098210 21.275723 0.005538
2458728.591277 21.280844 0.005564
2458729.084344 21.284061 0.005581
2458729.587938 21.280263 0.005561
2458730.081005 21.284162 0.005581
2458730.574072 21.267899 0.005498
2458731.077666 21.275849 0.005538
2458731.570733 21.286041 0.005591
2458732.063800 21.283756 0.005579
2458732.567394 21.283123 0.005576
2458733.060461 21.272582 0.005522
2458733.553528 21.281148 0.005566
2458734.057121 21.288559 0.005604
2458734.550188 21.275547 0.005537
2458735.043256 21.281603 0.005568
2458735.546849 21.283148 0.005576
2458736.039916 21.266601 0.005491
2458736.532983 21.280238 0.005561
2458737.036577 21.271729 0.005517
2458737.529644 21.276554 0.005542
2458738.022711 21.279758 0.005558
2458738.526305 21.274466 0.005531
2458739.019372 21.274943 0.005534
2458739.512439 21.282869 0.005574
2458740.016032 21.286930 0.005595
2458740.509100 21.269725 0.005507
2458741.002167 21.282692 0.005573
2458741.505760 21.273435 0.005526
2458741.998827 21.278041 0.005550
2458742.491894 21.277839 0.005549
2458742.995488 21.280111 0.005560
2458743.488555 21.276504 0.005542
2458743.981622 21.281376 0.005567
2458744.485216 21.288457 0.005603
2458744.978283 21.282540 0.005573
2458745.471350 21.274692 0.005533
2458745.974944 21.285507 0.005588
2458746.468011 21.277411 0.005546
2458746.961078 21.275975 0.005539
2458747.464671 21.268749 0.005502
2458747.957738 21.275572 0.005537
2458748.450806 21.277260 0.005546
2458748.954399 21.293127 0.005627
2458749.447466 21.282160 0.005571
2458749.940533 21.277966 0.005549
2458750.444127 21.278016 0.005550
2458750.937194 21.272331 0.005521
2458751.430261 21.276806 0.005543
2458751.933855 21.287846 0.005600
2458752.426922 21.275446 0.005536
2458752.919989 21.282565 0.005573
2458753.423582 21.283579 0.005578
2458753.916650 21.280162 0.005561
2458754.409717 21.285329 0.005587
2458754.913310 21.279657 0.005558
2458755.406377 21.284213 0.005581
2458755.899444 21.283630 0.005578
2458756.403038 21.282413 0.005572
2458756.896105 21.282768 0.005574
2458757.389172 21.275698 0.005538
2458757.892766 21.283782 0.005579
2458758.385833 21.279732 0.005558
2458758.878900 21.280339 0.005561
2458759.382494 21.268199 0.005500
2458759.875561 21.280718 0.005563
2458760.368628 21.273812 0.005528
2458760.872221 21.279227 0.005556
2458761.365288 21.278394 0.005551
2458761.858356 21.278571 0.005552
2458762.361949 21.278495 0.005552
2458762.855016 21.276982 0.005544
2458763.348083 21.285228 0.005587
2458763.851677 21.280187 0.005561
2458764.344744 21.273762 0.005528
2458764.837811 21.283680 0.005579
2458765.341405 21.274466 0.005531
2458765.834472 21.275572 0.005537
2458766.327539 21.285076 0.005586
2458766.831132 21.277940 0.005549
2458767.324200 21.275925 0.005539
2458767.817267 21.272833 0.005523
2458768.320860 21.279985 0.005560
2458768.813927 21.274943 0.005534
2458769.306994 21.272557 0.005522
2458769.810588 21.279252 0.005556
2458770.303655 21.285355 0.005587
2458770.796722 21.274994 0.005534
2458771.300316 21.284974 0.005585
2458771.793383 21.277486 0.005547
2458772.286450 21.272356 0.005521
2458772.790044 21.278798 0.005554
2458773.283111 21.270226 0.005510
2458773.776178 21.277486 0.005547
2458774.279771 21.288966 0.005606
2458774.772838 21.284695 0.005584
2458775.265906 21.276554 0.005542
2458775.769499 21.272030 0.005519
2458776.262566 21.278571 0.005552
2458776.755633 21.273787 0.005528
2458777.259227 21.276907 0.005544
2458777.752294 21.276756 0.005543
2458778.245361 21.277915 0.005549
2458778.748955 21.287134 0.005596
2458779.242022 21.281654 0.005568
2458779.735089 21.281502 0.005567
2458780.238682 21.271528 0.005516
2458780.731750 21.275170 0.005535
2458781.224817 21.285609 0.005588
2458781.728410 21.280642 0.005563
2458782.221477 21.271754 0.005518
2458782.714544 21.280036 0.005560
2458783.218138 21.282565 0.005573
2458783.711205 21.279985 0.005560
2459622.427944 21.277562 0.005547
2459622.921011 21.275195 0.005535
2459623.424605 21.270426 0.005511
2459623.917672 21.281603 0.005568
2459624.410739 21.288406 0.005603
2459624.914332 21.274114 0.005530
2459625.407400 21.272833 0.005523
2459625.900467 21.279202 0.005556
2459626.404060 21.269249 0.005505
2459626.897127 21.282109 0.005570
2459627.390194 21.278420 0.005552
2459627.893788 21.280516 0.005562
2459628.386855 21.270301 0.005510
2459628.879922 21.281249 0.005566
2459629.383516 21.283655 0.005578
2459629.876583 21.286346 0.005592
2459630.369650 21.272908 0.005523
2459630.873244 21.269449 0.005506
2459631.366311 21.282388 0.005572
2459631.859378 21.273938 0.005529
2459632.362971 21.279833 0.005559
2459632.856038 21.271804 0.005518
2459633.349106 21.283477 0.005578
2459633.852699 21.273913 0.005529
2459634.345766 21.277436 0.005547
2459634.838833 21.278243 0.005551
2459635.342427 21.275874 0.005539
2459635.835494 21.274415 0.005531
2459636.328561 21.272155 0.005520
2459636.832155 21.286269 0.005592
2459637.325222 21.274616 0.005532
2459637.818289 21.271177 0.005515
2459638.321882 21.279000 0.005555
2459638.814950 21.275925 0.005539
2459639.308017 21.280036 0.005560
2459639.811610 21.283934 0.005580
2459640.304677 21.285380 0.005587
2459640.797744 21.282261 0.005571
2459641.301338 21.282413 0.005572
2459641.794405 21.277436 0.005547
2459642.287472 21.270226 0.005510
2459642.791066 21.276252 0.005541
2459643.284133 21.281198 0.005566
2459643.777200 21.284314 0.005582
2459644.280794 21.289094 0.005606
2459644.773861 21.279682 0.005558
2459645.266928 21.271203 0.005515
2459645.770521 21.272306 0.005520
2459646.263588 21.276856 0.005544
2459646.756656 21.274843 0.005533
2459647.260249 21.282844 0.005574
2459647.753316 21.284390 0.005582
2459648.246383 21.277865 0.005549
2459648.749977 21.281021 0.005565
2459649.243044 21.267350 0.005495
2459649.736111 21.270401 0.005511
2459650.239705 21.289349 0.005608
2459650.732772 21.284441 0.005582
2459651.225839 21.286981 0.005596
2459651.729432 21.274994 0.005534
2459652.222500 21.279076 0.005555
2459652.715567 21.282616 0.005573
2459653.219160 21.281629 0.005568
2459653.712227 21.282337 0.005572
2459654.205294 21.280187 0.005561
2459654.708888 21.286320 0.005592
2459655.201955 21.285101 0.005586
2459655.695022 21.277764 0.005548
2459656.198616 21.275824 0.005538
2459656.691683 21.277839 0.005549
2459657.184750 21.279556 0.005557
2459657.688344 21.286803 0.005595
2459658.181411 21.272908 0.005523
2459658.674478 21.275245 0.005535
2459659.178071 21.278041 0.005550
2459659.671138 21.279758 0.005558
2459660.164206 21.274365 0.005531
2459660.667799 21.283630 0.005578
2459661.160866 21.279859 0.005559
2459661.653933 21.282793 0.005574
2459662.157527 21.287185 0.005597
2459662.650594 21.284187 0.005581
2459663.143661 21.280314 0.005561
2459663.647255 21.275774 0.005538
2459664.140322 21.269449 0.005506
2459664.633389 21.270526 0.005511
2459665.136982 21.276504 0.005542
2459665.630050 21.278041 0.005550
2459666.123117 21.284365 0.005582
2459666.626710 21.283908 0.005580
2459667.119777 21.280541 0.005562
2459667.612844 21.272281 0.005520
2459668.116438 21.277890 0.005549
2459668.609505 21.279833 0.005559
2459669.102572 21.278394 0.005551
2459669.606166 21.274591 0.005532
2459670.099233 21.278092 0.005550
2459670.592300 21.279732 0.005558
2459671.095894 21.277688 0.005548
2459671.588961 21.273109 0.005525
2459672.082028 21.288533 0.005604
2459672.585621 21.274667 0.005532
2459673.078688 21.274868 0.005533
2459673.571756 21.274742 0.005533
2459674.075349 21.278192 0.005550
2459674.568416 21.273988 0.005529
2459675.061483 21.284822 0.005584
2459675.565077 21.291338 0.005618
2459676.058144 21.264382 0.005480
2459676.551211 21.281983 0.005570
2459677.054805 21.284441 0.005582
2459677.547872 21.282008 0.005570
2459678.040939 21.274767 0.005533
2459678.544532 21.265304 0.005485
2459679.037600 21.275119 0.005535
2459679.530667 21.275899 0.005539
2459680.034260 21.277713 0.005548
2459680.527327 21.285482 0.005588
2459681.020394 21.276882 0.005544
2459681.523988 21.274994 0.005534
2459682.017055 21.285126 0.005586
2459682.510122 21.274566 0.005532
2459683.013716 21.271353 0.005516
2459683.506783 21.277688 0.005548
2459683.999850 21.276025 0.005539
2459684.503444 21.279152 0.005555
2459684.996511 21.277688 0.005548
2459685.489578 21.284187 0.005581
2459685.993171 21.281021 0.005565
2459686.486238 21.282008 0.005570
2459686.979306 21.280314 0.005561
2459687.482899 21.275950 0.005539
2459687.975966 21.282616 0.005573
2459688.469033 21.286422 0.005593
2459688.972627 21.282768 0.005574
2459689.465694 21.282565 0.005573
2459689.958761 21.276378 0.005541
2459690.462355 21.276932 0.005544
2459690.955422 21.278495 0.005552
2459691.448489 21.278092 0.005550
2459691.952082 21.283553 0.005578
2459692.445150 21.284365 0.005582
2459692.938217 21.273862 0.005528
2459693.441810 21.278420 0.005552
2459693.934877 21.281401 0.005567
2459807.647256 21.274139 0.005530
2459808.150849 21.279833 0.005559
2459808.643916 21.283984 0.005580
2459809.136983 21.276403 0.005541
2459809.640577 21.277360 0.005546
2459810.133644 21.275094 0.005535
2459810.626711 21.271403 0.005516
2459811.130305 21.280314 0.005561
2459811.623372 21.278268 0.005551
2459812.116439 21.276604 0.005542
2459812.620032 21.269950 0.005508
2459813.113100 21.280061 0.005560
2459813.606167 21.284771 0.005584
2459814.109760 21.273988 0.005529
2459814.602827 21.269324 0.005505
2459815.095894 21.275950 0.005539
2459815.599488 21.278092 0.005550
2459816.092555 21.280566 0.005563
2459816.585622 21.270175 0.005510
2459817.089216 21.280061 0.005560
2459817.582283 21.291185 0.005617
2459818.075350 21.279657 0.005558
2459818.578944 21.269775 0.005508
2459819.072011 21.279278 0.005556
2459819.565078 21.273687 0.005527
2459820.068671 21.276806 0.005543
2459820.561738 21.279808 0.005559
2459821.054806 21.275648 0.005537
2459821.558399 21.270301 0.005510
2459822.051466 21.275799 0.005538
2459822.544533 21.281730 0.005569
2459823.048127 21.262491 0.005471
2459823.541194 21.284340 0.005582
2459824.034261 21.266052 0.005489
2459824.537855 21.278773 0.005553
2459825.030922 21.266750 0.005492
2459825.523989 21.280389 0.005562
2459826.027582 21.274843 0.005533
2459826.520650 21.277159 0.005545
2459827.013717 21.276655 0.005543
2459827.517310 21.265952 0.005488
2459828.010377 21.279682 0.005558
2459828.503444 21.274566 0.005532
2459829.007038 21.275119 0.005535
2459829.500105 21.284061 0.005581
2459829.993172 21.282565 0.005573
2459830.496766 21.278571 0.005552
2459830.989833 21.269500 0.005506
2459831.482900 21.267974 0.005498
2459831.986494 21.275899 0.005539
2459832.479561 21.276882 0.005544
2459832.972628 21.287770 0.005600
2459833.476221 21.268799 0.005503
2459833.969288 21.279379 0.005557
2459834.462356 21.273486 0.005526
2459834.965949 21.274742 0.005533
2459835.459016 21.270150 0.005509
2459835.952083 21.275270 0.005536
2459836.455677 21.274642 0.005532
2459836.948744 21.281780 0.005569
2459837.441811 21.279152 0.005555
2459837.945405 21.276529 0.005542
2459838.438472 21.277134 0.005545
2459838.931539 21.272833 0.005523
2459839.435132 21.275245 0.005535
2459839.928200 21.281274 0.005566
2459840.421267 21.277159 0.005545
2459840.924860 21.269625 0.005507
2459841.417927 21.292744 0.005625
2459841.910994 21.277814 0.005549
2459842.414588 21.279505 0.005557
2459842.907655 21.278344 0.005551
2459843.400722 21.285964 0.005590
2459843.904316 21.279732 0.005558
2459844.397383 21.275698 0.005538
2459844.890450 21.274013 0.005529
2459845.394044 21.268649 0.005502
2459845.887111 21.283756 0.005579
2459846.380178 21.278344 0.005551
2459846.883771 21.286218 0.005592
2459847.376838 21.280541 0.005562
2459847.869906 21.287083 0.005596
2459848.373499 21.274315 0.005531
2459848.866566 21.278874 0.005554
2459849.359633 21.282261 0.005571
2459849.863227 21.283959 0.005580
2459850.356294 21.287719 0.005599
2459850.849361 21.276882 0.005544
2459851.352955 21.271428 0.005516
2459851.846022 21.280996 0.005565
2459852.339089 21.285533 0.005588
2459852.842682 21.290726 0.005615
2459853.335750 21.274038 0.005529
2459853.828817 21.266127 0.005489
2459854.332410 21.279278 0.005556
2459854.825477 21.275673 0.005538
2459855.318544 21.277184 0.005545
2459855.822138 21.278092 0.005550
2459856.315205 21.284822 0.005584
2459856.808272 21.271679 0.005517
2459857.311866 21.287235 0.005597
2459857.804933 21.279278 0.005556
2459858.298000 21.277260 0.005546
2459858.801594 21.280086 0.005560
2459859.294661 21.275950 0.005539
2459859.787728 21.278697 0.005553
2459860.291321 21.277966 0.005549
2459860.784388 21.279657 0.005558
2459861.277456 21.292283 0.005623
2459861.781049 21.278369 0.005551
2459862.274116 21.277436 0.005547
2459862.767183 21.278066 0.005550
2459863.270777 21.273335 0.005526
2459863.763844 21.281451 0.005567
2459864.256911 21.290522 0.005614
2459864.760505 21.268524 0.005501
2459865.253572 21.268324 0.005500
2459865.746639 21.280415 0.005562
2459866.250232 21.282793 0.005574
2459866.743300 21.279884 0.005559
2459867.236367 21.282869 0.005574
2459867.739960 21.274742 0.005533
2459868.233027 21.280415 0.005562
2459868.726094 21.270150 0.005509
2459869.229688 21.287922 0.005600
2459869.722755 21.283199 0.005576
2459870.215822 21.278142 0.005550
2459870.719416 21.276453 0.005542
2459871.212483 21.277310 0.005546
2459871.705550 21.280794 0.005564
2459872.209144 21.277814 0.005549
2459872.702211 21.270451 0.005511
2459873.195278 21.279227 0.005556
2459873.698871 21.277108 0.005545
2459874.191938 21.275950 0.005539
2459874.685006 21.271804 0.005518
2459875.188599 21.278924 0.005554
2459875.681666 21.270977 0.005514
2459876.174733 21.284314 0.005582
2459876.678327 21.274214 0.005530
2459877.171394 21.284923 0.005585
2459877.664461 21.276479 0.005542
2459878.168055 21.276126 0.005540
2459878.661122 21.281274 0.005566
2459879.154189 21.279303 0.005556
2459987.411250 21.284162 0.005583
2459987.904317 21.278470 0.005553
2459988.407910 21.271253 0.005517
2459988.900977 21.279354 0.005558
2459989.394044 21.270251 0.005512
2459989.897638 21.279025 0.005556
2459990.390705 21.275220 0.005537
2459990.883772 21.276806 0.005545
2459991.387366 21.277940 0.005551
2459991.880433 21.277486 0.005549
2459992.373500 21.279960 0.005562
2459992.877094 21.276227 0.005543
2459993.370161 21.276101 0.005542
2459993.863228 21.287083 0.005598
2459994.366821 21.280061 0.005562
2459994.859888 21.285329 0.005590
2459995.352956 21.267499 0.005499
2459995.856549 21.281224 0.005569
2459996.349616 21.281780 0.005572
2459996.842683 21.290598 0.005617
2459997.346277 21.279101 0.005558
2459997.839344 21.271177 0.005518
2459998.332411 21.276151 0.005543
2459998.836005 21.279556 0.005561
2459999.329072 21.292360 0.005627
2459999.822139 21.271503 0.005520
2460000.325732 21.289094 0.005611
2460000.818800 21.272532 0.005526
2460001.311867 21.277260 0.005550
2460001.815460 21.273335 0.005530
2460002.308527 21.276730 0.005548
2460002.801594 21.277209 0.005551
2460003.305188 21.277966 0.005555
2460003.798255 21.279833 0.005564
2460004.291322 21.289119 0.005613
2460004.794916 21.286066 0.005597
2460005.287983 21.271955 0.005525
2460005.781050 21.276000 0.005546
2460006.284644 21.272707 0.005530
2460006.777711 21.275799 0.005546
2460007.270778 21.278319 0.005559
2460007.774371 21.287057 0.005604
2460008.267438 21.271854 0.005527
2460008.760506 21.270626 0.005521
2460009.264099 21.280844 0.005574
2460009.757166 21.271528 0.005527
2460010.250233 21.276453 0.005552
2460010.753827 21.274265 0.005542
2460011.246894 21.268824 0.005515
2460011.739961 21.278621 0.005566
2460012.243555 21.266850 0.005506
2460012.736622 21.278319 0.005566
2460013.229689 21.276630 0.005558
2460013.733282 21.275925 0.005555
2460014.226350 21.263510 0.005493
2460014.719417 21.273636 0.005546
2460015.223010 21.272758 0.005542
2460015.716077 21.272908 0.005544
2460016.209144 21.273486 0.005549
2460016.712738 21.268849 0.005526
2460017.205805 21.270175 0.005535
2460017.698872 21.263361 0.005502
2460018.202466 21.265503 0.005515
2460018.695533 21.272758 0.005554
2460019.188600 21.265678 0.005520
2460019.692194 21.267949 0.005534
2460020.185261 21.264183 0.005517
2460020.678328 21.252615 0.005462
2460021.181921 21.268624 0.005546
2460021.674988 21.259709 0.005504
2460022.168056 21.250154 0.005460
2460022.671649 21.254884 0.005488
2460023.164716 21.257455 0.005505
2460023.657783 21.258049 0.005513
2460024.161377 21.248042 0.005468
2460024.654444 21.257084 0.005520
2460025.147511 21.239879 0.005439
2460025.651105 21.236451 0.005430
2460026.144172 21.244980 0.005480
2460026.637239 21.227458 0.005402
2460027.140832 21.237859 0.005464
2460027.633900 21.233058 0.005450
2460028.126967 21.225654 0.005426
2460028.630560 21.223805 0.005430
2460029.123627 21.206572 0.005360
2460029.616694 21.204425 0.005366
2460030.120288 21.180971 0.005270
2460030.613355 21.189980 0.005335
2460031.106422 21.175909 0.005290
2460031.610016 21.164581 0.005262
2460032.103083 21.154563 0.005244
2460032.596150 21.136880 0.005192
2460033.099744 21.122273 0.005162
2460033.592811 21.109306 0.005143
2460034.085878 21.084903 0.005078
2460034.589471 21.051476 0.004979
2460035.082538 21.028066 0.004935
2460035.575606 20.993016 0.004849
2460036.079199 20.955084 0.004765
2460036.572266 20.912202 0.004672
2460037.065333 20.863091 0.004571
2460037.568927 20.802853 0.004447
2460038.061994 20.733357 0.004310
2460038.555061 20.655645 0.004172
2460039.058655 20.546232 0.003959
2460039.551722 20.426403 0.003756
2460040.044789 20.284594 0.003537
2460040.548382 20.108401 0.003282
2460041.041450 19.911283 0.003021
2460041.534517 19.734686 0.002815
2460042.038110 19.670368 0.002752
2460042.531177 19.761675 0.002842
2460043.024244 19.952101 0.003075
2460043.527838 20.146277 0.003332
2460044.020905 20.312362 0.003574
2460044.513972 20.455616 0.003810
2460045.017566 20.580019 0.004038
2460045.510633 20.659733 0.004152
2460046.003700 20.745999 0.004328
2460046.507294 20.815134 0.004467
2460047.000361 20.877872 0.004608
2460047.493428 20.926868 0.004714
2460047.997021 20.964566 0.004785
2460048.490088 20.998227 0.004855
2460048.983156 21.041045 0.004979
2460049.486749 21.055250 0.004981
2460049.979816 21.088329 0.005081
2460050.472883 21.101861 0.005097
2460050.976477 21.115586 0.005119
2460051.469544 21.145284 0.005223
2460051.962611 21.156320 0.005243
2460052.466205 21.161972 0.005241
2460052.959272 21.178575 0.005296
2460053.452339 21.190701 0.005332
2460053.955932 21.200825 0.005361
2460054.449000 21.204213 0.005359
2460054.942067 21.213323 0.005388
2460055.445660 21.223805 0.005425
2460055.938727 21.220380 0.005395
2460056.431794 21.230447 0.005433
2460056.935388 21.232090 0.005430
2460057.428455 21.250548 0.005514
2460057.921522 21.241487 0.005459
2460058.425116 21.240829 0.005448
2460058.918183 21.237957 0.005427
