2458346.727899 23.307223 0.012729
2458347.220966 23.286948 0.012494
2458347.714033 23.275470 0.012362
2458348.217627 23.287269 0.012498
2458348.710694 23.287482 0.012500
2458349.203761 23.300819 0.012655
2458349.707355 23.302877 0.012679
2458350.200422 23.309293 0.012754
2458350.693489 23.318383 0.012861
2458351.197082 23.299845 0.012643
2458351.690150 23.320805 0.012890
2458352.183217 23.298333 0.012626
2458352.686810 23.302010 0.012668
2458353.179877 23.300278 0.012648
2458353.672944 23.298981 0.012633
2458354.176538 23.281300 0.012429
2458354.669605 23.288231 0.012509
2458355.162672 23.311914 0.012784
2458355.666266 23.310930 0.012773
2458356.159333 23.306678 0.012723
2458356.652400 23.267780 0.012275
2458357.155994 23.283321 0.012452
2458357.649061 23.294453 0.012581
2458358.142128 23.292840 0.012562
2458358.645721 23.290694 0.012537
2458359.138788 23.314760 0.012818
2458359.631856 23.312023 0.012786
2458360.135449 23.300711 0.012653
2458360.628516 23.306352 0.012719
2458361.121583 23.306678 0.012723
2458361.625177 23.313007 0.012797
2458362.118244 23.306787 0.012724
2458362.611311 23.297577 0.012617
2458363.114905 23.318273 0.012860
2458363.607972 23.302118 0.012670
2458364.101039 23.302227 0.012671
2458364.604632 23.298765 0.012631
2458365.097700 23.312132 0.012787
2458365.590767 23.299845 0.012643
2458366.094360 23.300278 0.012648
2458366.587427 23.308094 0.012740
2458367.080494 23.302769 0.012677
2458367.584088 23.308203 0.012741
2458368.077155 23.286414 0.012488
2458368.570222 23.322129 0.012905
2458369.073816 23.303853 0.012690
2458369.566883 23.293163 0.012566
2458370.059950 23.296607 0.012606
2458370.563544 23.310166 0.012764
2458371.056611 23.278222 0.012394
2458371.549678 23.299845 0.012643
2458372.053271 23.297901 0.012621
2458372.546338 23.295637 0.012594
2458373.039406 23.306570 0.012722
2458373.542999 23.310384 0.012766
2458374.036066 23.294453 0.012581
2458374.529133 23.285453 0.012477
2458375.032727 23.313007 0.012797
2458375.525794 23.310930 0.012773
2458376.018861 23.291445 0.012546
2458376.522455 23.298873 0.012632
2458377.015522 23.294130 0.012577
2458377.508589 23.299197 0.012636
2458378.012182 23.312570 0.012792
2458378.505250 23.305700 0.012712
2458378.998317 23.283109 0.012450
2458379.501910 23.280238 0.012417
2458379.994977 23.304505 0.012698
2458380.488044 23.312460 0.012791
2458380.991638 23.323675 0.012924
2458381.484705 23.308312 0.012742
2458381.977772 23.313336 0.012801
2458382.481366 23.301577 0.012663
2458382.974433 23.291659 0.012548
2458383.467500 23.281300 0.012429
2458383.971094 23.320805 0.012890
2458384.464161 23.303745 0.012689
2458384.957228 23.318383 0.012861
2458385.460821 23.297146 0.012612
2458385.953888 23.309075 0.012751
2458386.446956 23.294883 0.012586
2458386.950549 23.287910 0.012505
2458387.443616 23.309075 0.012751
2458387.936683 23.307223 0.012729
2458388.440277 23.295314 0.012591
2458388.933344 23.307549 0.012733
2458389.426411 23.292411 0.012557
2458389.930005 23.330771 0.013008
2458390.423072 23.316515 0.012839
2458390.916139 23.297362 0.012614
2458391.419732 23.305265 0.012706
2458391.912800 23.301793 0.012666
2458392.405867 23.321908 0.012903
2458392.909460 23.283002 0.012449
2458393.402527 23.296607 0.012606
2458393.895594 23.283321 0.012452
2458394.399188 23.283961 0.012460
2458394.892255 23.292948 0.012563
2458395.385322 23.310057 0.012763
2458395.888916 23.286094 0.012484
2458396.381983 23.330327 0.013003
2458396.875050 23.319043 0.012869
2458397.378644 23.299413 0.012638
2458397.871711 23.315637 0.012828
2458398.364778 23.305156 0.012705
2458398.868371 23.321467 0.012897
2458399.361438 23.298333 0.012626
2458399.854506 23.307985 0.012738
2458400.358099 23.278646 0.012399
2458400.851166 23.289730 0.012526
2458401.344233 23.283321 0.012452
2458401.847827 23.295099 0.012588
2458402.340894 23.277798 0.012389
2458402.833961 23.280450 0.012419
2458403.337555 23.296283 0.012602
2458403.830622 23.310057 0.012763
2458404.323689 23.286521 0.012489
2458404.827282 23.307331 0.012731
2458405.320350 23.291767 0.012549
2458405.813417 23.321357 0.012896
2458406.317010 23.298549 0.012628
2458406.810077 23.286628 0.012490
2458407.303144 23.296068 0.012599
2458407.806738 23.301685 0.012665
2458408.299805 23.311804 0.012783
2458408.792872 23.313555 0.012804
2458409.296466 23.285667 0.012479
2458409.789533 23.296822 0.012608
2458410.282600 23.317394 0.012849
2458410.786194 23.287589 0.012501
2458411.279261 23.278010 0.012391
2458411.772328 23.294345 0.012579
2458412.275921 23.310712 0.012770
2458412.768988 23.314541 0.012815
2458413.262056 23.314760 0.012818
2458413.765649 23.295422 0.012592
2458414.258716 23.283002 0.012449
2458414.751783 23.297793 0.012619
2458415.255377 23.305591 0.012710
2458415.748444 23.309184 0.012752
2458416.241511 23.305591 0.012710
2458416.745105 23.301360 0.012661
2458417.238172 23.289730 0.012526
2458417.731239 23.301902 0.012667
2458418.234832 23.304939 0.012703
2458526.481367 23.332441 0.013029
2458526.984960 23.277269 0.012383
2458527.478027 23.302985 0.012680
2458527.971094 23.295099 0.012588
2458528.474688 23.327661 0.012971
2458528.967755 23.312023 0.012786
2458529.460822 23.279707 0.012411
2458529.964416 23.289087 0.012519
2458530.457483 23.318603 0.012864
2458530.950550 23.274308 0.012349
2458531.454144 23.298981 0.012633
2458531.947211 23.316076 0.012834
2458532.440278 23.297577 0.012617
2458532.943871 23.292303 0.012556
2458533.436938 23.292626 0.012559
2458533.930006 23.298981 0.012633
2458534.433599 23.311476 0.012779
2458534.926666 23.291874 0.012551
2458535.419733 23.280450 0.012419
2458535.923327 23.296607 0.012606
2458536.416394 23.298117 0.012623
2458536.909461 23.293593 0.012571
2458537.413055 23.299305 0.012637
2458537.906122 23.328438 0.012981
2458538.399189 23.314431 0.012814
2458538.902782 23.299737 0.012642
2458539.395850 23.301685 0.012665
2458539.888917 23.293163 0.012566
2458540.392510 23.286414 0.012488
2458540.885577 23.292303 0.012556
2458541.378644 23.301468 0.012662
2458541.882238 23.308421 0.012743
2458542.375305 23.289730 0.012526
2458542.868372 23.288552 0.012512
2458543.371966 23.293915 0.012574
2458543.865033 23.282576 0.012444
2458544.358100 23.309075 0.012751
2458544.861694 23.309184 0.012752
2458545.354761 23.295960 0.012598
2458545.847828 23.312570 0.012792
2458546.351421 23.294023 0.012576
2458546.844488 23.288017 0.012506
2458547.337556 23.307876 0.012737
2458547.841149 23.330327 0.013003
2458548.334216 23.308203 0.012741
2458548.827283 23.310384 0.012766
2458549.330877 23.269145 0.012291
2458549.823944 23.302443 0.012673
2458550.317011 23.316625 0.012840
2458550.820605 23.302443 0.012673
2458551.313672 23.287910 0.012505
2458551.806739 23.299845 0.012643
2458552.310332 23.294130 0.012577
2458552.803400 23.292303 0.012556
2458553.296467 23.271144 0.012313
2458553.800060 23.290587 0.012536
2458554.293127 23.298225 0.012624
2458554.786194 23.295960 0.012598
2458555.289788 23.303745 0.012689
2458555.782855 23.289622 0.012525
2458556.275922 23.270512 0.012306
2458556.779516 23.304287 0.012695
2458557.272583 23.304722 0.012700
2458557.765650 23.284493 0.012466
2458558.269244 23.321688 0.012900
2458558.762311 23.308639 0.012746
2458559.255378 23.310712 0.012770
2458559.758971 23.306678 0.012723
2458560.252038 23.297685 0.012618
2458560.745106 23.290694 0.012537
2458561.248699 23.293485 0.012569
2458561.741766 23.306352 0.012719
2458562.234833 23.295960 0.012598
2458562.738427 23.311367 0.012778
2458563.231494 23.314760 0.012818
2458563.724561 23.281832 0.012435
2458564.228155 23.308094 0.012740
2458564.721222 23.256294 0.012146
2458565.214289 23.318603 0.012864
2458565.717882 23.297469 0.012616
2458566.210950 23.295529 0.012593
2458566.704017 23.314869 0.012819
2458567.207610 23.319043 0.012869
2458567.700677 23.321357 0.012896
2458568.193744 23.304505 0.012698
2458568.697338 23.319373 0.012873
2458569.190405 23.290908 0.012540
2458569.683472 23.329326 0.012991
2458570.187066 23.305917 0.012714
2458570.680133 23.301468 0.012662
2458571.173200 23.292518 0.012558
2458571.676794 23.295099 0.012588
2458572.169861 23.308530 0.012745
2458572.662928 23.310493 0.012768
2458573.166521 23.291767 0.012549
2458573.659588 23.294668 0.012583
2458574.152656 23.301468 0.012662
2458574.656249 23.280344 0.012418
2458575.149316 23.305048 0.012704
2458575.642383 23.298981 0.012633
2458576.145977 23.293700 0.012572
2458576.639044 23.301468 0.012662
2458577.132111 23.317394 0.012849
2458577.635705 23.305482 0.012709
2458578.128772 23.284493 0.012466
2458578.621839 23.300603 0.012652
2458579.125432 23.289194 0.012520
2458579.618500 23.319153 0.012870
2458580.111567 23.283854 0.012458
2458580.615160 23.289730 0.012526
2458581.108227 23.305700 0.012712
2458581.601294 23.315747 0.012830
2458582.104888 23.306570 0.012722
2458582.597955 23.314869 0.012819
2458583.091022 23.288017 0.012506
2458583.594616 23.303745 0.012689
2458584.087683 23.295745 0.012596
2458584.580750 23.306461 0.012720
2458585.084344 23.298981 0.012633
2458585.577411 23.321577 0.012899
2458586.070478 23.316186 0.012835
2458586.574071 23.286948 0.012494
2458587.067138 23.305156 0.012705
2458587.560206 23.296283 0.012602
2458588.063799 23.314541 0.012815
2458588.556866 23.277586 0.012387
2458589.049933 23.288338 0.012510
2458589.553527 23.304830 0.012701
2458590.046594 23.312789 0.012795
2458590.539661 23.301144 0.012658
2458591.043255 23.305700 0.012712
2458591.536322 23.292089 0.012553
2458592.029389 23.316405 0.012837
2458592.532982 23.290908 0.012540
2458593.026050 23.290480 0.012535
2458593.519117 23.296176 0.012601
2458594.022710 23.279070 0.012404
2458594.515777 23.294991 0.012587
2458595.008844 23.267045 0.012267
2458595.512438 23.280875 0.012424
2458596.005505 23.324781 0.012937
2458596.498572 23.299521 0.012639
2458597.002166 23.318493 0.012862
2458597.495233 23.302769 0.012677
2458597.988300 23.324228 0.012930
2458712.204272 23.291659 0.012548
2458712.697339 23.309947 0.012761
2458713.200932 23.282470 0.012442
2458713.694000 23.319153 0.012870
2458714.187067 23.306243 0.012718
2458714.690660 23.316186 0.012835
2458715.183727 23.294023 0.012576
2458715.676794 23.300819 0.012655
2458716.180388 23.301252 0.012660
2458716.673455 23.305374 0.012708
2458717.166522 23.290051 0.012530
2458717.670116 23.282044 0.012438
2458718.163183 23.298117 0.012623
2458718.656250 23.305265 0.012706
2458719.159844 23.318163 0.012858
2458719.652911 23.325777 0.012949
2458720.145978 23.291016 0.012541
2458720.649571 23.310166 0.012764
2458721.142638 23.281619 0.012433
2458721.635706 23.286094 0.012484
2458722.139299 23.303202 0.012682
2458722.632366 23.293163 0.012566
2458723.125433 23.299197 0.012636
2458723.629027 23.298873 0.012632
2458724.122094 23.276739 0.012377
2458724.615161 23.311149 0.012775
2458725.118755 23.276739 0.012377
2458725.611822 23.311586 0.012781
2458726.104889 23.307114 0.012728
2458726.608482 23.284280 0.012463
2458727.101550 23.294991 0.012587
2458727.594617 23.310166 0.012764
2458728.098210 23.302227 0.012671
2458728.591277 23.293593 0.012571
2458729.084344 23.310166 0.012764
2458729.587938 23.295422 0.012592
2458730.081005 23.295422 0.012592
2458730.574072 23.293808 0.012573
2458731.077666 23.295745 0.012596
2458731.570733 23.299413 0.012638
2458732.063800 23.323454 0.012921
2458732.567394 23.322902 0.012915
2458733.060461 23.298333 0.012626
2458733.553528 23.296607 0.012606
2458734.057121 23.311149 0.012775
2458734.550188 23.298549 0.012628
2458735.043256 23.329104 0.012989
2458735.546849 23.284280 0.012463
2458736.039916 23.319153 0.012870
2458736.532983 23.336124 0.013073
2458737.036577 23.317943 0.012856
2458737.529644 23.293700 0.012572
2458738.022711 23.294991 0.012587
2458738.526305 23.305700 0.012712
2458739.019372 23.296391 0.012603
2458739.512439 23.302877 0.012679
2458740.016032 23.339708 0.013116
2458740.509100 23.317833 0.012854
2458741.002167 23.295852 0.012597
2458741.505760 23.295960 0.012598
2458741.998827 23.309511 0.012756
2458742.491894 23.298333 0.012626
2458742.995488 23.301360 0.012661
2458743.488555 23.301144 0.012658
2458743.981622 23.316405 0.012837
2458744.485216 23.291123 0.012542
2458744.978283 23.278222 0.012394
2458745.471350 23.293378 0.012568
2458745.974944 23.292411 0.012557
2458746.468011 23.284600 0.012467
2458746.961078 23.297469 0.012616
2458747.464671 23.309511 0.012756
2458747.957738 23.306570 0.012722
2458748.450806 23.285027 0.012472
2458748.954399 23.331550 0.013018
2458749.447466 23.288980 0.012517
2458749.940533 23.326220 0.012954
2458750.444127 23.305700 0.012712
2458750.937194 23.298009 0.012622
2458751.430261 23.296068 0.012599
2458751.933855 23.308530 0.012745
2458752.426922 23.304287 0.012695
2458752.919989 23.312460 0.012791
2458753.423582 23.282789 0.012446
2458753.916650 23.300819 0.012655
2458754.409717 23.291659 0.012548
2458754.913310 23.272408 0.012328
2458755.406377 23.290051 0.012530
2458755.899444 23.294991 0.012587
2458756.403038 23.275893 0.012367
2458756.896105 23.300494 0.012651
2458757.389172 23.283534 0.012455
2458757.892766 23.288980 0.012517
2458758.385833 23.314979 0.012821
2458758.878900 23.277904 0.012390
2458759.382494 23.315966 0.012832
2458759.875561 23.305265 0.012706
2458760.368628 23.308421 0.012743
2458760.872221 23.302010 0.012668
2458761.365288 23.305265 0.012706
2458761.858356 23.289194 0.012520
2458762.361949 23.320805 0.012890
2458762.855016 23.292411 0.012557
2458763.348083 23.278434 0.012396
2458763.851677 23.306570 0.012722
2458764.344744 23.301685 0.012665
2458764.837811 23.312132 0.012787
2458765.341405 23.321026 0.012892
2458765.834472 23.323786 0.012925
2458766.327539 23.311149 0.012775
2458766.831132 23.310275 0.012765
2458767.324200 23.294023 0.012576
2458767.817267 23.307549 0.012733
2458768.320860 23.287589 0.012501
2458768.813927 23.314321 0.012813
2458769.306994 23.298225 0.012624
2458769.810588 23.327218 0.012966
2458770.303655 23.307876 0.012737
2458770.796722 23.311258 0.012777
2458771.300316 23.307549 0.012733
2458771.793383 23.305482 0.012709
2458772.286450 23.305156 0.012705
2458772.790044 23.302443 0.012673
2458773.283111 23.292518 0.012558
2458773.776178 23.303528 0.012686
2458774.279771 23.313007 0.012797
2458774.772838 23.279282 0.012406
2458775.265906 23.308639 0.012746
2458775.769499 23.296391 0.012603
2458776.262566 23.315418 0.012826
2458776.755633 23.299197 0.012636
2458777.259227 23.293378 0.012568
2458777.752294 23.283002 0.012449
2458778.245361 23.279707 0.012411
2458778.748955 23.302443 0.012673
2458779.242022 23.308966 0.012750
2458779.735089 23.299737 0.012642
2458780.238682 23.299521 0.012639
2458780.731750 23.297254 0.012613
2458781.224817 23.306678 0.012723
2458781.728410 23.313007 0.012797
2458782.221477 23.302552 0.012675
2458782.714544 23.315747 0.012830
2458783.218138 23.293378 0.012568
2458783.711205 23.301144 0.012658
2459622.427944 23.303962 0.012691
2459622.921011 23.307440 0.012732
2459623.424605 23.279495 0.012408
2459623.917672 23.307876 0.012737
2459624.410739 23.304070 0.012692
2459624.914332 23.286414 0.012488
2459625.407400 23.312242 0.012788
2459625.900467 23.291337 0.012544
2459626.404060 23.297901 0.012621
2459626.897127 23.295745 0.012596
2459627.390194 23.294453 0.012581
2459627.893788 23.294991 0.012587
2459628.386855 23.285667 0.012479
2459628.879922 23.297685 0.012618
2459629.383516 23.300819 0.012655
2459629.876583 23.297685 0.012618
2459630.369650 23.297146 0.012612
2459630.873244 23.312023 0.012786
2459631.366311 23.299737 0.012642
2459631.859378 23.309838 0.012760
2459632.362971 23.316296 0.012836
2459632.856038 23.318823 0.012866
2459633.349106 23.294776 0.012584
2459633.852699 23.308857 0.012749
2459634.345766 23.287055 0.012495
2459634.838833 23.313774 0.012806
2459635.342427 23.318823 0.012866
2459635.835494 23.291874 0.012551
2459636.328561 23.280450 0.012419
2459636.832155 23.301360 0.012661
2459637.325222 23.297362 0.012614
2459637.818289 23.284600 0.012467
2459638.321882 23.294883 0.012586
2459638.814950 23.286414 0.012488
2459639.308017 23.294883 0.012586
2459639.811610 23.310275 0.012765
2459640.304677 23.297469 0.012616
2459640.797744 23.290801 0.012538
2459641.301338 23.281300 0.012429
2459641.794405 23.318163 0.012858
2459642.287472 23.279070 0.012404
2459642.791066 23.323344 0.012920
2459643.284133 23.314979 0.012821
2459643.777200 23.289515 0.012523
2459644.280794 23.298657 0.012629
2459644.773861 23.311149 0.012775
2459645.266928 23.302335 0.012672
2459645.770521 23.288873 0.012516
2459646.263588 23.301793 0.012666
2459646.756656 23.291659 0.012548
2459647.260249 23.284707 0.012468
2459647.753316 23.300278 0.012648
2459648.246383 23.318493 0.012862
2459648.749977 23.305048 0.012704
2459649.243044 23.301360 0.012661
2459649.736111 23.327661 0.012971
2459650.239705 23.306678 0.012723
2459650.732772 23.305374 0.012708
2459651.225839 23.305808 0.012713
2459651.729432 23.290587 0.012536
2459652.222500 23.298117 0.012623
2459652.715567 23.304613 0.012699
2459653.219160 23.299629 0.012641
2459653.712227 23.311039 0.012774
2459654.205294 23.293270 0.012567
2459654.708888 23.296715 0.012607
2459655.201955 23.290158 0.012531
2459655.695022 23.304505 0.012698
2459656.198616 23.282576 0.012444
2459656.691683 23.295206 0.012589
2459657.184750 23.280132 0.012416
2459657.688344 23.304179 0.012694
2459658.181411 23.279601 0.012410
2459658.674478 23.302227 0.012671
2459659.178071 23.301468 0.012662
2459659.671138 23.308530 0.012745
2459660.164206 23.295852 0.012597
2459660.667799 23.319043 0.012869
2459661.160866 23.341616 0.013139
2459661.653933 23.290158 0.012531
2459662.157527 23.296283 0.012602
2459662.650594 23.299305 0.012637
2459663.143661 23.288338 0.012510
2459663.647255 23.297469 0.012616
2459664.140322 23.292840 0.012562
2459664.633389 23.311695 0.012782
2459665.136982 23.312898 0.012796
2459665.630050 23.299413 0.012638
2459666.123117 23.316625 0.012840
2459666.626710 23.323675 0.012924
2459667.119777 23.293163 0.012566
2459667.612844 23.322129 0.012905
2459668.116438 23.297038 0.012611
2459668.609505 23.304613 0.012699
2459669.102572 23.314431 0.012814
2459669.606166 23.301144 0.012658
2459670.099233 23.303094 0.012681
2459670.592300 23.295314 0.012591
2459671.095894 23.289837 0.012527
2459671.588961 23.292518 0.012558
2459672.082028 23.286628 0.012490
2459672.585621 23.274202 0.012348
2459673.078688 23.298765 0.012631
2459673.571756 23.316625 0.012840
2459674.075349 23.303745 0.012689
2459674.568416 23.297793 0.012619
2459675.061483 23.313226 0.012800
2459675.565077 23.296499 0.012604
2459676.058144 23.301144 0.012658
2459676.551211 23.294560 0.012582
2459677.054805 23.307549 0.012733
2459677.547872 23.279176 0.012405
2459678.040939 23.316625 0.012840
2459678.544532 23.311586 0.012781
2459679.037600 23.285453 0.012477
2459679.530667 23.311039 0.012774
2459680.034260 23.312789 0.012795
2459680.527327 23.319373 0.012873
2459681.020394 23.291552 0.012547
2459681.523988 23.302660 0.012676
2459682.017055 23.283109 0.012450
2459682.510122 23.306787 0.012724
2459683.013716 23.323896 0.012926
2459683.506783 23.299089 0.012634
2459683.999850 23.280238 0.012417
2459684.503444 23.323123 0.012917
2459684.996511 23.316076 0.012834
2459685.489578 23.294453 0.012581
2459685.993171 23.311367 0.012778
2459686.486238 23.310712 0.012770
2459686.979306 23.311258 0.012777
2459687.482899 23.286094 0.012484
2459687.975966 23.303962 0.012691
2459688.469033 23.296715 0.012607
2459688.972627 23.277269 0.012383
2459689.465694 23.302660 0.012676
2459689.958761 23.301685 0.012665
2459690.462355 23.319373 0.012873
2459690.955422 23.308857 0.012749
2459691.448489 23.302877 0.012679
2459691.952082 23.315857 0.012831
2459692.445150 23.305374 0.012708
2459692.938217 23.285240 0.012474
2459693.441810 23.296499 0.012604
2459693.934877 23.306678 0.012723
2459807.647256 23.300278 0.012648
2459808.150849 23.316625 0.012840
2459808.643916 23.309838 0.012760
2459809.136983 23.315198 0.012823
2459809.640577 23.287696 0.012502
2459810.133644 23.288231 0.012509
2459810.626711 23.288124 0.012507
2459811.130305 23.314869 0.012819
2459811.623372 23.301252 0.012660
2459812.116439 23.287269 0.012498
2459812.620032 23.287482 0.012500
2459813.113100 23.311258 0.012777
2459813.606167 23.297901 0.012621
2459814.109760 23.276633 0.012376
2459814.602827 23.324449 0.012933
2459815.095894 23.313007 0.012797
2459815.599488 23.305482 0.012709
2459816.092555 23.300819 0.012655
2459816.585622 23.283854 0.012458
2459817.089216 23.282896 0.012447
2459817.582283 23.302443 0.012673
2459818.075350 23.288552 0.012512
2459818.578944 23.282044 0.012438
2459819.072011 23.309293 0.012754
2459819.565078 23.322902 0.012915
2459820.068671 23.307985 0.012738
2459820.561738 23.292626 0.012559
2459821.054806 23.325556 0.012946
2459821.558399 23.298441 0.012627
2459822.051466 23.316515 0.012839
2459822.544533 23.304070 0.012692
2459823.048127 23.302443 0.012673
2459823.541194 23.292411 0.012557
2459824.034261 23.300494 0.012651
2459824.537855 23.290694 0.012537
2459825.030922 23.307876 0.012737
2459825.523989 23.304722 0.012700
2459826.027582 23.280132 0.012416
2459826.520650 23.308203 0.012741
2459827.013717 23.317284 0.012848
2459827.517310 23.305591 0.012710
2459828.010377 23.311367 0.012778
2459828.503444 23.278964 0.012402
2459829.007038 23.333445 0.013041
2459829.500105 23.316515 0.012839
2459829.993172 23.314760 0.012818
2459830.496766 23.301793 0.012666
2459830.989833 23.312898 0.012796
2459831.482900 23.316405 0.012837
2459831.986494 23.279389 0.012407
2459832.479561 23.302877 0.012679
2459832.972628 23.307440 0.012732
2459833.476221 23.281725 0.012434
2459833.969288 23.298981 0.012633
2459834.462356 23.288873 0.012516
2459834.965949 23.278540 0.012398
2459835.459016 23.308530 0.012745
2459835.952083 23.294560 0.012582
2459836.455677 23.292840 0.012562
2459836.948744 23.313007 0.012797
2459837.441811 23.291659 0.012548
2459837.945405 23.305156 0.012705
2459838.438472 23.294023 0.012576
2459838.931539 23.317064 0.012845
2459839.435132 23.305048 0.012704
2459839.928200 23.292518 0.012558
2459840.421267 23.316515 0.012841
2459840.924860 23.294991 0.012630
2459841.417927 23.284920 0.012591
2459841.910994 23.321026 0.012895
2459842.414588 23.299845 0.012644
2459842.907655 23.295960 0.012598
2459843.400722 23.326552 0.012958
2459843.904316 23.320365 0.012884
2459844.397383 23.303419 0.012685
2459844.890450 23.297793 0.012619
2459845.394044 23.281087 0.012427
2459845.887111 23.302118 0.012670
2459846.380178 23.296391 0.012603
2459846.883771 23.290158 0.012531
2459847.376838 23.335789 0.013069
2459847.869906 23.330549 0.013006
2459848.373499 23.275364 0.012361
2459848.866566 23.315857 0.012831
2459849.359633 23.304396 0.012696
2459849.863227 23.287910 0.012505
2459850.356294 23.319153 0.012870
2459850.849361 23.285560 0.012478
2459851.352955 23.298009 0.012622
2459851.846022 23.302552 0.012675
2459852.339089 23.304722 0.012700
2459852.842682 23.298873 0.012632
2459853.335750 23.313774 0.012806
2459853.828817 23.298981 0.012633
2459854.332410 23.307549 0.012733
2459854.825477 23.294345 0.012579
2459855.318544 23.295637 0.012594
2459855.822138 23.288124 0.012507
2459856.315205 23.313664 0.012805
2459856.808272 23.334672 0.013055
2459857.311866 23.306461 0.012720
2459857.804933 23.310602 0.012769
2459858.298000 23.301685 0.012665
2459858.801594 23.313883 0.012808
2459859.294661 23.312789 0.012795
2459859.787728 23.289944 0.012528
2459860.291321 23.309184 0.012752
2459860.784388 23.299737 0.012642
2459861.277456 23.286094 0.012484
2459861.781049 23.299521 0.012639
2459862.274116 23.295960 0.012598
2459862.767183 23.311039 0.012774
2459863.270777 23.290051 0.012530
2459863.763844 23.293055 0.012564
2459864.256911 23.311586 0.012781
2459864.760505 23.314102 0.012810
2459865.253572 23.302877 0.012679
2459865.746639 23.290158 0.012531
2459866.250232 23.277904 0.012390
2459866.743300 23.316954 0.012844
2459867.236367 23.288873 0.012516
2459867.739960 23.296715 0.012607
2459868.233027 23.293485 0.012569
2459868.726094 23.307658 0.012734
2459869.229688 23.315527 0.012827
2459869.722755 23.299954 0.012644
2459870.215822 23.296391 0.012603
2459870.719416 23.312023 0.012786
2459871.212483 23.298657 0.012629
2459871.705550 23.317284 0.012848
2459872.209144 23.295637 0.012594
2459872.702211 23.275787 0.012366
2459873.195278 23.305700 0.012712
2459873.698871 23.298333 0.012626
2459874.191938 23.299521 0.012639
2459874.685006 23.285240 0.012474
2459875.188599 23.292518 0.012558
2459875.681666 23.302227 0.012671
2459876.174733 23.309620 0.012758
2459876.678327 23.298333 0.012626
2459877.171394 23.287803 0.012504
2459877.664461 23.314869 0.012819
2459878.168055 23.320585 0.012887
2459878.661122 23.307658 0.012734
2459879.154189 23.316405 0.012837
2459987.411250 23.304613 0.012699
2459987.904317 23.302985 0.012680
2459988.407910 23.315527 0.012827
2459988.900977 23.300278 0.012648
2459989.394044 23.303636 0.012687
2459989.897638 23.301577 0.012663
2459990.390705 23.310602 0.012769
2459990.883772 23.292089 0.012553
2459991.387366 23.293055 0.012564
2459991.880433 23.293915 0.012574
2459992.373500 23.312570 0.012792
2459992.877094 23.342628 0.013151
2459993.370161 23.286200 0.012485
2459993.863228 23.277375 0.012384
2459994.366821 23.289730 0.012526
2459994.859888 23.310384 0.012766
2459995.352956 23.320034 0.012880
2459995.856549 23.306896 0.012726
2459996.349616 23.275681 0.012365
2459996.842683 23.317943 0.012856
2459997.346277 23.302769 0.012677
2459997.839344 23.281725 0.012434
2459998.332411 23.288552 0.012512
2459998.836005 23.302552 0.012675
2459999.329072 23.310602 0.012769
2459999.822139 23.290051 0.012530
2460000.325732 23.288659 0.012514
2460000.818800 23.304939 0.012703
2460001.311867 23.287589 0.012501
2460001.815460 23.309838 0.012760
2460002.308527 23.302443 0.012673
2460002.801594 23.310057 0.012763
2460003.305188 23.296176 0.012601
2460003.798255 23.327994 0.012975
2460004.291322 23.304830 0.012701
2460004.794916 23.307331 0.012731
2460005.287983 23.295745 0.012596
2460005.781050 23.299305 0.012637
2460006.284644 23.306678 0.012723
2460006.777711 23.273358 0.012338
2460007.270778 23.302660 0.012676
2460007.774371 23.311804 0.012783
2460008.267438 23.283215 0.012451
2460008.760506 23.299305 0.012637
2460009.264099 23.299629 0.012641
2460009.757166 23.300711 0.012653
2460010.250233 23.304505 0.012698
2460010.753827 23.318163 0.012858
2460011.246894 23.305917 0.012714
2460011.739961 23.284067 0.012461
2460012.243555 23.295099 0.012588
2460012.736622 23.285347 0.012475
2460013.229689 23.306026 0.012715
2460013.733282 23.300062 0.012646
2460014.226350 23.297146 0.012612
2460014.719417 23.314760 0.012818
2460015.223010 23.271460 0.012317
2460015.716077 23.298225 0.012624
2460016.209144 23.291981 0.012552
2460016.712738 23.305591 0.012710
2460017.205805 23.306135 0.012717
2460017.698872 23.312242 0.012788
2460018.202466 23.304287 0.012695
2460018.695533 23.302552 0.012675
2460019.188600 23.301144 0.012658
2460019.692194 23.302335 0.012672
2460020.185261 23.305374 0.012708
2460020.678328 23.287055 0.012495
2460021.181921 23.310275 0.012765
2460021.674988 23.321908 0.012903
2460022.168056 23.289837 0.012527
2460022.671649 23.310057 0.012763
2460023.164716 23.293270 0.012567
2460023.657783 23.293593 0.012571
2460024.161377 23.286200 0.012485
2460024.654444 23.301902 0.012667
2460025.147511 23.331550 0.013018
2460025.651105 23.300170 0.012647
2460026.144172 23.310493 0.012768
2460026.637239 23.304722 0.012700
2460027.140832 23.294991 0.012587
2460027.633900 23.299197 0.012636
2460028.126967 23.304287 0.012695
2460028.630560 23.332107 0.013025
2460029.123627 23.302010 0.012668
2460029.616694 23.290801 0.012538
2460030.120288 23.285880 0.012482
2460030.613355 23.300711 0.012653
2460031.106422 23.324449 0.012933
2460031.610016 23.283748 0.012457
2460032.103083 23.335342 0.013063
2460032.596150 23.300386 0.012649
2460033.099744 23.280450 0.012419
2460033.592811 23.323675 0.012924
2460034.085878 23.290694 0.012537
2460034.589471 23.286948 0.012494
2460035.082538 23.298117 0.012623
2460035.575606 23.295099 0.012588
2460036.079199 23.287376 0.012499
2460036.572266 23.296930 0.012609
2460037.065333 23.325334 0.012944
2460037.568927 23.314102 0.012810
2460038.061994 23.306570 0.012722
2460038.555061 23.302443 0.012673
2460039.058655 23.273041 0.012335
2460039.551722 23.288980 0.012517
2460040.044789 23.296391 0.012603
2460040.548382 23.293055 0.012564
2460041.041450 23.312679 0.012794
2460041.534517 23.288338 0.012510
2460042.038110 23.276845 0.012378
2460042.531177 23.296822 0.012608
2460043.024244 23.294238 0.012578
2460043.527838 23.304830 0.012701
2460044.020905 23.296930 0.012609
2460044.513972 23.302118 0.012670
2460045.017566 23.297146 0.012612
2460045.510633 23.313226 0.012800
2460046.003700 23.278434 0.012396
2460046.507294 23.288659 0.012514
2460047.000361 23.297362 0.012614
2460047.493428 23.319153 0.012870
2460047.997021 23.318713 0.012865
2460048.490088 23.287269 0.012498
2460048.983156 23.286094 0.012484
2460049.486749 23.314212 0.012812
2460049.979816 23.297685 0.012618
2460050.472883 23.312351 0.012790
2460050.976477 23.300819 0.012655
2460051.469544 23.289622 0.012525
2460051.962611 23.310384 0.012766
2460052.466205 23.301468 0.012662
2460052.959272 23.323675 0.012924
2460053.452339 23.309402 0.012755
2460053.955932 23.300494 0.012651
2460054.449000 23.304830 0.012701
2460054.942067 23.313117 0.012799
2460055.445660 23.295852 0.012597
2460055.938727 23.297901 0.012621
2460056.431794 23.297038 0.012611
2460056.935388 23.304070 0.012692
2460057.428455 23.295314 0.012591
2460057.921522 23.303962 0.012691
2460058.425116 23.306787 0.012724
2460058.918183 23.294668 0.012583
