2458346.727899 22.123128 0.006663
2458347.220966 22.125449 0.006678
2458347.714033 22.121311 0.006652
2458348.217627 22.121454 0.006653
2458348.710694 22.133734 0.006729
2458349.203761 22.126771 0.006686
2458349.707355 22.121383 0.006653
2458350.200422 22.112166 0.006596
2458350.693489 22.124448 0.006672
2458351.197082 22.118680 0.006636
2458351.690150 22.106674 0.006563
2458352.183217 22.134275 0.006732
2458352.686810 22.117296 0.006628
2458353.179877 22.123592 0.006666
2458353.672944 22.123414 0.006665
2458354.176538 22.125091 0.006675
2458354.669605 22.127201 0.006688
2458355.162672 22.116304 0.006622
2458355.666266 22.119391 0.006640
2458356.159333 22.119782 0.006643
2458356.652400 22.107446 0.006568
2458357.155994 22.125198 0.006676
2458357.649061 22.114145 0.006608
2458358.142128 22.132439 0.006721
2458358.645721 22.119817 0.006643
2458359.138788 22.120956 0.006650
2458359.631856 22.125842 0.006680
2458360.135449 22.115064 0.006614
2458360.628516 22.113296 0.006603
2458361.121583 22.116446 0.006623
2458361.625177 22.125413 0.006677
2458362.118244 22.123485 0.006666
2458362.611311 22.118894 0.006637
2458363.114905 22.128347 0.006696
2458363.607972 22.123663 0.006667
2458364.101039 22.129709 0.006704
2458364.604632 22.130894 0.006711
2458365.097700 22.117048 0.006626
2458365.590767 22.121418 0.006653
2458366.094360 22.122772 0.006661
2458366.587427 22.121561 0.006654
2458367.080494 22.120884 0.006650
2458367.584088 22.121846 0.006656
2458368.077155 22.114109 0.006608
2458368.570222 22.117296 0.006628
2458369.073816 22.123628 0.006666
2458369.566883 22.121205 0.006652
2458370.059950 22.124056 0.006669
2458370.563544 22.116339 0.006622
2458371.056611 22.105761 0.006558
2458371.549678 22.120671 0.006648
2458372.053271 22.131360 0.006714
2458372.546338 22.119782 0.006643
2458373.039406 22.118396 0.006634
2458373.542999 22.127416 0.006690
2458374.036066 22.121632 0.006654
2458374.529133 22.127595 0.006691
2458375.032727 22.119569 0.006642
2458375.525794 22.120493 0.006647
2458376.018861 22.125270 0.006677
2458376.522455 22.128920 0.006699
2458377.015522 22.109522 0.006580
2458377.508589 22.115206 0.006615
2458378.012182 22.119320 0.006640
2458378.505250 22.125377 0.006677
2458378.998317 22.116906 0.006625
2458379.501910 22.120956 0.006650
2458379.994977 22.129996 0.006706
2458380.488044 22.118254 0.006634
2458380.991638 22.126700 0.006685
2458381.484705 22.123984 0.006669
2458381.977772 22.143100 0.006787
2458382.481366 22.120457 0.006647
2458382.974433 22.137196 0.006750
2458383.467500 22.133266 0.006726
2458383.971094 22.122416 0.006659
2458384.464161 22.117580 0.006629
2458384.957228 22.117616 0.006630
2458385.460821 22.117261 0.006627
2458385.953888 22.122237 0.006658
2458386.446956 22.124092 0.006669
2458386.950549 22.120991 0.006650
2458387.443616 22.125663 0.006679
2458387.936683 22.121205 0.006652
2458388.440277 22.114463 0.006610
2458388.933344 22.116198 0.006621
2458389.426411 22.115348 0.006616
2458389.930005 22.134275 0.006732
2458390.423072 22.122344 0.006659
2458390.916139 22.122558 0.006660
2458391.419732 22.119889 0.006644
2458391.912800 22.124448 0.006672
2458392.405867 22.123628 0.006666
2458392.909460 22.129028 0.006700
2458393.402527 22.126771 0.006686
2458393.895594 22.133554 0.006728
2458394.399188 22.117403 0.006628
2458394.892255 22.119355 0.006640
2458395.385322 22.130750 0.006710
2458395.888916 22.130391 0.006708
2458396.381983 22.119533 0.006641
2458396.875050 22.120742 0.006649
2458397.378644 22.129243 0.006701
2458397.871711 22.123307 0.006664
2458398.364778 22.133734 0.006729
2458398.868371 22.132619 0.006722
2458399.361438 22.126128 0.006682
2458399.854506 22.125484 0.006678
2458400.358099 22.133698 0.006729
2458400.851166 22.114038 0.006608
2458401.344233 22.128168 0.006694
2458401.847827 22.123342 0.006665
2458402.340894 22.120920 0.006650
2458402.833961 22.125842 0.006680
2458403.337555 22.113579 0.006605
2458403.830622 22.121133 0.006651
2458404.323689 22.120920 0.006650
2458404.827282 22.119036 0.006638
2458405.320350 22.129315 0.006701
2458405.813417 22.130032 0.006706
2458406.317010 22.123414 0.006665
2458406.810077 22.134383 0.006733
2458407.303144 22.123485 0.006666
2458407.806738 22.124806 0.006674
2458408.299805 22.116977 0.006626
2458408.792872 22.127058 0.006688
2458409.296466 22.115631 0.006618
2458409.789533 22.127237 0.006689
2458410.282600 22.126020 0.006681
2458410.786194 22.124341 0.006671
2458411.279261 22.128741 0.006698
2458411.772328 22.135139 0.006738
2458412.275921 22.124306 0.006671
2458412.768988 22.124270 0.006670
2458413.262056 22.124092 0.006669
2458413.765649 22.123842 0.006668
2458414.258716 22.138389 0.006758
2458414.751783 22.123485 0.006666
2458415.255377 22.110579 0.006587
2458415.748444 22.123628 0.006666
2458416.241511 22.130499 0.006709
2458416.745105 22.119995 0.006644
2458417.238172 22.124698 0.006673
2458417.731239 22.118219 0.006633
2458418.234832 22.120920 0.006650
2458526.481367 22.115773 0.006618
2458526.984960 22.113862 0.006607
2458527.478027 22.130463 0.006709
2458527.971094 22.120706 0.006649
2458528.474688 22.107200 0.006566
2458528.967755 22.112449 0.006598
2458529.460822 22.128418 0.006696
2458529.964416 22.119960 0.006644
2458530.457483 22.126771 0.006686
2458530.950550 22.115525 0.006617
2458531.454144 22.123592 0.006666
2458531.947211 22.131576 0.006715
2458532.440278 22.119142 0.006639
2458532.943871 22.123200 0.006664
2458533.436938 22.120671 0.006648
2458533.930006 22.130499 0.006709
2458534.433599 22.126879 0.006686
2458534.926666 22.125806 0.006680
2458535.419733 22.125556 0.006678
2458535.923327 22.132871 0.006723
2458536.416394 22.121846 0.006656
2458536.909461 22.122451 0.006659
2458537.413055 22.127523 0.006690
2458537.906122 22.135861 0.006742
2458538.399189 22.126700 0.006685
2458538.902782 22.113791 0.006606
2458539.395850 22.138317 0.006757
2458539.888917 22.124948 0.006675
2458540.392510 22.115914 0.006619
2458540.885577 22.123057 0.006663
2458541.378644 22.119569 0.006642
2458541.882238 22.122202 0.006658
2458542.375305 22.118432 0.006635
2458542.868372 22.128347 0.006696
2458543.371966 22.118858 0.006637
2458543.865033 22.116127 0.006621
2458544.358100 22.116623 0.006624
2458544.861694 22.108044 0.006571
2458545.354761 22.121917 0.006656
2458545.847828 22.125020 0.006675
2458546.351421 22.129960 0.006705
2458546.844488 22.119142 0.006639
2458547.337556 22.134779 0.006735
2458547.841149 22.125770 0.006680
2458548.334216 22.128347 0.006696
2458548.827283 22.118645 0.006636
2458549.330877 22.119640 0.006642
2458549.823944 22.121952 0.006656
2458550.317011 22.125734 0.006679
2458550.820605 22.103657 0.006545
2458551.313672 22.126879 0.006686
2458551.806739 22.128347 0.006696
2458552.310332 22.128275 0.006695
2458552.803400 22.119071 0.006639
2458553.296467 22.116056 0.006620
2458553.800060 22.116091 0.006620
2458554.293127 22.129494 0.006703
2458554.786194 22.133230 0.006726
2458555.289788 22.115100 0.006614
2458555.782855 22.129530 0.006703
2458556.275922 22.129709 0.006704
2458556.779516 22.130140 0.006707
2458557.272583 22.121027 0.006651
2458557.765650 22.122024 0.006657
2458558.269244 22.124556 0.006672
2458558.762311 22.134527 0.006734
2458559.255378 22.130104 0.006706
2458559.758971 22.128884 0.006699
2458560.252038 22.122914 0.006662
2458560.745106 22.127559 0.006691
2458561.248699 22.133446 0.006727
2458561.741766 22.122380 0.006659
2458562.234833 22.124127 0.006670
2458562.738427 22.118894 0.006637
2458563.231494 22.122273 0.006658
2458563.724561 22.122344 0.006659
2458564.228155 22.110121 0.006584
2458564.721222 22.123093 0.006663
2458565.214289 22.115914 0.006619
2458565.717882 22.123021 0.006663
2458566.210950 22.125663 0.006679
2458566.704017 22.124556 0.006672
2458567.207610 22.120600 0.006648
2458567.700677 22.126342 0.006683
2458568.193744 22.110332 0.006585
2458568.697338 22.122986 0.006663
2458569.190405 22.123770 0.006667
2458569.683472 22.123592 0.006666
2458570.187066 22.126235 0.006683
2458570.680133 22.119675 0.006642
2458571.173200 22.114251 0.006609
2458571.676794 22.126378 0.006683
2458572.169861 22.118361 0.006634
2458572.662928 22.106674 0.006563
2458573.166521 22.125163 0.006676
2458573.659588 22.119462 0.006641
2458574.152656 22.119107 0.006639
2458574.656249 22.115454 0.006616
2458575.149316 22.118822 0.006637
2458575.642383 22.119426 0.006641
2458576.145977 22.117048 0.006626
2458576.639044 22.103552 0.006544
2458577.132111 22.134815 0.006736
2458577.635705 22.122843 0.006662
2458578.128772 22.121454 0.006653
2458578.621839 22.116658 0.006624
2458579.125432 22.122736 0.006661
2458579.618500 22.131468 0.006715
2458580.111567 22.128992 0.006699
2458580.615160 22.111566 0.006593
2458581.108227 22.123414 0.006665
2458581.601294 22.116623 0.006624
2458582.104888 22.115950 0.006619
2458582.597955 22.132367 0.006720
2458583.091022 22.125806 0.006680
2458583.594616 22.122344 0.006659
2458584.087683 22.115383 0.006616
2458584.580750 22.125699 0.006679
2458585.084344 22.122772 0.006661
2458585.577411 22.130355 0.006708
2458586.070478 22.132223 0.006719
2458586.574071 22.118965 0.006638
2458587.067138 22.114923 0.006613
2458587.560206 22.122273 0.006658
2458588.063799 22.124270 0.006670
2458588.556866 22.123271 0.006664
2458589.049933 22.122986 0.006663
2458589.553527 22.128705 0.006698
2458590.046594 22.116942 0.006626
2458590.539661 22.119426 0.006641
2458591.043255 22.118219 0.006633
2458591.536322 22.134671 0.006735
2458592.029389 22.126235 0.006683
2458592.532982 22.112978 0.006601
2458593.026050 22.125913 0.006681
2458593.519117 22.132259 0.006720
2458594.022710 22.112978 0.006601
2458594.515777 22.113756 0.006606
2458595.008844 22.129064 0.006700
2458595.512438 22.120813 0.006649
2458596.005505 22.119213 0.006639
2458596.498572 22.115843 0.006619
2458597.002166 22.118503 0.006635
2458597.495233 22.131289 0.006714
2458597.988300 22.133086 0.006725
2458712.204272 22.124520 0.006677
2458712.697339 22.110086 0.006589
2458713.200932 22.131971 0.006724
2458713.694000 22.118574 0.006642
2458714.187067 22.117119 0.006633
2458714.690660 22.120422 0.006653
2458715.183727 22.117687 0.006637
2458715.676794 22.117829 0.006638
2458716.180388 22.121596 0.006662
2458716.673455 22.123735 0.006675
2458717.166522 22.123663 0.006675
2458717.670116 22.122808 0.006670
2458718.163183 22.112343 0.006607
2458718.656250 22.117048 0.006636
2458719.159844 22.111848 0.006604
2458719.652911 22.114251 0.006620
2458720.145978 22.112696 0.006611
2458720.649571 22.121810 0.006667
2458721.142638 22.114781 0.006624
2458721.635706 22.114781 0.006625
2458722.139299 22.113826 0.006620
2458722.632366 22.116658 0.006638
2458723.125433 22.112837 0.006615
2458723.629027 22.119817 0.006659
2458724.122094 22.117332 0.006644
2458724.615161 22.111672 0.006611
2458725.118755 22.116800 0.006643
2458725.611822 22.120386 0.006666
2458726.104889 22.107798 0.006590
2458726.608482 22.115064 0.006635
2458727.101550 22.120493 0.006670
2458727.594617 22.108009 0.006595
2458728.098210 22.111319 0.006616
2458728.591277 22.117225 0.006654
2458729.084344 22.111778 0.006622
2458729.587938 22.119640 0.006672
2458730.081005 22.120778 0.006681
2458730.574072 22.102887 0.006573
2458731.077666 22.112166 0.006632
2458731.570733 22.119355 0.006678
2458732.063800 22.120991 0.006690
2458732.567394 22.100475 0.006567
2458733.060461 22.104078 0.006592
2458733.553528 22.100580 0.006573
2458734.057121 22.115666 0.006668
2458734.550188 22.100824 0.006581
2458735.043256 22.098138 0.006568
2458735.546849 22.097720 0.006569
2458736.039916 22.099288 0.006583
2458736.532983 22.094833 0.006560
2458737.036577 22.097894 0.006583
2458737.529644 22.078182 0.006470
2458738.022711 22.084839 0.006515
2458738.526305 22.085872 0.006526
2458739.019372 22.088010 0.006545
2458739.512439 22.078901 0.006497
2458740.016032 22.091607 0.006580
2458740.509100 22.092958 0.006596
2458741.002167 22.084805 0.006554
2458741.505760 22.074732 0.006502
2458741.998827 22.072314 0.006496
2458742.491894 22.074869 0.006521
2458742.995488 22.066308 0.006479
2458743.488555 22.062727 0.006468
2458743.981622 22.057310 0.006446
2458744.485216 22.052288 0.006427
2458744.978283 22.048919 0.006417
2458745.471350 22.039140 0.006370
2458745.974944 22.043737 0.006407
2458746.468011 22.028892 0.006329
2458746.961078 22.044466 0.006428
2458747.464671 22.044433 0.006435
2458747.957738 22.031183 0.006362
2458748.450806 22.017768 0.006287
2458748.954399 22.037656 0.006404
2458749.447466 22.030495 0.006361
2458749.940533 22.028140 0.006345
2458750.444127 22.039140 0.006404
2458750.937194 22.031477 0.006353
2458751.430261 22.046126 0.006431
2458751.933855 22.046657 0.006425
2458752.426922 22.047322 0.006420
2458752.919989 22.044300 0.006392
2458753.423582 22.070342 0.006536
2458753.916650 22.056237 0.006441
2458754.409717 22.067493 0.006498
2458754.913310 22.075687 0.006537
2458755.406377 22.074153 0.006518
2458755.899444 22.085321 0.006576
2458756.403038 22.070953 0.006481
2458756.896105 22.072314 0.006481
2458757.389172 22.068577 0.006451
2458757.892766 22.086286 0.006550
2458758.385833 22.079106 0.006500
2458758.878900 22.080134 0.006500
2458759.382494 22.096989 0.006595
2458759.875561 22.091572 0.006557
2458760.368628 22.099567 0.006600
2458760.872221 22.101453 0.006606
2458761.365288 22.088874 0.006526
2458761.858356 22.092958 0.006546
2458762.361949 22.099672 0.006583
2458762.855016 22.094103 0.006545
2458763.348083 22.095562 0.006551
2458763.851677 22.090015 0.006514
2458764.344744 22.099079 0.006566
2458764.837811 22.101873 0.006580
2458765.341405 22.117829 0.006674
2458765.834472 22.106919 0.006605
2458766.327539 22.111213 0.006629
2458766.831132 22.119995 0.006681
2458767.324200 22.118290 0.006668
2458767.817267 22.104463 0.006582
2458768.320860 22.114392 0.006641
2458768.813927 22.118929 0.006667
2458769.306994 22.113968 0.006635
2458769.810588 22.112237 0.006623
2458770.303655 22.121917 0.006681
2458770.796722 22.111566 0.006616
2458771.300316 22.107587 0.006591
2458771.793383 22.117580 0.006650
2458772.286450 22.110931 0.006609
2458772.790044 22.112307 0.006616
2458773.283111 22.119995 0.006662
2458773.776178 22.123877 0.006685
2458774.279771 22.128633 0.006714
2458774.772838 22.118361 0.006650
2458775.265906 22.126664 0.006700
2458775.769499 22.126950 0.006701
2458776.262566 22.117970 0.006645
2458776.755633 22.123021 0.006676
2458777.259227 22.123806 0.006680
2458777.752294 22.119000 0.006650
2458778.245361 22.120671 0.006659
2458778.748955 22.109311 0.006590
2458779.242022 22.103062 0.006551
2458779.735089 22.113508 0.006614
2458780.238682 22.122986 0.006672
2458780.731750 22.114994 0.006622
2458781.224817 22.111919 0.006603
2458781.728410 22.116481 0.006631
2458782.221477 22.128060 0.006702
2458782.714544 22.125663 0.006686
2458783.218138 22.123842 0.006675
2458783.711205 22.120813 0.006656
2459622.427944 22.119426 0.006641
2459622.921011 22.117438 0.006629
2459623.424605 22.113014 0.006602
2459623.917672 22.127666 0.006691
2459624.410739 22.131756 0.006717
2459624.914332 22.125091 0.006675
2459625.407400 22.117829 0.006631
2459625.900467 22.116268 0.006621
2459626.404060 22.143936 0.006792
2459626.897127 22.131360 0.006714
2459627.390194 22.120529 0.006647
2459627.893788 22.120635 0.006648
2459628.386855 22.106077 0.006560
2459628.879922 22.110403 0.006586
2459629.383516 22.125734 0.006679
2459629.876583 22.123877 0.006668
2459630.369650 22.130894 0.006711
2459630.873244 22.135644 0.006741
2459631.366311 22.128024 0.006694
2459631.859378 22.122273 0.006658
2459632.362971 22.133446 0.006727
2459632.856038 22.129099 0.006700
2459633.349106 22.126378 0.006683
2459633.852699 22.117084 0.006626
2459634.345766 22.116977 0.006626
2459634.838833 22.114180 0.006609
2459635.342427 22.125341 0.006677
2459635.835494 22.120635 0.006648
2459636.328561 22.131576 0.006715
2459636.832155 22.121917 0.006656
2459637.325222 22.126986 0.006687
2459637.818289 22.128669 0.006697
2459638.321882 22.119426 0.006641
2459638.814950 22.119391 0.006640
2459639.308017 22.139800 0.006767
2459639.811610 22.129566 0.006703
2459640.304677 22.124556 0.006672
2459640.797744 22.116481 0.006623
2459641.301338 22.114569 0.006611
2459641.794405 22.117261 0.006627
2459642.287472 22.115064 0.006614
2459642.791066 22.127237 0.006689
2459643.284133 22.136871 0.006748
2459643.777200 22.128848 0.006699
2459644.280794 22.125377 0.006677
2459644.773861 22.118858 0.006637
2459645.266928 22.118965 0.006638
2459645.770521 22.124841 0.006674
2459646.263588 22.127845 0.006692
2459646.756656 22.131396 0.006714
2459647.260249 22.117970 0.006632
2459647.753316 22.123663 0.006667
2459648.246383 22.112660 0.006599
2459648.749977 22.119498 0.006641
2459649.243044 22.120920 0.006650
2459649.736111 22.138425 0.006758
2459650.239705 22.116623 0.006624
2459650.732772 22.123485 0.006666
2459651.225839 22.127093 0.006688
2459651.729432 22.129350 0.006702
2459652.222500 22.125377 0.006677
2459652.715567 22.129853 0.006705
2459653.219160 22.122522 0.006660
2459653.712227 22.124841 0.006674
2459654.205294 22.121418 0.006653
2459654.708888 22.136655 0.006747
2459655.201955 22.131612 0.006716
2459655.695022 22.121311 0.006652
2459656.198616 22.116942 0.006626
2459656.691683 22.127809 0.006692
2459657.184750 22.128669 0.006697
2459657.688344 22.124627 0.006673
2459658.181411 22.130355 0.006708
2459658.674478 22.108677 0.006575
2459659.178071 22.111990 0.006595
2459659.671138 22.126700 0.006685
2459660.164206 22.118574 0.006636
2459660.667799 22.114038 0.006608
2459661.160866 22.128633 0.006697
2459661.653933 22.124234 0.006670
2459662.157527 22.128454 0.006696
2459662.650594 22.127523 0.006690
2459663.143661 22.122986 0.006663
2459663.647255 22.118894 0.006637
2459664.140322 22.140887 0.006773
2459664.633389 22.115171 0.006615
2459665.136982 22.124377 0.006671
2459665.630050 22.114852 0.006613
2459666.123117 22.133338 0.006726
2459666.626710 22.126485 0.006684
2459667.119777 22.115489 0.006617
2459667.612844 22.124270 0.006670
2459668.116438 22.130319 0.006708
2459668.609505 22.110579 0.006587
2459669.102572 22.123414 0.006665
2459669.606166 22.121739 0.006655
2459670.099233 22.132007 0.006718
2459670.592300 22.131756 0.006717
2459671.095894 22.121027 0.006651
2459671.588961 22.117758 0.006631
2459672.082028 22.114675 0.006612
2459672.585621 22.125591 0.006679
2459673.078688 22.136944 0.006749
2459673.571756 22.119960 0.006644
2459674.075349 22.120137 0.006645
2459674.568416 22.125949 0.006681
2459675.061483 22.126700 0.006685
2459675.565077 22.118645 0.006636
2459676.058144 22.120031 0.006644
2459676.551211 22.131432 0.006715
2459677.054805 22.119107 0.006639
2459677.547872 22.131468 0.006715
2459678.040939 22.113508 0.006605
2459678.544532 22.113261 0.006603
2459679.037600 22.122380 0.006659
2459679.530667 22.116835 0.006625
2459680.034260 22.117970 0.006632
2459680.527327 22.104043 0.006547
2459681.020394 22.114887 0.006613
2459681.523988 22.121988 0.006656
2459682.017055 22.117580 0.006629
2459682.510122 22.123449 0.006665
2459683.013716 22.120315 0.006646
2459683.506783 22.121383 0.006653
2459683.999850 22.120742 0.006649
2459684.503444 22.131900 0.006717
2459684.996511 22.120706 0.006649
2459685.489578 22.123949 0.006668
2459685.993171 22.126700 0.006685
2459686.486238 22.122843 0.006662
2459686.979306 22.121347 0.006652
2459687.482899 22.120884 0.006650
2459687.975966 22.132043 0.006718
2459688.469033 22.127058 0.006688
2459688.972627 22.124306 0.006671
2459689.465694 22.131971 0.006718
2459689.958761 22.123842 0.006668
2459690.462355 22.119213 0.006639
2459690.955422 22.117225 0.006627
2459691.448489 22.124270 0.006670
2459691.952082 22.127022 0.006687
2459692.445150 22.118254 0.006634
2459692.938217 22.113084 0.006602
2459693.441810 22.115064 0.006614
2459693.934877 22.118148 0.006633
2459807.647256 22.111743 0.006594
2459808.150849 22.133734 0.006729
2459808.643916 22.131612 0.006716
2459809.136983 22.125484 0.006678
2459809.640577 22.128920 0.006699
2459810.133644 22.106393 0.006561
2459810.626711 22.122772 0.006661
2459811.130305 22.117155 0.006627
2459811.623372 22.127774 0.006692
2459812.116439 22.129817 0.006705
2459812.620032 22.122736 0.006661
2459813.113100 22.120137 0.006645
2459813.606167 22.109768 0.006582
2459814.109760 22.114958 0.006613
2459814.602827 22.122380 0.006659
2459815.095894 22.127165 0.006688
2459815.599488 22.126414 0.006684
2459816.092555 22.122736 0.006661
2459816.585622 22.124163 0.006670
2459817.089216 22.114817 0.006613
2459817.582283 22.115277 0.006615
2459818.075350 22.123342 0.006665
2459818.578944 22.109452 0.006580
2459819.072011 22.117438 0.006629
2459819.565078 22.119675 0.006642
2459820.068671 22.123592 0.006666
2459820.561738 22.135716 0.006741
2459821.054806 22.135031 0.006737
2459821.558399 22.128168 0.006694
2459822.051466 22.124163 0.006670
2459822.544533 22.122665 0.006661
2459823.048127 22.130965 0.006712
2459823.541194 22.123485 0.006666
2459824.034261 22.128526 0.006697
2459824.537855 22.122914 0.006662
2459825.030922 22.120209 0.006646
2459825.523989 22.115064 0.006614
2459826.027582 22.113897 0.006607
2459826.520650 22.130534 0.006709
2459827.013717 22.133842 0.006729
2459827.517310 22.126700 0.006685
2459828.010377 22.127774 0.006692
2459828.503444 22.116481 0.006623
2459829.007038 22.121169 0.006651
2459829.500105 22.123842 0.006668
2459829.993172 22.129279 0.006701
2459830.496766 22.131540 0.006715
2459830.989833 22.124377 0.006671
2459831.482900 22.125163 0.006676
2459831.986494 22.128418 0.006696
2459832.479561 22.121632 0.006654
2459832.972628 22.120244 0.006646
2459833.476221 22.122095 0.006657
2459833.969288 22.141794 0.006779
2459834.462356 22.121810 0.006655
2459834.965949 22.113862 0.006607
2459835.459016 22.134923 0.006736
2459835.952083 22.120031 0.006644
2459836.455677 22.117829 0.006631
2459836.948744 22.120600 0.006648
2459837.441811 22.133230 0.006726
2459837.945405 22.112131 0.006596
2459838.438472 22.118822 0.006637
2459838.931539 22.123485 0.006666
2459839.435132 22.137738 0.006754
2459839.928200 22.124663 0.006673
2459840.421267 22.125842 0.006680
2459840.924860 22.122416 0.006659
2459841.417927 22.121169 0.006651
2459841.910994 22.128992 0.006699
2459842.414588 22.125484 0.006678
2459842.907655 22.122808 0.006661
2459843.400722 22.116339 0.006622
2459843.904316 22.111108 0.006590
2459844.397383 22.131289 0.006714
2459844.890450 22.117864 0.006631
2459845.394044 22.129817 0.006705
2459845.887111 22.133986 0.006730
2459846.380178 22.112060 0.006596
2459846.883771 22.127881 0.006693
2459847.376838 22.135320 0.006739
2459847.869906 22.111707 0.006594
2459848.373499 22.116694 0.006624
2459848.866566 22.125520 0.006678
2459849.359633 22.123485 0.006666
2459849.863227 22.121240 0.006652
2459850.356294 22.134671 0.006735
2459850.849361 22.118787 0.006637
2459851.352955 22.128598 0.006697
2459851.846022 22.116835 0.006625
2459852.339089 22.135933 0.006742
2459852.842682 22.117296 0.006628
2459853.335750 22.121489 0.006653
2459853.828817 22.140054 0.006768
2459854.332410 22.121952 0.006656
2459854.825477 22.124020 0.006669
2459855.318544 22.131900 0.006717
2459855.822138 22.124770 0.006673
2459856.315205 22.116906 0.006625
2459856.808272 22.112131 0.006596
2459857.311866 22.127845 0.006692
2459857.804933 22.126199 0.006682
2459858.298000 22.135897 0.006742
2459858.801594 22.121632 0.006654
2459859.294661 22.127022 0.006687
2459859.787728 22.125377 0.006677
2459860.291321 22.131360 0.006714
2459860.784388 22.121133 0.006651
2459861.277456 22.119533 0.006641
2459861.781049 22.120635 0.006648
2459862.274116 22.110367 0.006586
2459862.767183 22.120209 0.006646
2459863.270777 22.117970 0.006632
2459863.763844 22.122808 0.006661
2459864.256911 22.114498 0.006611
2459864.760505 22.125520 0.006678
2459865.253572 22.128383 0.006696
2459865.746639 22.123806 0.006668
2459866.250232 22.129279 0.006701
2459866.743300 22.126020 0.006681
2459867.236367 22.113296 0.006603
2459867.739960 22.124341 0.006671
2459868.233027 22.116304 0.006622
2459868.726094 22.135356 0.006739
2459869.229688 22.115277 0.006615
2459869.722755 22.131325 0.006714
2459870.215822 22.135716 0.006741
2459870.719416 22.117048 0.006626
2459871.212483 22.127093 0.006688
2459871.705550 22.119817 0.006643
2459872.209144 22.120137 0.006645
2459872.702211 22.124341 0.006671
2459873.195278 22.132835 0.006723
2459873.698871 22.119533 0.006641
2459874.191938 22.125663 0.006679
2459874.685006 22.123770 0.006667
2459875.188599 22.128132 0.006694
2459875.681666 22.130786 0.006711
2459876.174733 22.128383 0.006696
2459876.678327 22.126557 0.006684
2459877.171394 22.123414 0.006665
2459877.664461 22.124306 0.006671
2459878.168055 22.122166 0.006657
2459878.661122 22.132007 0.006718
2459879.154189 22.118361 0.006634
2459987.411250 22.120137 0.006645
2459987.904317 22.130427 0.006708
2459988.407910 22.122914 0.006662
2459988.900977 22.132187 0.006719
2459989.394044 22.123414 0.006665
2459989.897638 22.119320 0.006640
2459990.390705 22.123984 0.006669
2459990.883772 22.126521 0.006684
2459991.387366 22.133518 0.006727
2459991.880433 22.110755 0.006588
2459992.373500 22.124663 0.006673
2459992.877094 22.115135 0.006615
2459993.370161 22.113014 0.006602
2459993.863228 22.119711 0.006642
2459994.366821 22.111566 0.006593
2459994.859888 22.120422 0.006647
2459995.352956 22.121347 0.006652
2459995.856549 22.129171 0.006701
2459996.349616 22.112696 0.006600
2459996.842683 22.120600 0.006648
2459997.346277 22.125842 0.006680
2459997.839344 22.117225 0.006627
2459998.332411 22.116871 0.006625
2459998.836005 22.128203 0.006695
2459999.329072 22.116304 0.006622
2459999.822139 22.119924 0.006644
2460000.325732 22.123021 0.006663
2460000.818800 22.114498 0.006611
2460001.311867 22.124056 0.006669
2460001.815460 22.132295 0.006720
2460002.308527 22.123200 0.006664
2460002.801594 22.116020 0.006620
2460003.305188 22.128813 0.006698
2460003.798255 22.138064 0.006756
2460004.291322 22.122344 0.006659
2460004.794916 22.099742 0.006521
2460005.287983 22.115064 0.006614
2460005.781050 22.124056 0.006669
2460006.284644 22.122024 0.006657
2460006.777711 22.114145 0.006608
2460007.270778 22.124841 0.006674
2460007.774371 22.130786 0.006711
2460008.267438 22.121347 0.006652
2460008.760506 22.123235 0.006664
2460009.264099 22.128311 0.006695
2460009.757166 22.124520 0.006672
2460010.250233 22.120706 0.006649
2460010.753827 22.135825 0.006742
2460011.246894 22.124377 0.006671
2460011.739961 22.125770 0.006680
2460012.243555 22.135176 0.006738
2460012.736622 22.120920 0.006650
2460013.229689 22.124948 0.006675
2460013.733282 22.124770 0.006673
2460014.226350 22.127666 0.006691
2460014.719417 22.116304 0.006622
2460015.223010 22.117403 0.006628
2460015.716077 22.115808 0.006619
2460016.209144 22.119817 0.006643
2460016.712738 22.133014 0.006724
2460017.205805 22.116446 0.006623
2460017.698872 22.117048 0.006626
2460018.202466 22.122273 0.006658
2460018.695533 22.130032 0.006706
2460019.188600 22.126342 0.006683
2460019.692194 22.123378 0.006665
2460020.185261 22.118929 0.006638
2460020.678328 22.129028 0.006700
2460021.181921 22.118432 0.006635
2460021.674988 22.133086 0.006725
2460022.168056 22.126915 0.006687
2460022.671649 22.125020 0.006675
2460023.164716 22.126163 0.006682
2460023.657783 22.130929 0.006711
2460024.161377 22.124377 0.006671
2460024.654444 22.134275 0.006732
2460025.147511 22.124413 0.006671
2460025.651105 22.128992 0.006699
2460026.144172 22.113826 0.006607
2460026.637239 22.116162 0.006621
2460027.140832 22.120635 0.006648
2460027.633900 22.122986 0.006663
2460028.126967 22.123378 0.006665
2460028.630560 22.121525 0.006654
2460029.123627 22.117438 0.006629
2460029.616694 22.123057 0.006663
2460030.120288 22.122522 0.006660
2460030.613355 22.128096 0.006694
2460031.106422 22.123414 0.006665
2460031.610016 22.120742 0.006649
2460032.103083 22.127308 0.006689
2460032.596150 22.124413 0.006671
2460033.099744 22.131073 0.006712
2460033.592811 22.118041 0.006632
2460034.085878 22.121169 0.006651
2460034.589471 22.119036 0.006638
2460035.082538 22.114215 0.006609
2460035.575606 22.117687 0.006630
2460036.079199 22.112166 0.006596
2460036.572266 22.115489 0.006617
2460037.065333 22.129566 0.006703
2460037.568927 22.123021 0.006663
2460038.061994 22.126378 0.006683
2460038.555061 22.122522 0.006660
2460039.058655 22.119391 0.006640
2460039.551722 22.120422 0.006647
2460040.044789 22.117225 0.006627
2460040.548382 22.124627 0.006673
2460041.041450 22.127917 0.006693
2460041.534517 22.122344 0.006659
2460042.038110 22.122344 0.006659
2460042.531177 22.114251 0.006609
2460043.024244 22.130283 0.006707
2460043.527838 22.120671 0.006648
2460044.020905 22.113402 0.006604
2460044.513972 22.129530 0.006703
2460045.017566 22.121596 0.006654
2460045.510633 22.125449 0.006678
2460046.003700 22.115206 0.006615
2460046.507294 22.118361 0.006634
2460047.000361 22.116410 0.006622
2460047.493428 22.125556 0.006678
2460047.997021 22.122380 0.006659
2460048.490088 22.121240 0.006652
2460048.983156 22.112201 0.006597
2460049.486749 22.124806 0.006674
2460049.979816 22.117155 0.006627
2460050.472883 22.121133 0.006651
2460050.976477 22.123770 0.006667
2460051.469544 22.125591 0.006679
2460051.962611 22.123485 0.006666
2460052.466205 22.110121 0.006584
2460052.959272 22.127308 0.006689
2460053.452339 22.134887 0.006736
2460053.955932 22.128347 0.006696
2460054.449000 22.121881 0.006656
2460054.942067 22.116694 0.006624
2460055.445660 22.127630 0.006691
2460055.938727 22.106674 0.006563
2460056.431794 22.120671 0.006648
2460056.935388 22.113968 0.006607
2460057.428455 22.132403 0.006721
2460057.921522 22.118325 0.006634
2460058.425116 22.126593 0.006685
2460058.918183 22.123735 0.006667
