2458346.727899 21.913450 0.006072
2458347.220966 21.922462 0.006123
2458347.714033 21.924627 0.006135
2458348.217627 21.924932 0.006137
2458348.710694 21.927592 0.006152
2458349.203761 21.923986 0.006131
2458349.707355 21.922858 0.006125
2458350.200422 21.935611 0.006197
2458350.693489 21.921244 0.006116
2458351.197082 21.923346 0.006128
2458351.690150 21.918053 0.006098
2458352.183217 21.928419 0.006157
2458352.686810 21.920818 0.006114
2458353.179877 21.917385 0.006094
2458353.672944 21.925971 0.006143
2458354.176538 21.929032 0.006160
2458354.669605 21.925574 0.006140
2458355.162672 21.916931 0.006092
2458355.666266 21.925482 0.006140
2458356.159333 21.913783 0.006074
2458356.652400 21.926521 0.006146
2458357.155994 21.918903 0.006103
2458357.649061 21.927837 0.006153
2458358.142128 21.919115 0.006104
2458358.645721 21.923285 0.006128
2458359.138788 21.918113 0.006098
2458359.631856 21.923346 0.006128
2458360.135449 21.928664 0.006158
2458360.628516 21.926583 0.006146
2458361.121583 21.918842 0.006103
2458361.625177 21.921426 0.006117
2458362.118244 21.921396 0.006117
2458362.611311 21.921457 0.006117
2458363.114905 21.940309 0.006224
2458363.607972 21.931733 0.006175
2458364.101039 21.912907 0.006069
2458364.604632 21.923895 0.006131
2458365.097700 21.917658 0.006096
2458365.590767 21.917264 0.006094
2458366.094360 21.916779 0.006091
2458366.587427 21.924047 0.006132
2458367.080494 21.922644 0.006124
2458367.584088 21.922980 0.006126
2458368.077155 21.916143 0.006087
2458368.570222 21.918721 0.006102
2458369.073816 21.919024 0.006104
2458369.566883 21.926491 0.006146
2458370.059950 21.930197 0.006167
2458370.563544 21.921487 0.006117
2458371.056611 21.931671 0.006175
2458371.549678 21.926919 0.006148
2458372.053271 21.926246 0.006144
2458372.546338 21.915658 0.006085
2458373.039406 21.915113 0.006082
2458373.542999 21.924139 0.006132
2458374.036066 21.932563 0.006180
2458374.529133 21.926338 0.006145
2458375.032727 21.918721 0.006102
2458375.525794 21.922705 0.006124
2458376.018861 21.915325 0.006083
2458376.522455 21.918326 0.006100
2458377.015522 21.929461 0.006162
2458377.508589 21.922949 0.006126
2458378.012182 21.924139 0.006132
2458378.505250 21.912907 0.006069
2458378.998317 21.924261 0.006133
2458379.501910 21.925146 0.006138
2458379.994977 21.920392 0.006111
2458380.488044 21.919814 0.006108
2458380.991638 21.929124 0.006161
2458381.484705 21.918994 0.006103
2458381.977772 21.936259 0.006201
2458382.481366 21.914266 0.006077
2458382.974433 21.924322 0.006133
2458383.467500 21.923315 0.006128
2458383.971094 21.932440 0.006179
2458384.464161 21.919571 0.006107
2458384.957228 21.921761 0.006119
2458385.460821 21.917022 0.006092
2458385.953888 21.919784 0.006108
2458386.446956 21.918326 0.006100
2458386.950549 21.917689 0.006096
2458387.443616 21.925360 0.006139
2458387.936683 21.927990 0.006154
2458388.440277 21.924871 0.006136
2458388.933344 21.927776 0.006153
2458389.426411 21.931333 0.006173
2458389.930005 21.928695 0.006158
2458390.423072 21.923711 0.006130
2458390.916139 21.943659 0.006244
2458391.419732 21.938823 0.006216
2458391.912800 21.937772 0.006210
2458392.405867 21.925268 0.006139
2458392.909460 21.925452 0.006140
2458393.402527 21.911609 0.006062
2458393.895594 21.919662 0.006107
2458394.399188 21.920574 0.006112
2458394.892255 21.927898 0.006154
2458395.385322 21.919936 0.006109
2458395.888916 21.928205 0.006155
2458396.381983 21.917022 0.006092
2458396.875050 21.911126 0.006059
2458397.378644 21.928266 0.006156
2458397.871711 21.915567 0.006084
2458398.364778 21.921883 0.006120
2458398.868371 21.928848 0.006159
2458399.361438 21.923864 0.006131
2458399.854506 21.920483 0.006112
2458400.358099 21.922462 0.006123
2458400.851166 21.924230 0.006133
2458401.344233 21.926705 0.006147
2458401.847827 21.917628 0.006096
2458402.340894 21.920118 0.006110
2458402.833961 21.922644 0.006124
2458403.337555 21.922187 0.006121
2458403.830622 21.930903 0.006171
2458404.323689 21.917416 0.006094
2458404.827282 21.920757 0.006113
2458405.320350 21.916809 0.006091
2458405.813417 21.930781 0.006170
2458406.317010 21.925146 0.006138
2458406.810077 21.923468 0.006129
2458407.303144 21.917234 0.006093
2458407.806738 21.927072 0.006149
2458408.299805 21.914720 0.006079
2458408.792872 21.920696 0.006113
2458409.296466 21.932532 0.006180
2458409.789533 21.932593 0.006180
2458410.282600 21.924413 0.006134
2458410.786194 21.925207 0.006138
2458411.279261 21.928082 0.006155
2458411.772328 21.926797 0.006147
2458412.275921 21.922462 0.006123
2458412.768988 21.931948 0.006177
2458413.262056 21.922614 0.006124
2458413.765649 21.931641 0.006175
2458414.258716 21.913269 0.006071
2458414.751783 21.922340 0.006122
2458415.255377 21.920513 0.006112
2458415.748444 21.925543 0.006140
2458416.241511 21.928542 0.006157
2458416.745105 21.922279 0.006122
2458417.238172 21.925757 0.006141
2458417.731239 21.914145 0.006076
2458418.234832 21.924719 0.006136
2458526.481367 21.924078 0.006132
2458526.984960 21.925574 0.006140
2458527.478027 21.931026 0.006171
2458527.971094 21.922218 0.006122
2458528.474688 21.940123 0.006223
2458528.967755 21.916567 0.006090
2458529.460822 21.920513 0.006112
2458529.964416 21.932009 0.006177
2458530.457483 21.922187 0.006121
2458530.950550 21.925818 0.006142
2458531.454144 21.913118 0.006070
2458531.947211 21.920331 0.006111
2458532.440278 21.928113 0.006155
2458532.943871 21.927011 0.006149
2458533.436938 21.926430 0.006145
2458533.930006 21.916900 0.006092
2458534.433599 21.921335 0.006117
2458534.926666 21.926154 0.006144
2458535.419733 21.913692 0.006074
2458535.923327 21.921761 0.006119
2458536.416394 21.919176 0.006104
2458536.909461 21.927317 0.006150
2458537.413055 21.937896 0.006211
2458537.906122 21.917871 0.006097
2458538.399189 21.925329 0.006139
2458538.902782 21.924108 0.006132
2458539.395850 21.927776 0.006153
2458539.888917 21.926950 0.006148
2458540.392510 21.921913 0.006120
2458540.885577 21.929247 0.006161
2458541.378644 21.919085 0.006104
2458541.882238 21.914539 0.006078
2458542.375305 21.921518 0.006118
2458542.868372 21.931671 0.006175
2458543.371966 21.932194 0.006178
2458543.865033 21.925299 0.006139
2458544.358100 21.926613 0.006146
2458544.861694 21.922401 0.006123
2458545.354761 21.931886 0.006176
2458545.847828 21.918781 0.006102
2458546.351421 21.920909 0.006114
2458546.844488 21.924078 0.006132
2458547.337556 21.925482 0.006140
2458547.841149 21.914599 0.006079
2458548.334216 21.921244 0.006116
2458548.827283 21.921183 0.006116
2458549.330877 21.919328 0.006105
2458549.823944 21.918326 0.006100
2458550.317011 21.846997 0.005898
2458550.820605 21.617306 0.005288
2458551.313672 21.607346 0.005239
2458551.806739 21.619470 0.005298
2458552.310332 21.617513 0.005289
2458552.803400 21.612830 0.005266
2458553.296467 21.627126 0.005336
2458553.800060 21.625364 0.005327
2458554.293127 21.619194 0.005297
2458554.786194 21.622794 0.005314
2458555.289788 21.618342 0.005293
2458555.782855 21.616478 0.005284
2458556.275922 21.609901 0.005252
2458556.779516 21.606389 0.005235
2458557.272583 21.615950 0.005281
2458557.765650 21.621385 0.005308
2458558.269244 21.615215 0.005277
2458558.762311 21.620577 0.005304
2458559.255378 21.612074 0.005262
2458559.758971 21.617766 0.005290
2458560.252038 21.628985 0.005345
2458560.745106 21.623442 0.005318
2458561.248699 21.617214 0.005287
2458561.741766 21.627358 0.005337
2458562.234833 21.620139 0.005301
2458562.738427 21.622910 0.005315
2458563.231494 21.629055 0.005345
2458563.724561 21.928848 0.006159
2458564.228155 21.935642 0.006198
2458564.721222 21.918478 0.006100
2458565.214289 21.928082 0.006155
2458565.717882 21.924017 0.006132
2458566.210950 21.927164 0.006149
2458566.704017 21.934440 0.006191
2458567.207610 21.924230 0.006133
2458567.700677 21.927011 0.006149
2458568.193744 21.920970 0.006114
2458568.697338 21.929983 0.006165
2458569.190405 21.919055 0.006104
2458569.683472 21.917749 0.006096
2458570.187066 21.923803 0.006130
2458570.680133 21.925910 0.006142
2458571.173200 21.921578 0.006118
2458571.676794 21.923681 0.006130
2458572.169861 21.921244 0.006116
2458572.662928 21.926430 0.006145
2458573.166521 21.926919 0.006148
2458573.659588 21.934533 0.006191
2458574.152656 21.935457 0.006197
2458574.656249 21.915628 0.006084
2458575.149316 21.921639 0.006118
2458575.642383 21.927960 0.006154
2458576.145977 21.926154 0.006144
2458576.639044 21.927286 0.006150
2458577.132111 21.919997 0.006109
2458577.635705 21.927470 0.006151
2458578.128772 21.910463 0.006056
2458578.621839 21.912273 0.006066
2458579.125432 21.920878 0.006114
2458579.618500 21.923041 0.006126
2458580.111567 21.918994 0.006103
2458580.615160 21.925879 0.006142
2458581.108227 21.922248 0.006122
2458581.601294 21.929799 0.006164
2458582.104888 21.918296 0.006099
2458582.597955 21.914599 0.006079
2458583.091022 21.915628 0.006084
2458583.594616 21.929216 0.006161
2458584.087683 21.922218 0.006122
2458584.580750 21.918447 0.006100
2458585.084344 21.922858 0.006125
2458585.577411 21.924596 0.006135
2458586.070478 21.915295 0.006083
2458586.574071 21.929737 0.006164
2458587.067138 21.923102 0.006126
2458587.560206 21.932194 0.006178
2458588.063799 21.931149 0.006172
2458588.556866 21.912635 0.006068
2458589.049933 21.916294 0.006088
2458589.553527 21.932040 0.006177
2458590.046594 21.928695 0.006158
2458590.539661 21.918447 0.006100
2458591.043255 21.927745 0.006153
2458591.536322 21.918508 0.006101
2458592.029389 21.932224 0.006178
2458592.532982 21.925971 0.006143
2458593.026050 21.919419 0.006106
2458593.519117 21.925146 0.006138
2458594.022710 21.917385 0.006094
2458594.515777 21.932809 0.006182
2458595.008844 21.927562 0.006152
2458595.512438 21.927776 0.006153
2458596.005505 21.917446 0.006095
2458596.498572 21.908055 0.006042
2458597.002166 21.921031 0.006115
2458597.495233 21.922797 0.006125
2458597.988300 21.927837 0.006153
2458712.204272 21.914478 0.006078
2458712.697339 21.920209 0.006110
2458713.200932 21.925635 0.006141
2458713.694000 21.922462 0.006123
2458714.187067 21.921761 0.006119
2458714.690660 21.921457 0.006117
2458715.183727 21.920331 0.006111
2458715.676794 21.939349 0.006219
2458716.180388 21.921061 0.006115
2458716.673455 21.923285 0.006128
2458717.166522 21.930351 0.006168
2458717.670116 21.917476 0.006095
2458718.163183 21.922614 0.006124
2458718.656250 21.912997 0.006070
2458719.159844 21.925788 0.006142
2458719.652911 21.926154 0.006144
2458720.145978 21.928205 0.006155
2458720.649571 21.925879 0.006142
2458721.142638 21.931763 0.006176
2458721.635706 21.918447 0.006100
2458722.139299 21.923468 0.006129
2458722.632366 21.931579 0.006175
2458723.125433 21.917082 0.006093
2458723.629027 21.922919 0.006125
2458724.122094 21.926950 0.006148
2458724.615161 21.920605 0.006112
2458725.118755 21.916658 0.006090
2458725.611822 21.920361 0.006111
2458726.104889 21.927347 0.006150
2458726.608482 21.919480 0.006106
2458727.101550 21.923437 0.006128
2458727.594617 21.931149 0.006172
2458728.098210 21.930197 0.006167
2458728.591277 21.921091 0.006115
2458729.084344 21.916931 0.006092
2458729.587938 21.927745 0.006153
2458730.081005 21.920149 0.006110
2458730.574072 21.924932 0.006137
2458731.077666 21.935180 0.006195
2458731.570733 21.932409 0.006179
2458732.063800 21.932317 0.006179
2458732.567394 21.926460 0.006145
2458733.060461 21.923711 0.006130
2458733.553528 21.923559 0.006129
2458734.057121 21.926766 0.006147
2458734.550188 21.920179 0.006110
2458735.043256 21.922675 0.006124
2458735.546849 21.922797 0.006125
2458736.039916 21.915598 0.006084
2458736.532983 21.925574 0.006140
2458737.036577 21.917749 0.006096
2458737.529644 21.927837 0.006153
2458738.022711 21.930934 0.006171
2458738.526305 21.920240 0.006110
2458739.019372 21.927286 0.006150
2458739.512439 21.924383 0.006134
2458740.016032 21.925574 0.006140
2458740.509100 21.929676 0.006164
2458741.002167 21.930750 0.006170
2458741.505760 21.933332 0.006184
2458741.998827 21.924963 0.006137
2458742.491894 21.920209 0.006110
2458742.995488 21.931702 0.006175
2458743.488555 21.917264 0.006094
2458743.981622 21.927776 0.006153
2458744.485216 21.925024 0.006137
2458744.978283 21.916446 0.006089
2458745.471350 21.914902 0.006080
2458745.974944 21.920149 0.006110
2458746.468011 21.926705 0.006147
2458746.961078 21.916476 0.006089
2458747.464671 21.932286 0.006179
2458747.957738 21.919267 0.006105
2458748.450806 21.928113 0.006155
2458748.954399 21.916961 0.006092
2458749.447466 21.924169 0.006133
2458749.940533 21.922584 0.006124
2458750.444127 21.922553 0.006123
2458750.937194 21.922370 0.006122
2458751.430261 21.917871 0.006097
2458751.933855 21.929369 0.006162
2458752.426922 21.923224 0.006127
2458752.919989 21.922736 0.006124
2458753.423582 21.921791 0.006119
2458753.916650 21.917780 0.006097
2458754.409717 21.932255 0.006178
2458754.913310 21.917931 0.006097
2458755.406377 21.925360 0.006139
2458755.899444 21.921061 0.006115
2458756.403038 21.930075 0.006166
2458756.896105 21.913753 0.006074
2458757.389172 21.921000 0.006115
2458757.892766 21.922523 0.006123
2458758.385833 21.918356 0.006100
2458758.878900 21.920939 0.006114
2458759.382494 21.925390 0.006139
2458759.875561 21.923620 0.006129
2458760.368628 21.923742 0.006130
2458760.872221 21.925329 0.006139
2458761.365288 21.911760 0.006063
2458761.858356 21.918569 0.006101
2458762.361949 21.919875 0.006108
2458762.855016 21.926307 0.006145
2458763.348083 21.925054 0.006138
2458763.851677 21.923132 0.006127
2458764.344744 21.932624 0.006180
2458764.837811 21.929522 0.006163
2458765.341405 21.922279 0.006122
2458765.834472 21.921639 0.006118
2458766.327539 21.918205 0.006099
2458766.831132 21.938669 0.006215
2458767.324200 21.929277 0.006161
2458767.817267 21.920240 0.006110
2458768.320860 21.925757 0.006141
2458768.813927 21.913722 0.006074
2458769.306994 21.935272 0.006196
2458769.810588 21.919662 0.006107
2458770.303655 21.932532 0.006180
2458770.796722 21.917871 0.006097
2458771.300316 21.922919 0.006125
2458771.793383 21.923285 0.006128
2458772.286450 21.923986 0.006131
2458772.790044 21.914145 0.006076
2458773.283111 21.917962 0.006098
2458773.776178 21.931825 0.006176
2458774.279771 21.927500 0.006151
2458774.772838 21.923437 0.006128
2458775.265906 21.929707 0.006164
2458775.769499 21.919450 0.006106
2458776.262566 21.926063 0.006143
2458776.755633 21.922614 0.006124
2458777.259227 21.921852 0.006119
2458777.752294 21.914871 0.006080
2458778.245361 21.926216 0.006144
2458778.748955 21.916840 0.006091
2458779.242022 21.925513 0.006140
2458779.735089 21.927194 0.006150
2458780.238682 21.924261 0.006133
2458780.731750 21.928511 0.006157
2458781.224817 21.924505 0.006134
2458781.728410 21.926124 0.006144
2458782.221477 21.927898 0.006154
2458782.714544 21.925452 0.006140
2458783.218138 21.933332 0.006184
2458783.711205 21.918660 0.006101
2459622.427944 21.917143 0.006093
2459622.921011 21.939318 0.006219
2459623.424605 21.914962 0.006081
2459623.917672 21.923772 0.006130
2459624.410739 21.922888 0.006125
2459624.914332 21.910975 0.006058
2459625.407400 21.931333 0.006173
2459625.900467 21.917689 0.006096
2459626.404060 21.929522 0.006163
2459626.897127 21.923834 0.006131
2459627.390194 21.910101 0.006054
2459627.893788 21.919450 0.006106
2459628.386855 21.924261 0.006133
2459628.879922 21.931702 0.006175
2459629.383516 21.918933 0.006103
2459629.876583 21.929032 0.006160
2459630.369650 21.916688 0.006090
2459630.873244 21.926613 0.006146
2459631.366311 21.919298 0.006105
2459631.859378 21.920544 0.006112
2459632.362971 21.922705 0.006124
2459632.856038 21.927256 0.006150
2459633.349106 21.930105 0.006166
2459633.852699 21.932347 0.006179
2459634.345766 21.914539 0.006078
2459634.838833 21.918113 0.006098
2459635.342427 21.919176 0.006104
2459635.835494 21.918113 0.006098
2459636.328561 21.925482 0.006140
2459636.832155 21.925329 0.006139
2459637.325222 21.930412 0.006168
2459637.818289 21.930289 0.006167
2459638.321882 21.921061 0.006115
2459638.814950 21.932993 0.006183
2459639.308017 21.921122 0.006115
2459639.811610 21.925788 0.006142
2459640.304677 21.925513 0.006140
2459640.797744 21.926980 0.006148
2459641.301338 21.934841 0.006193
2459641.794405 21.926950 0.006148
2459642.287472 21.923803 0.006130
2459642.791066 21.931733 0.006175
2459643.284133 21.914539 0.006078
2459643.777200 21.919784 0.006108
2459644.280794 21.931487 0.006174
2459644.773861 21.932593 0.006180
2459645.266928 21.930228 0.006167
2459645.770521 21.919450 0.006106
2459646.263588 21.919237 0.006105
2459646.756656 21.926154 0.006144
2459647.260249 21.925574 0.006140
2459647.753316 21.924169 0.006133
2459648.246383 21.920726 0.006113
2459648.749977 21.922492 0.006123
2459649.243044 21.931702 0.006175
2459649.736111 21.908025 0.006042
2459650.239705 21.915628 0.006084
2459650.732772 21.922584 0.006124
2459651.225839 21.936198 0.006201
2459651.729432 21.932593 0.006180
2459652.222500 21.921761 0.006119
2459652.715567 21.922005 0.006120
2459653.219160 21.914478 0.006078
2459653.712227 21.930136 0.006166
2459654.205294 21.925849 0.006142
2459654.708888 21.929645 0.006164
2459655.201955 21.918022 0.006098
2459655.695022 21.921883 0.006120
2459656.198616 21.922614 0.006124
2459656.691683 21.931733 0.006175
2459657.184750 21.925635 0.006141
2459657.688344 21.919176 0.006104
2459658.181411 21.923895 0.006131
2459658.674478 21.917507 0.006095
2459659.178071 21.917325 0.006094
2459659.671138 21.922523 0.006123
2459660.164206 21.935426 0.006196
2459660.667799 21.928174 0.006155
2459661.160866 21.915083 0.006081
2459661.653933 21.932071 0.006177
2459662.157527 21.924657 0.006135
2459662.650594 21.923254 0.006127
2459663.143661 21.924474 0.006134
2459663.647255 21.923102 0.006126
2459664.140322 21.917507 0.006095
2459664.633389 21.933270 0.006184
2459665.136982 21.921335 0.006117
2459665.630050 21.918296 0.006099
2459666.123117 21.927317 0.006150
2459666.626710 21.926980 0.006148
2459667.119777 21.933578 0.006186
2459667.612844 21.936444 0.006202
2459668.116438 21.936167 0.006201
2459668.609505 21.917810 0.006097
2459669.102572 21.914266 0.006077
2459669.606166 21.922066 0.006121
2459670.099233 21.935951 0.006199
2459670.592300 21.921274 0.006116
2459671.095894 21.925238 0.006139
2459671.588961 21.925849 0.006142
2459672.082028 21.916476 0.006089
2459672.585621 21.931088 0.006172
2459673.078688 21.922827 0.006125
2459673.571756 21.928235 0.006156
2459674.075349 21.931579 0.006175
2459674.568416 21.920361 0.006111
2459675.061483 21.921852 0.006119
2459675.565077 21.929522 0.006163
2459676.058144 21.926766 0.006147
2459676.551211 21.926246 0.006144
2459677.054805 21.921974 0.006120
2459677.547872 21.931272 0.006173
2459678.040939 21.913299 0.006071
2459678.544532 21.921457 0.006117
2459679.037600 21.934902 0.006193
2459679.530667 21.932040 0.006177
2459680.034260 21.928848 0.006159
2459680.527327 21.912876 0.006069
2459681.020394 21.912816 0.006069
2459681.523988 21.931948 0.006177
2459682.017055 21.931917 0.006176
2459682.510122 21.921852 0.006119
2459683.013716 21.930995 0.006171
2459683.506783 21.922370 0.006122
2459683.999850 21.927653 0.006152
2459684.503444 21.923559 0.006129
2459684.996511 21.920757 0.006113
2459685.489578 21.932870 0.006182
2459685.993171 21.927929 0.006154
2459686.486238 21.927623 0.006152
2459686.979306 21.921304 0.006116
2459687.482899 21.914448 0.006078
2459687.975966 21.928358 0.006156
2459688.469033 21.927256 0.006150
2459688.972627 21.938823 0.006216
2459689.465694 21.919085 0.006104
2459689.958761 21.922827 0.006125
2459690.462355 21.925329 0.006139
2459690.955422 21.920605 0.006112
2459691.448489 21.916991 0.006092
2459691.952082 21.915144 0.006082
2459692.445150 21.926063 0.006143
2459692.938217 21.917173 0.006093
2459693.441810 21.928879 0.006159
2459693.934877 21.913239 0.006071
2459807.647256 21.911941 0.006064
2459808.150849 21.928327 0.006156
2459808.643916 21.913813 0.006074
2459809.136983 21.910945 0.006058
2459809.640577 21.920453 0.006112
2459810.133644 21.923589 0.006129
2459810.626711 21.936259 0.006201
2459811.130305 21.928634 0.006158
2459811.623372 21.933486 0.006185
2459812.116439 21.919176 0.006104
2459812.620032 21.924780 0.006136
2459813.113100 21.917598 0.006096
2459813.606167 21.916991 0.006092
2459814.109760 21.926552 0.006146
2459814.602827 21.928021 0.006154
2459815.095894 21.917294 0.006094
2459815.599488 21.919936 0.006109
2459816.092555 21.930013 0.006166
2459816.585622 21.927041 0.006149
2459817.089216 21.915325 0.006083
2459817.582283 21.917416 0.006094
2459818.075350 21.923346 0.006128
2459818.578944 21.928971 0.006160
2459819.072011 21.929676 0.006164
2459819.565078 21.929860 0.006165
2459820.068671 21.926888 0.006148
2459820.561738 21.929645 0.006164
2459821.054806 21.917264 0.006094
2459821.558399 21.930995 0.006171
2459822.051466 21.923681 0.006130
2459822.544533 21.915598 0.006084
2459823.048127 21.930566 0.006169
2459823.541194 21.931487 0.006174
2459824.034261 21.917567 0.006095
2459824.537855 21.925329 0.006139
2459825.030922 21.913420 0.006072
2459825.523989 21.917385 0.006094
2459826.027582 21.926246 0.006144
2459826.520650 21.917264 0.006094
2459827.013717 21.929032 0.006160
2459827.517310 21.923407 0.006128
2459828.010377 21.930658 0.006169
2459828.503444 21.932009 0.006177
2459829.007038 21.927500 0.006151
2459829.500105 21.924932 0.006137
2459829.993172 21.932163 0.006178
2459830.496766 21.922462 0.006123
2459830.989833 21.919541 0.006106
2459831.482900 21.939133 0.006218
2459831.986494 21.919024 0.006104
2459832.479561 21.921670 0.006118
2459832.972628 21.918994 0.006103
2459833.476221 21.925390 0.006139
2459833.969288 21.922919 0.006125
2459834.462356 21.927776 0.006153
2459834.965949 21.937031 0.006206
2459835.459016 21.925757 0.006141
2459835.952083 21.932563 0.006180
2459836.455677 21.923834 0.006131
2459836.948744 21.929124 0.006161
2459837.441811 21.917658 0.006096
2459837.945405 21.924963 0.006137
2459838.438472 21.926460 0.006145
2459838.931539 21.915204 0.006082
2459839.435132 21.923498 0.006129
2459839.928200 21.920118 0.006110
2459840.421267 21.923346 0.006128
2459840.924860 21.923071 0.006126
2459841.417927 21.923132 0.006127
2459841.910994 21.933116 0.006183
2459842.414588 21.927807 0.006153
2459842.907655 21.916446 0.006089
2459843.400722 21.926674 0.006147
2459843.904316 21.921061 0.006115
2459844.397383 21.925238 0.006139
2459844.890450 21.928971 0.006160
2459845.394044 21.924352 0.006134
2459845.887111 21.923315 0.006128
2459846.380178 21.911096 0.006059
2459846.883771 21.921365 0.006117
2459847.376838 21.917567 0.006095
2459847.869906 21.931518 0.006174
2459848.373499 21.929093 0.006160
2459848.866566 21.926674 0.006147
2459849.359633 21.922492 0.006123
2459849.863227 21.922187 0.006121
2459850.356294 21.931088 0.006172
2459850.849361 21.923589 0.006129
2459851.352955 21.930443 0.006168
2459851.846022 21.922523 0.006123
2459852.339089 21.921791 0.006119
2459852.842682 21.925207 0.006138
2459853.335750 21.919875 0.006108
2459853.828817 21.928480 0.006157
2459854.332410 21.920848 0.006114
2459854.825477 21.926430 0.006145
2459855.318544 21.923772 0.006130
2459855.822138 21.917810 0.006097
2459856.315205 21.922096 0.006121
2459856.808272 21.918812 0.006102
2459857.311866 21.923529 0.006129
2459857.804933 21.926124 0.006144
2459858.298000 21.924902 0.006137
2459858.801594 21.927041 0.006149
2459859.294661 21.929308 0.006162
2459859.787728 21.924932 0.006137
2459860.291321 21.921487 0.006117
2459860.784388 21.920179 0.006110
2459861.277456 21.926032 0.006143
2459861.781049 21.935642 0.006198
2459862.274116 21.928695 0.006158
2459862.767183 21.926093 0.006143
2459863.270777 21.932071 0.006177
2459863.763844 21.929339 0.006162
2459864.256911 21.924322 0.006133
2459864.760505 21.921183 0.006116
2459865.253572 21.926521 0.006146
2459865.746639 21.916476 0.006089
2459866.250232 21.923224 0.006127
2459866.743300 21.925360 0.006139
2459867.236367 21.931548 0.006174
2459867.739960 21.927531 0.006152
2459868.233027 21.922340 0.006122
2459868.726094 21.934810 0.006193
2459869.229688 21.915628 0.006084
2459869.722755 21.917719 0.006096
2459870.215822 21.923864 0.006131
2459870.719416 21.921944 0.006120
2459871.212483 21.923224 0.006127
2459871.705550 21.920726 0.006113
2459872.209144 21.934409 0.006191
2459872.702211 21.926735 0.006147
2459873.195278 21.924169 0.006133
2459873.698871 21.910222 0.006054
2459874.191938 21.926521 0.006146
2459874.685006 21.927072 0.006149
2459875.188599 21.921244 0.006116
2459875.681666 21.919146 0.006104
2459876.174733 21.924169 0.006133
2459876.678327 21.919784 0.006108
2459877.171394 21.946490 0.006260
2459877.664461 21.921548 0.006118
2459878.168055 21.924261 0.006133
2459878.661122 21.923346 0.006128
2459879.154189 21.925024 0.006137
2459987.411250 21.918994 0.006103
2459987.904317 21.918022 0.006098
2459988.407910 21.920301 0.006111
2459988.900977 21.926735 0.006147
2459989.394044 21.922401 0.006123
2459989.897638 21.929308 0.006162
2459990.390705 21.928388 0.006156
2459990.883772 21.926154 0.006144
2459991.387366 21.914720 0.006079
2459991.880433 21.927807 0.006153
2459992.373500 21.930105 0.006166
2459992.877094 21.924596 0.006135
2459993.370161 21.920696 0.006113
2459993.863228 21.923163 0.006127
2459994.366821 21.935365 0.006196
2459994.859888 21.919814 0.006108
2459995.352956 21.917264 0.006094
2459995.856549 21.921152 0.006115
2459996.349616 21.926950 0.006148
2459996.842683 21.916506 0.006089
2459997.346277 21.923834 0.006131
2459997.839344 21.937371 0.006208
2459998.332411 21.927562 0.006152
2459998.836005 21.929553 0.006163
2459999.329072 21.924322 0.006133
2459999.822139 21.928664 0.006158
2460000.325732 21.911337 0.006060
2460000.818800 21.918356 0.006100
2460001.311867 21.927592 0.006152
2460001.815460 21.922858 0.006125
2460002.308527 21.917082 0.006093
2460002.801594 21.934379 0.006190
2460003.305188 21.915598 0.006084
2460003.798255 21.929277 0.006161
2460004.291322 21.932286 0.006179
2460004.794916 21.928756 0.006158
2460005.287983 21.922675 0.006124
2460005.781050 21.920483 0.006112
2460006.284644 21.925238 0.006139
2460006.777711 21.920787 0.006113
2460007.270778 21.924596 0.006135
2460007.774371 21.924444 0.006134
2460008.267438 21.918296 0.006099
2460008.760506 21.925849 0.006142
2460009.264099 21.928725 0.006158
2460009.757166 21.921487 0.006117
2460010.250233 21.923895 0.006131
2460010.753827 21.932132 0.006178
2460011.246894 21.916567 0.006090
2460011.739961 21.924047 0.006132
2460012.243555 21.917022 0.006092
2460012.736622 21.919146 0.006104
2460013.229689 21.927072 0.006149
2460013.733282 21.922888 0.006125
2460014.226350 21.923529 0.006129
2460014.719417 21.923620 0.006129
2460015.223010 21.921304 0.006116
2460015.716077 21.932747 0.006181
2460016.209144 21.932040 0.006177
2460016.712738 21.927286 0.006150
2460017.205805 21.917810 0.006097
2460017.698872 21.917113 0.006093
2460018.202466 21.915234 0.006082
2460018.695533 21.921396 0.006117
2460019.188600 21.923864 0.006131
2460019.692194 21.917446 0.006095
2460020.185261 21.928327 0.006156
2460020.678328 21.931671 0.006175
2460021.181921 21.916779 0.006091
2460021.674988 21.926705 0.006147
2460022.168056 21.932347 0.006179
2460022.671649 21.919723 0.006107
2460023.164716 21.917598 0.006096
2460023.657783 21.921457 0.006117
2460024.161377 21.922736 0.006124
2460024.654444 21.926246 0.006144
2460025.147511 21.924230 0.006133
2460025.651105 21.926583 0.006146
2460026.144172 21.908205 0.006043
2460026.637239 21.924841 0.006136
2460027.140832 21.919875 0.006108
2460027.633900 21.928817 0.006159
2460028.126967 21.934717 0.006192
2460028.630560 21.930658 0.006169
2460029.123627 21.920301 0.006111
2460029.616694 21.925696 0.006141
2460030.120288 21.913632 0.006073
2460030.613355 21.926032 0.006143
2460031.106422 21.922127 0.006121
2460031.610016 21.924017 0.006132
2460032.103083 21.921548 0.006118
2460032.596150 21.921883 0.006120
2460033.099744 21.919419 0.006106
2460033.592811 21.932132 0.006178
2460034.085878 21.927745 0.006153
2460034.589471 21.914539 0.006078
2460035.082538 21.927929 0.006154
2460035.575606 21.922705 0.006124
2460036.079199 21.925788 0.006142
2460036.572266 21.916385 0.006089
2460037.065333 21.915023 0.006081
2460037.568927 21.917355 0.006094
2460038.061994 21.935766 0.006198
2460038.555061 21.931118 0.006172
2460039.058655 21.924719 0.006136
2460039.551722 21.926521 0.006146
2460040.044789 21.924383 0.006134
2460040.548382 21.923650 0.006130
2460041.041450 21.929952 0.006165
2460041.534517 21.921396 0.006117
2460042.038110 21.924017 0.006132
2460042.531177 21.919207 0.006105
2460043.024244 21.922157 0.006121
2460043.527838 21.917689 0.006096
2460044.020905 21.918235 0.006099
2460044.513972 21.928695 0.006158
2460045.017566 21.921213 0.006116
2460045.510633 21.919753 0.006108
2460046.003700 21.926827 0.006148
2460046.507294 21.929369 0.006162
2460047.000361 21.922766 0.006125
2460047.493428 21.913390 0.006072
2460047.997021 21.922675 0.006124
2460048.490088 21.935026 0.006194
2460048.983156 21.926246 0.006144
2460049.486749 21.925849 0.006142
2460049.979816 21.921304 0.006116
2460050.472883 21.928848 0.006159
2460050.976477 21.923010 0.006126
2460051.469544 21.928542 0.006157
2460051.962611 21.925146 0.006138
2460052.466205 21.926491 0.006146
2460052.959272 21.915870 0.006086
2460053.452339 21.935611 0.006197
2460053.955932 21.922340 0.006122
2460054.449000 21.918599 0.006101
2460054.942067 21.920361 0.006111
2460055.445660 21.923254 0.006127
2460055.938727 21.929001 0.006160
2460056.431794 21.925910 0.006142
2460056.935388 21.915840 0.006086
2460057.428455 21.921822 0.006119
2460057.921522 21.922096 0.006121
2460058.425116 21.927960 0.006154
2460058.918183 21.924383 0.006134
