2458346.727899 27.141048 0.051069
2458347.220966 27.148997 0.051444
2458347.714033 27.120367 0.050105
2458348.217627 27.114028 0.049814
2458348.710694 27.158467 0.051895
2458349.203761 27.149723 0.051479
2458349.707355 27.121074 0.050138
2458350.200422 27.172457 0.052568
2458350.693489 27.210928 0.054464
2458351.197082 27.191145 0.053481
2458351.690150 27.103544 0.049335
2458352.183217 27.136020 0.050833
2458352.686810 27.197952 0.053817
2458353.179877 27.230296 0.055445
2458353.672944 27.185880 0.053222
2458354.176538 27.135304 0.050800
2458354.669605 27.204039 0.054120
2458355.162672 27.091784 0.048804
2458355.666266 27.105633 0.049431
2458356.159333 27.144654 0.051240
2458356.652400 27.149723 0.051480
2458357.155994 27.098686 0.049116
2458357.649061 27.104936 0.049399
2458358.142128 27.027015 0.045978
2458358.645721 27.212465 0.054542
2458359.138788 27.088349 0.048651
2458359.631856 27.097302 0.049054
2458360.135449 27.095230 0.048960
2458360.628516 27.159931 0.051967
2458361.121583 27.127454 0.050435
2458361.625177 27.149723 0.051480
2458362.118244 27.159199 0.051932
2458362.611311 27.136020 0.050835
2458363.114905 27.084242 0.048468
2458363.607972 27.152629 0.051619
2458364.101039 27.149723 0.051481
2458364.604632 27.244458 0.056175
2458365.097700 27.066620 0.047688
2458365.590767 27.129589 0.050535
2458366.094360 27.148272 0.051413
2458366.587427 27.098686 0.049118
2458367.080494 27.102849 0.049306
2458367.584088 27.075395 0.048075
2458368.077155 27.210160 0.054429
2458368.570222 27.169497 0.052428
2458369.073816 27.102849 0.049307
2458369.566883 27.154086 0.051690
2458370.059950 27.114028 0.049818
2458370.563544 27.099379 0.049150
2458371.056611 27.072688 0.047957
2458371.549678 27.263633 0.057178
2458372.053271 27.119661 0.050078
2458372.546338 27.165071 0.052217
2458373.039406 27.117545 0.049981
2458373.542999 27.105633 0.049435
2458374.036066 27.180641 0.052972
2458374.529133 27.223284 0.055094
2458375.032727 27.165808 0.052253
2458375.525794 27.118955 0.050047
2458376.018861 27.071336 0.047900
2458376.522455 27.114730 0.049853
2458377.015522 27.188886 0.053377
2458377.508589 27.087664 0.048626
2458378.012182 27.254003 0.056677
2458378.505250 27.122488 0.050212
2458378.998317 27.304702 0.059388
2458379.501910 27.072012 0.047932
2458379.994977 27.157735 0.051870
2458380.488044 27.119661 0.050083
2458380.991638 27.083559 0.048446
2458381.484705 27.179894 0.052941
2458381.977772 27.052593 0.047085
2458382.481366 27.182883 0.053088
2458382.974433 27.163600 0.052155
2458383.467500 27.090409 0.048755
2458383.971094 27.227174 0.055301
2458384.464161 27.150449 0.051529
2458384.957228 27.036781 0.046408
2458385.460821 27.078110 0.048209
2458385.953888 27.133157 0.050717
2458386.446956 27.141048 0.051088
2458386.950549 27.155544 0.051776
2458387.443616 27.306377 0.059494
2458387.936683 27.272535 0.057669
2458388.440277 27.107028 0.049517
2458388.933344 27.144654 0.051265
2458389.426411 27.176169 0.052776
2458389.930005 27.096611 0.049049
2458390.423072 27.117545 0.050005
2458390.916139 27.173199 0.052637
2458391.419732 27.136020 0.050867
2458391.912800 27.099379 0.049182
2458392.405867 27.290563 0.058654
2458392.909460 27.215545 0.054741
2458393.402527 27.140328 0.051080
2458393.895594 27.248425 0.056431
2458394.399188 27.181388 0.053056
2458394.892255 27.225616 0.055266
2458395.385322 27.169497 0.052486
2458395.888916 27.179894 0.052996
2458396.381983 27.155544 0.051826
2458396.875050 27.163600 0.052218
2458397.378644 27.177658 0.052905
2458397.871711 27.187382 0.053388
2458398.364778 27.192654 0.053656
2458398.868371 27.121781 0.050275
2458399.361438 27.160664 0.052118
2458399.854506 27.234996 0.055823
2458400.358099 27.141048 0.051209
2458400.851166 27.078110 0.048338
2458401.344233 27.138890 0.051137
2458401.847827 27.250812 0.056711
2458402.340894 27.014768 0.045649
2458402.833961 27.162865 0.052345
2458403.337555 27.073364 0.048230
2458403.830622 27.197952 0.054129
2458404.323689 27.055917 0.047527
2458404.827282 27.111222 0.050055
2458405.320350 27.086978 0.049000
2458405.813417 27.078110 0.048660
2458406.317010 27.207096 0.054879
2458406.810077 27.011568 0.045914
2458407.303144 27.072012 0.048643
2458407.806738 27.018620 0.046429
2458408.299805 26.926779 0.042796
2458408.792872 27.000758 0.045990
2458409.296466 26.944656 0.043890
2458409.789533 26.919709 0.043159
2458410.282600 26.875975 0.041791
2458410.786194 26.757977 0.037902
2458411.279261 26.678022 0.035745
2458411.772328 26.579250 0.033365
2458412.275921 26.346111 0.027912
2458412.768988 26.130473 0.024437
2458413.262056 25.766573 0.019374
2458413.765649 26.060135 0.023249
2458414.258716 25.053589 0.012357
2458414.751783 24.470621 0.009026
2458415.255377 26.375235 0.028934
2458415.748444 26.454138 0.030547
2458416.241511 26.533865 0.032409
2458416.745105 26.612808 0.034336
2458417.238172 26.700340 0.036697
2458417.731239 26.762540 0.038385
2458418.234832 26.765593 0.038097
2458526.481367 27.162131 0.052071
2458526.984960 27.082194 0.048375
2458527.478027 27.143932 0.051206
2458527.971094 27.125323 0.050336
2458528.474688 27.191145 0.053481
2458528.967755 27.267670 0.057387
2458529.460822 27.170236 0.052461
2458529.964416 27.270100 0.057515
2458530.457483 27.179894 0.052930
2458530.950550 27.181388 0.053003
2458531.454144 27.086978 0.048589
2458531.947211 27.144654 0.051239
2458532.440278 27.190392 0.053444
2458532.943871 27.231078 0.055485
2458533.436938 27.165808 0.052247
2458533.930006 27.017335 0.045569
2458534.433599 27.133157 0.050699
2458534.926666 27.187382 0.053296
2458535.419733 27.111923 0.049717
2458535.923327 27.099379 0.049146
2458536.416394 27.149723 0.051479
2458536.909461 27.109822 0.049621
2458537.413055 27.189638 0.053406
2458537.906122 27.126743 0.050401
2458538.399189 27.200992 0.053968
2458538.902782 27.087664 0.048619
2458539.395850 27.162865 0.052105
2458539.888917 27.200231 0.053930
2458540.392510 27.102849 0.049303
2458540.885577 27.224838 0.055166
2458541.378644 27.092472 0.048834
2458541.882238 27.113326 0.049781
2458542.375305 27.302193 0.059240
2458542.868372 27.123905 0.050269
2458543.371966 27.157005 0.051825
2458543.865033 27.093161 0.048865
2458544.358100 27.151175 0.051547
2458544.861694 27.242085 0.056049
2458545.354761 27.219407 0.054890
2458545.847828 27.155544 0.051755
2458546.351421 27.159199 0.051929
2458546.844488 27.168758 0.052389
2458547.337556 27.066620 0.047685
2458547.841149 27.165071 0.052211
2458548.334216 27.241295 0.056008
2458548.827283 27.210928 0.054463
2458549.330877 27.109822 0.049621
2458549.823944 27.198711 0.053854
2458550.317011 27.125323 0.050334
2458550.820605 27.200992 0.053967
2458551.313672 27.110522 0.049652
2458551.806739 27.146100 0.051306
2458552.310332 27.165808 0.052246
2458552.803400 27.197952 0.053816
2458553.296467 27.148997 0.051443
2458553.800060 27.174683 0.052675
2458554.293127 27.181388 0.053001
2458554.786194 27.170976 0.052495
2458555.289788 27.111222 0.049684
2458555.782855 27.128877 0.050499
2458556.275922 27.063934 0.047567
2458556.779516 27.146823 0.051340
2458557.272583 27.182135 0.053038
2458557.765650 27.163600 0.052140
2458558.269244 27.205566 0.054195
2458558.762311 27.124614 0.050301
2458559.255378 27.213234 0.054579
2458559.758971 27.121074 0.050137
2458560.252038 27.204039 0.054118
2458560.745106 27.244458 0.056171
2458561.248699 27.159931 0.051964
2458561.741766 27.201753 0.054004
2458562.234833 27.058583 0.047333
2458562.738427 27.109822 0.049620
2458563.231494 27.107726 0.049524
2458563.724561 27.114028 0.049813
2458564.228155 27.196436 0.053741
2458564.721222 27.081512 0.048343
2458565.214289 27.150449 0.051512
2458565.717882 27.116841 0.049942
2458566.210950 27.108424 0.049556
2458566.704017 27.174683 0.052675
2458567.207610 27.128165 0.050465
2458567.700677 27.155544 0.051754
2458568.193744 27.141048 0.051068
2458568.697338 27.181388 0.053001
2458569.190405 27.197194 0.053778
2458569.683472 27.130302 0.050565
2458570.187066 27.170236 0.052459
2458570.680133 27.097302 0.049051
2458571.173200 27.165808 0.052246
2458571.676794 27.081512 0.048343
2458572.169861 27.136020 0.050832
2458572.662928 27.138890 0.050966
2458573.166521 27.193410 0.053591
2458573.659588 27.224061 0.055125
2458574.152656 27.124614 0.050301
2458574.656249 27.141768 0.051102
2458575.149316 27.116137 0.049909
2458575.642383 27.175426 0.052711
2458576.145977 27.111923 0.049716
2458576.639044 27.113326 0.049780
2458577.132111 27.183632 0.053110
2458577.635705 27.147547 0.051374
2458578.128772 27.145377 0.051272
2458578.621839 27.107726 0.049524
2458579.125432 27.119661 0.050071
2458579.618500 27.079469 0.048252
2458580.111567 27.080150 0.048282
2458580.615160 27.076752 0.048131
2458581.108227 27.209393 0.054386
2458581.601294 27.133157 0.050698
2458582.104888 27.157005 0.051824
2458582.597955 27.191145 0.053479
2458583.091022 27.241295 0.056007
2458583.594616 27.158467 0.051893
2458584.087683 27.185130 0.053184
2458584.580750 27.132443 0.050664
2458585.084344 27.246836 0.056294
2458585.577411 27.081512 0.048343
2458586.070478 27.170976 0.052495
2458586.574071 27.169497 0.052423
2458587.067138 27.093161 0.048864
2458587.560206 27.141048 0.051068
2458588.063799 27.176913 0.052783
2458588.556866 27.246836 0.056294
2458589.049933 27.168758 0.052388
2458589.553527 27.176169 0.052747
2458590.046594 27.118250 0.050006
2458590.539661 27.188886 0.053368
2458591.043255 27.118955 0.050039
2458591.536322 27.164336 0.052175
2458592.029389 27.047297 0.046843
2458592.532982 27.095920 0.048988
2458593.026050 27.164336 0.052175
2458593.519117 27.114730 0.049844
2458594.022710 27.147547 0.051374
2458594.515777 27.244458 0.056170
2458595.008844 27.087664 0.048617
2458595.512438 27.106330 0.049460
2458596.005505 27.144654 0.051237
2458596.498572 27.154086 0.051684
2458597.002166 27.198711 0.053853
2458597.495233 27.204803 0.054156
2458597.988300 27.224838 0.055165
2458712.204272 27.087664 0.048617
2458712.697339 27.155544 0.051754
2458713.200932 27.122488 0.050202
2458713.694000 27.067966 0.047743
2458714.187067 27.133157 0.050697
2458714.690660 27.127454 0.050432
2458715.183727 27.053257 0.047101
2458715.676794 27.166545 0.052281
2458716.180388 27.200231 0.053928
2458716.673455 27.168020 0.052352
2458717.166522 26.968346 0.043557
2458717.670116 27.224061 0.055125
2458718.163183 27.167282 0.052316
2458718.656250 27.082194 0.048373
2458719.159844 27.146823 0.051340
2458719.652911 27.118250 0.050006
2458720.145978 27.148272 0.051408
2458720.649571 27.203277 0.054080
2458721.142638 27.131728 0.050631
2458721.635706 27.153357 0.051650
2458722.139299 27.118250 0.050006
2458722.632366 27.206331 0.054232
2458723.125433 27.250812 0.056500
2458723.629027 27.224061 0.055125
2458724.122094 27.149723 0.051477
2458724.615161 27.188886 0.053368
2458725.118755 27.227174 0.055283
2458725.611822 27.210160 0.054424
2458726.104889 27.100766 0.049207
2458726.608482 27.146823 0.051340
2458727.101550 27.102849 0.049302
2458727.594617 27.159931 0.051963
2458728.098210 27.089722 0.048709
2458728.591277 27.224061 0.055125
2458729.084344 27.152629 0.051615
2458729.587938 27.182135 0.053037
2458730.081005 27.136737 0.050865
2458730.574072 27.238141 0.055844
2458731.077666 27.080831 0.048312
2458731.570733 27.128165 0.050465
2458732.063800 27.141768 0.051101
2458732.567394 27.158467 0.051893
2458733.060461 27.118250 0.050006
2458733.553528 27.039401 0.046503
2458734.057121 27.189638 0.053405
2458734.550188 27.087664 0.048617
2458735.043256 27.204039 0.054118
2458735.546849 27.116137 0.049909
2458736.039916 27.148997 0.051443
2458736.532983 27.154086 0.051684
2458737.036577 27.112624 0.049748
2458737.529644 27.208627 0.054347
2458738.022711 27.130302 0.050564
2458738.526305 27.236567 0.055764
2458739.019372 27.102154 0.049270
2458739.512439 27.115433 0.049877
2458740.016032 27.117545 0.049974
2458740.509100 27.205566 0.054194
2458741.002167 27.100766 0.049207
2458741.505760 27.094540 0.048926
2458741.998827 27.132443 0.050664
2458742.491894 27.195679 0.053703
2458742.995488 27.230296 0.055442
2458743.488555 27.236567 0.055764
2458743.981622 27.197194 0.053778
2458744.485216 27.124614 0.050300
2458744.978283 27.216316 0.054733
2458745.471350 27.116841 0.049941
2458745.974944 27.116841 0.049941
2458746.468011 27.128165 0.050465
2458746.961078 27.108424 0.049556
2458747.464671 27.148997 0.051443
2458747.957738 27.106330 0.049460
2458748.450806 27.245250 0.056211
2458748.954399 27.168020 0.052352
2458749.447466 27.176169 0.052746
2458749.940533 27.123905 0.050267
2458750.444127 27.191145 0.053479
2458750.937194 27.166545 0.052281
2458751.430261 27.066620 0.047684
2458751.933855 27.102154 0.049270
2458752.426922 27.102154 0.049270
2458752.919989 27.146823 0.051340
2458753.423582 27.140328 0.051033
2458753.916650 27.114028 0.049812
2458754.409717 27.116841 0.049941
2458754.913310 27.245250 0.056211
2458755.406377 27.158467 0.051893
2458755.899444 27.153357 0.051650
2458756.403038 27.136020 0.050831
2458756.896105 27.040057 0.046531
2458757.389172 27.133872 0.050731
2458757.892766 27.133157 0.050697
2458758.385833 27.091096 0.048771
2458758.878900 27.072688 0.047951
2458759.382494 27.053257 0.047101
2458759.875561 27.109123 0.049588
2458760.368628 27.126743 0.050399
2458760.872221 27.146100 0.051305
2458761.365288 27.182135 0.053037
2458761.858356 27.109822 0.049619
2458762.361949 27.109123 0.049588
2458762.855016 27.074718 0.048041
2458763.348083 27.201753 0.054004
2458763.851677 27.157005 0.051823
2458764.344744 27.193410 0.053590
2458764.837811 27.117545 0.049974
2458765.341405 27.091784 0.048802
2458765.834472 27.156274 0.051788
2458766.327539 27.198711 0.053853
2458766.831132 27.185880 0.053220
2458767.324200 27.162131 0.052069
2458767.817267 27.079469 0.048252
2458768.320860 27.157005 0.051823
2458768.813927 27.194165 0.053628
2458769.306994 27.191145 0.053479
2458769.810588 27.144654 0.051237
2458770.303655 27.151902 0.051580
2458770.796722 27.082194 0.048373
2458771.300316 27.080831 0.048312
2458771.793383 27.168758 0.052387
2458772.286450 27.108424 0.049556
2458772.790044 27.153357 0.051650
2458773.283111 27.153357 0.051650
2458773.776178 27.134588 0.050764
2458774.279771 27.100072 0.049176
2458774.772838 27.197952 0.053815
2458775.265906 27.094540 0.048926
2458775.769499 27.078789 0.048221
2458776.262566 27.067966 0.047743
2458776.755633 27.197194 0.053778
2458777.259227 27.064605 0.047595
2458777.752294 27.186631 0.053257
2458778.245361 27.191145 0.053479
2458778.748955 27.082194 0.048373
2458779.242022 27.179894 0.052927
2458779.735089 27.194922 0.053665
2458780.238682 27.197194 0.053778
2458780.731750 27.257203 0.056834
2458781.224817 27.234996 0.055683
2458781.728410 27.208627 0.054347
2458782.221477 27.143932 0.051203
2458782.714544 27.225616 0.055204
2458783.218138 27.173941 0.052638
2458783.711205 27.159199 0.051928
2459622.427944 27.131728 0.050631
2459622.921011 27.124614 0.050300
2459623.424605 27.154086 0.051684
2459623.917672 27.282332 0.058164
2459624.410739 27.212465 0.054539
2459624.914332 27.227174 0.055283
2459625.407400 27.111222 0.049683
2459625.900467 27.136020 0.050831
2459626.404060 27.186631 0.053257
2459626.897127 27.159199 0.051928
2459627.390194 27.185880 0.053220
2459627.893788 27.194922 0.053665
2459628.386855 27.176913 0.052782
2459628.879922 27.219407 0.054889
2459629.383516 27.174683 0.052674
2459629.876583 27.111923 0.049716
2459630.369650 27.143932 0.051203
2459630.873244 27.100072 0.049176
2459631.366311 27.136737 0.050865
2459631.859378 27.121781 0.050169
2459632.362971 27.103544 0.049333
2459632.856038 27.204803 0.054156
2459633.349106 27.111222 0.049683
2459633.852699 27.178403 0.052855
2459634.345766 27.182883 0.053073
2459634.838833 27.221731 0.055007
2459635.342427 27.176913 0.052782
2459635.835494 27.097302 0.049051
2459636.328561 27.149723 0.051477
2459636.832155 27.274976 0.057772
2459637.325222 27.281512 0.058120
2459637.818289 27.188134 0.053331
2459638.321882 27.082194 0.048373
2459638.814950 27.138890 0.050966
2459639.308017 27.159199 0.051928
2459639.811610 27.121074 0.050136
2459640.304677 27.210160 0.054424
2459640.797744 27.163600 0.052139
2459641.301338 27.137454 0.050898
2459641.794405 27.108424 0.049556
2459642.287472 27.246836 0.056293
2459642.791066 27.160664 0.051998
2459643.284133 27.107726 0.049524
2459643.777200 27.095920 0.048988
2459644.280794 27.191900 0.053516
2459644.773861 27.120367 0.050104
2459645.266928 27.102849 0.049302
2459645.770521 27.140328 0.051033
2459646.263588 27.138890 0.050966
2459646.756656 27.156274 0.051788
2459647.260249 27.111923 0.049716
2459647.753316 27.182883 0.053073
2459648.246383 27.210928 0.054462
2459648.749977 27.075395 0.048071
2459649.243044 27.131015 0.050598
2459649.736111 27.168020 0.052352
2459650.239705 27.095920 0.048988
2459650.732772 27.174683 0.052674
2459651.225839 27.097302 0.049051
2459651.729432 27.213234 0.054578
2459652.222500 27.183632 0.053110
2459652.715567 27.137454 0.050898
2459653.219160 27.207096 0.054270
2459653.712227 27.106330 0.049460
2459654.205294 27.103544 0.049333
2459654.708888 27.057916 0.047303
2459655.201955 27.100072 0.049176
2459655.695022 27.126743 0.050399
2459656.198616 27.163600 0.052139
2459656.691683 27.156274 0.051788
2459657.184750 27.209393 0.054385
2459657.688344 27.210160 0.054424
2459658.181411 27.127454 0.050432
2459658.674478 27.140328 0.051033
2459659.178071 27.185130 0.053183
2459659.671138 27.220182 0.054928
2459660.164206 27.160664 0.051998
2459660.667799 27.076752 0.048131
2459661.160866 27.179894 0.052927
2459661.653933 27.141048 0.051067
2459662.157527 27.118250 0.050006
2459662.650594 27.133872 0.050731
2459663.143661 27.141048 0.051067
2459663.647255 27.157735 0.051858
2459664.140322 27.053921 0.047129
2459664.633389 27.202514 0.054042
2459665.136982 27.173199 0.052602
2459665.630050 27.118250 0.050006
2459666.123117 27.152629 0.051615
2459666.626710 27.100766 0.049207
2459667.119777 27.231078 0.055482
2459667.612844 27.198711 0.053853
2459668.116438 27.148272 0.051408
2459668.609505 27.129589 0.050531
2459669.102572 27.091096 0.048771
2459669.606166 27.117545 0.049974
2459670.099233 27.191900 0.053516
2459670.592300 27.118250 0.050006
2459671.095894 27.155544 0.051754
2459671.588961 27.193410 0.053590
2459672.082028 27.170236 0.052459
2459672.585621 27.286440 0.058385
2459673.078688 27.078789 0.048221
2459673.571756 27.179148 0.052891
2459674.075349 27.195679 0.053703
2459674.568416 27.109123 0.049588
2459675.061483 27.109123 0.049588
2459675.565077 27.097302 0.049051
2459676.058144 27.157005 0.051823
2459676.551211 27.041369 0.046588
2459677.054805 27.172457 0.052566
2459677.547872 27.192654 0.053553
2459678.040939 27.262827 0.057129
2459678.544532 27.201753 0.054004
2459679.037600 27.105633 0.049428
2459679.530667 27.142489 0.051135
2459680.034260 27.110522 0.049651
2459680.527327 27.182135 0.053037
2459681.020394 27.108424 0.049556
2459681.523988 27.084242 0.048464
2459682.017055 27.238928 0.055885
2459682.510122 27.175426 0.052710
2459683.013716 27.250812 0.056500
2459683.506783 27.234211 0.055643
2459683.999850 27.131728 0.050631
2459684.503444 27.092472 0.048833
2459684.996511 27.189638 0.053405
2459685.489578 27.054586 0.047158
2459685.993171 27.186631 0.053257
2459686.486238 27.134588 0.050764
2459686.979306 27.108424 0.049556
2459687.482899 27.182135 0.053037
2459687.975966 27.181388 0.053000
2459688.469033 27.203277 0.054080
2459688.972627 27.155544 0.051754
2459689.465694 27.084242 0.048464
2459689.958761 27.191145 0.053479
2459690.462355 27.208627 0.054347
2459690.955422 27.228734 0.055363
2459691.448489 27.159199 0.051928
2459691.952082 27.170236 0.052459
2459692.445150 27.162131 0.052069
2459692.938217 27.087664 0.048617
2459693.441810 27.175426 0.052710
2459693.934877 27.165808 0.052245
2459807.647256 27.106330 0.049460
2459808.150849 27.166545 0.052281
2459808.643916 27.128165 0.050465
2459809.136983 27.255602 0.056750
2459809.640577 27.226395 0.055243
2459810.133644 27.102849 0.049302
2459810.626711 27.164336 0.052174
2459811.130305 27.210928 0.054462
2459811.623372 27.126033 0.050366
2459812.116439 27.114028 0.049812
2459812.620032 27.109123 0.049588
2459813.113100 27.032864 0.046224
2459813.606167 27.157735 0.051858
2459814.109760 27.223284 0.055085
2459814.602827 27.193410 0.053590
2459815.095894 27.208627 0.054347
2459815.599488 27.120367 0.050104
2459816.092555 27.096611 0.049019
2459816.585622 27.215545 0.054694
2459817.089216 27.231860 0.055522
2459817.582283 27.065276 0.047625
2459818.075350 27.091096 0.048771
2459818.578944 27.080150 0.048282
2459819.072011 27.139609 0.051000
2459819.565078 27.231078 0.055482
2459820.068671 27.216316 0.054733
2459820.561738 27.093161 0.048864
2459821.054806 27.133872 0.050731
2459821.558399 27.141048 0.051067
2459822.051466 27.263633 0.057171
2459822.544533 27.144654 0.051237
2459823.048127 27.185880 0.053220
2459823.541194 27.160664 0.051998
2459824.034261 27.093161 0.048864
2459824.537855 27.179894 0.052927
2459825.030922 27.202514 0.054042
2459825.523989 27.247630 0.056335
2459826.027582 27.168020 0.052352
2459826.520650 27.118955 0.050039
2459827.013717 27.082876 0.048403
2459827.517310 27.151902 0.051580
2459828.010377 27.114028 0.049812
2459828.503444 27.179148 0.052891
2459829.007038 27.126743 0.050399
2459829.500105 27.214004 0.054617
2459829.993172 27.235781 0.055723
2459830.496766 27.127454 0.050432
2459830.989833 27.049942 0.046957
2459831.482900 27.190392 0.053442
2459831.986494 27.141048 0.051067
2459832.479561 27.078110 0.048191
2459832.972628 27.099379 0.049144
2459833.476221 27.170976 0.052494
2459833.969288 27.101460 0.049239
2459834.462356 27.206331 0.054232
2459834.965949 27.124614 0.050300
2459835.459016 27.116137 0.049909
2459835.952083 27.119661 0.050071
2459836.455677 27.113326 0.049780
2459836.948744 27.133872 0.050731
2459837.441811 27.280693 0.058076
2459837.945405 27.265246 0.057256
2459838.438472 27.108424 0.049556
2459838.931539 27.159931 0.051963
2459839.435132 27.234211 0.055643
2459839.928200 27.288912 0.058518
2459840.421267 27.023132 0.045812
2459840.924860 27.216316 0.054733
2459841.417927 27.199471 0.053890
2459841.910994 27.067966 0.047743
2459842.414588 27.157735 0.051858
2459842.907655 27.155544 0.051754
2459843.400722 27.068639 0.047773
2459843.904316 27.163600 0.052139
2459844.397383 27.197952 0.053815
2459844.890450 27.159931 0.051963
2459845.394044 27.111222 0.049683
2459845.887111 27.145377 0.051271
2459846.380178 27.127454 0.050432
2459846.883771 27.197952 0.053815
2459847.376838 27.146100 0.051305
2459847.869906 27.145377 0.051271
2459848.373499 27.179148 0.052891
2459848.866566 27.083559 0.048434
2459849.359633 27.152629 0.051615
2459849.863227 27.194165 0.053628
2459850.356294 27.125323 0.050333
2459850.849361 27.099379 0.049144
2459851.352955 27.087664 0.048617
2459851.846022 27.142489 0.051135
2459852.339089 27.196436 0.053740
2459852.842682 27.148272 0.051408
2459853.335750 27.063264 0.047537
2459853.828817 27.160664 0.051998
2459854.332410 27.194922 0.053665
2459854.825477 27.046637 0.046814
2459855.318544 27.235781 0.055723
2459855.822138 27.192654 0.053553
2459856.315205 27.188134 0.053331
2459856.808272 27.176913 0.052782
2459857.311866 27.152629 0.051615
2459857.804933 27.115433 0.049877
2459858.298000 27.102154 0.049270
2459858.801594 27.175426 0.052710
2459859.294661 27.197952 0.053815
2459859.787728 27.042026 0.046616
2459860.291321 27.188134 0.053331
2459860.784388 27.038090 0.046447
2459861.277456 27.221731 0.055007
2459861.781049 27.121074 0.050136
2459862.274116 27.140328 0.051033
2459862.767183 27.164336 0.052174
2459863.270777 27.186631 0.053257
2459863.763844 27.106330 0.049460
2459864.256911 27.138890 0.050966
2459864.760505 27.123196 0.050234
2459865.253572 27.191145 0.053479
2459865.746639 27.188886 0.053368
2459866.250232 27.144654 0.051237
2459866.743300 27.202514 0.054042
2459867.236367 27.197194 0.053778
2459867.739960 27.165071 0.052210
2459868.233027 27.132443 0.050664
2459868.726094 27.148272 0.051408
2459869.229688 27.090409 0.048740
2459869.722755 27.168758 0.052387
2459870.215822 27.183632 0.053110
2459870.719416 27.204039 0.054118
2459871.212483 27.158467 0.051893
2459871.705550 27.188886 0.053368
2459872.209144 27.191900 0.053516
2459872.702211 27.164336 0.052174
2459873.195278 27.128165 0.050465
2459873.698871 27.159199 0.051928
2459874.191938 27.104240 0.049365
2459874.685006 27.165808 0.052245
2459875.188599 27.145377 0.051271
2459875.681666 27.143932 0.051203
2459876.174733 27.199471 0.053890
2459876.678327 27.176169 0.052746
2459877.171394 27.141048 0.051067
2459877.664461 27.119661 0.050071
2459878.168055 27.139609 0.051000
2459878.661122 27.103544 0.049333
2459879.154189 27.063934 0.047566
2459987.411250 27.207861 0.054308
2459987.904317 27.165071 0.052210
2459988.407910 27.129589 0.050531
2459988.900977 27.074041 0.048011
2459989.394044 27.195679 0.053703
2459989.897638 27.027015 0.045976
2459990.390705 27.177658 0.052819
2459990.883772 27.155544 0.051754
2459991.387366 27.135304 0.050798
2459991.880433 27.191145 0.053479
2459992.373500 27.136020 0.050831
2459992.877094 27.127454 0.050432
2459993.370161 27.118250 0.050006
2459993.863228 27.076752 0.048131
2459994.366821 27.140328 0.051033
2459994.859888 27.065276 0.047625
2459995.352956 27.161397 0.052033
2459995.856549 27.104240 0.049365
2459996.349616 27.075395 0.048071
2459996.842683 27.126033 0.050366
2459997.346277 27.178403 0.052855
2459997.839344 27.283152 0.058208
2459998.332411 27.114028 0.049812
2459998.836005 27.162131 0.052069
2459999.329072 27.082194 0.048373
2459999.822139 27.103544 0.049333
2460000.325732 27.022487 0.045784
2460000.818800 27.124614 0.050300
2460001.311867 27.118955 0.050039
2460001.815460 27.082876 0.048403
2460002.308527 27.100072 0.049176
2460002.801594 27.199471 0.053890
2460003.305188 27.277422 0.057902
2460003.798255 27.280693 0.058076
2460004.291322 27.140328 0.051033
2460004.794916 27.174683 0.052674
2460005.287983 27.111222 0.049683
2460005.781050 27.100072 0.049176
2460006.284644 27.167282 0.052316
2460006.777711 27.157735 0.051858
2460007.270778 27.082876 0.048403
2460007.774371 27.102154 0.049270
2460008.267438 27.260413 0.057002
2460008.760506 27.117545 0.049974
2460009.264099 27.093850 0.048895
2460009.757166 27.194165 0.053628
2460010.250233 27.065948 0.047654
2460010.753827 27.132443 0.050664
2460011.246894 27.174683 0.052674
2460011.739961 27.198711 0.053853
2460012.243555 27.145377 0.051271
2460012.736622 27.343908 0.061558
2460013.229689 27.057916 0.047303
2460013.733282 27.138172 0.050932
2460014.226350 27.137454 0.050898
2460014.719417 27.171717 0.052530
2460015.223010 27.248425 0.056376
2460015.716077 27.204039 0.054118
2460016.209144 27.217861 0.054811
2460016.712738 27.226395 0.055243
2460017.205805 27.084925 0.048495
2460017.698872 27.243666 0.056129
2460018.202466 27.110522 0.049651
2460018.695533 27.150449 0.051511
2460019.188600 27.205566 0.054194
2460019.692194 27.096611 0.049019
2460020.185261 27.227953 0.055323
2460020.678328 27.148997 0.051443
2460021.181921 27.162131 0.052069
2460021.674988 27.066620 0.047684
2460022.168056 27.165071 0.052210
2460022.671649 27.169497 0.052423
2460023.164716 27.187382 0.053294
2460023.657783 27.095920 0.048988
2460024.161377 27.057916 0.047303
2460024.654444 27.142489 0.051135
2460025.147511 27.140328 0.051033
2460025.651105 27.185130 0.053183
2460026.144172 27.167282 0.052316
2460026.637239 27.056583 0.047245
2460027.140832 27.157005 0.051823
2460027.633900 27.231860 0.055522
2460028.126967 27.260413 0.057002
2460028.630560 27.212465 0.054539
2460029.123627 27.151902 0.051580
2460029.616694 27.194165 0.053628
2460030.120288 27.171717 0.052530
2460030.613355 27.130302 0.050564
2460031.106422 27.183632 0.053110
2460031.610016 27.146100 0.051305
2460032.103083 27.158467 0.051893
2460032.596150 27.116137 0.049909
2460033.099744 27.175426 0.052710
2460033.592811 27.166545 0.052281
2460034.085878 27.260413 0.057002
2460034.589471 27.129589 0.050531
2460035.082538 27.192654 0.053553
2460035.575606 27.150449 0.051511
2460036.079199 27.214004 0.054617
2460036.572266 27.102154 0.049270
2460037.065333 27.217861 0.054811
2460037.568927 27.180641 0.052964
2460038.061994 27.073364 0.047981
2460038.555061 27.229515 0.055402
2460039.058655 27.206331 0.054232
2460039.551722 27.097994 0.049082
2460040.044789 27.110522 0.049651
2460040.548382 27.209393 0.054385
2460041.041450 27.102849 0.049302
2460041.534517 27.115433 0.049877
2460042.038110 27.128877 0.050498
2460042.531177 27.156274 0.051788
2460043.024244 27.129589 0.050531
2460043.527838 27.129589 0.050531
2460044.020905 27.211696 0.054501
2460044.513972 27.199471 0.053890
2460045.017566 27.274162 0.057728
2460045.510633 27.148997 0.051443
2460046.003700 27.143210 0.051169
2460046.507294 27.129589 0.050531
2460047.000361 27.155544 0.051754
2460047.493428 27.189638 0.053405
2460047.997021 27.204803 0.054156
2460048.490088 27.241295 0.056007
2460048.983156 27.204803 0.054156
2460049.486749 27.166545 0.052281
2460049.979816 27.169497 0.052423
2460050.472883 27.083559 0.048434
2460050.976477 27.241295 0.056007
2460051.469544 27.153357 0.051650
2460051.962611 27.134588 0.050764
2460052.466205 27.126033 0.050366
2460052.959272 27.123196 0.050234
2460053.452339 27.139609 0.051000
2460053.955932 27.155544 0.051754
2460054.449000 27.168758 0.052387
2460054.942067 27.170236 0.052459
2460055.445660 27.214004 0.054617
2460055.938727 27.145377 0.051271
2460056.431794 27.138172 0.050932
2460056.935388 27.111222 0.049683
2460057.428455 27.118955 0.050039
2460057.921522 27.123196 0.050234
2460058.425116 27.058583 0.047332
2460058.918183 27.121781 0.050169
