2458346.727899 19.076059 0.002351
2458347.220966 19.079152 0.002357
2458347.714033 19.074018 0.002346
2458348.217627 19.078382 0.002356
2458348.710694 19.078203 0.002355
2458349.203761 19.076229 0.002351
2458349.707355 19.076202 0.002351
2458350.200422 19.076376 0.002351
2458350.693489 19.077168 0.002353
2458351.197082 19.079807 0.002359
2458351.690150 19.077018 0.002353
2458352.183217 19.078104 0.002355
2458352.686810 19.077743 0.002354
2458353.179877 19.078247 0.002355
2458353.672944 19.072048 0.002342
2458354.176538 19.074401 0.002347
2458354.669605 19.078116 0.002355
2458355.162672 19.079001 0.002357
2458355.666266 19.077584 0.002354
2458356.159333 19.076063 0.002351
2458356.652400 19.080785 0.002361
2458357.155994 19.075133 0.002349
2458357.649061 19.069483 0.002336
2458358.142128 19.080363 0.002360
2458358.645721 19.075457 0.002349
2458359.138788 19.076823 0.002352
2458359.631856 19.079394 0.002358
2458360.135449 19.077465 0.002354
2458360.628516 19.082476 0.002365
2458361.121583 19.074749 0.002348
2458361.625177 19.078366 0.002356
2458362.118244 19.078652 0.002356
2458362.611311 19.081282 0.002362
2458363.114905 19.075798 0.002350
2458363.607972 19.078973 0.002357
2458364.101039 19.077172 0.002353
2458364.604632 19.081230 0.002362
2458365.097700 19.073777 0.002346
2458365.590767 19.083074 0.002366
2458366.094360 19.077053 0.002353
2458366.587427 19.079954 0.002359
2458367.080494 19.078921 0.002357
2458367.584088 19.085152 0.002370
2458368.077155 19.075604 0.002350
2458368.570222 19.075825 0.002350
2458369.073816 19.077033 0.002353
2458369.566883 19.071776 0.002341
2458370.059950 19.072028 0.002342
2458370.563544 19.079128 0.002357
2458371.056611 19.077073 0.002353
2458371.549678 19.075711 0.002350
2458372.053271 19.079501 0.002358
2458372.546338 19.075058 0.002348
2458373.039406 19.076522 0.002352
2458373.542999 19.076407 0.002351
2458374.036066 19.076233 0.002351
2458374.529133 19.074524 0.002347
2458375.032727 19.075374 0.002349
2458375.525794 19.081811 0.002363
2458376.018861 19.078128 0.002355
2458376.522455 19.075976 0.002350
2458377.015522 19.072600 0.002343
2458377.508589 19.077473 0.002354
2458378.012182 19.073844 0.002346
2458378.505250 19.074892 0.002348
2458378.998317 19.075782 0.002350
2458379.501910 19.079283 0.002358
2458379.994977 19.077422 0.002354
2458380.488044 19.072620 0.002343
2458380.991638 19.081533 0.002362
2458381.484705 19.077965 0.002355
2458381.977772 19.078326 0.002355
2458382.481366 19.077858 0.002354
2458382.974433 19.079140 0.002357
2458383.467500 19.075232 0.002349
2458383.971094 19.074255 0.002347
2458384.464161 19.074417 0.002347
2458384.957228 19.078941 0.002357
2458385.460821 19.081994 0.002363
2458385.953888 19.077283 0.002353
2458386.446956 19.074077 0.002346
2458386.950549 19.077164 0.002353
2458387.443616 19.080077 0.002359
2458387.936683 19.075014 0.002348
2458388.440277 19.075659 0.002350
2458388.933344 19.076491 0.002352
2458389.426411 19.078957 0.002357
2458389.930005 19.075200 0.002349
2458390.423072 19.077378 0.002353
2458390.916139 19.077545 0.002354
2458391.419732 19.077089 0.002353
2458391.912800 19.077192 0.002353
2458392.405867 19.077846 0.002354
2458392.909460 19.079851 0.002359
2458393.402527 19.081596 0.002363
2458393.895594 19.073346 0.002345
2458394.399188 19.078457 0.002356
2458394.892255 19.078906 0.002357
2458395.385322 19.078525 0.002356
2458395.888916 19.074678 0.002348
2458396.381983 19.077137 0.002353
2458396.875050 19.071929 0.002342
2458397.378644 19.076487 0.002351
2458397.871711 19.076463 0.002351
2458398.364778 19.077386 0.002353
2458398.868371 19.080435 0.002360
2458399.361438 19.077101 0.002353
2458399.854506 19.074896 0.002348
2458400.358099 19.077628 0.002354
2458400.851166 19.074346 0.002347
2458401.344233 19.077442 0.002354
2458401.847827 19.076978 0.002353
2458402.340894 19.076538 0.002352
2458402.833961 19.078552 0.002356
2458403.337555 19.074805 0.002348
2458403.830622 19.076241 0.002351
2458404.323689 19.079461 0.002358
2458404.827282 19.077025 0.002353
2458405.320350 19.077715 0.002354
2458405.813417 19.078493 0.002356
2458406.317010 19.076776 0.002352
2458406.810077 19.076574 0.002352
2458407.303144 19.077656 0.002354
2458407.806738 19.074548 0.002347
2458408.299805 19.076459 0.002351
2458408.792872 19.078199 0.002355
2458409.296466 19.079334 0.002358
2458409.789533 19.079132 0.002357
2458410.282600 19.079322 0.002358
2458410.786194 19.079775 0.002359
2458411.279261 19.077481 0.002354
2458411.772328 19.080379 0.002360
2458412.275921 19.075501 0.002349
2458412.768988 19.078239 0.002355
2458413.262056 19.075659 0.002350
2458413.765649 19.083122 0.002366
2458414.258716 19.077961 0.002355
2458414.751783 19.077335 0.002353
2458415.255377 19.073951 0.002346
2458415.748444 19.080507 0.002360
2458416.241511 19.077505 0.002354
2458416.745105 19.079037 0.002357
2458417.238172 19.073888 0.002346
2458417.731239 19.077006 0.002353
2458418.234832 19.076320 0.002351
2458526.481367 19.075920 0.002350
2458526.984960 19.078465 0.002356
2458527.478027 19.080689 0.002361
2458527.971094 19.079108 0.002357
2458528.474688 19.076495 0.002352
2458528.967755 19.078163 0.002355
2458529.460822 19.073149 0.002344
2458529.964416 19.078207 0.002355
2458530.457483 19.078179 0.002355
2458530.950550 19.076903 0.002352
2458531.454144 19.079056 0.002357
2458531.947211 19.077347 0.002353
2458532.440278 19.074666 0.002348
2458532.943871 19.077247 0.002353
2458533.436938 19.083114 0.002366
2458533.930006 19.077140 0.002353
2458534.433599 19.075679 0.002350
2458534.926666 19.077291 0.002353
2458535.419733 19.080570 0.002360
2458535.923327 19.075818 0.002350
2458536.416394 19.079469 0.002358
2458536.909461 19.076067 0.002351
2458537.413055 19.078525 0.002356
2458537.906122 19.076740 0.002352
2458538.399189 19.075354 0.002349
2458538.902782 19.078790 0.002357
2458539.395850 19.079747 0.002359
2458539.888917 19.076534 0.002352
2458540.392510 19.078128 0.002355
2458540.885577 19.077434 0.002354
2458541.378644 19.076308 0.002351
2458541.882238 19.074955 0.002348
2458542.375305 19.079017 0.002357
2458542.868372 19.077553 0.002354
2458543.371966 19.079553 0.002358
2458543.865033 19.077069 0.002353
2458544.358100 19.074223 0.002347
2458544.861694 19.075204 0.002349
2458545.354761 19.076621 0.002352
2458545.847828 19.077691 0.002354
2458546.351421 19.074579 0.002347
2458546.844488 19.074465 0.002347
2458547.337556 19.075204 0.002349
2458547.841149 19.079553 0.002358
2458548.334216 19.079104 0.002357
2458548.827283 19.074975 0.002348
2458549.330877 19.078882 0.002357
2458549.823944 19.077739 0.002354
2458550.317011 19.075533 0.002350
2458550.820605 19.074140 0.002347
2458551.313672 19.078989 0.002357
2458551.806739 19.080717 0.002361
2458552.310332 19.074892 0.002348
2458552.803400 19.077041 0.002353
2458553.296467 19.077703 0.002354
2458553.800060 19.079195 0.002358
2458554.293127 19.074512 0.002347
2458554.786194 19.077430 0.002354
2458555.289788 19.076982 0.002353
2458555.782855 19.077180 0.002353
2458556.275922 19.078243 0.002356
2458556.779516 19.076922 0.002353
2458557.272583 19.076407 0.002352
2458557.765650 19.074876 0.002349
2458558.269244 19.071850 0.002342
2458558.762311 19.078100 0.002356
2458559.255378 19.073086 0.002345
2458559.758971 19.076459 0.002352
2458560.252038 19.079624 0.002359
2458560.745106 19.076039 0.002352
2458561.248699 19.076697 0.002353
2458561.741766 19.072288 0.002344
2458562.234833 19.076919 0.002354
2458562.738427 19.073263 0.002346
2458563.231494 19.075643 0.002352
2458563.724561 19.069581 0.002339
2458564.228155 19.075196 0.002351
2458564.721222 19.075054 0.002352
2458565.214289 19.075093 0.002352
2458565.717882 19.072320 0.002347
2458566.210950 19.075647 0.002355
2458566.704017 19.069888 0.002344
2458567.207610 19.069294 0.002344
2458567.700677 19.067847 0.002343
2458568.193744 19.066629 0.002342
2458568.697338 19.068566 0.002350
2458569.190405 19.060523 0.002337
2458569.683472 19.053924 0.002328
2458570.187066 19.050186 0.002328
2458570.680133 19.039844 0.002316
2458571.173200 19.034035 0.002318
2458571.676794 19.013000 0.002295
2458572.169861 18.993451 0.002283
2458572.662928 18.959269 0.002257
2458573.166521 18.907780 0.002221
2458573.659588 18.811611 0.002139
2458574.152656 18.660101 0.002036
2458574.656249 18.341529 0.001838
2458575.149316 17.561685 0.001498
2458575.642383 17.830629 0.001593
2458576.145977 18.451070 0.001900
2458576.639044 18.703356 0.002060
2458577.132111 18.841090 0.002165
2458577.635705 18.917457 0.002220
2458578.128772 18.968334 0.002263
2458578.621839 18.998147 0.002285
2458579.125432 19.018961 0.002301
2458579.618500 19.032386 0.002311
2458580.111567 19.046948 0.002329
2458580.615160 19.056573 0.002339
2458581.108227 19.055205 0.002330
2458581.601294 19.063173 0.002341
2458582.104888 19.067360 0.002347
2458582.597955 19.066354 0.002341
2458583.091022 19.065519 0.002337
2458583.594616 19.069274 0.002344
2458584.087683 19.074959 0.002355
2458584.580750 19.074567 0.002353
2458585.084344 19.072833 0.002348
2458585.577411 19.073990 0.002350
2458586.070478 19.072916 0.002347
2458586.574071 19.073931 0.002349
2458587.067138 19.077390 0.002356
2458587.560206 19.072750 0.002345
2458588.063799 19.073212 0.002346
2458588.556866 19.081330 0.002364
2458589.049933 19.079593 0.002360
2458589.553527 19.074148 0.002348
2458590.046594 19.084509 0.002370
2458590.539661 19.077351 0.002354
2458591.043255 19.076677 0.002353
2458591.536322 19.076911 0.002353
2458592.029389 19.081083 0.002362
2458592.532982 19.076000 0.002351
2458593.026050 19.072987 0.002344
2458593.519117 19.076447 0.002352
2458594.022710 19.074963 0.002349
2458594.515777 19.077596 0.002354
2458595.008844 19.073978 0.002346
2458595.512438 19.075774 0.002350
2458596.005505 19.074125 0.002347
2458596.498572 19.073670 0.002346
2458597.002166 19.075398 0.002349
2458597.495233 19.074132 0.002347
2458597.988300 19.076645 0.002352
2458712.204272 19.075481 0.002349
2458712.697339 19.078374 0.002356
2458713.200932 19.077267 0.002353
2458713.694000 19.075426 0.002349
2458714.187067 19.076419 0.002351
2458714.690660 19.073326 0.002345
2458715.183727 19.080467 0.002360
2458715.676794 19.077668 0.002354
2458716.180388 19.079271 0.002358
2458716.673455 19.075339 0.002349
2458717.166522 19.074785 0.002348
2458717.670116 19.077922 0.002355
2458718.163183 19.072608 0.002343
2458718.656250 19.076134 0.002351
2458719.159844 19.079469 0.002358
2458719.652911 19.081779 0.002363
2458720.145978 19.079088 0.002357
2458720.649571 19.074710 0.002348
2458721.142638 19.078862 0.002357
2458721.635706 19.077680 0.002354
2458722.139299 19.077997 0.002355
2458722.632366 19.076716 0.002352
2458723.125433 19.076015 0.002350
2458723.629027 19.076059 0.002351
2458724.122094 19.082576 0.002365
2458724.615161 19.081851 0.002363
2458725.118755 19.080753 0.002361
2458725.611822 19.076605 0.002352
2458726.104889 19.079871 0.002359
2458726.608482 19.072549 0.002343
2458727.101550 19.079179 0.002357
2458727.594617 19.074492 0.002347
2458728.098210 19.076344 0.002351
2458728.591277 19.078417 0.002356
2458729.084344 19.079354 0.002358
2458729.587938 19.072722 0.002343
2458730.081005 19.079732 0.002359
2458730.574072 19.073895 0.002346
2458731.077666 19.075782 0.002350
2458731.570733 19.074737 0.002348
2458732.063800 19.076403 0.002351
2458732.567394 19.078235 0.002355
2458733.060461 19.075244 0.002349
2458733.553528 19.080487 0.002360
2458734.057121 19.080232 0.002360
2458734.550188 19.079807 0.002359
2458735.043256 19.074302 0.002347
2458735.546849 19.081756 0.002363
2458736.039916 19.076827 0.002352
2458736.532983 19.079811 0.002359
2458737.036577 19.077537 0.002354
2458737.529644 19.077247 0.002353
2458738.022711 19.081903 0.002363
2458738.526305 19.080097 0.002359
2458739.019372 19.078477 0.002356
2458739.512439 19.076392 0.002351
2458740.016032 19.084450 0.002369
2458740.509100 19.074061 0.002346
2458741.002167 19.075473 0.002349
2458741.505760 19.079660 0.002358
2458741.998827 19.077937 0.002355
2458742.491894 19.075984 0.002350
2458742.995488 19.079465 0.002358
2458743.488555 19.077763 0.002354
2458743.981622 19.078429 0.002356
2458744.485216 19.079783 0.002359
2458744.978283 19.077279 0.002353
2458745.471350 19.078362 0.002356
2458745.974944 19.078009 0.002355
2458746.468011 19.077719 0.002354
2458746.961078 19.075149 0.002349
2458747.464671 19.076950 0.002353
2458747.957738 19.077216 0.002353
2458748.450806 19.076503 0.002352
2458748.954399 19.077997 0.002355
2458749.447466 19.077596 0.002354
2458749.940533 19.081163 0.002362
2458750.444127 19.079041 0.002357
2458750.937194 19.077803 0.002354
2458751.430261 19.080809 0.002361
2458751.933855 19.073579 0.002345
2458752.426922 19.076605 0.002352
2458752.919989 19.072940 0.002344
2458753.423582 19.073528 0.002345
2458753.916650 19.078608 0.002356
2458754.409717 19.074283 0.002347
2458754.913310 19.077699 0.002354
2458755.406377 19.078207 0.002355
2458755.899444 19.079080 0.002357
2458756.403038 19.078148 0.002355
2458756.896105 19.077890 0.002355
2458757.389172 19.073469 0.002345
2458757.892766 19.072028 0.002342
2458758.385833 19.075097 0.002348
2458758.878900 19.071385 0.002340
2458759.382494 19.075077 0.002348
2458759.875561 19.075821 0.002350
2458760.368628 19.076031 0.002351
2458760.872221 19.076103 0.002351
2458761.365288 19.080582 0.002360
2458761.858356 19.078913 0.002357
2458762.361949 19.078842 0.002357
2458762.855016 19.078540 0.002356
2458763.348083 19.074117 0.002346
2458763.851677 19.074733 0.002348
2458764.344744 19.076281 0.002351
2458764.837811 19.072766 0.002343
2458765.341405 19.077053 0.002353
2458765.834472 19.078314 0.002355
2458766.327539 19.078449 0.002356
2458766.831132 19.079334 0.002358
2458767.324200 19.080419 0.002360
2458767.817267 19.081851 0.002363
2458768.320860 19.079950 0.002359
2458768.813927 19.078917 0.002357
2458769.306994 19.077121 0.002353
2458769.810588 19.076099 0.002351
2458770.303655 19.079402 0.002358
2458770.796722 19.072509 0.002343
2458771.300316 19.075153 0.002349
2458771.793383 19.080403 0.002360
2458772.286450 19.077125 0.002353
2458772.790044 19.078794 0.002357
2458773.283111 19.076538 0.002352
2458773.776178 19.074903 0.002348
2458774.279771 19.078921 0.002357
2458774.772838 19.078961 0.002357
2458775.265906 19.075917 0.002350
2458775.769499 19.077620 0.002354
2458776.262566 19.078267 0.002355
2458776.755633 19.078398 0.002356
2458777.259227 19.079390 0.002358
2458777.752294 19.074480 0.002347
2458778.245361 19.074484 0.002347
2458778.748955 19.077680 0.002354
2458779.242022 19.080678 0.002361
2458779.735089 19.074844 0.002348
2458780.238682 19.077410 0.002354
2458780.731750 19.077973 0.002355
2458781.224817 19.081525 0.002362
2458781.728410 19.082691 0.002365
2458782.221477 19.075501 0.002349
2458782.714544 19.079215 0.002357
2458783.218138 19.081155 0.002362
2458783.711205 19.074947 0.002348
2459622.427944 19.077204 0.002353
2459622.921011 19.077335 0.002353
2459623.424605 19.075924 0.002350
2459623.917672 19.077775 0.002354
2459624.410739 19.077382 0.002353
2459624.914332 19.079740 0.002359
2459625.407400 19.077188 0.002353
2459625.900467 19.080483 0.002360
2459626.404060 19.081664 0.002363
2459626.897127 19.076899 0.002352
2459627.390194 19.076693 0.002352
2459627.893788 19.081716 0.002363
2459628.386855 19.076653 0.002352
2459628.879922 19.081604 0.002363
2459629.383516 19.075631 0.002350
2459629.876583 19.078318 0.002355
2459630.369650 19.081807 0.002363
2459630.873244 19.078981 0.002357
2459631.366311 19.076459 0.002351
2459631.859378 19.078322 0.002355
2459632.362971 19.075418 0.002349
2459632.856038 19.076792 0.002352
2459633.349106 19.075180 0.002349
2459633.852699 19.077418 0.002354
2459634.345766 19.077073 0.002353
2459634.838833 19.076007 0.002350
2459635.342427 19.077715 0.002354
2459635.835494 19.075497 0.002349
2459636.328561 19.074848 0.002348
2459636.832155 19.074476 0.002347
2459637.325222 19.078655 0.002356
2459637.818289 19.075034 0.002348
2459638.321882 19.072415 0.002343
2459638.814950 19.080069 0.002359
2459639.308017 19.080463 0.002360
2459639.811610 19.076099 0.002351
2459640.304677 19.076653 0.002352
2459640.797744 19.076760 0.002352
2459641.301338 19.076316 0.002351
2459641.794405 19.077014 0.002353
2459642.287472 19.080288 0.002360
2459642.791066 19.078747 0.002356
2459643.284133 19.078858 0.002357
2459643.777200 19.080014 0.002359
2459644.280794 19.077715 0.002354
2459644.773861 19.073402 0.002345
2459645.266928 19.075085 0.002348
2459645.770521 19.075529 0.002349
2459646.263588 19.072419 0.002343
2459646.756656 19.077656 0.002354
2459647.260249 19.080038 0.002359
2459647.753316 19.076202 0.002351
2459648.246383 19.077787 0.002354
2459648.749977 19.080244 0.002360
2459649.243044 19.078374 0.002356
2459649.736111 19.079505 0.002358
2459650.239705 19.078945 0.002357
2459650.732772 19.071267 0.002340
2459651.225839 19.071267 0.002340
2459651.729432 19.074753 0.002348
2459652.222500 19.071850 0.002341
2459652.715567 19.077041 0.002353
2459653.219160 19.079307 0.002358
2459653.712227 19.074836 0.002348
2459654.205294 19.073650 0.002345
2459654.708888 19.081525 0.002362
2459655.201955 19.073820 0.002346
2459655.695022 19.073603 0.002345
2459656.198616 19.077061 0.002353
2459656.691683 19.078076 0.002355
2459657.184750 19.076483 0.002351
2459657.688344 19.084106 0.002368
2459658.181411 19.074658 0.002348
2459658.674478 19.079311 0.002358
2459659.178071 19.081175 0.002362
2459659.671138 19.077854 0.002354
2459660.164206 19.078239 0.002355
2459660.667799 19.077707 0.002354
2459661.160866 19.076768 0.002352
2459661.653933 19.077462 0.002354
2459662.157527 19.079426 0.002358
2459662.650594 19.076427 0.002351
2459663.143661 19.075723 0.002350
2459663.647255 19.076459 0.002351
2459664.140322 19.076629 0.002352
2459664.633389 19.080304 0.002360
2459665.136982 19.073018 0.002344
2459665.630050 19.076039 0.002351
2459666.123117 19.077933 0.002355
2459666.626710 19.079048 0.002357
2459667.119777 19.074943 0.002348
2459667.612844 19.077033 0.002353
2459668.116438 19.077834 0.002354
2459668.609505 19.069038 0.002335
2459669.102572 19.075173 0.002349
2459669.606166 19.081179 0.002362
2459670.099233 19.079664 0.002358
2459670.592300 19.073974 0.002346
2459671.095894 19.080399 0.002360
2459671.588961 19.080264 0.002360
2459672.082028 19.078144 0.002355
2459672.585621 19.077898 0.002355
2459673.078688 19.077279 0.002353
2459673.571756 19.075794 0.002350
2459674.075349 19.073354 0.002345
2459674.568416 19.077513 0.002354
2459675.061483 19.077493 0.002354
2459675.565077 19.076471 0.002351
2459676.058144 19.080352 0.002360
2459676.551211 19.079998 0.002359
2459677.054805 19.079243 0.002357
2459677.547872 19.079720 0.002359
2459678.040939 19.070896 0.002339
2459678.544532 19.077398 0.002353
2459679.037600 19.076007 0.002350
2459679.530667 19.077894 0.002355
2459680.034260 19.077315 0.002353
2459680.527327 19.076724 0.002352
2459681.020394 19.074753 0.002348
2459681.523988 19.076079 0.002351
2459682.017055 19.081306 0.002362
2459682.510122 19.075992 0.002350
2459683.013716 19.078033 0.002355
2459683.506783 19.078882 0.002357
2459683.999850 19.077271 0.002353
2459684.503444 19.076225 0.002351
2459684.996511 19.076075 0.002351
2459685.489578 19.079990 0.002359
2459685.993171 19.080383 0.002360
2459686.486238 19.079938 0.002359
2459686.979306 19.075651 0.002350
2459687.482899 19.080367 0.002360
2459687.975966 19.079088 0.002357
2459688.469033 19.077315 0.002353
2459688.972627 19.078322 0.002355
2459689.465694 19.077616 0.002354
2459689.958761 19.073567 0.002345
2459690.462355 19.077906 0.002355
2459690.955422 19.078398 0.002356
2459691.448489 19.080693 0.002361
2459691.952082 19.078548 0.002356
2459692.445150 19.077608 0.002354
2459692.938217 19.079461 0.002358
2459693.441810 19.079465 0.002358
2459693.934877 19.077251 0.002353
2459807.647256 19.074639 0.002348
2459808.150849 19.080137 0.002359
2459808.643916 19.077799 0.002354
2459809.136983 19.074975 0.002348
2459809.640577 19.075267 0.002349
2459810.133644 19.079227 0.002357
2459810.626711 19.076879 0.002352
2459811.130305 19.074034 0.002346
2459811.623372 19.077240 0.002353
2459812.116439 19.081752 0.002363
2459812.620032 19.074686 0.002348
2459813.113100 19.077434 0.002354
2459813.606167 19.081362 0.002362
2459814.109760 19.078628 0.002356
2459814.602827 19.075002 0.002348
2459815.095894 19.076087 0.002351
2459815.599488 19.078854 0.002357
2459816.092555 19.078659 0.002356
2459816.585622 19.075651 0.002350
2459817.089216 19.075493 0.002349
2459817.582283 19.080232 0.002360
2459818.075350 19.079390 0.002358
2459818.578944 19.079501 0.002358
2459819.072011 19.080105 0.002359
2459819.565078 19.078584 0.002356
2459820.068671 19.076063 0.002351
2459820.561738 19.074461 0.002347
2459821.054806 19.079080 0.002357
2459821.558399 19.077121 0.002353
2459822.051466 19.077573 0.002354
2459822.544533 19.075335 0.002349
2459823.048127 19.078314 0.002355
2459823.541194 19.075018 0.002348
2459824.034261 19.080693 0.002361
2459824.537855 19.075869 0.002350
2459825.030922 19.075501 0.002349
2459825.523989 19.078544 0.002356
2459826.027582 19.075493 0.002349
2459826.520650 19.078306 0.002355
2459827.013717 19.078294 0.002355
2459827.517310 19.078461 0.002356
2459828.010377 19.078132 0.002355
2459828.503444 19.078092 0.002355
2459829.007038 19.081111 0.002362
2459829.500105 19.077878 0.002355
2459829.993172 19.076403 0.002351
2459830.496766 19.082440 0.002364
2459830.989833 19.078243 0.002355
2459831.482900 19.078358 0.002356
2459831.986494 19.076827 0.002352
2459832.479561 19.079259 0.002358
2459832.972628 19.077918 0.002355
2459833.476221 19.074496 0.002347
2459833.969288 19.079116 0.002357
2459834.462356 19.074903 0.002348
2459834.965949 19.079513 0.002358
2459835.459016 19.075877 0.002350
2459835.952083 19.079001 0.002357
2459836.455677 19.078120 0.002355
2459836.948744 19.076657 0.002352
2459837.441811 19.076641 0.002352
2459837.945405 19.075291 0.002349
2459838.438472 19.076724 0.002352
2459838.931539 19.077232 0.002353
2459839.435132 19.077806 0.002354
2459839.928200 19.072849 0.002344
2459840.421267 19.077616 0.002354
2459840.924860 19.077382 0.002353
2459841.417927 19.074002 0.002346
2459841.910994 19.076574 0.002352
2459842.414588 19.077739 0.002354
2459842.907655 19.074417 0.002347
2459843.400722 19.075267 0.002349
2459843.904316 19.077910 0.002355
2459844.397383 19.075426 0.002349
2459844.890450 19.078417 0.002356
2459845.394044 19.076926 0.002352
2459845.887111 19.078263 0.002355
2459846.380178 19.073955 0.002346
2459846.883771 19.073125 0.002344
2459847.376838 19.079152 0.002357
2459847.869906 19.074322 0.002347
2459848.373499 19.075006 0.002348
2459848.866566 19.072940 0.002344
2459849.359633 19.075663 0.002350
2459849.863227 19.078636 0.002356
2459850.356294 19.073994 0.002346
2459850.849361 19.075762 0.002350
2459851.352955 19.073303 0.002345
2459851.846022 19.075248 0.002349
2459852.339089 19.077307 0.002353
2459852.842682 19.078759 0.002356
2459853.335750 19.080423 0.002360
2459853.828817 19.080232 0.002360
2459854.332410 19.078854 0.002357
2459854.825477 19.079191 0.002357
2459855.318544 19.081012 0.002361
2459855.822138 19.079628 0.002358
2459856.315205 19.075837 0.002350
2459856.808272 19.072884 0.002344
2459857.311866 19.075236 0.002349
2459857.804933 19.077081 0.002353
2459858.298000 19.078227 0.002355
2459858.801594 19.076891 0.002352
2459859.294661 19.075723 0.002350
2459859.787728 19.084761 0.002369
2459860.291321 19.074121 0.002346
2459860.784388 19.080678 0.002361
2459861.277456 19.072616 0.002343
2459861.781049 19.077557 0.002354
2459862.274116 19.075370 0.002349
2459862.767183 19.077295 0.002353
2459863.270777 19.075588 0.002350
2459863.763844 19.077077 0.002353
2459864.256911 19.075552 0.002349
2459864.760505 19.079676 0.002358
2459865.253572 19.080236 0.002360
2459865.746639 19.077731 0.002354
2459866.250232 19.077426 0.002354
2459866.743300 19.071354 0.002340
2459867.236367 19.078334 0.002356
2459867.739960 19.079156 0.002357
2459868.233027 19.079156 0.002357
2459868.726094 19.076792 0.002352
2459869.229688 19.078477 0.002356
2459869.722755 19.075730 0.002350
2459870.215822 19.079326 0.002358
2459870.719416 19.075742 0.002350
2459871.212483 19.078207 0.002355
2459871.705550 19.080856 0.002361
2459872.209144 19.075445 0.002349
2459872.702211 19.074951 0.002348
2459873.195278 19.075715 0.002350
2459873.698871 19.076558 0.002352
2459874.191938 19.081016 0.002361
2459874.685006 19.075038 0.002348
2459875.188599 19.078481 0.002356
2459875.681666 19.079521 0.002358
2459876.174733 19.079330 0.002358
2459876.678327 19.079581 0.002358
2459877.171394 19.077446 0.002354
2459877.664461 19.079112 0.002357
2459878.168055 19.073461 0.002345
2459878.661122 19.081338 0.002362
2459879.154189 19.074927 0.002348
2459987.411250 19.075568 0.002350
2459987.904317 19.080165 0.002359
2459988.407910 19.073967 0.002346
2459988.900977 19.078100 0.002355
2459989.394044 19.075370 0.002349
2459989.897638 19.077727 0.002354
2459990.390705 19.077061 0.002353
2459990.883772 19.075010 0.002348
2459991.387366 19.079612 0.002358
2459991.880433 19.078695 0.002356
2459992.373500 19.072616 0.002343
2459992.877094 19.076376 0.002351
2459993.370161 19.081405 0.002362
2459993.863228 19.078318 0.002355
2459994.366821 19.074295 0.002347
2459994.859888 19.076007 0.002350
2459995.352956 19.081588 0.002363
2459995.856549 19.076804 0.002352
2459996.349616 19.077929 0.002355
2459996.842683 19.074172 0.002346
2459997.346277 19.079116 0.002357
2459997.839344 19.074409 0.002347
2459998.332411 19.076796 0.002352
2459998.836005 19.076380 0.002351
2459999.329072 19.078136 0.002355
2459999.822139 19.079982 0.002359
2460000.325732 19.077945 0.002355
2460000.818800 19.078017 0.002355
2460001.311867 19.077311 0.002353
2460001.815460 19.082385 0.002364
2460002.308527 19.076978 0.002353
2460002.801594 19.078977 0.002357
2460003.305188 19.073575 0.002345
2460003.798255 19.075616 0.002350
2460004.291322 19.073737 0.002346
2460004.794916 19.078179 0.002355
2460005.287983 19.076277 0.002351
2460005.781050 19.076788 0.002352
2460006.284644 19.075976 0.002350
2460006.777711 19.077826 0.002354
2460007.270778 19.076463 0.002351
2460007.774371 19.078648 0.002356
2460008.267438 19.080105 0.002359
2460008.760506 19.077969 0.002355
2460009.264099 19.077672 0.002354
2460009.757166 19.079045 0.002357
2460010.250233 19.079307 0.002358
2460010.753827 19.075786 0.002350
2460011.246894 19.082413 0.002364
2460011.739961 19.080324 0.002360
2460012.243555 19.080407 0.002360
2460012.736622 19.078652 0.002356
2460013.229689 19.072383 0.002343
2460013.733282 19.076186 0.002351
2460014.226350 19.083887 0.002368
2460014.719417 19.078457 0.002356
2460015.223010 19.077224 0.002353
2460015.716077 19.074903 0.002348
2460016.209144 19.079918 0.002359
2460016.712738 19.075616 0.002350
2460017.205805 19.080817 0.002361
2460017.698872 19.079029 0.002357
2460018.202466 19.077469 0.002354
2460018.695533 19.073943 0.002346
2460019.188600 19.074409 0.002347
2460019.692194 19.077914 0.002355
2460020.185261 19.080196 0.002360
2460020.678328 19.078163 0.002355
2460021.181921 19.078346 0.002356
2460021.674988 19.076934 0.002352
2460022.168056 19.078703 0.002356
2460022.671649 19.078695 0.002356
2460023.164716 19.079759 0.002359
2460023.657783 19.080296 0.002360
2460024.161377 19.077842 0.002354
2460024.654444 19.076911 0.002352
2460025.147511 19.079942 0.002359
2460025.651105 19.078671 0.002356
2460026.144172 19.074445 0.002347
2460026.637239 19.078604 0.002356
2460027.140832 19.076075 0.002351
2460027.633900 19.077545 0.002354
2460028.126967 19.078644 0.002356
2460028.630560 19.078001 0.002355
2460029.123627 19.075331 0.002349
2460029.616694 19.081791 0.002363
2460030.120288 19.074413 0.002347
2460030.613355 19.079859 0.002359
2460031.106422 19.075525 0.002349
2460031.610016 19.081238 0.002362
2460032.103083 19.077870 0.002354
2460032.596150 19.077462 0.002354
2460033.099744 19.076443 0.002351
2460033.592811 19.078798 0.002357
2460034.085878 19.078052 0.002355
2460034.589471 19.078913 0.002357
2460035.082538 19.079803 0.002359
2460035.575606 19.079561 0.002358
2460036.079199 19.077073 0.002353
2460036.572266 19.077228 0.002353
2460037.065333 19.079227 0.002357
2460037.568927 19.074370 0.002347
2460038.061994 19.077676 0.002354
2460038.555061 19.077668 0.002354
2460039.058655 19.076542 0.002352
2460039.551722 19.073804 0.002346
2460040.044789 19.074876 0.002348
2460040.548382 19.076645 0.002352
2460041.041450 19.075639 0.002350
2460041.534517 19.078029 0.002355
2460042.038110 19.078473 0.002356
2460042.531177 19.074710 0.002348
2460043.024244 19.079954 0.002359
2460043.527838 19.080996 0.002361
2460044.020905 19.078183 0.002355
2460044.513972 19.075647 0.002350
2460045.017566 19.074437 0.002347
2460045.510633 19.074947 0.002348
2460046.003700 19.074650 0.002348
2460046.507294 19.077703 0.002354
2460047.000361 19.075537 0.002349
2460047.493428 19.076526 0.002352
2460047.997021 19.079839 0.002359
2460048.490088 19.076114 0.002351
2460048.983156 19.077858 0.002354
2460049.486749 19.075837 0.002350
2460049.979816 19.072679 0.002343
2460050.472883 19.079398 0.002358
2460050.976477 19.074726 0.002348
2460051.469544 19.077691 0.002354
2460051.962611 19.072797 0.002344
2460052.466205 19.077105 0.002353
2460052.959272 19.075465 0.002349
2460053.452339 19.076103 0.002351
2460053.955932 19.078005 0.002355
2460054.449000 19.079179 0.002357
2460054.942067 19.074678 0.002348
2460055.445660 19.075533 0.002349
2460055.938727 19.082174 0.002364
2460056.431794 19.080463 0.002360
2460056.935388 19.076031 0.002351
2460057.428455 19.074872 0.002348
2460057.921522 19.077961 0.002355
2460058.425116 19.077014 0.002353
2460058.918183 19.077255 0.002353
