2458346.727899 20.835247 0.003704
2458347.220966 20.838626 0.003716
2458347.714033 20.833550 0.003699
2458348.217627 20.836488 0.003709
2458348.710694 20.839635 0.003719
2458349.203761 20.834142 0.003701
2458349.707355 20.837853 0.003713
2458350.200422 20.835202 0.003704
2458350.693489 20.829965 0.003686
2458351.197082 20.838211 0.003714
2458351.690150 20.839231 0.003718
2458352.183217 20.843129 0.003731
2458352.686810 20.835795 0.003706
2458353.179877 20.840027 0.003721
2458353.672944 20.834008 0.003700
2458354.176538 20.836667 0.003709
2458354.669605 20.839702 0.003720
2458355.162672 20.839130 0.003718
2458355.666266 20.835437 0.003705
2458356.159333 20.833194 0.003697
2458356.652400 20.838850 0.003717
2458357.155994 20.834633 0.003702
2458357.649061 20.831333 0.003691
2458358.142128 20.837372 0.003712
2458358.645721 20.839814 0.003720
2458359.138788 20.841330 0.003725
2458359.631856 20.837853 0.003713
2458360.135449 20.837237 0.003711
2458360.628516 20.833785 0.003699
2458361.121583 20.836633 0.003709
2458361.625177 20.826702 0.003675
2458362.118244 20.842645 0.003730
2458362.611311 20.841049 0.003724
2458363.114905 20.835146 0.003704
2458363.607972 20.837226 0.003711
2458364.101039 20.834477 0.003702
2458364.604632 20.842971 0.003731
2458365.097700 20.830109 0.003687
2458365.590767 20.840566 0.003723
2458366.094360 20.832770 0.003696
2458366.587427 20.834142 0.003701
2458367.080494 20.833539 0.003698
2458367.584088 20.834376 0.003701
2458368.077155 20.842982 0.003731
2458368.570222 20.840712 0.003723
2458369.073816 20.833550 0.003699
2458369.566883 20.845652 0.003740
2458370.059950 20.838951 0.003717
2458370.563544 20.841386 0.003725
2458371.056611 20.843962 0.003734
2458371.549678 20.839444 0.003719
2458372.053271 20.836790 0.003710
2458372.546338 20.834945 0.003703
2458373.039406 20.839478 0.003719
2458373.542999 20.844807 0.003737
2458374.036066 20.839354 0.003718
2458374.529133 20.837763 0.003713
2458375.032727 20.838301 0.003715
2458375.525794 20.835884 0.003706
2458376.018861 20.838357 0.003715
2458376.522455 20.837013 0.003710
2458377.015522 20.841847 0.003727
2458377.508589 20.837719 0.003713
2458378.012182 20.836633 0.003709
2458378.505250 20.840196 0.003721
2458378.998317 20.838659 0.003716
2458379.501910 20.828721 0.003682
2458379.994977 20.844052 0.003734
2458380.488044 20.843084 0.003731
2458380.991638 20.838839 0.003717
2458381.484705 20.836611 0.003709
2458381.977772 20.840364 0.003722
2458382.481366 20.840735 0.003723
2458382.974433 20.836052 0.003707
2458383.467500 20.830387 0.003688
2458383.971094 20.836890 0.003710
2458384.464161 20.832536 0.003695
2458384.957228 20.837741 0.003713
2458385.460821 20.836723 0.003709
2458385.953888 20.844908 0.003737
2458386.446956 20.835448 0.003705
2458386.950549 20.831077 0.003690
2458387.443616 20.836309 0.003708
2458387.936683 20.835158 0.003704
2458388.440277 20.839141 0.003718
2458388.933344 20.830810 0.003689
2458389.426411 20.836946 0.003710
2458389.930005 20.835817 0.003706
2458390.423072 20.839915 0.003720
2458390.916139 20.841184 0.003725
2458391.419732 20.831756 0.003692
2458391.912800 20.835750 0.003706
2458392.405867 20.839893 0.003720
2458392.909460 20.831478 0.003691
2458393.402527 20.834800 0.003703
2458393.895594 20.835549 0.003705
2458394.399188 20.839433 0.003719
2458394.892255 20.836801 0.003710
2458395.385322 20.836476 0.003709
2458395.888916 20.835705 0.003706
2458396.381983 20.841307 0.003725
2458396.875050 20.841678 0.003726
2458397.378644 20.837808 0.003713
2458397.871711 20.835672 0.003706
2458398.364778 20.838738 0.003716
2458398.868371 20.840207 0.003721
2458399.361438 20.832859 0.003696
2458399.854506 20.834075 0.003700
2458400.358099 20.839983 0.003721
2458400.851166 20.831868 0.003693
2458401.344233 20.842060 0.003728
2458401.847827 20.838032 0.003714
2458402.340894 20.830577 0.003688
2458402.833961 20.834979 0.003703
2458403.337555 20.844683 0.003737
2458403.830622 20.846024 0.003741
2458404.323689 20.843849 0.003734
2458404.827282 20.842667 0.003730
2458405.320350 20.840476 0.003722
2458405.813417 20.838570 0.003716
2458406.317010 20.839736 0.003720
2458406.810077 20.839545 0.003719
2458407.303144 20.828299 0.003681
2458407.806738 20.838122 0.003714
2458408.299805 20.839097 0.003717
2458408.792872 20.838200 0.003714
2458409.296466 20.834064 0.003700
2458409.789533 20.841038 0.003724
2458410.282600 20.839119 0.003718
2458410.786194 20.837338 0.003711
2458411.279261 20.833194 0.003697
2458411.772328 20.841352 0.003725
2458412.275921 20.837204 0.003711
2458412.768988 20.836253 0.003708
2458413.262056 20.841386 0.003725
2458413.765649 20.835761 0.003706
2458414.258716 20.837137 0.003711
2458414.751783 20.842544 0.003729
2458415.255377 20.838716 0.003716
2458415.748444 20.837943 0.003714
2458416.241511 20.835068 0.003704
2458416.745105 20.835996 0.003707
2458417.238172 20.838536 0.003716
2458417.731239 20.838256 0.003715
2458418.234832 20.835068 0.003704
2458526.481367 20.844345 0.003735
2458526.984960 20.839242 0.003718
2458527.478027 20.837372 0.003712
2458527.971094 20.837114 0.003711
2458528.474688 20.836778 0.003710
2458528.967755 20.836421 0.003708
2458529.460822 20.831355 0.003691
2458529.964416 20.831567 0.003692
2458530.457483 20.834968 0.003703
2458530.950550 20.835962 0.003707
2458531.454144 20.835146 0.003704
2458531.947211 20.833584 0.003699
2458532.440278 20.841094 0.003724
2458532.943871 20.841274 0.003725
2458533.436938 20.833584 0.003699
2458533.930006 20.837226 0.003711
2458534.433599 20.838749 0.003716
2458534.926666 20.842667 0.003730
2458535.419733 20.841465 0.003726
2458535.923327 20.843489 0.003733
2458536.416394 20.837226 0.003711
2458536.909461 20.834611 0.003702
2458537.413055 20.838189 0.003714
2458537.906122 20.840330 0.003722
2458538.399189 20.840510 0.003722
2458538.902782 20.833729 0.003699
2458539.395850 20.833227 0.003697
2458539.888917 20.839523 0.003719
2458540.392510 20.838985 0.003717
2458540.885577 20.838659 0.003716
2458541.378644 20.835392 0.003705
2458541.882238 20.831366 0.003691
2458542.375305 20.838010 0.003714
2458542.868372 20.836555 0.003709
2458543.371966 20.840330 0.003722
2458543.865033 20.836007 0.003707
2458544.358100 20.829243 0.003684
2458544.861694 20.835314 0.003705
2458545.354761 20.828654 0.003682
2458545.847828 20.833673 0.003699
2458546.351421 20.834990 0.003703
2458546.844488 20.835325 0.003705
2458547.337556 20.840746 0.003723
2458547.841149 20.837237 0.003711
2458548.334216 20.839041 0.003717
2458548.827283 20.840847 0.003723
2458549.330877 20.842825 0.003730
2458549.823944 20.833974 0.003700
2458550.317011 20.845449 0.003739
2458550.820605 20.835839 0.003706
2458551.313672 20.841027 0.003724
2458551.806739 20.837226 0.003711
2458552.310332 20.834343 0.003701
2458552.803400 20.836879 0.003710
2458553.296467 20.835292 0.003704
2458553.800060 20.835906 0.003707
2458554.293127 20.826048 0.003673
2458554.786194 20.839624 0.003719
2458555.289788 20.837831 0.003713
2458555.782855 20.837999 0.003714
2458556.275922 20.841982 0.003727
2458556.779516 20.842184 0.003728
2458557.272583 20.838021 0.003714
2458557.765650 20.837047 0.003710
2458558.269244 20.834354 0.003701
2458558.762311 20.837920 0.003713
2458559.255378 20.828276 0.003681
2458559.758971 20.836633 0.003709
2458560.252038 20.841476 0.003726
2458560.745106 20.836991 0.003710
2458561.248699 20.840510 0.003722
2458561.741766 20.835392 0.003705
2458562.234833 20.840667 0.003723
2458562.738427 20.841397 0.003725
2458563.231494 20.835470 0.003705
2458563.724561 20.841173 0.003725
2458564.228155 20.833651 0.003699
2458564.721222 20.831634 0.003692
2458565.214289 20.830210 0.003687
2458565.717882 20.840982 0.003724
2458566.210950 20.834577 0.003702
2458566.704017 20.840454 0.003722
2458567.207610 20.832402 0.003695
2458567.700677 20.832547 0.003695
2458568.193744 20.833640 0.003699
2458568.697338 20.831934 0.003693
2458569.190405 20.837372 0.003712
2458569.683472 20.841914 0.003727
2458570.187066 20.832915 0.003696
2458570.680133 20.833350 0.003698
2458571.173200 20.831444 0.003691
2458571.676794 20.840768 0.003723
2458572.169861 20.836208 0.003708
2458572.662928 20.831745 0.003692
2458573.166521 20.832603 0.003695
2458573.659588 20.835549 0.003705
2458574.152656 20.835370 0.003705
2458574.656249 20.841341 0.003725
2458575.149316 20.834320 0.003701
2458575.642383 20.836622 0.003709
2458576.145977 20.835348 0.003705
2458576.639044 20.837875 0.003713
2458577.132111 20.837920 0.003713
2458577.635705 20.833907 0.003700
2458578.128772 20.835247 0.003704
2458578.621839 20.836264 0.003708
2458579.125432 20.838805 0.003716
2458579.618500 20.835057 0.003704
2458580.111567 20.838301 0.003715
2458580.615160 20.838828 0.003717
2458581.108227 20.830065 0.003687
2458581.601294 20.831701 0.003692
2458582.104888 20.838884 0.003717
2458582.597955 20.836980 0.003710
2458583.091022 20.834655 0.003702
2458583.594616 20.835906 0.003707
2458584.087683 20.836969 0.003710
2458584.580750 20.840252 0.003721
2458585.084344 20.838536 0.003716
2458585.577411 20.841993 0.003727
2458586.070478 20.843950 0.003734
2458586.574071 20.841105 0.003724
2458587.067138 20.837215 0.003711
2458587.560206 20.840735 0.003723
2458588.063799 20.837036 0.003710
2458588.556866 20.836029 0.003707
2458589.049933 20.836353 0.003708
2458589.553527 20.836152 0.003707
2458590.046594 20.831289 0.003691
2458590.539661 20.841678 0.003726
2458591.043255 20.836711 0.003709
2458591.536322 20.838962 0.003717
2458592.029389 20.838895 0.003717
2458592.532982 20.840319 0.003722
2458593.026050 20.839074 0.003717
2458593.519117 20.840431 0.003722
2458594.022710 20.837416 0.003712
2458594.515777 20.836767 0.003710
2458595.008844 20.838469 0.003715
2458595.512438 20.839209 0.003718
2458596.005505 20.839500 0.003719
2458596.498572 20.836421 0.003708
2458597.002166 20.839310 0.003718
2458597.495233 20.830054 0.003687
2458597.988300 20.831333 0.003691
2458712.204272 20.831400 0.003691
2458712.697339 20.839915 0.003720
2458713.200932 20.831099 0.003690
2458713.694000 20.840050 0.003721
2458714.187067 20.836532 0.003709
2458714.690660 20.843207 0.003732
2458715.183727 20.839893 0.003720
2458715.676794 20.837338 0.003711
2458716.180388 20.836007 0.003707
2458716.673455 20.833205 0.003697
2458717.166522 20.839063 0.003717
2458717.670116 20.834421 0.003701
2458718.163183 20.834644 0.003702
2458718.656250 20.843140 0.003731
2458719.159844 20.832625 0.003695
2458719.652911 20.839556 0.003719
2458720.145978 20.839141 0.003718
2458720.649571 20.845280 0.003739
2458721.142638 20.840196 0.003721
2458721.635706 20.837226 0.003711
2458722.139299 20.834030 0.003700
2458722.632366 20.833093 0.003697
2458723.125433 20.834331 0.003701
2458723.629027 20.831979 0.003693
2458724.122094 20.840454 0.003722
2458724.615161 20.842083 0.003728
2458725.118755 20.843883 0.003734
2458725.611822 20.833216 0.003697
2458726.104889 20.835314 0.003705
2458726.608482 20.831623 0.003692
2458727.101550 20.838962 0.003717
2458727.594617 20.832748 0.003696
2458728.098210 20.835962 0.003707
2458728.591277 20.837943 0.003714
2458729.084344 20.834957 0.003703
2458729.587938 20.831578 0.003692
2458730.081005 20.842431 0.003729
2458730.574072 20.833260 0.003698
2458731.077666 20.836264 0.003708
2458731.570733 20.836868 0.003710
2458732.063800 20.836689 0.003709
2458732.567394 20.835236 0.003704
2458733.060461 20.843928 0.003734
2458733.553528 20.839433 0.003719
2458734.057121 20.840735 0.003723
2458734.550188 20.837439 0.003712
2458735.043256 20.837651 0.003713
2458735.546849 20.834957 0.003703
2458736.039916 20.831155 0.003690
2458736.532983 20.831634 0.003692
2458737.036577 20.831233 0.003691
2458737.529644 20.840263 0.003721
2458738.022711 20.837528 0.003712
2458738.526305 20.834064 0.003700
2458739.019372 20.836096 0.003707
2458739.512439 20.834588 0.003702
2458740.016032 20.837965 0.003714
2458740.509100 20.834064 0.003700
2458741.002167 20.842510 0.003729
2458741.505760 20.841566 0.003726
2458741.998827 20.831968 0.003693
2458742.491894 20.842308 0.003728
2458742.995488 20.840420 0.003722
2458743.488555 20.833707 0.003699
2458743.981622 20.839198 0.003718
2458744.485216 20.833651 0.003699
2458744.978283 20.830754 0.003689
2458745.471350 20.839265 0.003718
2458745.974944 20.838760 0.003716
2458746.468011 20.841633 0.003726
2458746.961078 20.831433 0.003691
2458747.464671 20.834543 0.003702
2458747.957738 20.833026 0.003697
2458748.450806 20.832413 0.003695
2458748.954399 20.841285 0.003725
2458749.447466 20.832380 0.003695
2458749.940533 20.832848 0.003696
2458750.444127 20.833182 0.003697
2458750.937194 20.836588 0.003709
2458751.430261 20.839893 0.003720
2458751.933855 20.833807 0.003699
2458752.426922 20.838716 0.003716
2458752.919989 20.834823 0.003703
2458753.423582 20.843331 0.003732
2458753.916650 20.831522 0.003692
2458754.409717 20.832291 0.003694
2458754.913310 20.835348 0.003705
2458755.406377 20.839063 0.003717
2458755.899444 20.840027 0.003721
2458756.403038 20.841802 0.003727
2458756.896105 20.841925 0.003727
2458757.389172 20.833450 0.003698
2458757.892766 20.837943 0.003714
2458758.385833 20.843252 0.003732
2458758.878900 20.834220 0.003701
2458759.382494 20.833941 0.003700
2458759.875561 20.833327 0.003698
2458760.368628 20.840544 0.003722
2458760.872221 20.831467 0.003691
2458761.365288 20.838055 0.003714
2458761.858356 20.841869 0.003727
2458762.361949 20.835560 0.003705
2458762.855016 20.836085 0.003707
2458763.348083 20.838962 0.003717
2458763.851677 20.834990 0.003703
2458764.344744 20.834566 0.003702
2458764.837811 20.835102 0.003704
2458765.341405 20.839725 0.003720
2458765.834472 20.838021 0.003714
2458766.327539 20.836790 0.003710
2458766.831132 20.844908 0.003737
2458767.324200 20.838805 0.003716
2458767.817267 20.834856 0.003703
2458768.320860 20.835839 0.003706
2458768.813927 20.837338 0.003711
2458769.306994 20.834901 0.003703
2458769.810588 20.833004 0.003697
2458770.303655 20.836286 0.003708
2458770.796722 20.836577 0.003709
2458771.300316 20.840735 0.003723
2458771.793383 20.838962 0.003717
2458772.286450 20.835504 0.003705
2458772.790044 20.836186 0.003708
2458773.283111 20.829131 0.003684
2458773.776178 20.839646 0.003719
2458774.279771 20.829854 0.003686
2458774.772838 20.840274 0.003722
2458775.265906 20.838245 0.003715
2458775.769499 20.836644 0.003709
2458776.262566 20.838301 0.003715
2458776.755633 20.842038 0.003728
2458777.259227 20.830254 0.003687
2458777.752294 20.831511 0.003692
2458778.245361 20.835996 0.003707
2458778.748955 20.830565 0.003688
2458779.242022 20.835973 0.003707
2458779.735089 20.839153 0.003718
2458780.238682 20.842735 0.003730
2458780.731750 20.837674 0.003713
2458781.224817 20.830788 0.003689
2458781.728410 20.839198 0.003718
2458782.221477 20.844401 0.003736
2458782.714544 20.839130 0.003718
2458783.218138 20.833997 0.003700
2458783.711205 20.832191 0.003694
2459622.427944 20.836723 0.003709
2459622.921011 20.836801 0.003710
2459623.424605 20.838659 0.003716
2459623.917672 20.836689 0.003709
2459624.410739 20.838637 0.003716
2459624.914332 20.839377 0.003718
2459625.407400 20.838290 0.003715
2459625.900467 20.831233 0.003691
2459626.404060 20.837013 0.003710
2459626.897127 20.843466 0.003732
2459627.390194 20.844119 0.003735
2459627.893788 20.835336 0.003705
2459628.386855 20.826425 0.003674
2459628.879922 20.839601 0.003719
2459629.383516 20.838525 0.003716
2459629.876583 20.834387 0.003701
2459630.369650 20.844412 0.003736
2459630.873244 20.834030 0.003700
2459631.366311 20.836756 0.003709
2459631.859378 20.837293 0.003711
2459632.362971 20.833829 0.003699
2459632.856038 20.833840 0.003700
2459633.349106 20.835750 0.003706
2459633.852699 20.838155 0.003714
2459634.345766 20.834030 0.003700
2459634.838833 20.836667 0.003709
2459635.342427 20.831556 0.003692
2459635.835494 20.837719 0.003713
2459636.328561 20.837293 0.003711
2459636.832155 20.843320 0.003732
2459637.325222 20.842701 0.003730
2459637.818289 20.840151 0.003721
2459638.321882 20.836454 0.003708
2459638.814950 20.836778 0.003710
2459639.308017 20.837943 0.003714
2459639.811610 20.837137 0.003711
2459640.304677 20.833004 0.003697
2459640.797744 20.832480 0.003695
2459641.301338 20.835146 0.003704
2459641.794405 20.839254 0.003718
2459642.287472 20.833205 0.003697
2459642.791066 20.839411 0.003719
2459643.284133 20.841577 0.003726
2459643.777200 20.830621 0.003689
2459644.280794 20.839870 0.003720
2459644.773861 20.838167 0.003714
2459645.266928 20.845517 0.003740
2459645.770521 20.835929 0.003707
2459646.263588 20.831166 0.003690
2459646.756656 20.843399 0.003732
2459647.260249 20.841768 0.003727
2459647.753316 20.830076 0.003687
2459648.246383 20.845269 0.003739
2459648.749977 20.834744 0.003703
2459649.243044 20.837439 0.003712
2459649.736111 20.833461 0.003698
2459650.239705 20.837517 0.003712
2459650.732772 20.841420 0.003725
2459651.225839 20.836219 0.003708
2459651.729432 20.832670 0.003696
2459652.222500 20.837696 0.003713
2459652.715567 20.838895 0.003717
2459653.219160 20.843061 0.003731
2459653.712227 20.842027 0.003728
2459654.205294 20.833751 0.003699
2459654.708888 20.839321 0.003718
2459655.201955 20.839265 0.003718
2459655.695022 20.840768 0.003723
2459656.198616 20.832703 0.003696
2459656.691683 20.832614 0.003695
2459657.184750 20.837763 0.003713
2459657.688344 20.834778 0.003703
2459658.181411 20.835057 0.003704
2459658.674478 20.838895 0.003717
2459659.178071 20.839063 0.003717
2459659.671138 20.836208 0.003708
2459660.164206 20.839960 0.003720
2459660.667799 20.830699 0.003689
2459661.160866 20.835370 0.003705
2459661.653933 20.834890 0.003703
2459662.157527 20.830988 0.003690
2459662.650594 20.839265 0.003718
2459663.143661 20.837025 0.003710
2459663.647255 20.832135 0.003694
2459664.140322 20.837887 0.003713
2459664.633389 20.830988 0.003690
2459665.136982 20.838962 0.003717
2459665.630050 20.838592 0.003716
2459666.123117 20.836544 0.003709
2459666.626710 20.837271 0.003711
2459667.119777 20.838716 0.003716
2459667.612844 20.826890 0.003676
2459668.116438 20.845325 0.003739
2459668.609505 20.834008 0.003700
2459669.102572 20.836398 0.003708
2459669.606166 20.836130 0.003707
2459670.099233 20.836790 0.003710
2459670.592300 20.834499 0.003702
2459671.095894 20.837002 0.003710
2459671.588961 20.836767 0.003710
2459672.082028 20.836532 0.003709
2459672.585621 20.833550 0.003699
2459673.078688 20.841689 0.003726
2459673.571756 20.839085 0.003717
2459674.075349 20.841611 0.003726
2459674.568416 20.835370 0.003705
2459675.061483 20.840061 0.003721
2459675.565077 20.838066 0.003714
2459676.058144 20.843286 0.003732
2459676.551211 20.843207 0.003732
2459677.054805 20.844322 0.003735
2459677.547872 20.836197 0.003708
2459678.040939 20.833606 0.003699
2459678.544532 20.841768 0.003727
2459679.037600 20.832681 0.003696
2459679.530667 20.843297 0.003732
2459680.034260 20.838525 0.003716
2459680.527327 20.838559 0.003716
2459681.020394 20.835985 0.003707
2459681.523988 20.836756 0.003709
2459682.017055 20.836108 0.003707
2459682.510122 20.838088 0.003714
2459683.013716 20.832191 0.003694
2459683.506783 20.841892 0.003727
2459683.999850 20.837282 0.003711
2459684.503444 20.840387 0.003722
2459684.996511 20.834711 0.003702
2459685.489578 20.836219 0.003708
2459685.993171 20.845652 0.003740
2459686.486238 20.837987 0.003714
2459686.979306 20.836298 0.003708
2459687.482899 20.837338 0.003711
2459687.975966 20.836890 0.003710
2459688.469033 20.837651 0.003713
2459688.972627 20.834800 0.003703
2459689.465694 20.840634 0.003723
2459689.958761 20.837181 0.003711
2459690.462355 20.834097 0.003700
2459690.955422 20.835437 0.003705
2459691.448489 20.834867 0.003703
2459691.952082 20.839489 0.003719
2459692.445150 20.840948 0.003724
2459692.938217 20.833238 0.003697
2459693.441810 20.837707 0.003713
2459693.934877 20.838772 0.003716
2459807.647256 20.843601 0.003733
2459808.150849 20.835538 0.003705
2459808.643916 20.840645 0.003723
2459809.136983 20.835470 0.003705
2459809.640577 20.839725 0.003720
2459810.133644 20.841453 0.003726
2459810.626711 20.839545 0.003719
2459811.130305 20.832959 0.003697
2459811.623372 20.833707 0.003699
2459812.116439 20.837495 0.003712
2459812.620032 20.839725 0.003720
2459813.113100 20.833651 0.003699
2459813.606167 20.836633 0.003709
2459814.109760 20.835448 0.003705
2459814.602827 20.843039 0.003731
2459815.095894 20.841229 0.003725
2459815.599488 20.835616 0.003706
2459816.092555 20.838010 0.003714
2459816.585622 20.834086 0.003700
2459817.089216 20.841599 0.003726
2459817.582283 20.838301 0.003715
2459818.075350 20.837786 0.003713
2459818.578944 20.840308 0.003722
2459819.072011 20.832235 0.003694
2459819.565078 20.836600 0.003709
2459820.068671 20.835560 0.003705
2459820.561738 20.832547 0.003695
2459821.054806 20.837819 0.003713
2459821.558399 20.837405 0.003712
2459822.051466 20.835638 0.003706
2459822.544533 20.837282 0.003711
2459823.048127 20.839007 0.003717
2459823.541194 20.833194 0.003697
2459824.034261 20.835571 0.003705
2459824.537855 20.841341 0.003725
2459825.030922 20.841262 0.003725
2459825.523989 20.839826 0.003720
2459826.027582 20.833673 0.003699
2459826.520650 20.840970 0.003724
2459827.013717 20.840667 0.003723
2459827.517310 20.841206 0.003725
2459828.010377 20.840858 0.003724
2459828.503444 20.834287 0.003701
2459829.007038 20.837573 0.003712
2459829.500105 20.834276 0.003701
2459829.993172 20.837920 0.003713
2459830.496766 20.836991 0.003710
2459830.989833 20.832926 0.003696
2459831.482900 20.833550 0.003699
2459831.986494 20.838133 0.003714
2459832.479561 20.836342 0.003708
2459832.972628 20.834778 0.003703
2459833.476221 20.840050 0.003721
2459833.969288 20.839859 0.003720
2459834.462356 20.831712 0.003692
2459834.965949 20.833930 0.003700
2459835.459016 20.836689 0.003709
2459835.952083 20.837002 0.003710
2459836.455677 20.843027 0.003731
2459836.948744 20.835828 0.003706
2459837.441811 20.833919 0.003700
2459837.945405 20.838413 0.003715
2459838.438472 20.839893 0.003720
2459838.931539 20.838917 0.003717
2459839.435132 20.829576 0.003685
2459839.928200 20.840330 0.003722
2459840.421267 20.839938 0.003720
2459840.924860 20.836488 0.003709
2459841.417927 20.833472 0.003698
2459841.910994 20.839590 0.003719
2459842.414588 20.840050 0.003721
2459842.907655 20.831522 0.003692
2459843.400722 20.830855 0.003689
2459843.904316 20.837058 0.003710
2459844.397383 20.838928 0.003717
2459844.890450 20.836376 0.003708
2459845.394044 20.837293 0.003711
2459845.887111 20.840443 0.003722
2459846.380178 20.836007 0.003707
2459846.883771 20.839590 0.003719
2459847.376838 20.835359 0.003705
2459847.869906 20.840622 0.003723
2459848.373499 20.846047 0.003741
2459848.866566 20.838447 0.003715
2459849.359633 20.836242 0.003708
2459849.863227 20.833294 0.003698
2459850.356294 20.838189 0.003714
2459850.849361 20.837450 0.003712
2459851.352955 20.839758 0.003720
2459851.846022 20.836286 0.003708
2459852.339089 20.846363 0.003742
2459852.842682 20.839433 0.003719
2459853.335750 20.838884 0.003717
2459853.828817 20.834153 0.003701
2459854.332410 20.837170 0.003711
2459854.825477 20.835493 0.003705
2459855.318544 20.843725 0.003733
2459855.822138 20.833372 0.003698
2459856.315205 20.836331 0.003708
2459856.808272 20.833093 0.003697
2459857.311866 20.841599 0.003726
2459857.804933 20.833963 0.003700
2459858.298000 20.837125 0.003711
2459858.801594 20.841779 0.003727
2459859.294661 20.834510 0.003702
2459859.787728 20.834722 0.003703
2459860.291321 20.838245 0.003715
2459860.784388 20.835895 0.003707
2459861.277456 20.836007 0.003707
2459861.781049 20.832491 0.003695
2459862.274116 20.834175 0.003701
2459862.767183 20.839725 0.003720
2459863.270777 20.835862 0.003706
2459863.763844 20.832246 0.003694
2459864.256911 20.836275 0.003708
2459864.760505 20.839276 0.003718
2459865.253572 20.832291 0.003694
2459865.746639 20.838200 0.003714
2459866.250232 20.836421 0.003708
2459866.743300 20.832982 0.003697
2459867.236367 20.834343 0.003701
2459867.739960 20.837416 0.003712
2459868.233027 20.843241 0.003732
2459868.726094 20.837999 0.003714
2459869.229688 20.834298 0.003701
2459869.722755 20.841892 0.003727
2459870.215822 20.840824 0.003723
2459870.719416 20.839007 0.003717
2459871.212483 20.840431 0.003722
2459871.705550 20.839029 0.003717
2459872.209144 20.840836 0.003723
2459872.702211 20.841251 0.003725
2459873.195278 20.832235 0.003694
2459873.698871 20.840701 0.003723
2459874.191938 20.834700 0.003702
2459874.685006 20.836275 0.003708
2459875.188599 20.833550 0.003699
2459875.681666 20.833762 0.003699
2459876.174733 20.838570 0.003716
2459876.678327 20.838279 0.003715
2459877.171394 20.842465 0.003729
2459877.664461 20.829254 0.003684
2459878.168055 20.838895 0.003717
2459878.661122 20.834510 0.003702
2459879.154189 20.841094 0.003724
2459987.411250 20.835605 0.003706
2459987.904317 20.838088 0.003714
2459988.407910 20.834443 0.003702
2459988.900977 20.836935 0.003710
2459989.394044 20.836409 0.003708
2459989.897638 20.837170 0.003711
2459990.390705 20.842431 0.003729
2459990.883772 20.834722 0.003703
2459991.387366 20.838794 0.003716
2459991.880433 20.841015 0.003724
2459992.373500 20.834209 0.003701
2459992.877094 20.831990 0.003693
2459993.370161 20.834432 0.003702
2459993.863228 20.833327 0.003698
2459994.366821 20.838234 0.003715
2459994.859888 20.832681 0.003696
2459995.352956 20.832547 0.003695
2459995.856549 20.835560 0.003705
2459996.349616 20.839411 0.003719
2459996.842683 20.835493 0.003705
2459997.346277 20.832313 0.003694
2459997.839344 20.837192 0.003711
2459998.332411 20.833829 0.003699
2459998.836005 20.841229 0.003725
2459999.329072 20.835783 0.003706
2459999.822139 20.842724 0.003730
2460000.325732 20.833997 0.003700
2460000.818800 20.839119 0.003718
2460001.311867 20.842982 0.003731
2460001.815460 20.839186 0.003718
2460002.308527 20.839343 0.003718
2460002.801594 20.841611 0.003726
2460003.305188 20.835538 0.003705
2460003.798255 20.837954 0.003714
2460004.291322 20.839680 0.003719
2460004.794916 20.837663 0.003713
2460005.287983 20.835269 0.003704
2460005.781050 20.839444 0.003719
2460006.284644 20.835012 0.003704
2460006.777711 20.833829 0.003699
2460007.270778 20.838805 0.003716
2460007.774371 20.835493 0.003705
2460008.267438 20.842150 0.003728
2460008.760506 20.830977 0.003690
2460009.264099 20.837394 0.003712
2460009.757166 20.834923 0.003703
2460010.250233 20.835370 0.003705
2460010.753827 20.839231 0.003718
2460011.246894 20.836510 0.003709
2460011.739961 20.839332 0.003718
2460012.243555 20.837663 0.003713
2460012.736622 20.838805 0.003716
2460013.229689 20.840757 0.003723
2460013.733282 20.836521 0.003709
2460014.226350 20.834064 0.003700
2460014.719417 20.838704 0.003716
2460015.223010 20.838032 0.003714
2460015.716077 20.842915 0.003731
2460016.209144 20.835884 0.003706
2460016.712738 20.835515 0.003705
2460017.205805 20.839467 0.003719
2460017.698872 20.836320 0.003708
2460018.202466 20.836432 0.003708
2460018.695533 20.832246 0.003694
2460019.188600 20.842420 0.003729
2460019.692194 20.833707 0.003699
2460020.185261 20.840050 0.003721
2460020.678328 20.837025 0.003710
2460021.181921 20.838491 0.003715
2460021.674988 20.836186 0.003708
2460022.168056 20.834945 0.003703
2460022.671649 20.836790 0.003710
2460023.164716 20.837999 0.003714
2460023.657783 20.834744 0.003703
2460024.161377 20.841330 0.003725
2460024.654444 20.833595 0.003699
2460025.147511 20.839848 0.003720
2460025.651105 20.836633 0.003709
2460026.144172 20.834019 0.003700
2460026.637239 20.835381 0.003705
2460027.140832 20.838323 0.003715
2460027.633900 20.838985 0.003717
2460028.126967 20.844671 0.003737
2460028.630560 20.838514 0.003715
2460029.123627 20.838312 0.003715
2460029.616694 20.837741 0.003713
2460030.120288 20.837752 0.003713
2460030.613355 20.834934 0.003703
2460031.106422 20.839579 0.003719
2460031.610016 20.837327 0.003711
2460032.103083 20.835370 0.003705
2460032.596150 20.837215 0.003711
2460033.099744 20.836242 0.003708
2460033.592811 20.838693 0.003716
2460034.085878 20.837081 0.003711
2460034.589471 20.832826 0.003696
2460035.082538 20.835873 0.003706
2460035.575606 20.831400 0.003691
2460036.079199 20.840308 0.003722
2460036.572266 20.833919 0.003700
2460037.065333 20.837752 0.003713
2460037.568927 20.838727 0.003716
2460038.061994 20.839343 0.003718
2460038.555061 20.839489 0.003719
2460039.058655 20.844243 0.003735
2460039.551722 20.830988 0.003690
2460040.044789 20.837036 0.003710
2460040.548382 20.835180 0.003704
2460041.041450 20.829154 0.003684
2460041.534517 20.828321 0.003681
2460042.038110 20.841532 0.003726
2460042.531177 20.838424 0.003715
2460043.024244 20.838458 0.003715
2460043.527838 20.835437 0.003705
2460044.020905 20.837170 0.003711
2460044.513972 20.831778 0.003692
2460045.017566 20.830187 0.003687
2460045.510633 20.839153 0.003718
2460046.003700 20.835582 0.003705
2460046.507294 20.846205 0.003742
2460047.000361 20.834923 0.003703
2460047.493428 20.836141 0.003707
2460047.997021 20.842701 0.003730
2460048.490088 20.839276 0.003718
2460048.983156 20.833350 0.003698
2460049.486749 20.834142 0.003701
2460049.979816 20.837461 0.003712
2460050.472883 20.832335 0.003694
2460050.976477 20.838133 0.003714
2460051.469544 20.837640 0.003712
2460051.962611 20.838357 0.003715
2460052.466205 20.832814 0.003696
2460052.959272 20.842353 0.003729
2460053.452339 20.834711 0.003702
2460053.955932 20.832670 0.003696
2460054.449000 20.830721 0.003689
2460054.942067 20.829754 0.003686
2460055.445660 20.839478 0.003719
2460055.938727 20.840297 0.003722
2460056.431794 20.835660 0.003706
2460056.935388 20.835962 0.003707
2460057.428455 20.834209 0.003701
2460057.921522 20.840072 0.003721
2460058.425116 20.840353 0.003722
2460058.918183 20.835951 0.003707
