2458346.727899 22.951617 0.008657
2458347.220966 22.958625 0.008714
2458347.714033 22.938696 0.008555
2458348.217627 22.957991 0.008708
2458348.710694 22.951560 0.008657
2458349.203761 22.949615 0.008642
2458349.707355 22.958222 0.008710
2458350.200422 22.943118 0.008590
2458350.693489 22.942720 0.008587
2458351.197082 22.956437 0.008696
2458351.690150 22.948986 0.008637
2458352.183217 22.957704 0.008706
2458352.686810 22.930353 0.008490
2458353.179877 22.951617 0.008657
2458353.672944 22.944710 0.008603
2458354.176538 22.951330 0.008655
2458354.669605 22.949557 0.008641
2458355.162672 22.959317 0.008719
2458355.666266 22.954254 0.008679
2458356.159333 22.951445 0.008656
2458356.652400 22.948358 0.008632
2458357.155994 22.947616 0.008626
2458357.649061 22.942664 0.008586
2458358.142128 22.963130 0.008750
2458358.645721 22.959894 0.008724
2458359.138788 22.951731 0.008658
2458359.631856 22.949786 0.008643
2458360.135449 22.957588 0.008705
2458360.628516 22.957070 0.008701
2458361.121583 22.958222 0.008710
2458361.625177 22.960009 0.008725
2458362.118244 22.945336 0.008608
2458362.611311 22.972896 0.008829
2458363.114905 22.934122 0.008519
2458363.607972 22.939601 0.008562
2458364.101039 22.963593 0.008754
2458364.604632 22.948986 0.008637
2458365.097700 22.958107 0.008709
2458365.590767 22.940848 0.008572
2458366.094360 22.952992 0.008668
2458366.587427 22.959029 0.008717
2458367.080494 22.962956 0.008748
2458367.584088 22.944483 0.008601
2458368.077155 22.944938 0.008604
2458368.570222 22.964404 0.008760
2458369.073816 22.945109 0.008606
2458369.566883 22.946475 0.008617
2458370.059950 22.950701 0.008650
2458370.563544 22.946988 0.008621
2458371.056611 22.949958 0.008644
2458371.549678 22.950015 0.008645
2458372.053271 22.950129 0.008646
2458372.546338 22.956035 0.008693
2458373.039406 22.944539 0.008601
2458373.542999 22.959605 0.008721
2458374.036066 22.941585 0.008578
2458374.529133 22.954484 0.008680
2458375.032727 22.942550 0.008586
2458375.525794 22.954943 0.008684
2458376.018861 22.946191 0.008614
2458376.522455 22.948301 0.008631
2458377.015522 22.951273 0.008655
2458377.508589 22.950987 0.008652
2458378.012182 22.953393 0.008672
2458378.505250 22.950644 0.008650
2458378.998317 22.953738 0.008674
2458379.501910 22.943345 0.008592
2458379.994977 22.957128 0.008702
2458380.488044 22.957358 0.008703
2458380.991638 22.944995 0.008605
2458381.484705 22.955575 0.008689
2458381.977772 22.957185 0.008702
2458382.481366 22.963825 0.008755
2458382.974433 22.950701 0.008650
2458383.467500 22.954484 0.008680
2458383.971094 22.965563 0.008769
2458384.464161 22.950587 0.008649
2458384.957228 22.940678 0.008571
2458385.460821 22.956495 0.008696
2458385.953888 22.949615 0.008642
2458386.446956 22.948244 0.008631
2458386.950549 22.954713 0.008682
2458387.443616 22.959317 0.008719
2458387.936683 22.938922 0.008557
2458388.440277 22.947559 0.008625
2458388.933344 22.950186 0.008646
2458389.426411 22.961222 0.008734
2458389.930005 22.952992 0.008668
2458390.423072 22.950815 0.008651
2458390.916139 22.953738 0.008674
2458391.419732 22.955460 0.008688
2458391.912800 22.944369 0.008600
2458392.405867 22.951960 0.008660
2458392.909460 22.946817 0.008619
2458393.402527 22.950186 0.008646
2458393.895594 22.960760 0.008731
2458394.399188 22.957646 0.008706
2458394.892255 22.951216 0.008654
2458395.385322 22.948415 0.008632
2458395.888916 22.956322 0.008695
2458396.381983 22.962204 0.008742
2458396.875050 22.936378 0.008537
2458397.378644 22.948986 0.008637
2458397.871711 22.949786 0.008643
2458398.364778 22.953680 0.008674
2458398.868371 22.944539 0.008601
2458399.361438 22.941755 0.008579
2458399.854506 22.944028 0.008597
2458400.358099 22.951617 0.008657
2458400.851166 22.941472 0.008577
2458401.344233 22.952132 0.008662
2458401.847827 22.959490 0.008721
2458402.340894 22.940508 0.008569
2458402.833961 22.941585 0.008578
2458403.337555 22.954484 0.008680
2458403.830622 22.952190 0.008662
2458404.323689 22.949386 0.008640
2458404.827282 22.956955 0.008700
2458405.320350 22.951330 0.008655
2458405.813417 22.965157 0.008766
2458406.317010 22.958913 0.008716
2458406.810077 22.946304 0.008615
2458407.303144 22.950644 0.008650
2458407.806738 22.954254 0.008679
2458408.299805 22.944483 0.008601
2458408.792872 22.950758 0.008651
2458409.296466 22.961453 0.008736
2458409.789533 22.968409 0.008792
2458410.282600 22.952018 0.008661
2458410.786194 22.951273 0.008655
2458411.279261 22.957301 0.008703
2458411.772328 22.952820 0.008667
2458412.275921 22.928054 0.008472
2458412.768988 22.942209 0.008583
2458413.262056 22.942550 0.008586
2458413.765649 22.953107 0.008669
2458414.258716 22.955000 0.008685
2458414.751783 22.949443 0.008640
2458415.255377 22.963593 0.008754
2458415.748444 22.962147 0.008742
2458416.241511 22.956322 0.008695
2458416.745105 22.954656 0.008682
2458417.238172 22.968002 0.008789
2458417.731239 22.955977 0.008692
2458418.234832 22.969049 0.008798
2458526.481367 22.949729 0.008642
2458526.984960 22.963304 0.008751
2458527.478027 22.949615 0.008642
2458527.971094 22.953852 0.008675
2458528.474688 22.951960 0.008660
2458528.967755 22.953508 0.008673
2458529.460822 22.961511 0.008737
2458529.964416 22.965215 0.008767
2458530.457483 22.947217 0.008622
2458530.950550 22.949043 0.008637
2458531.454144 22.945963 0.008613
2458531.947211 22.951846 0.008659
2458532.440278 22.958856 0.008715
2458532.943871 22.960413 0.008728
2458533.436938 22.955862 0.008691
2458533.930006 22.948129 0.008630
2458534.433599 22.961857 0.008740
2458534.926666 22.949672 0.008642
2458535.419733 22.955173 0.008686
2458535.923327 22.950415 0.008648
2458536.416394 22.953164 0.008670
2458536.909461 22.956725 0.008698
2458537.413055 22.947388 0.008624
2458537.906122 22.949157 0.008638
2458538.399189 22.960991 0.008733
2458538.902782 22.970796 0.008812
2458539.395850 22.948643 0.008634
2458539.888917 22.953680 0.008674
2458540.392510 22.938979 0.008557
2458540.885577 22.945849 0.008612
2458541.378644 22.939884 0.008564
2458541.882238 22.952877 0.008668
2458542.375305 22.949900 0.008644
2458542.868372 22.950644 0.008650
2458543.371966 22.941302 0.008576
2458543.865033 22.948643 0.008634
2458544.358100 22.965621 0.008770
2458544.861694 22.944255 0.008599
2458545.354761 22.943402 0.008592
2458545.847828 22.944255 0.008599
2458546.351421 22.952877 0.008668
2458546.844488 22.954598 0.008681
2458547.337556 22.923022 0.008432
2458547.841149 22.957013 0.008701
2458548.334216 22.962089 0.008741
2458548.827283 22.970213 0.008807
2458549.330877 22.947274 0.008623
2458549.823944 22.952018 0.008661
2458550.317011 22.959663 0.008722
2458550.820605 22.942948 0.008589
2458551.313672 22.960471 0.008728
2458551.806739 22.951674 0.008658
2458552.310332 22.954828 0.008683
2458552.803400 22.948301 0.008631
2458553.296467 22.948872 0.008636
2458553.800060 22.949843 0.008643
2458554.293127 22.950301 0.008647
2458554.786194 22.959721 0.008722
2458555.289788 22.961973 0.008740
2458555.782855 22.945621 0.008610
2458556.275922 22.950815 0.008651
2458556.779516 22.947217 0.008622
2458557.272583 22.951330 0.008655
2458557.765650 22.942323 0.008584
2458558.269244 22.949272 0.008639
2458558.762311 22.939828 0.008564
2458559.255378 22.954426 0.008680
2458559.758971 22.952763 0.008667
2458560.252038 22.939431 0.008561
2458560.745106 22.948643 0.008634
2458561.248699 22.956783 0.008699
2458561.741766 22.958625 0.008714
2458562.234833 22.953107 0.008669
2458562.738427 22.953049 0.008669
2458563.231494 22.958510 0.008713
2458563.724561 22.946532 0.008617
2458564.228155 22.930016 0.008487
2458564.721222 22.934855 0.008525
2458565.214289 22.947559 0.008625
2458565.717882 22.957013 0.008701
2458566.210950 22.946304 0.008615
2458566.704017 22.952304 0.008663
2458567.207610 22.960125 0.008726
2458567.700677 22.942891 0.008588
2458568.193744 22.950129 0.008646
2458568.697338 22.956380 0.008696
2458569.190405 22.948472 0.008632
2458569.683472 22.939318 0.008560
2458570.187066 22.942323 0.008584
2458570.680133 22.954369 0.008679
2458571.173200 22.959548 0.008721
2458571.676794 22.941075 0.008574
2458572.169861 22.954943 0.008684
2458572.662928 22.950758 0.008651
2458573.166521 22.965795 0.008771
2458573.659588 22.961511 0.008737
2458574.152656 22.947103 0.008622
2458574.656249 22.946931 0.008620
2458575.149316 22.956898 0.008700
2458575.642383 22.949900 0.008644
2458576.145977 22.946247 0.008615
2458576.639044 22.937508 0.008546
2458577.132111 22.946817 0.008619
2458577.635705 22.955920 0.008692
2458578.128772 22.945165 0.008606
2458578.621839 22.948986 0.008637
2458579.125432 22.951789 0.008659
2458579.618500 22.952763 0.008667
2458580.111567 22.932602 0.008507
2458580.615160 22.948244 0.008631
2458581.108227 22.934009 0.008518
2458581.601294 22.949272 0.008639
2458582.104888 22.934178 0.008520
2458582.597955 22.955805 0.008691
2458583.091022 22.949157 0.008638
2458583.594616 22.955747 0.008690
2458584.087683 22.959086 0.008717
2458584.580750 22.957070 0.008701
2458585.084344 22.962898 0.008748
2458585.577411 22.941245 0.008575
2458586.070478 22.949958 0.008644
2458586.574071 22.948129 0.008630
2458587.067138 22.952018 0.008661
2458587.560206 22.959894 0.008724
2458588.063799 22.961568 0.008737
2458588.556866 22.929960 0.008487
2458589.049933 22.937225 0.008543
2458589.553527 22.954024 0.008677
2458590.046594 22.944084 0.008598
2458590.539661 22.951330 0.008655
2458591.043255 22.963709 0.008754
2458591.536322 22.958452 0.008712
2458592.029389 22.955977 0.008692
2458592.532982 22.947274 0.008623
2458593.026050 22.952763 0.008667
2458593.519117 22.947274 0.008623
2458594.022710 22.955460 0.008688
2458594.515777 22.957013 0.008701
2458595.008844 22.955460 0.008688
2458595.512438 22.945507 0.008609
2458596.005505 22.957185 0.008702
2458596.498572 22.958798 0.008715
2458597.002166 22.952648 0.008666
2458597.495233 22.957358 0.008703
2458597.988300 22.958856 0.008715
2458712.204272 22.955805 0.008691
2458712.697339 22.938696 0.008555
2458713.200932 22.966260 0.008775
2458713.694000 22.948700 0.008634
2458714.187067 22.947616 0.008626
2458714.690660 22.960240 0.008727
2458715.183727 22.963825 0.008755
2458715.676794 22.945849 0.008612
2458716.180388 22.953393 0.008672
2458716.673455 22.952361 0.008663
2458717.166522 22.937451 0.008545
2458717.670116 22.944995 0.008605
2458718.163183 22.942266 0.008583
2458718.656250 22.947616 0.008626
2458719.159844 22.963419 0.008752
2458719.652911 22.957128 0.008702
2458720.145978 22.957358 0.008703
2458720.649571 22.949672 0.008642
2458721.142638 22.955690 0.008690
2458721.635706 22.935080 0.008527
2458722.139299 22.950644 0.008650
2458722.632366 22.950644 0.008650
2458723.125433 22.953795 0.008675
2458723.629027 22.935588 0.008531
2458724.122094 22.945052 0.008605
2458724.615161 22.940054 0.008566
2458725.118755 22.951617 0.008657
2458725.611822 22.962147 0.008742
2458726.104889 22.957704 0.008706
2458726.608482 22.949843 0.008643
2458727.101550 22.948358 0.008632
2458727.594617 22.958164 0.008710
2458728.098210 22.956898 0.008700
2458728.591277 22.943743 0.008595
2458729.084344 22.948472 0.008632
2458729.587938 22.957761 0.008707
2458730.081005 22.946475 0.008617
2458730.574072 22.959317 0.008719
2458731.077666 22.934178 0.008520
2458731.570733 22.934066 0.008519
2458732.063800 22.938526 0.008554
2458732.567394 22.944028 0.008597
2458733.060461 22.940111 0.008566
2458733.553528 22.953852 0.008675
2458734.057121 22.949272 0.008639
2458734.550188 22.939941 0.008565
2458735.043256 22.950644 0.008650
2458735.546849 22.935983 0.008534
2458736.039916 22.948472 0.008632
2458736.532983 22.943516 0.008593
2458737.036577 22.949214 0.008638
2458737.529644 22.946760 0.008619
2458738.022711 22.958164 0.008710
2458738.526305 22.947445 0.008624
2458739.019372 22.943175 0.008590
2458739.512439 22.964925 0.008764
2458740.016032 22.947160 0.008622
2458740.509100 22.956322 0.008695
2458741.002167 22.967072 0.008782
2458741.505760 22.946418 0.008616
2458741.998827 22.954771 0.008683
2458742.491894 22.968293 0.008791
2458742.995488 22.946988 0.008621
2458743.488555 22.928614 0.008476
2458743.981622 22.954426 0.008680
2458744.485216 22.953508 0.008673
2458744.978283 22.949214 0.008638
2458745.471350 22.956265 0.008695
2458745.974944 22.951330 0.008655
2458746.468011 22.952648 0.008666
2458746.961078 22.949900 0.008644
2458747.464671 22.946874 0.008620
2458747.957738 22.965447 0.008768
2458748.450806 22.958971 0.008716
2458748.954399 22.964230 0.008759
2458749.447466 22.945678 0.008610
2458749.940533 22.954943 0.008684
2458750.444127 22.947673 0.008626
2458750.937194 22.936660 0.008539
2458751.430261 22.941188 0.008575
2458751.933855 22.954943 0.008684
2458752.426922 22.949729 0.008642
2458752.919989 22.943686 0.008594
2458753.423582 22.952075 0.008661
2458753.916650 22.976171 0.008856
2458754.409717 22.939488 0.008561
2458754.913310 22.946817 0.008619
2458755.406377 22.947730 0.008627
2458755.899444 22.946703 0.008618
2458756.403038 22.962320 0.008743
2458756.896105 22.943630 0.008594
2458757.389172 22.948187 0.008630
2458757.892766 22.947217 0.008622
2458758.385833 22.939431 0.008561
2458758.878900 22.952075 0.008661
2458759.382494 22.952992 0.008668
2458759.875561 22.948757 0.008635
2458760.368628 22.945336 0.008608
2458760.872221 22.950129 0.008646
2458761.365288 22.942096 0.008582
2458761.858356 22.945735 0.008611
2458762.361949 22.958741 0.008714
2458762.855016 22.947559 0.008625
2458763.348083 22.939884 0.008564
2458763.851677 22.966608 0.008778
2458764.344744 22.937564 0.008546
2458764.837811 22.961106 0.008734
2458765.341405 22.948529 0.008633
2458765.834472 22.955115 0.008685
2458766.327539 22.945279 0.008607
2458766.831132 22.950358 0.008647
2458767.324200 22.944198 0.008599
2458767.817267 22.954598 0.008681
2458768.320860 22.952018 0.008661
2458768.813927 22.948187 0.008630
2458769.306994 22.945165 0.008606
2458769.810588 22.945849 0.008612
2458770.303655 22.947616 0.008626
2458770.796722 22.959317 0.008719
2458771.300316 22.938809 0.008556
2458771.793383 22.959663 0.008722
2458772.286450 22.937451 0.008545
2458772.790044 22.945735 0.008611
2458773.283111 22.939035 0.008558
2458773.776178 22.954426 0.008680
2458774.279771 22.935362 0.008529
2458774.772838 22.964925 0.008764
2458775.265906 22.945621 0.008610
2458775.769499 22.945450 0.008608
2458776.262566 22.954598 0.008681
2458776.755633 22.942153 0.008582
2458777.259227 22.957588 0.008705
2458777.752294 22.955173 0.008686
2458778.245361 22.952190 0.008662
2458778.748955 22.955173 0.008686
2458779.242022 22.952247 0.008663
2458779.735089 22.955575 0.008689
2458780.238682 22.954484 0.008680
2458780.731750 22.949214 0.008638
2458781.224817 22.936152 0.008535
2458781.728410 22.953967 0.008676
2458782.221477 22.952419 0.008664
2458782.714544 22.960702 0.008730
2458783.218138 22.938865 0.008556
2458783.711205 22.946475 0.008617
2459622.427944 22.949043 0.008640
2459622.921011 22.941755 0.008582
2459623.424605 22.943743 0.008598
2459623.917672 22.969922 0.008808
2459624.410739 22.935532 0.008533
2459624.914332 22.953967 0.008679
2459625.407400 22.949958 0.008647
2459625.900467 22.948757 0.008638
2459626.404060 22.959952 0.008727
2459626.897127 22.951388 0.008659
2459627.390194 22.955747 0.008694
2459627.893788 22.953049 0.008672
2459628.386855 22.957991 0.008712
2459628.879922 22.951960 0.008663
2459629.383516 22.945735 0.008614
2459629.876583 22.951789 0.008662
2459630.369650 22.952132 0.008665
2459630.873244 22.947730 0.008630
2459631.366311 22.933559 0.008518
2459631.859378 22.926206 0.008461
2459632.362971 22.940621 0.008574
2459632.856038 22.939658 0.008566
2459633.349106 22.951617 0.008661
2459633.852699 22.949329 0.008643
2459634.345766 22.949214 0.008642
2459634.838833 22.959779 0.008726
2459635.342427 22.962031 0.008745
2459635.835494 22.949272 0.008642
2459636.328561 22.937508 0.008549
2459636.832155 22.945963 0.008616
2459637.325222 22.929006 0.008483
2459637.818289 22.943630 0.008598
2459638.321882 22.950758 0.008655
2459638.814950 22.946247 0.008619
2459639.308017 22.943630 0.008598
2459639.811610 22.948187 0.008634
2459640.304677 22.966608 0.008782
2459640.797744 22.963130 0.008754
2459641.301338 22.947160 0.008626
2459641.794405 22.948187 0.008634
2459642.287472 22.936548 0.008542
2459642.791066 22.957128 0.008706
2459643.284133 22.935644 0.008535
2459643.777200 22.966782 0.008784
2459644.280794 22.963709 0.008759
2459644.773861 22.936830 0.008545
2459645.266928 22.953623 0.008678
2459645.770521 22.942266 0.008588
2459646.263588 22.954713 0.008687
2459646.756656 22.950701 0.008655
2459647.260249 22.955058 0.008690
2459647.753316 22.947217 0.008627
2459648.246383 22.942437 0.008589
2459648.749977 22.962031 0.008746
2459649.243044 22.952247 0.008668
2459649.736111 22.948529 0.008638
2459650.239705 22.953967 0.008681
2459650.732772 22.938356 0.008557
2459651.225839 22.934291 0.008526
2459651.729432 22.951560 0.008662
2459652.222500 22.960644 0.008735
2459652.715567 22.959663 0.008727
2459653.219160 22.964983 0.008770
2459653.712227 22.949615 0.008647
2459654.205294 22.964520 0.008767
2459654.708888 22.927829 0.008475
2459655.201955 22.955690 0.008696
2459655.695022 22.947045 0.008627
2459656.198616 22.946304 0.008621
2459656.691683 22.956898 0.008706
2459657.184750 22.954426 0.008686
2459657.688344 22.942380 0.008590
2459658.181411 22.947331 0.008630
2459658.674478 22.956898 0.008706
2459659.178071 22.948415 0.008638
2459659.671138 22.962841 0.008754
2459660.164206 22.951731 0.008665
2459660.667799 22.954426 0.008687
2459661.160866 22.947787 0.008634
2459661.653933 22.955058 0.008692
2459662.157527 22.941585 0.008585
2459662.650594 22.935362 0.008536
2459663.143661 22.937621 0.008554
2459663.647255 22.931252 0.008504
2459664.140322 22.936660 0.008546
2459664.633389 22.946361 0.008623
2459665.136982 22.960240 0.008734
2459665.630050 22.956840 0.008707
2459666.123117 22.950015 0.008652
2459666.626710 22.950701 0.008658
2459667.119777 22.944369 0.008608
2459667.612844 22.943061 0.008597
2459668.116438 22.935588 0.008538
2459668.609505 22.955230 0.008694
2459669.102572 22.952533 0.008673
2459669.606166 22.958856 0.008724
2459670.099233 22.945336 0.008616
2459670.592300 22.947388 0.008632
2459671.095894 22.948700 0.008643
2459671.588961 22.948586 0.008642
2459672.082028 22.947274 0.008632
2459672.585621 22.950815 0.008660
2459673.078688 22.952075 0.008670
2459673.571756 22.935588 0.008540
2459674.075349 22.945963 0.008622
2459674.568416 22.943743 0.008604
2459675.061483 22.945621 0.008619
2459675.565077 22.940848 0.008582
2459676.058144 22.952419 0.008674
2459676.551211 22.939715 0.008573
2459677.054805 22.944653 0.008612
2459677.547872 22.953279 0.008681
2459678.040939 22.941642 0.008589
2459678.544532 22.945792 0.008622
2459679.037600 22.946874 0.008630
2459679.530667 22.951159 0.008665
2459680.034260 22.955403 0.008699
2459680.527327 22.958395 0.008723
2459681.020394 22.950529 0.008660
2459681.523988 22.939715 0.008574
2459682.017055 22.951159 0.008665
2459682.510122 22.951846 0.008671
2459683.013716 22.945336 0.008619
2459683.506783 22.946817 0.008631
2459683.999850 22.965969 0.008785
2459684.503444 22.955173 0.008698
2459684.996511 22.968642 0.008807
2459685.489578 22.955230 0.008699
2459685.993171 22.944938 0.008617
2459686.486238 22.940848 0.008585
2459686.979306 22.941075 0.008587
2459687.482899 22.960644 0.008743
2459687.975966 22.947274 0.008637
2459688.469033 22.946874 0.008634
2459688.972627 22.928670 0.008490
2459689.465694 22.944767 0.008617
2459689.958761 22.940224 0.008582
2459690.462355 22.953852 0.008690
2459690.955422 22.938073 0.008565
2459691.448489 22.954771 0.008698
2459691.952082 22.957704 0.008722
2459692.445150 22.943345 0.008607
2459692.938217 22.952190 0.008678
2459693.441810 22.948700 0.008650
2459693.934877 22.943573 0.008610
2459807.647256 22.431470 0.006671
2459808.150849 22.420671 0.006622
2459808.643916 22.401873 0.006522
2459809.136983 22.407027 0.006567
2459809.640577 22.402667 0.006553
2459810.133644 22.400114 0.006548
2459810.626711 22.383870 0.006460
2459811.130305 22.404880 0.006594
2459811.623372 22.378858 0.006444
2459812.116439 22.397774 0.006563
2459812.620032 22.378621 0.006452
2459813.113100 22.386385 0.006501
2459813.606167 22.385807 0.006499
2459814.109760 22.379703 0.006464
2459814.602827 22.378554 0.006459
2459815.095894 22.390885 0.006535
2459815.599488 22.383090 0.006491
2459816.092555 22.372155 0.006431
2459816.585622 22.375114 0.006457
2459817.089216 22.377440 0.006482
2459817.582283 22.366428 0.006431
2459818.075350 22.369103 0.006464
2459818.578944 22.361396 0.006434
2459819.072011 22.339768 0.006317
2459819.565078 22.355626 0.006410
2459820.068671 22.361728 0.006433
2459820.561738 22.367932 0.006442
2459821.054806 22.369170 0.006412
2459821.558399 22.401425 0.006560
2459822.051466 22.426763 0.006667
2459822.544533 22.433458 0.006663
2459823.048127 22.441839 0.006670
2459823.541194 22.476621 0.006845
2459824.034261 22.478656 0.006820
2459824.537855 22.489601 0.006852
2459825.030922 22.492749 0.006838
2459825.523989 22.506570 0.006894
2459826.027582 22.514811 0.006915
2459826.520650 22.519185 0.006913
2459827.013717 22.542857 0.007037
2459827.517310 22.547228 0.007036
2459828.010377 22.555903 0.007065
2459828.503444 22.565290 0.007099
2459829.007038 22.584760 0.007200
2459829.500105 22.583943 0.007168
2459829.993172 22.602591 0.007266
2459830.496766 22.614615 0.007321
2459830.989833 22.612643 0.007282
2459831.482900 22.617642 0.007291
2459831.986494 22.640745 0.007423
2459832.479561 22.639714 0.007391
2459832.972628 22.642768 0.007389
2459833.476221 22.643889 0.007372
2459833.969288 22.667344 0.007510
2459834.462356 22.662902 0.007457
2459834.965949 22.679933 0.007552
2459835.459016 22.673044 0.007483
2459835.952083 22.688977 0.007572
2459836.455677 22.694385 0.007588
2459836.948744 22.698868 0.007599
2459837.441811 22.711968 0.007671
2459837.945405 22.709124 0.007630
2459838.438472 22.717815 0.007672
2459838.931539 22.732971 0.007761
2459839.435132 22.738274 0.007780
2459839.928200 22.739593 0.007771
2459840.421267 22.724623 0.007647
2459840.924860 22.736817 0.007716
2459841.417927 22.754389 0.007825
2459841.910994 22.767311 0.007902
2459842.414588 22.766876 0.007882
2459842.907655 22.750528 0.007749
2459843.400722 22.774048 0.007903
2459843.904316 22.769826 0.007857
2459844.397383 22.783326 0.007941
2459844.890450 22.786321 0.007948
2459845.394044 22.792881 0.007982
2459845.887111 22.801175 0.008030
2459846.380178 22.802023 0.008022
2459846.883771 22.808227 0.008055
2459847.376838 22.792733 0.007929
2459847.869906 22.820083 0.008118
2459848.373499 22.818360 0.008093
2459848.866566 22.811343 0.008029
2459849.359633 22.811745 0.008021
2459849.863227 22.819779 0.008069
2459850.356294 22.827668 0.008117
2459850.849361 22.831763 0.008138
2459851.352955 22.842688 0.008209
2459851.846022 22.835873 0.008148
2459852.339089 22.828895 0.008086
2459852.842682 22.853306 0.008260
2459853.335750 22.832378 0.008094
2459853.828817 22.849442 0.008213
2459854.332410 22.859075 0.008277
2459854.825477 22.865668 0.008319
2459855.318544 22.864188 0.008299
2459855.822138 22.853777 0.008212
2459856.315205 22.851895 0.008190
2459856.808272 22.866620 0.008294
2459857.311866 22.866197 0.008283
2459857.804933 22.862709 0.008250
2459858.298000 22.878921 0.008367
2459858.801594 22.861128 0.008224
2459859.294661 22.881924 0.008376
2459859.787728 22.887740 0.008414
2459860.291321 22.873100 0.008295
2459860.784388 22.873739 0.008294
2459861.277456 22.891201 0.008423
2459861.781049 22.880207 0.008332
2459862.274116 22.897447 0.008459
2459862.767183 22.896249 0.008445
2459863.270777 22.884397 0.008347
2459863.763844 22.886391 0.008358
2459864.256911 22.874859 0.008264
2459864.760505 22.888874 0.008367
2459865.253572 22.890172 0.008372
2459865.746639 22.901650 0.008456
2459866.250232 22.904826 0.008476
2459866.743300 22.901650 0.008447
2459867.236367 22.909553 0.008504
2459867.739960 22.895977 0.008395
2459868.233027 22.890172 0.008346
2459868.726094 22.898592 0.008407
2459869.229688 22.908397 0.008479
2459869.722755 22.906473 0.008460
2459870.215822 22.920404 0.008566
2459870.719416 22.910325 0.008483
2459871.212483 22.908397 0.008464
2459871.705550 22.917681 0.008534
2459872.209144 22.894727 0.008352
2459872.702211 22.911593 0.008479
2459873.195278 22.933446 0.008649
2459873.698871 22.909003 0.008453
2459874.191938 22.928726 0.008605
2459874.685006 22.914799 0.008492
2459875.188599 22.912643 0.008473
2459875.681666 22.915464 0.008492
2459876.174733 22.934911 0.008643
2459876.678327 22.909058 0.008437
2459877.171394 22.903346 0.008390
2459877.664461 22.925759 0.008562
2459878.168055 22.913250 0.008462
2459878.661122 22.918736 0.008502
2459879.154189 22.931196 0.008598
2459987.411250 22.960529 0.008732
2459987.904317 22.955230 0.008690
2459988.407910 22.954139 0.008681
2459988.900977 22.934911 0.008529
2459989.394044 22.948929 0.008639
2459989.897638 22.949557 0.008644
2459990.390705 22.945507 0.008612
2459990.883772 22.939318 0.008563
2459991.387366 22.961453 0.008739
2459991.880433 22.955575 0.008692
2459992.373500 22.969107 0.008801
2459992.877094 22.962956 0.008751
2459993.370161 22.941982 0.008584
2459993.863228 22.938752 0.008558
2459994.366821 22.940905 0.008575
2459994.859888 22.948872 0.008638
2459995.352956 22.951445 0.008659
2459995.856549 22.943857 0.008599
2459996.349616 22.947616 0.008628
2459996.842683 22.943005 0.008592
2459997.346277 22.950072 0.008648
2459997.839344 22.947958 0.008631
2459998.332411 22.941585 0.008581
2459998.836005 22.947103 0.008624
2459999.329072 22.956783 0.008701
2459999.822139 22.957531 0.008707
2460000.325732 22.948244 0.008633
2460000.818800 22.943061 0.008592
2460001.311867 22.950301 0.008650
2460001.815460 22.959548 0.008723
2460002.308527 22.959086 0.008720
2460002.801594 22.961280 0.008737
2460003.305188 22.948929 0.008638
2460003.798255 22.952877 0.008670
2460004.291322 22.948187 0.008633
2460004.794916 22.940508 0.008572
2460005.287983 22.940168 0.008569
2460005.781050 22.956437 0.008698
2460006.284644 22.944824 0.008606
2460006.777711 22.961742 0.008741
2460007.270778 22.949615 0.008644
2460007.774371 22.939148 0.008561
2460008.267438 22.937112 0.008545
2460008.760506 22.946191 0.008616
2460009.264099 22.952533 0.008667
2460009.757166 22.949443 0.008642
2460010.250233 22.961973 0.008743
2460010.753827 22.952591 0.008667
2460011.246894 22.950129 0.008648
2460011.739961 22.941415 0.008579
2460012.243555 22.940111 0.008568
2460012.736622 22.959605 0.008723
2460013.229689 22.941755 0.008581
2460013.733282 22.954598 0.008683
2460014.226350 22.950472 0.008650
2460014.719417 22.948929 0.008638
2460015.223010 22.945279 0.008609
2460015.716077 22.948129 0.008632
2460016.209144 22.953221 0.008672
2460016.712738 22.951789 0.008661
2460017.205805 22.946077 0.008615
2460017.698872 22.951674 0.008660
2460018.202466 22.951903 0.008662
2460018.695533 22.931421 0.008500
2460019.188600 22.960933 0.008734
2460019.692194 22.951330 0.008657
2460020.185261 22.928278 0.008475
2460020.678328 22.946817 0.008621
2460021.181921 22.936830 0.008542
2460021.674988 22.954139 0.008679
2460022.168056 22.953910 0.008677
2460022.671649 22.935814 0.008534
2460023.164716 22.944084 0.008599
2460023.657783 22.937791 0.008550
2460024.161377 22.953336 0.008673
2460024.654444 22.955575 0.008691
2460025.147511 22.948700 0.008636
2460025.651105 22.953451 0.008674
2460026.144172 22.953967 0.008678
2460026.637239 22.952419 0.008665
2460027.140832 22.948015 0.008630
2460027.633900 22.953279 0.008672
2460028.126967 22.963246 0.008752
2460028.630560 22.955173 0.008687
2460029.123627 22.940451 0.008570
2460029.616694 22.944483 0.008602
2460030.120288 22.960875 0.008733
2460030.613355 22.952877 0.008669
2460031.106422 22.942266 0.008585
2460031.610016 22.940678 0.008572
2460032.103083 22.948129 0.008631
2460032.596150 22.968991 0.008799
2460033.099744 22.937451 0.008547
2460033.592811 22.954139 0.008679
2460034.085878 22.952648 0.008667
2460034.589471 22.953049 0.008670
2460035.082538 22.931589 0.008501
2460035.575606 22.953164 0.008671
2460036.079199 22.954311 0.008680
2460036.572266 22.952132 0.008663
2460037.065333 22.952820 0.008668
2460037.568927 22.956783 0.008700
2460038.061994 22.946988 0.008622
2460038.555061 22.974942 0.008847
2460039.058655 22.955575 0.008690
2460039.551722 22.951731 0.008660
2460040.044789 22.948986 0.008638
2460040.548382 22.968118 0.008791
2460041.041450 22.952132 0.008663
2460041.534517 22.951388 0.008657
2460042.038110 22.942266 0.008584
2460042.531177 22.964520 0.008762
2460043.024244 22.951216 0.008655
2460043.527838 22.942550 0.008587
2460044.020905 22.966956 0.008782
2460044.513972 22.950472 0.008650
2460045.017566 22.935757 0.008533
2460045.510633 22.947901 0.008629
2460046.003700 22.946703 0.008620
2460046.507294 22.952476 0.008665
2460047.000361 22.944483 0.008602
2460047.493428 22.937112 0.008544
2460047.997021 22.954082 0.008678
2460048.490088 22.952304 0.008664
2460048.983156 22.948986 0.008638
2460049.486749 22.946817 0.008620
2460049.979816 22.954484 0.008681
2460050.472883 22.958337 0.008712
2460050.976477 22.952247 0.008664
2460051.469544 22.964636 0.008763
2460051.962611 22.947787 0.008628
2460052.466205 22.954369 0.008680
2460052.959272 22.948129 0.008631
2460053.452339 22.954311 0.008680
2460053.955932 22.940111 0.008567
2460054.449000 22.946361 0.008617
2460054.942067 22.956437 0.008697
2460055.445660 22.958568 0.008714
2460055.938727 22.948301 0.008632
2460056.431794 22.938186 0.008552
2460056.935388 22.956955 0.008701
2460057.428455 22.943232 0.008592
2460057.921522 22.937282 0.008545
2460058.425116 22.952075 0.008662
2460058.918183 22.968118 0.008791
