2458346.727899 23.696590 0.016627
2458347.220966 23.708628 0.016812
2458347.714033 23.710479 0.016841
2458348.217627 23.706780 0.016783
2458348.710694 23.730021 0.017147
2458349.203761 23.727965 0.017114
2458349.707355 23.721311 0.017010
2458350.200422 23.706780 0.016783
2458350.693489 23.718932 0.016972
2458351.197082 23.710984 0.016849
2458351.690150 23.693104 0.016573
2458352.183217 23.745912 0.017399
2458352.686810 23.726939 0.017098
2458353.179877 23.701590 0.016703
2458353.672944 23.703931 0.016740
2458354.176538 23.751144 0.017483
2458354.669605 23.738974 0.017289
2458355.162672 23.712839 0.016877
2458355.666266 23.736039 0.017242
2458356.159333 23.725742 0.017079
2458356.652400 23.741051 0.017322
2458357.155994 23.724718 0.017063
2458357.649061 23.735177 0.017228
2458358.142128 23.700254 0.016683
2458358.645721 23.723013 0.017036
2458359.138788 23.725913 0.017082
2458359.631856 23.702760 0.016721
2458360.135449 23.709469 0.016825
2458360.628516 23.697422 0.016639
2458361.121583 23.712839 0.016877
2458361.625177 23.716220 0.016930
2458362.118244 23.705606 0.016765
2458362.611311 23.746086 0.017402
2458363.114905 23.691613 0.016551
2458363.607972 23.700755 0.016691
2458364.101039 23.715712 0.016922
2458364.604632 23.723013 0.017036
2458365.097700 23.700755 0.016691
2458365.590767 23.719441 0.016980
2458366.094360 23.709805 0.016830
2458366.587427 23.710984 0.016849
2458367.080494 23.689794 0.016523
2458367.584088 23.743305 0.017358
2458368.077155 23.691613 0.016551
2458368.570222 23.685671 0.016460
2458369.073816 23.676982 0.016329
2458369.566883 23.662384 0.016111
2458370.059950 23.718932 0.016972
2458370.563544 23.710142 0.016836
2458371.056611 23.692276 0.016561
2458371.549678 23.763098 0.017677
2458372.053271 23.743478 0.017360
2458372.546338 23.696091 0.016619
2458373.039406 23.715543 0.016919
2458373.542999 23.709974 0.016833
2458374.036066 23.717236 0.016946
2458374.529133 23.699587 0.016673
2458375.032727 23.699754 0.016675
2458375.525794 23.712502 0.016872
2458376.018861 23.708460 0.016809
2458376.522455 23.709974 0.016833
2458377.015522 23.708796 0.016815
2458377.508589 23.704768 0.016752
2458378.012182 23.734488 0.017217
2458378.505250 23.699420 0.016670
2458378.998317 23.705271 0.016760
2458379.501910 23.730535 0.017155
2458379.994977 23.701590 0.016703
2458380.488044 23.681400 0.016396
2458380.991638 23.701423 0.016701
2458381.484705 23.701924 0.016709
2458381.977772 23.702425 0.016716
2458382.481366 23.700755 0.016754
2458382.974433 23.315939 0.013332
2458383.467500 23.022611 0.011190
2458383.971094 23.026551 0.011231
2458384.464161 23.007787 0.011038
2458384.957228 23.350199 0.013605
2458385.460821 23.672094 0.016477
2458385.953888 23.697921 0.016647
2458386.446956 23.741570 0.017330
2458386.950549 23.698254 0.016652
2458387.443616 23.687648 0.016490
2458387.936683 23.717575 0.016951
2458388.440277 23.705606 0.016765
2458388.933344 23.723013 0.017036
2458389.426411 23.694597 0.016596
2458389.930005 23.722673 0.017031
2458390.423072 23.710310 0.016838
2458390.916139 23.717067 0.016943
2458391.419732 23.739320 0.017294
2458391.912800 23.700254 0.016683
2458392.405867 23.727452 0.017106
2458392.909460 23.719272 0.016978
2458393.402527 23.723184 0.017039
2458393.895594 23.710816 0.016846
2458394.399188 23.716051 0.016927
2458394.892255 23.737074 0.017258
2458395.385322 23.687813 0.016493
2458395.888916 23.720971 0.017004
2458396.381983 23.767349 0.017746
2458396.875050 23.702592 0.016719
2458397.378644 23.710310 0.016838
2458397.871711 23.731222 0.017166
2458398.364778 23.703094 0.016727
2458398.868371 23.720631 0.016999
2458399.361438 23.738974 0.017289
2458399.854506 23.722673 0.017031
2458400.358099 23.710816 0.016846
2458400.851166 23.743131 0.017355
2458401.344233 23.689629 0.016520
2458401.847827 23.683041 0.016421
2458402.340894 23.727281 0.017103
2458402.833961 23.719102 0.016975
2458403.337555 23.714359 0.016901
2458403.830622 23.723695 0.017047
2458404.323689 23.715205 0.016914
2458404.827282 23.694431 0.016594
2458405.320350 23.709132 0.016820
2458405.813417 23.739493 0.017297
2458406.317010 23.718423 0.016964
2458406.810077 23.723354 0.017042
2458407.303144 23.716897 0.016941
2458407.806738 23.699087 0.016665
2458408.299805 23.729678 0.017141
2458408.792872 23.717575 0.016951
2458409.296466 23.733800 0.017206
2458409.789533 23.752194 0.017500
2458410.282600 23.696258 0.016622
2458410.786194 23.723184 0.017039
2458411.279261 23.704936 0.016755
2458411.772328 23.708628 0.016812
2458412.275921 23.699587 0.016673
2458412.768988 23.704266 0.016745
2458413.262056 23.720121 0.016991
2458413.765649 23.722843 0.017034
2458414.258716 23.730535 0.017155
2458414.751783 23.709637 0.016828
2458415.255377 23.737074 0.017258
2458415.748444 23.706612 0.016781
2458416.241511 23.699087 0.016665
2458416.745105 23.727110 0.017101
2458417.238172 23.717914 0.016956
2458417.731239 23.715035 0.016912
2458418.234832 23.706780 0.016783
2458526.481367 23.696091 0.016619
2458526.984960 23.734488 0.017217
2458527.478027 23.674210 0.016287
2458527.971094 23.721651 0.017015
2458528.474688 23.712164 0.016867
2458528.967755 23.702927 0.016724
2458529.460822 23.701256 0.016698
2458529.964416 23.711827 0.016862
2458530.457483 23.676819 0.016327
2458530.950550 23.708796 0.016815
2458531.454144 23.710479 0.016841
2458531.947211 23.718593 0.016967
2458532.440278 23.695261 0.016606
2458532.943871 23.702091 0.016711
2458533.436938 23.703429 0.016732
2458533.930006 23.707788 0.016799
2458534.433599 23.691448 0.016548
2458534.926666 23.715543 0.016919
2458535.419733 23.723524 0.017044
2458535.923327 23.712502 0.016872
2458536.416394 23.699587 0.016673
2458536.909461 23.704936 0.016755
2458537.413055 23.728307 0.017120
2458537.906122 23.721651 0.017015
2458538.399189 23.707956 0.016802
2458538.902782 23.708964 0.016817
2458539.395850 23.724036 0.017052
2458539.888917 23.697921 0.016647
2458540.392510 23.704768 0.016752
2458540.885577 23.685671 0.016460
2458541.378644 23.698920 0.016662
2458541.882238 23.682384 0.016411
2458542.375305 23.724889 0.017066
2458542.868372 23.731222 0.017166
2458543.371966 23.715374 0.016917
2458543.865033 23.720291 0.016994
2458544.358100 23.711658 0.016859
2458544.861694 23.714021 0.016896
2458545.354761 23.685013 0.016450
2458545.847828 23.723695 0.017047
2458546.351421 23.708796 0.016815
2458546.844488 23.717406 0.016949
2458547.337556 23.696091 0.016619
2458547.841149 23.708460 0.016809
2458548.334216 23.730535 0.017155
2458548.827283 23.394224 0.013991
2458549.330877 23.049760 0.011473
2458549.823944 23.030055 0.011267
2458550.317011 23.024848 0.011213
2458550.820605 23.299438 0.013204
2458551.313672 23.627506 0.015979
2458551.806739 23.708124 0.016804
2458552.310332 23.714866 0.016909
2458552.803400 23.707788 0.016799
2458553.296467 23.699754 0.016675
2458553.800060 23.733284 0.017198
2458554.293127 23.724889 0.017066
2458554.786194 23.698920 0.016662
2458555.289788 23.730364 0.017152
2458555.782855 23.723695 0.017047
2458556.275922 23.747827 0.017430
2458556.779516 23.754471 0.017537
2458557.272583 23.731050 0.017163
2458557.765650 23.719781 0.016986
2458558.269244 23.708460 0.016809
2458558.762311 23.742090 0.017338
2458559.255378 23.709805 0.016830
2458559.758971 23.713008 0.016880
2458560.252038 23.709974 0.016833
2458560.745106 23.709469 0.016825
2458561.248699 23.672907 0.016268
2458561.741766 23.690455 0.016533
2458562.234833 23.719611 0.016983
2458562.738427 23.741224 0.017324
2458563.231494 23.712333 0.016870
2458563.724561 23.713852 0.016893
2458564.228155 23.740012 0.017305
2458564.721222 23.706109 0.016773
2458565.214289 23.705774 0.016768
2458565.717882 23.726255 0.017087
2458566.210950 23.711827 0.016862
2458566.704017 23.706445 0.016778
2458567.207610 23.735866 0.017239
2458567.700677 23.696258 0.016622
2458568.193744 23.705103 0.016758
2458568.697338 23.717575 0.016951
2458569.190405 23.717406 0.016949
2458569.683472 23.711490 0.016856
2458570.187066 23.680744 0.016386
2458570.680133 23.678780 0.016356
2458571.173200 23.707284 0.016791
2458571.676794 23.671932 0.016253
2458572.169861 23.693270 0.016576
2458572.662928 23.702592 0.016719
2458573.166521 23.696590 0.016627
2458573.659588 23.745216 0.017388
2458574.152656 23.745912 0.017399
2458574.656249 23.705103 0.016758
2458575.149316 23.710647 0.016843
2458575.642383 23.726255 0.017087
2458576.145977 23.704266 0.016745
2458576.639044 23.688803 0.016508
2458577.132111 23.722673 0.017031
2458577.635705 23.735522 0.017234
2458578.128772 23.710816 0.016846
2458578.621839 23.714021 0.016896
2458579.125432 23.722843 0.017034
2458579.618500 23.699921 0.016678
2458580.111567 23.724718 0.017063
2458580.615160 23.739147 0.017291
2458581.108227 23.711490 0.016856
2458581.601294 23.714190 0.016898
2458582.104888 23.710310 0.016838
2458582.597955 23.711996 0.016864
2458583.091022 23.706277 0.016776
2458583.594616 23.695427 0.016609
2458584.087683 23.710647 0.016843
2458584.580750 23.732940 0.017193
2458585.084344 23.697089 0.016634
2458585.577411 23.715035 0.016912
2458586.070478 23.717067 0.016943
2458586.574071 23.730192 0.017149
2458587.067138 23.687813 0.016493
2458587.560206 23.710816 0.016846
2458588.063799 23.724377 0.017058
2458588.556866 23.726768 0.017095
2458589.049933 23.703261 0.016729
2458589.553527 23.688143 0.016498
2458590.046594 23.617103 0.016000
2458590.539661 23.097915 0.011668
2458591.043255 23.028975 0.011256
2458591.536322 23.049577 0.011471
2458592.029389 23.042636 0.011398
2458592.532982 23.445637 0.014211
2458593.026050 23.719102 0.016975
2458593.519117 23.706445 0.016778
2458594.022710 23.725742 0.017079
2458594.515777 23.718253 0.016962
2458595.008844 23.749223 0.017453
2458595.512438 23.681892 0.016403
2458596.005505 23.704936 0.016755
2458596.498572 23.707620 0.016796
2458597.002166 23.691613 0.016551
2458597.495233 23.724548 0.017060
2458597.988300 23.720631 0.016999
2458712.204272 23.707452 0.016794
2458712.697339 23.713514 0.016888
2458713.200932 23.731909 0.017176
2458713.694000 23.688308 0.016500
2458714.187067 23.739493 0.017297
2458714.690660 23.438535 0.014308
2458715.183727 23.052421 0.011501
2458715.676794 23.034202 0.011310
2458716.180388 23.054260 0.011521
2458716.673455 23.216746 0.012501
2458717.166522 23.577203 0.015432
2458717.670116 23.727794 0.017111
2458718.163183 23.692607 0.016566
2458718.656250 23.714697 0.016906
2458719.159844 23.732768 0.017190
2458719.652911 23.702091 0.016711
2458720.145978 23.720801 0.017002
2458720.649571 23.716051 0.016927
2458721.142638 23.741051 0.017322
2458721.635706 23.722502 0.017028
2458722.139299 23.713346 0.016885
2458722.632366 23.720631 0.016999
2458723.125433 23.712502 0.016872
2458723.629027 23.725401 0.017074
2458724.122094 23.713177 0.016883
2458724.615161 23.699587 0.016673
2458725.118755 23.712839 0.016877
2458725.611822 23.700254 0.016683
2458726.104889 23.708292 0.016807
2458726.608482 23.707788 0.016799
2458727.101550 23.725742 0.017079
2458727.594617 23.703763 0.016737
2458728.098210 23.693767 0.016584
2458728.591277 23.711827 0.016862
2458729.084344 23.672257 0.016258
2458729.587938 23.732768 0.017190
2458730.081005 23.698754 0.016660
2458730.574072 23.729506 0.017139
2458731.077666 23.709805 0.016830
2458731.570733 23.730707 0.017157
2458732.063800 23.713177 0.016883
2458732.567394 23.701924 0.016709
2458733.060461 23.713177 0.016883
2458733.553528 23.722332 0.017026
2458734.057121 23.733112 0.017196
2458734.550188 23.686659 0.016475
2458735.043256 23.678126 0.016346
2458735.546849 23.704433 0.016747
2458736.039916 23.713008 0.016880
2458736.532983 23.724206 0.017055
2458737.036577 23.727965 0.017114
2458737.529644 23.725230 0.017071
2458738.022711 23.727110 0.017101
2458738.526305 23.731222 0.017166
2458739.019372 23.717575 0.016951
2458739.512439 23.689960 0.016525
2458740.016032 23.740877 0.017319
2458740.509100 23.739666 0.017300
2458741.002167 23.692441 0.016563
2458741.505760 23.703261 0.016729
2458741.998827 23.713514 0.016888
2458742.491894 23.732768 0.017190
2458742.995488 23.725060 0.017068
2458743.488555 23.726939 0.017098
2458743.981622 23.750445 0.017472
2458744.485216 23.689299 0.016515
2458744.978283 23.690455 0.016533
2458745.471350 23.695095 0.016604
2458745.974944 23.720121 0.016991
2458746.468011 23.709637 0.016828
2458746.961078 23.699254 0.016668
2458747.464671 23.690621 0.016536
2458747.957738 23.702258 0.016714
2458748.450806 23.703429 0.016732
2458748.954399 23.748350 0.017439
2458749.447466 23.689464 0.016518
2458749.940533 23.710984 0.016849
2458750.444127 23.690290 0.016531
2458750.937194 23.721311 0.017010
2458751.430261 23.726939 0.017098
2458751.933855 23.706948 0.016786
2458752.426922 23.766462 0.017732
2458752.919989 23.700922 0.016693
2458753.423582 23.740358 0.017311
2458753.916650 23.697588 0.016642
2458754.409717 23.695427 0.016609
2458754.913310 23.709132 0.016820
2458755.406377 23.698920 0.016662
2458755.899444 23.653559 0.016316
2458756.403038 23.183281 0.012305
2458756.896105 23.039363 0.011364
2458757.389172 23.018953 0.011152
2458757.892766 23.046466 0.011438
2458758.385833 23.423304 0.014150
2458758.878900 23.706612 0.016790
2458759.382494 23.692607 0.016566
2458759.875561 23.691613 0.016551
2458760.368628 23.725230 0.017071
2458760.872221 23.698587 0.016657
2458761.365288 23.722843 0.017034
2458761.858356 23.700755 0.016691
2458762.361949 23.714021 0.016896
2458762.855016 23.730192 0.017149
2458763.348083 23.727965 0.017114
2458763.851677 23.721481 0.017012
2458764.344744 23.729849 0.017144
2458764.837811 23.720291 0.016994
2458765.341405 23.729849 0.017144
2458765.834472 23.713852 0.016893
2458766.327539 23.690125 0.016528
2458766.831132 23.728136 0.017117
2458767.324200 23.725742 0.017079
2458767.817267 23.696756 0.016629
2458768.320860 23.756753 0.017574
2458768.813927 23.706780 0.016783
2458769.306994 23.706109 0.016773
2458769.810588 23.726255 0.017087
2458770.303655 23.707116 0.016789
2458770.796722 23.706948 0.016786
2458771.300316 23.697255 0.016637
2458771.793383 23.736729 0.017253
2458772.286450 23.727794 0.017111
2458772.790044 23.727623 0.017109
2458773.283111 23.674536 0.016292
2458773.776178 23.723524 0.017044
2458774.279771 23.718932 0.016972
2458774.772838 23.680089 0.016376
2458775.265906 23.738974 0.017289
2458775.769499 23.758160 0.017597
2458776.262566 23.726426 0.017090
2458776.755633 23.703931 0.016740
2458777.259227 23.736039 0.017242
2458777.752294 23.700254 0.016683
2458778.245361 23.749223 0.017453
2458778.748955 23.690621 0.016536
2458779.242022 23.729506 0.017139
2458779.735089 23.702927 0.016724
2458780.238682 23.700922 0.016693
2458780.731750 23.702927 0.016724
2458781.224817 23.696424 0.016624
2458781.728410 23.706445 0.016778
2458782.221477 23.680253 0.016378
2458782.714544 23.714021 0.016896
2458783.218138 23.689960 0.016525
2458783.711205 23.705103 0.016758
2459622.427944 23.682220 0.016408
2459622.921011 23.734144 0.017212
2459623.424605 23.705271 0.016760
2459623.917672 23.731393 0.017168
2459624.410739 23.734316 0.017215
2459624.914332 23.712670 0.016875
2459625.407400 23.691282 0.016546
2459625.900467 23.716220 0.016930
2459626.404060 23.711321 0.016854
2459626.897127 23.694099 0.016671
2459627.390194 23.304872 0.013232
2459627.893788 23.059240 0.011574
2459628.386855 23.043273 0.011405
2459628.879922 23.042090 0.011392
2459629.383516 23.366760 0.013746
2459629.876583 23.677636 0.016544
2459630.369650 23.711658 0.016859
2459630.873244 23.697255 0.016637
2459631.366311 23.701423 0.016701
2459631.859378 23.689464 0.016518
2459632.362971 23.711490 0.016856
2459632.856038 23.710647 0.016843
2459633.349106 23.720631 0.016999
2459633.852699 23.715035 0.016912
2459634.345766 23.717406 0.016949
2459634.838833 23.709301 0.016822
2459635.342427 23.741224 0.017324
2459635.835494 23.710142 0.016836
2459636.328561 23.689960 0.016525
2459636.832155 23.722673 0.017031
2459637.325222 23.715712 0.016922
2459637.818289 23.702760 0.016721
2459638.321882 23.709132 0.016820
2459638.814950 23.707452 0.016794
2459639.308017 23.723354 0.017042
2459639.811610 23.731050 0.017163
2459640.304677 23.702091 0.016711
2459640.797744 23.697422 0.016639
2459641.301338 23.693933 0.016586
2459641.794405 23.719272 0.016978
2459642.287472 23.749048 0.017450
2459642.791066 23.735349 0.017231
2459643.284133 23.691613 0.016551
2459643.777200 23.702592 0.016719
2459644.280794 23.708292 0.016807
2459644.773861 23.687319 0.016485
2459645.266928 23.732596 0.017187
2459645.770521 23.693601 0.016581
2459646.263588 23.718762 0.016970
2459646.756656 23.705606 0.016765
2459647.260249 23.716559 0.016935
2459647.753316 23.737074 0.017258
2459648.246383 23.676329 0.016319
2459648.749977 23.714190 0.016898
2459649.243044 23.695261 0.016606
2459649.736111 23.726255 0.017087
2459650.239705 23.698587 0.016657
2459650.732772 23.703763 0.016737
2459651.225839 23.704098 0.016742
2459651.729432 23.698088 0.016650
2459652.222500 23.705774 0.016768
2459652.715567 23.749223 0.017453
2459653.219160 23.701089 0.016696
2459653.712227 23.726426 0.017090
2459654.205294 23.752369 0.017503
2459654.708888 23.740358 0.017311
2459655.201955 23.720971 0.017004
2459655.695022 23.738628 0.017283
2459656.198616 23.720631 0.016999
2459656.691683 23.721311 0.017010
2459657.184750 23.738974 0.017289
2459657.688344 23.679107 0.016361
2459658.181411 23.738283 0.017278
2459658.674478 23.747130 0.017419
2459659.178071 23.713514 0.016888
2459659.671138 23.702425 0.016716
2459660.164206 23.725742 0.017079
2459660.667799 23.713177 0.016883
2459661.160866 23.693436 0.016578
2459661.653933 23.713346 0.016885
2459662.157527 23.715374 0.016917
2459662.650594 23.691448 0.016548
2459663.143661 23.740877 0.017319
2459663.647255 23.694099 0.016589
2459664.140322 23.690290 0.016531
2459664.633389 23.714021 0.016896
2459665.136982 23.682713 0.016416
2459665.630050 23.713008 0.016880
2459666.123117 23.701423 0.016701
2459666.626710 23.690125 0.016528
2459667.119777 23.747479 0.017425
2459667.612844 23.735349 0.017231
2459668.116438 23.701924 0.016709
2459668.609505 23.526993 0.014986
2459669.102572 23.024758 0.011212
2459669.606166 23.037640 0.011346
2459670.099233 23.043638 0.011409
2459670.592300 23.118611 0.011941
2459671.095894 23.521460 0.014992
2459671.588961 23.710647 0.016843
2459672.082028 23.724377 0.017058
2459672.585621 23.726768 0.017095
2459673.078688 23.731909 0.017176
2459673.571756 23.725401 0.017074
2459674.075349 23.715035 0.016912
2459674.568416 23.709301 0.016822
2459675.061483 23.693933 0.016586
2459675.565077 23.714697 0.016906
2459676.058144 23.732252 0.017182
2459676.551211 23.736556 0.017250
2459677.054805 23.704266 0.016745
2459677.547872 23.725572 0.017077
2459678.040939 23.723184 0.017039
2459678.544532 23.703261 0.016729
2459679.037600 23.715881 0.016925
2459679.530667 23.708796 0.016815
2459680.034260 23.748350 0.017439
2459680.527327 23.719611 0.016983
2459681.020394 23.722673 0.017031
2459681.523988 23.724377 0.017058
2459682.017055 23.726597 0.017093
2459682.510122 23.713683 0.016891
2459683.013716 23.708796 0.016815
2459683.506783 23.696590 0.016627
2459683.999850 23.697089 0.016634
2459684.503444 23.701256 0.016698
2459684.996511 23.733800 0.017206
2459685.489578 23.748699 0.017444
2459685.993171 23.752019 0.017498
2459686.486238 23.726597 0.017093
2459686.979306 23.697089 0.016634
2459687.482899 23.705941 0.016771
2459687.975966 23.700588 0.016688
2459688.469033 23.681564 0.016398
2459688.972627 23.725913 0.017082
2459689.465694 23.733800 0.017206
2459689.958761 23.702091 0.016711
2459690.462355 23.694099 0.016589
2459690.955422 23.717914 0.016956
2459691.448489 23.709805 0.016830
2459691.952082 23.720121 0.016991
2459692.445150 23.720461 0.016996
2459692.938217 23.710984 0.016849
2459693.441810 23.694929 0.016601
2459693.934877 23.691282 0.016546
2459807.647256 23.716051 0.016927
2459808.150849 23.693270 0.016576
2459808.643916 23.723524 0.017044
2459809.136983 23.682713 0.016416
2459809.640577 23.727281 0.017103
2459810.133644 23.703596 0.016734
2459810.626711 23.712333 0.016870
2459811.130305 23.702425 0.016716
2459811.623372 23.707116 0.016789
2459812.116439 23.699254 0.016668
2459812.620032 23.713177 0.016883
2459813.113100 23.717575 0.016951
2459813.606167 23.751494 0.017489
2459814.109760 23.703094 0.016727
2459814.602827 23.718593 0.016967
2459815.095894 23.739493 0.017297
2459815.599488 23.734660 0.017220
2459816.092555 23.725230 0.017071
2459816.585622 23.727794 0.017111
2459817.089216 23.688803 0.016508
2459817.582283 23.708292 0.016807
2459818.075350 23.719781 0.016986
2459818.578944 23.700254 0.016683
2459819.072011 23.728479 0.017122
2459819.565078 23.719272 0.016978
2459820.068671 23.731393 0.017168
2459820.561738 23.699420 0.016670
2459821.054806 23.699587 0.016673
2459821.558399 23.741917 0.017336
2459822.051466 23.701757 0.016706
2459822.544533 23.705606 0.016765
2459823.048127 23.735866 0.017239
2459823.541194 23.697422 0.016639
2459824.034261 23.685507 0.016458
2459824.537855 23.689464 0.016518
2459825.030922 23.697089 0.016634
2459825.523989 23.723524 0.017044
2459826.027582 23.719272 0.016978
2459826.520650 23.734144 0.017212
2459827.013717 23.706277 0.016776
2459827.517310 23.715205 0.016914
2459828.010377 23.718423 0.016964
2459828.503444 23.731222 0.017166
2459829.007038 23.737074 0.017258
2459829.500105 23.738110 0.017275
2459829.993172 23.700755 0.016691
2459830.496766 23.717745 0.016954
2459830.989833 23.701924 0.016709
2459831.482900 23.678289 0.016349
2459831.986494 23.728307 0.017120
2459832.479561 23.732424 0.017185
2459832.972628 23.707116 0.016789
2459833.476221 23.688473 0.016503
2459833.969288 23.698421 0.016655
2459834.462356 23.603131 0.015820
2459834.965949 23.089803 0.011676
2459835.459016 23.043638 0.011409
2459835.952083 23.031676 0.011284
2459836.455677 23.021896 0.011168
2459836.948744 23.506005 0.014999
2459837.441811 23.711153 0.016851
2459837.945405 23.690952 0.016541
2459838.438472 23.729506 0.017139
2459838.931539 23.713514 0.016888
2459839.435132 23.733628 0.017204
2459839.928200 23.719781 0.016986
2459840.421267 23.701256 0.016698
2459840.924860 23.690455 0.016533
2459841.417927 23.710984 0.016849
2459841.910994 23.704768 0.016752
2459842.414588 23.703094 0.016727
2459842.907655 23.709974 0.016833
2459843.400722 23.687648 0.016490
2459843.904316 23.700755 0.016691
2459844.397383 23.746608 0.017411
2459844.890450 23.728650 0.017125
2459845.394044 23.723354 0.017042
2459845.887111 23.722843 0.017034
2459846.380178 23.705271 0.016760
2459846.883771 23.703094 0.016727
2459847.376838 23.717067 0.016943
2459847.869906 23.677962 0.016344
2459848.373499 23.697089 0.016634
2459848.866566 23.733800 0.017206
2459849.359633 23.725913 0.017082
2459849.863227 23.696756 0.016629
2459850.356294 23.683041 0.016421
2459850.849361 23.715881 0.016925
2459851.352955 23.720461 0.016996
2459851.846022 23.714359 0.016901
2459852.339089 23.715035 0.016912
2459852.842682 23.713514 0.016888
2459853.335750 23.716559 0.016935
2459853.828817 23.703094 0.016727
2459854.332410 23.722502 0.017028
2459854.825477 23.692938 0.016571
2459855.318544 23.746434 0.017408
2459855.822138 23.684849 0.016448
2459856.315205 23.737592 0.017267
2459856.808272 23.736384 0.017247
2459857.311866 23.702927 0.016724
2459857.804933 23.702760 0.016721
2459858.298000 23.692607 0.016566
2459858.801594 23.727794 0.017111
2459859.294661 23.697255 0.016637
2459859.787728 23.701256 0.016698
2459860.291321 23.741051 0.017322
2459860.784388 23.706612 0.016781
2459861.277456 23.726084 0.017085
2459861.781049 23.728307 0.017120
2459862.274116 23.733112 0.017196
2459862.767183 23.693767 0.016584
2459863.270777 23.699921 0.016678
2459863.763844 23.750620 0.017475
2459864.256911 23.736901 0.017256
2459864.760505 23.739839 0.017302
2459865.253572 23.713008 0.016880
2459865.746639 23.694431 0.016594
2459866.250232 23.720971 0.017004
2459866.743300 23.710479 0.016841
2459867.236367 23.720801 0.017002
2459867.739960 23.729335 0.017136
2459868.233027 23.677472 0.016337
2459868.726094 23.737937 0.017272
2459869.229688 23.700922 0.016693
2459869.722755 23.714866 0.016909
2459870.215822 23.694763 0.016599
2459870.719416 23.718423 0.016964
2459871.212483 23.728479 0.017122
2459871.705550 23.728650 0.017125
2459872.209144 23.711490 0.016856
2459872.702211 23.739493 0.017297
2459873.195278 23.698920 0.016662
2459873.698871 23.746260 0.017405
2459874.191938 23.713177 0.016883
2459874.685006 23.700922 0.016693
2459875.188599 23.741744 0.017333
2459875.681666 23.709637 0.016828
2459876.174733 23.412755 0.014131
2459876.678327 23.055181 0.011531
2459877.171394 23.019844 0.011161
2459877.664461 23.033751 0.011305
2459878.168055 23.273117 0.012974
2459878.661122 23.671607 0.016701
2459879.154189 23.704600 0.016750
2459987.411250 23.715712 0.016922
2459987.904317 23.695593 0.016611
2459988.407910 23.702258 0.016714
2459988.900977 23.723354 0.017042
2459989.394044 23.732080 0.017179
2459989.897638 23.719781 0.016986
2459990.390705 23.704433 0.016747
2459990.883772 23.712164 0.016867
2459991.387366 23.712839 0.016877
2459991.880433 23.692607 0.016566
2459992.373500 23.718932 0.016972
2459992.877094 23.711996 0.016864
2459993.370161 23.731050 0.017163
2459993.863228 23.693436 0.016578
2459994.366821 23.713514 0.016888
2459994.859888 23.706109 0.016773
2459995.352956 23.724718 0.017063
2459995.856549 23.745390 0.017391
2459996.349616 23.738455 0.017280
2459996.842683 23.729335 0.017136
2459997.346277 23.707452 0.016794
2459997.839344 23.678289 0.016349
2459998.332411 23.736556 0.017250
2459998.836005 23.716389 0.016933
2459999.329072 23.668686 0.016205
2459999.822139 23.707620 0.016796
2460000.325732 23.634236 0.016084
2460000.818800 23.176051 0.012260
2460001.311867 23.035739 0.011326
2460001.815460 23.038819 0.011358
2460002.308527 23.035468 0.011323
2460002.801594 23.435655 0.014286
2460003.305188 23.718084 0.016959
2460003.798255 23.727281 0.017103
2460004.291322 23.713852 0.016893
2460004.794916 23.743826 0.017366
2460005.287983 23.725913 0.017082
2460005.781050 23.703261 0.016729
2460006.284644 23.719102 0.016975
2460006.777711 23.720971 0.017004
2460007.270778 23.708964 0.016817
2460007.774371 23.708292 0.016807
2460008.267438 23.706277 0.016776
2460008.760506 23.706109 0.016773
2460009.264099 23.692441 0.016563
2460009.757166 23.686165 0.016468
2460010.250233 23.735522 0.017234
2460010.753827 23.706445 0.016778
2460011.246894 23.686989 0.016480
2460011.739961 23.699420 0.016670
2460012.243555 23.710984 0.016849
2460012.736622 23.710310 0.016838
2460013.229689 23.726255 0.017087
2460013.733282 23.721481 0.017012
2460014.226350 23.691282 0.016546
2460014.719417 23.717745 0.016954
2460015.223010 23.727794 0.017111
2460015.716077 23.723695 0.017047
2460016.209144 23.694431 0.016594
2460016.712738 23.712670 0.016875
2460017.205805 23.706948 0.016786
2460017.698872 23.732080 0.017179
2460018.202466 23.715543 0.016919
2460018.695533 23.691779 0.016553
2460019.188600 23.712670 0.016875
2460019.692194 23.708460 0.016809
2460020.185261 23.682877 0.016418
2460020.678328 23.731050 0.017163
2460021.181921 23.706109 0.016773
2460021.674988 23.766640 0.017735
2460022.168056 23.691448 0.016548
2460022.671649 23.722673 0.017031
2460023.164716 23.715712 0.016922
2460023.657783 23.743652 0.017363
2460024.161377 23.726597 0.017093
2460024.654444 23.720801 0.017002
2460025.147511 23.713514 0.016888
2460025.651105 23.706780 0.016783
2460026.144172 23.699921 0.016678
2460026.637239 23.728821 0.017128
2460027.140832 23.684520 0.016443
2460027.633900 23.673558 0.016278
2460028.126967 23.728136 0.017117
2460028.630560 23.737074 0.017258
2460029.123627 23.729335 0.017136
2460029.616694 23.712502 0.016872
2460030.120288 23.731565 0.017171
2460030.613355 23.733284 0.017198
2460031.106422 23.735522 0.017234
2460031.610016 23.692938 0.016571
2460032.103083 23.743305 0.017358
2460032.596150 23.713852 0.016893
2460033.099744 23.712164 0.016867
2460033.592811 23.733628 0.017204
2460034.085878 23.720291 0.016994
2460034.589471 23.695925 0.016617
2460035.082538 23.701590 0.016703
2460035.575606 23.681564 0.016398
2460036.079199 23.736211 0.017245
2460036.572266 23.697089 0.016634
2460037.065333 23.729506 0.017139
2460037.568927 23.720121 0.016991
2460038.061994 23.715712 0.016922
2460038.555061 23.697921 0.016647
2460039.058655 23.698920 0.016662
2460039.551722 23.719102 0.016975
2460040.044789 23.701924 0.016709
2460040.548382 23.699921 0.016678
2460041.041450 23.710479 0.016841
2460041.534517 23.687978 0.016495
2460042.038110 23.466151 0.014582
2460042.531177 23.037187 0.011341
2460043.024244 23.059980 0.011582
2460043.527838 23.024937 0.011214
2460044.020905 23.205687 0.012463
2460044.513972 23.603436 0.015871
2460045.017566 23.723354 0.017042
2460045.510633 23.717067 0.016943
2460046.003700 23.723695 0.017047
2460046.507294 23.720801 0.017002
2460047.000361 23.720291 0.016994
2460047.493428 23.729335 0.017136
2460047.997021 23.689464 0.016518
2460048.490088 23.715712 0.016922
2460048.983156 23.700755 0.016691
2460049.486749 23.685342 0.016455
2460049.979816 23.705606 0.016765
2460050.472883 23.700421 0.016685
2460050.976477 23.690952 0.016541
2460051.469544 23.708964 0.016817
2460051.962611 23.686495 0.016473
2460052.466205 23.698754 0.016660
2460052.959272 23.715881 0.016925
2460053.452339 23.716220 0.016930
2460053.955932 23.716728 0.016938
2460054.449000 23.717914 0.016956
2460054.942067 23.717745 0.016954
2460055.445660 23.718253 0.016962
2460055.938727 23.705941 0.016771
2460056.431794 23.702258 0.016714
2460056.935388 23.719441 0.016980
2460057.428455 23.728307 0.017120
2460057.921522 23.718762 0.016970
2460058.425116 23.712670 0.016875
2460058.918183 23.705941 0.016771
