2458346.727899 19.983467 0.003515
2458347.220966 19.986281 0.003524
2458347.714033 19.985482 0.003521
2458348.217627 19.983078 0.003514
2458348.710694 19.984693 0.003519
2458349.203761 19.990065 0.003536
2458349.707355 19.984254 0.003517
2458350.200422 19.983975 0.003517
2458350.693489 19.976572 0.003493
2458351.197082 19.987471 0.003528
2458351.690150 19.985083 0.003520
2458352.183217 19.992997 0.003546
2458352.686810 19.982769 0.003513
2458353.179877 19.978009 0.003497
2458353.672944 19.979398 0.003502
2458354.176538 19.987241 0.003527
2458354.669605 19.983517 0.003515
2458355.162672 19.975404 0.003489
2458355.666266 19.980551 0.003506
2458356.159333 19.985492 0.003521
2458356.652400 19.980859 0.003506
2458357.155994 19.985143 0.003520
2458357.649061 19.987091 0.003527
2458358.142128 19.982600 0.003512
2458358.645721 19.986991 0.003526
2458359.138788 19.984115 0.003517
2458359.631856 19.976671 0.003493
2458360.135449 19.992675 0.003545
2458360.628516 19.990456 0.003538
2458361.121583 19.984324 0.003518
2458361.625177 19.983218 0.003514
2458362.118244 19.981475 0.003508
2458362.611311 19.981625 0.003509
2458363.114905 19.980083 0.003504
2458363.607972 19.984544 0.003518
2458364.101039 19.985881 0.003523
2458364.604632 19.979855 0.003503
2458365.097700 19.983228 0.003514
2458365.590767 19.978723 0.003500
2458366.094360 19.980461 0.003505
2458366.587427 19.989433 0.003534
2458367.080494 19.982371 0.003511
2458367.584088 19.986051 0.003523
2458368.077155 19.987061 0.003527
2458368.570222 19.977176 0.003495
2458369.073816 19.982053 0.003510
2458369.566883 19.976097 0.003491
2458370.059950 19.979329 0.003502
2458370.563544 19.978178 0.003498
2458371.056611 19.984015 0.003517
2458371.549678 19.982301 0.003511
2458372.053271 19.987881 0.003529
2458372.546338 19.984085 0.003517
2458373.039406 19.980302 0.003505
2458373.542999 19.985452 0.003521
2458374.036066 19.984414 0.003518
2458374.529133 19.987921 0.003529
2458375.032727 19.980928 0.003507
2458375.525794 19.984763 0.003519
2458376.018861 19.980879 0.003507
2458376.522455 19.982311 0.003511
2458377.015522 19.982849 0.003513
2458377.508589 19.985252 0.003521
2458378.012182 19.983507 0.003515
2458378.505250 19.983836 0.003516
2458378.998317 19.974326 0.003485
2458379.501910 19.979061 0.003501
2458379.994977 19.986351 0.003524
2458380.488044 19.988151 0.003530
2458380.991638 19.985802 0.003522
2458381.484705 19.980213 0.003504
2458381.977772 19.987551 0.003528
2458382.481366 19.982172 0.003511
2458382.974433 19.983846 0.003516
2458383.467500 19.988392 0.003531
2458383.971094 19.979358 0.003502
2458384.464161 19.984723 0.003519
2458384.957228 19.983776 0.003516
2458385.460821 19.984264 0.003518
2458385.953888 19.984733 0.003519
2458386.446956 19.982242 0.003511
2458386.950549 19.977206 0.003495
2458387.443616 19.980978 0.003507
2458387.936683 19.981734 0.003509
2458388.440277 19.984693 0.003519
2458388.933344 19.987651 0.003529
2458389.426411 19.978227 0.003498
2458389.930005 19.985352 0.003521
2458390.423072 19.977196 0.003495
2458390.916139 19.981306 0.003508
2458391.419732 19.989423 0.003534
2458391.912800 19.975315 0.003489
2458392.405867 19.981247 0.003508
2458392.909460 19.978753 0.003500
2458393.402527 19.980282 0.003505
2458393.895594 19.981346 0.003508
2458394.399188 19.982092 0.003510
2458394.892255 19.980958 0.003507
2458395.385322 19.986091 0.003523
2458395.888916 19.975780 0.003490
2458396.381983 19.985772 0.003522
2458396.875050 19.979100 0.003501
2458397.378644 19.985422 0.003521
2458397.871711 19.982749 0.003513
2458398.364778 19.984185 0.003517
2458398.868371 19.984713 0.003519
2458399.361438 19.994274 0.003550
2458399.854506 19.982033 0.003510
2458400.358099 19.981754 0.003509
2458400.851166 19.981664 0.003509
2458401.344233 19.982202 0.003511
2458401.847827 19.979825 0.003503
2458402.340894 19.984334 0.003518
2458402.833961 19.990807 0.003539
2458403.337555 19.984663 0.003519
2458403.830622 19.982899 0.003513
2458404.323689 19.984384 0.003518
2458404.827282 19.986121 0.003524
2458405.320350 19.982859 0.003513
2458405.813417 19.987761 0.003529
2458406.317010 19.977374 0.003495
2458406.810077 19.978138 0.003498
2458407.303144 19.982640 0.003512
2458407.806738 19.978445 0.003499
2458408.299805 19.975552 0.003489
2458408.792872 19.982252 0.003511
2458409.296466 19.983596 0.003515
2458409.789533 19.986011 0.003523
2458410.282600 19.984813 0.003519
2458410.786194 19.982869 0.003513
2458411.279261 19.980302 0.003505
2458411.772328 19.984654 0.003519
2458412.275921 19.978257 0.003498
2458412.768988 19.988121 0.003530
2458413.262056 19.984723 0.003519
2458413.765649 19.982600 0.003512
2458414.258716 19.987101 0.003527
2458414.751783 19.982849 0.003513
2458415.255377 19.983856 0.003516
2458415.748444 19.984933 0.003520
2458416.241511 19.983796 0.003516
2458416.745105 19.978941 0.003500
2458417.238172 19.984943 0.003520
2458417.731239 19.976929 0.003494
2458418.234832 19.983248 0.003514
2458526.481367 19.983975 0.003517
2458526.984960 19.986201 0.003524
2458527.478027 19.981625 0.003509
2458527.971094 19.987761 0.003529
2458528.474688 19.985532 0.003522
2458528.967755 19.983726 0.003516
2458529.460822 19.980720 0.003506
2458529.964416 19.984254 0.003517
2458530.457483 19.981963 0.003510
2458530.950550 19.979895 0.003503
2458531.454144 19.986941 0.003526
2458531.947211 19.981585 0.003509
2458532.440278 19.984663 0.003519
2458532.943871 19.984464 0.003518
2458533.436938 19.982491 0.003512
2458533.930006 19.977513 0.003496
2458534.433599 19.982749 0.003513
2458534.926666 19.985732 0.003522
2458535.419733 19.985532 0.003522
2458535.923327 19.983058 0.003514
2458536.416394 19.972628 0.003480
2458536.909461 19.989914 0.003536
2458537.413055 19.985143 0.003520
2458537.906122 19.986141 0.003524
2458538.399189 19.986721 0.003525
2458538.902782 19.983178 0.003514
2458539.395850 19.981475 0.003508
2458539.888917 19.982361 0.003511
2458540.392510 19.984205 0.003517
2458540.885577 19.985202 0.003521
2458541.378644 19.979160 0.003501
2458541.882238 19.980839 0.003506
2458542.375305 19.990476 0.003538
2458542.868372 19.979994 0.003504
2458543.371966 19.986521 0.003525
2458543.865033 19.985162 0.003520
2458544.358100 19.977652 0.003496
2458544.861694 19.981834 0.003510
2458545.354761 19.988972 0.003533
2458545.847828 19.984474 0.003518
2458546.351421 19.982620 0.003512
2458546.844488 19.980561 0.003506
2458547.337556 19.981316 0.003508
2458547.841149 19.987101 0.003527
2458548.334216 19.992675 0.003545
2458548.827283 19.985492 0.003521
2458549.330877 19.978624 0.003499
2458549.823944 19.978882 0.003500
2458550.317011 19.978207 0.003498
2458550.820605 19.983686 0.003516
2458551.313672 19.990446 0.003538
2458551.806739 19.985332 0.003521
2458552.310332 19.988802 0.003532
2458552.803400 19.983218 0.003514
2458553.296467 19.980203 0.003504
2458553.800060 19.979607 0.003502
2458554.293127 19.985023 0.003520
2458554.786194 19.980471 0.003505
2458555.289788 19.978346 0.003498
2458555.782855 19.978773 0.003500
2458556.275922 19.979547 0.003502
2458556.779516 19.979438 0.003502
2458557.272583 19.981068 0.003507
2458557.765650 19.984185 0.003517
2458558.269244 19.987201 0.003527
2458558.762311 19.979001 0.003501
2458559.255378 19.981814 0.003510
2458559.758971 19.980352 0.003505
2458560.252038 19.978902 0.003500
2458560.745106 19.984314 0.003518
2458561.248699 19.978525 0.003499
2458561.741766 19.976641 0.003493
2458562.234833 19.985911 0.003523
2458562.738427 19.981515 0.003509
2458563.231494 19.983955 0.003517
2458563.724561 19.987261 0.003527
2458564.228155 19.974633 0.003486
2458564.721222 19.984564 0.003518
2458565.214289 19.981943 0.003510
2458565.717882 19.984254 0.003517
2458566.210950 19.985153 0.003520
2458566.704017 19.979815 0.003503
2458567.207610 19.982122 0.003511
2458567.700677 19.982959 0.003513
2458568.193744 19.985622 0.003522
2458568.697338 19.983945 0.003516
2458569.190405 19.981177 0.003508
2458569.683472 19.985033 0.003520
2458570.187066 19.984524 0.003518
2458570.680133 19.985592 0.003522
2458571.173200 19.988111 0.003530
2458571.676794 19.978406 0.003499
2458572.169861 19.991650 0.003542
2458572.662928 19.986831 0.003526
2458573.166521 19.984584 0.003519
2458573.659588 19.982431 0.003512
2458574.152656 19.979031 0.003501
2458574.656249 19.986141 0.003524
2458575.149316 19.982053 0.003510
2458575.642383 19.987771 0.003529
2458576.145977 19.981585 0.003509
2458576.639044 19.983616 0.003515
2458577.132111 19.982939 0.003513
2458577.635705 19.986981 0.003526
2458578.128772 19.976374 0.003492
2458578.621839 19.985172 0.003520
2458579.125432 19.979329 0.003502
2458579.618500 19.985582 0.003522
2458580.111567 19.986651 0.003525
2458580.615160 19.988341 0.003531
2458581.108227 19.985492 0.003521
2458581.601294 19.982879 0.003513
2458582.104888 19.980272 0.003505
2458582.597955 19.984663 0.003519
2458583.091022 19.982501 0.003512
2458583.594616 19.990426 0.003538
2458584.087683 19.984284 0.003518
2458584.580750 19.985871 0.003523
2458585.084344 19.978922 0.003500
2458585.577411 19.978842 0.003500
2458586.070478 19.980819 0.003506
2458586.574071 19.985941 0.003523
2458587.067138 19.984943 0.003520
2458587.560206 19.981336 0.003508
2458588.063799 19.983547 0.003515
2458588.556866 19.986391 0.003524
2458589.049933 19.988111 0.003530
2458589.553527 19.987971 0.003530
2458590.046594 19.977255 0.003495
2458590.539661 19.984783 0.003519
2458591.043255 19.977037 0.003494
2458591.536322 19.979100 0.003501
2458592.029389 19.981993 0.003510
2458592.532982 19.987391 0.003528
2458593.026050 19.987271 0.003527
2458593.519117 19.983427 0.003515
2458594.022710 19.982789 0.003513
2458594.515777 19.983666 0.003516
2458595.008844 19.984673 0.003519
2458595.512438 19.980928 0.003507
2458596.005505 19.985851 0.003523
2458596.498572 19.982859 0.003513
2458597.002166 19.987191 0.003527
2458597.495233 19.980988 0.003507
2458597.988300 19.986841 0.003526
2458712.204272 19.983168 0.003514
2458712.697339 19.982650 0.003512
2458713.200932 19.979418 0.003502
2458713.694000 19.987611 0.003528
2458714.187067 19.983088 0.003514
2458714.690660 19.983557 0.003515
2458715.183727 19.978604 0.003499
2458715.676794 19.976384 0.003492
2458716.180388 19.982421 0.003512
2458716.673455 19.982411 0.003512
2458717.166522 19.985642 0.003522
2458717.670116 19.983935 0.003516
2458718.163183 19.982759 0.003513
2458718.656250 19.984763 0.003519
2458719.159844 19.987901 0.003529
2458719.652911 19.980531 0.003505
2458720.145978 19.987451 0.003528
2458720.649571 19.983895 0.003516
2458721.142638 19.986791 0.003526
2458721.635706 19.983138 0.003514
2458722.139299 19.984065 0.003517
2458722.632366 19.983337 0.003515
2458723.125433 19.985073 0.003520
2458723.629027 19.983866 0.003516
2458724.122094 19.982122 0.003511
2458724.615161 19.985482 0.003521
2458725.118755 19.989143 0.003533
2458725.611822 19.988412 0.003531
2458726.104889 19.980889 0.003507
2458726.608482 19.980541 0.003505
2458727.101550 19.988031 0.003530
2458727.594617 19.983447 0.003515
2458728.098210 19.985452 0.003521
2458728.591277 19.984284 0.003518
2458729.084344 19.982053 0.003510
2458729.587938 19.984344 0.003518
2458730.081005 19.979070 0.003501
2458730.574072 19.977454 0.003496
2458731.077666 19.976215 0.003492
2458731.570733 19.979805 0.003503
2458732.063800 19.982640 0.003512
2458732.567394 19.977454 0.003496
2458733.060461 19.979885 0.003503
2458733.553528 19.980262 0.003505
2458734.057121 19.982779 0.003513
2458734.550188 19.986401 0.003524
2458735.043256 19.976334 0.003492
2458735.546849 19.983248 0.003514
2458736.039916 19.979190 0.003501
2458736.532983 19.985752 0.003522
2458737.036577 19.985702 0.003522
2458737.529644 19.987741 0.003529
2458738.022711 19.978763 0.003500
2458738.526305 19.985532 0.003522
2458739.019372 19.983696 0.003516
2458739.512439 19.988412 0.003531
2458740.016032 19.985442 0.003521
2458740.509100 19.982272 0.003511
2458741.002167 19.982560 0.003512
2458741.505760 19.979656 0.003503
2458741.998827 19.981863 0.003510
2458742.491894 19.986981 0.003526
2458742.995488 19.985382 0.003521
2458743.488555 19.983626 0.003515
2458743.981622 19.978644 0.003499
2458744.485216 19.986011 0.003523
2458744.978283 19.986471 0.003525
2458745.471350 19.982550 0.003512
2458745.974944 19.984634 0.003519
2458746.468011 19.983895 0.003516
2458746.961078 19.985063 0.003520
2458747.464671 19.976968 0.003494
2458747.957738 19.980739 0.003506
2458748.450806 19.986151 0.003524
2458748.954399 19.978564 0.003499
2458749.447466 19.985472 0.003521
2458749.940533 19.989193 0.003534
2458750.444127 19.985133 0.003520
2458750.937194 19.980103 0.003504
2458751.430261 19.980600 0.003506
2458751.933855 19.986301 0.003524
2458752.426922 19.983178 0.003514
2458752.919989 19.976146 0.003491
2458753.423582 19.988602 0.003532
2458753.916650 19.978713 0.003500
2458754.409717 19.978802 0.003500
2458754.913310 19.980034 0.003504
2458755.406377 19.980391 0.003505
2458755.899444 19.988131 0.003530
2458756.403038 19.984294 0.003518
2458756.896105 19.978693 0.003500
2458757.389172 19.983706 0.003516
2458757.892766 19.987731 0.003529
2458758.385833 19.981028 0.003507
2458758.878900 19.984404 0.003518
2458759.382494 19.984514 0.003518
2458759.875561 19.986621 0.003525
2458760.368628 19.984923 0.003520
2458760.872221 19.981903 0.003510
2458761.365288 19.978287 0.003498
2458761.858356 19.984484 0.003518
2458762.361949 19.977821 0.003497
2458762.855016 19.983945 0.003516
2458763.348083 19.981416 0.003508
2458763.851677 19.986791 0.003526
2458764.344744 19.987801 0.003529
2458764.837811 19.985133 0.003520
2458765.341405 19.982580 0.003512
2458765.834472 19.980859 0.003506
2458766.327539 19.980292 0.003505
2458766.831132 19.983497 0.003515
2458767.324200 19.988682 0.003532
2458767.817267 19.983238 0.003514
2458768.320860 19.977840 0.003497
2458768.813927 19.985652 0.003522
2458769.306994 19.982381 0.003511
2458769.810588 19.984225 0.003517
2458770.303655 19.984394 0.003518
2458770.796722 19.983138 0.003514
2458771.300316 19.982491 0.003512
2458771.793383 19.981247 0.003508
2458772.286450 19.984484 0.003518
2458772.790044 19.988642 0.003532
2458773.283111 19.980610 0.003506
2458773.776178 19.988011 0.003530
2458774.279771 19.984324 0.003518
2458774.772838 19.980322 0.003505
2458775.265906 19.980133 0.003504
2458775.769499 19.986831 0.003526
2458776.262566 19.981545 0.003509
2458776.755633 19.980213 0.003504
2458777.259227 19.990647 0.003538
2458777.752294 19.984125 0.003517
2458778.245361 19.984394 0.003518
2458778.748955 19.980570 0.003506
2458779.242022 19.984823 0.003519
2458779.735089 19.979875 0.003503
2458780.238682 19.978078 0.003498
2458780.731750 19.979398 0.003502
2458781.224817 19.982630 0.003512
2458781.728410 19.984504 0.003518
2458782.221477 19.981465 0.003508
2458782.714544 19.985172 0.003520
2458783.218138 19.985941 0.003523
2458783.711205 19.982471 0.003512
2459622.427944 19.980889 0.003507
2459622.921011 19.978862 0.003500
2459623.424605 19.983407 0.003515
2459623.917672 19.975068 0.003488
2459624.410739 19.990476 0.003538
2459624.914332 19.981346 0.003508
2459625.407400 19.982879 0.003513
2459625.900467 19.980938 0.003507
2459626.404060 19.981326 0.003508
2459626.897127 19.986551 0.003525
2459627.390194 19.986311 0.003524
2459627.893788 19.986931 0.003526
2459628.386855 19.982431 0.003512
2459628.879922 19.981804 0.003510
2459629.383516 19.981993 0.003510
2459629.876583 19.986111 0.003524
2459630.369650 19.979865 0.003503
2459630.873244 19.982421 0.003512
2459631.366311 19.981306 0.003508
2459631.859378 19.980948 0.003507
2459632.362971 19.979438 0.003502
2459632.856038 19.979309 0.003502
2459633.349106 19.984753 0.003519
2459633.852699 19.980312 0.003505
2459634.345766 19.983297 0.003514
2459634.838833 19.978515 0.003499
2459635.342427 19.976839 0.003494
2459635.835494 19.986061 0.003523
2459636.328561 19.984135 0.003517
2459636.832155 19.989143 0.003533
2459637.325222 19.986141 0.003524
2459637.818289 19.981247 0.003508
2459638.321882 19.981953 0.003510
2459638.814950 19.983527 0.003515
2459639.308017 19.983796 0.003516
2459639.811610 19.983576 0.003515
2459640.304677 19.986081 0.003523
2459640.797744 19.981018 0.003507
2459641.301338 19.986791 0.003526
2459641.794405 19.981555 0.003509
2459642.287472 19.985911 0.003523
2459642.791066 19.986081 0.003523
2459643.284133 19.975127 0.003488
2459643.777200 19.981844 0.003510
2459644.280794 19.982560 0.003512
2459644.773861 19.986551 0.003525
2459645.266928 19.988071 0.003530
2459645.770521 19.987011 0.003526
2459646.263588 19.981465 0.003508
2459646.756656 19.986521 0.003525
2459647.260249 19.982640 0.003512
2459647.753316 19.979775 0.003503
2459648.246383 19.983816 0.003516
2459648.749977 19.982043 0.003510
2459649.243044 19.980789 0.003506
2459649.736111 19.979229 0.003501
2459650.239705 19.987581 0.003528
2459650.732772 19.983387 0.003515
2459651.225839 19.982262 0.003511
2459651.729432 19.988512 0.003531
2459652.222500 19.986301 0.003524
2459652.715567 19.983606 0.003515
2459653.219160 19.980898 0.003507
2459653.712227 19.986081 0.003523
2459654.205294 19.982640 0.003512
2459654.708888 19.986271 0.003524
2459655.201955 19.982003 0.003510
2459655.695022 19.984713 0.003519
2459656.198616 19.981266 0.003508
2459656.691683 19.987651 0.003529
2459657.184750 19.979031 0.003501
2459657.688344 19.980272 0.003505
2459658.181411 19.980700 0.003506
2459658.674478 19.984344 0.003518
2459659.178071 19.980103 0.003504
2459659.671138 19.982680 0.003512
2459660.164206 19.980411 0.003505
2459660.667799 19.984514 0.003518
2459661.160866 19.988382 0.003531
2459661.653933 19.981963 0.003510
2459662.157527 19.984793 0.003519
2459662.650594 19.985242 0.003521
2459663.143661 19.982291 0.003511
2459663.647255 19.982550 0.003512
2459664.140322 19.987481 0.003528
2459664.633389 19.981704 0.003509
2459665.136982 19.980879 0.003507
2459665.630050 19.989734 0.003535
2459666.123117 19.984314 0.003518
2459666.626710 19.984853 0.003519
2459667.119777 19.981107 0.003507
2459667.612844 19.983656 0.003516
2459668.116438 19.983068 0.003514
2459668.609505 19.981893 0.003510
2459669.102572 19.977890 0.003497
2459669.606166 19.987211 0.003527
2459670.099233 19.985133 0.003520
2459670.592300 19.984544 0.003518
2459671.095894 19.988201 0.003530
2459671.588961 19.985802 0.003523
2459672.082028 19.986321 0.003524
2459672.585621 19.984045 0.003517
2459673.078688 19.981694 0.003509
2459673.571756 19.984713 0.003519
2459674.075349 19.989113 0.003533
2459674.568416 19.978981 0.003501
2459675.061483 19.991891 0.003542
2459675.565077 19.984235 0.003518
2459676.058144 19.980859 0.003507
2459676.551211 19.984185 0.003517
2459677.054805 19.986341 0.003524
2459677.547872 19.983268 0.003514
2459678.040939 19.986061 0.003523
2459678.544532 19.988932 0.003533
2459679.037600 19.982690 0.003513
2459679.530667 19.973506 0.003483
2459680.034260 19.982182 0.003511
2459680.527327 19.984374 0.003518
2459681.020394 19.977920 0.003497
2459681.523988 19.981177 0.003508
2459682.017055 19.981804 0.003510
2459682.510122 19.980739 0.003506
2459683.013716 19.985212 0.003521
2459683.506783 19.985612 0.003522
2459683.999850 19.981068 0.003507
2459684.503444 19.982491 0.003512
2459684.996511 19.983736 0.003516
2459685.489578 19.982909 0.003513
2459685.993171 19.983836 0.003516
2459686.486238 19.976988 0.003494
2459686.979306 19.984055 0.003517
2459687.482899 19.983925 0.003517
2459687.975966 19.983576 0.003515
2459688.469033 19.982590 0.003512
2459688.972627 19.979219 0.003501
2459689.465694 19.985602 0.003522
2459689.958761 19.984414 0.003518
2459690.462355 19.974662 0.003487
2459690.955422 19.988161 0.003530
2459691.448489 19.984005 0.003517
2459691.952082 19.979934 0.003504
2459692.445150 19.979329 0.003502
2459692.938217 19.979845 0.003503
2459693.441810 19.979537 0.003502
2459693.934877 19.981356 0.003508
2459807.647256 19.941991 0.003448
2459808.150849 19.942115 0.003452
2459808.643916 19.936890 0.003439
2459809.136983 19.929477 0.003420
2459809.640577 19.930948 0.003430
2459810.133644 19.934505 0.003446
2459810.626711 19.926267 0.003425
2459811.130305 19.933629 0.003454
2459811.623372 19.924793 0.003432
2459812.116439 19.916319 0.003412
2459812.620032 19.911392 0.003404
2459813.113100 19.907826 0.003400
2459813.606167 19.899455 0.003382
2459814.109760 19.894522 0.003375
2459814.602827 19.898505 0.003396
2459815.095894 19.886662 0.003369
2459815.599488 19.885105 0.003375
2459816.092555 19.879439 0.003369
2459816.585622 19.870025 0.003352
2459817.089216 19.859732 0.003333
2459817.582283 19.848355 0.003312
2459818.075350 19.842895 0.003310
2459818.578944 19.831961 0.003293
2459819.072011 19.825841 0.003291
2459819.565078 19.807660 0.003254
2459820.068671 19.799367 0.003249
2459820.561738 19.785177 0.003227
2459821.054806 19.774305 0.003216
2459821.558399 19.760435 0.003198
2459822.051466 19.740747 0.003165
2459822.544533 19.728007 0.003154
2459823.048127 19.703304 0.003110
2459823.541194 19.690688 0.003102
2459824.034261 19.676488 0.003092
2459824.537855 19.652756 0.003056
2459825.030922 19.630755 0.003027
2459825.523989 19.605997 0.002991
2459826.027582 19.591848 0.002987
2459826.520650 19.566004 0.002950
2459827.013717 19.545697 0.002930
2459827.517310 19.521840 0.002901
2459828.010377 19.503942 0.002886
2459828.503444 19.480148 0.002856
2459829.007038 19.452725 0.002814
2459829.500105 19.434960 0.002795
2459829.993172 19.423445 0.002789
2459830.496766 19.397632 0.002743
2459830.989833 19.397702 0.002757
2459831.482900 19.393184 0.002755
2459831.986494 19.391028 0.002753
2459832.479561 19.390734 0.002750
2459832.972628 19.397295 0.002758
2459833.476221 19.409028 0.002774
2459833.969288 19.421803 0.002788
2459834.462356 19.435790 0.002802
2459834.965949 19.453532 0.002820
2459835.459016 19.472944 0.002842
2459835.952083 19.491866 0.002860
2459836.455677 19.522048 0.002906
2459836.948744 19.539514 0.002918
2459837.441811 19.561197 0.002942
2459837.945405 19.589579 0.002985
2459838.438472 19.610915 0.003009
2459838.931539 19.628266 0.003024
2459839.435132 19.655331 0.003067
2459839.928200 19.670547 0.003078
2459840.421267 19.693271 0.003113
2459840.924860 19.710512 0.003133
2459841.417927 19.725976 0.003150
2459841.910994 19.740652 0.003167
2459842.414588 19.758457 0.003194
2459842.907655 19.768778 0.003202
2459843.400722 19.786606 0.003234
2459843.904316 19.785766 0.003219
2459844.397383 19.796368 0.003246
2459844.890450 19.826350 0.003277
2459845.394044 19.840970 0.003316
2459845.887111 19.839101 0.003297
2459846.380178 19.849632 0.003315
2459846.883771 19.857671 0.003326
2459847.376838 19.869747 0.003350
2459847.869906 19.867989 0.003333
2459848.373499 19.882840 0.003367
2459848.866566 19.888314 0.003374
2459849.359633 19.890434 0.003371
2459849.863227 19.899086 0.003388
2459850.356294 19.905412 0.003399
2459850.849361 19.908682 0.003402
2459851.352955 19.916984 0.003420
2459851.846022 19.919744 0.003422
2459852.339089 19.922473 0.003424
2459852.842682 19.926740 0.003431
2459853.335750 19.925530 0.003422
2459853.828817 19.929439 0.003429
2459854.332410 19.939423 0.003455
2459854.825477 19.936489 0.003441
2459855.318544 19.945219 0.003465
2459855.822138 19.942451 0.003452
2459856.315205 19.945094 0.003457
2459856.808272 19.948514 0.003464
2459857.311866 19.946682 0.003455
2459857.804933 19.945633 0.003448
2459858.298000 19.956166 0.003479
2459858.801594 19.955427 0.003474
2459859.294661 19.957157 0.003477
2459859.787728 19.955330 0.003468
2459860.291321 19.956603 0.003470
2459860.784388 19.964762 0.003494
2459861.277456 19.964929 0.003493
2459861.781049 19.972282 0.003515
2459862.274116 19.968806 0.003502
2459862.767183 19.971129 0.003507
2459863.270777 19.964684 0.003485
2459863.763844 19.963391 0.003479
2459864.256911 19.967125 0.003490
2459864.760505 19.967086 0.003489
2459865.253572 19.965115 0.003481
2459865.746639 19.968757 0.003492
2459866.250232 19.973091 0.003504
2459866.743300 19.965448 0.003479
2459867.236367 19.967351 0.003484
2459867.739960 19.972618 0.003500
2459868.233027 19.973753 0.003503
2459868.726094 19.975048 0.003506
2459869.229688 19.976780 0.003511
2459869.722755 19.974979 0.003504
2459870.215822 19.973842 0.003500
2459870.719416 19.976740 0.003508
2459871.212483 19.976522 0.003507
2459871.705550 19.973417 0.003496
2459872.209144 19.976483 0.003506
2459872.702211 19.981446 0.003521
2459873.195278 19.972746 0.003493
2459873.698871 19.976602 0.003505
2459874.191938 19.978247 0.003509
2459874.685006 19.979825 0.003514
2459875.188599 19.977345 0.003506
2459875.681666 19.978128 0.003508
2459876.174733 19.974040 0.003494
2459876.678327 19.976334 0.003501
2459877.171394 19.979597 0.003511
2459877.664461 19.984055 0.003525
2459878.168055 19.973951 0.003492
2459878.661122 19.979954 0.003512
2459879.154189 19.984394 0.003526
2459987.411250 19.985832 0.003523
2459987.904317 19.989253 0.003534
2459988.407910 19.980968 0.003507
2459988.900977 19.987111 0.003527
2459989.394044 19.984474 0.003518
2459989.897638 19.980083 0.003504
2459990.390705 19.984514 0.003518
2459990.883772 19.982849 0.003513
2459991.387366 19.985202 0.003521
2459991.880433 19.987061 0.003527
2459992.373500 19.984354 0.003518
2459992.877094 19.978743 0.003500
2459993.370161 19.982590 0.003512
2459993.863228 19.984594 0.003519
2459994.366821 19.979577 0.003502
2459994.859888 19.979001 0.003501
2459995.352956 19.988382 0.003531
2459995.856549 19.981625 0.003509
2459996.349616 19.989503 0.003535
2459996.842683 19.983048 0.003514
2459997.346277 19.978356 0.003498
2459997.839344 19.990015 0.003536
2459998.332411 19.984304 0.003518
2459998.836005 19.981326 0.003508
2459999.329072 19.982859 0.003513
2459999.822139 19.982630 0.003512
2460000.325732 19.982959 0.003513
2460000.818800 19.984763 0.003519
2460001.311867 19.986731 0.003526
2460001.815460 19.984245 0.003518
2460002.308527 19.984893 0.003520
2460002.801594 19.982072 0.003510
2460003.305188 19.984105 0.003517
2460003.798255 19.980938 0.003507
2460004.291322 19.978713 0.003500
2460004.794916 19.979358 0.003502
2460005.287983 19.987111 0.003527
2460005.781050 19.978683 0.003500
2460006.284644 19.976968 0.003494
2460006.777711 19.982182 0.003511
2460007.270778 19.979567 0.003502
2460007.774371 19.985442 0.003521
2460008.267438 19.984494 0.003518
2460008.760506 19.977474 0.003496
2460009.264099 19.983706 0.003516
2460009.757166 19.983397 0.003515
2460010.250233 19.978614 0.003499
2460010.753827 19.979537 0.003502
2460011.246894 19.976641 0.003493
2460011.739961 19.985772 0.003522
2460012.243555 19.983576 0.003515
2460012.736622 19.982690 0.003512
2460013.229689 19.984155 0.003517
2460013.733282 19.984793 0.003519
2460014.226350 19.977791 0.003497
2460014.719417 19.985642 0.003522
2460015.223010 19.982879 0.003513
2460015.716077 19.979835 0.003503
2460016.209144 19.986991 0.003526
2460016.712738 19.981993 0.003510
2460017.205805 19.981943 0.003510
2460017.698872 19.981664 0.003509
2460018.202466 19.974731 0.003487
2460018.695533 19.982909 0.003513
2460019.188600 19.989163 0.003533
2460019.692194 19.983367 0.003515
2460020.185261 19.987211 0.003527
2460020.678328 19.983507 0.003515
2460021.181921 19.983975 0.003517
2460021.674988 19.988992 0.003533
2460022.168056 19.974494 0.003486
2460022.671649 19.989213 0.003534
2460023.164716 19.983268 0.003514
2460023.657783 19.982431 0.003512
2460024.161377 19.984544 0.003518
2460024.654444 19.983497 0.003515
2460025.147511 19.978247 0.003498
2460025.651105 19.988271 0.003531
2460026.144172 19.981416 0.003508
2460026.637239 19.983317 0.003514
2460027.140832 19.974277 0.003485
2460027.633900 19.976602 0.003493
2460028.126967 19.982013 0.003510
2460028.630560 19.988532 0.003531
2460029.123627 19.984015 0.003517
2460029.616694 19.991349 0.003541
2460030.120288 19.980133 0.003504
2460030.613355 19.984683 0.003519
2460031.106422 19.981973 0.003510
2460031.610016 19.977265 0.003495
2460032.103083 19.990717 0.003539
2460032.596150 19.984584 0.003519
2460033.099744 19.984793 0.003519
2460033.592811 19.987841 0.003529
2460034.085878 19.980600 0.003506
2460034.589471 19.986651 0.003525
2460035.082538 19.982809 0.003513
2460035.575606 19.983756 0.003516
2460036.079199 19.987341 0.003528
2460036.572266 19.982640 0.003512
2460037.065333 19.980074 0.003504
2460037.568927 19.987831 0.003529
2460038.061994 19.983786 0.003516
2460038.555061 19.984065 0.003517
2460039.058655 19.985951 0.003523
2460039.551722 19.981605 0.003509
2460040.044789 19.984444 0.003518
2460040.548382 19.982252 0.003511
2460041.041450 19.979885 0.003503
2460041.534517 19.981595 0.003509
2460042.038110 19.984035 0.003517
2460042.531177 19.987051 0.003527
2460043.024244 19.983856 0.003516
2460043.527838 19.982739 0.003513
2460044.020905 19.985182 0.003521
2460044.513972 19.982809 0.003513
2460045.017566 19.979885 0.003503
2460045.510633 19.981446 0.003508
2460046.003700 19.986061 0.003523
2460046.507294 19.980729 0.003506
2460047.000361 19.980143 0.003504
2460047.493428 19.981654 0.003509
2460047.997021 19.982371 0.003511
2460048.490088 19.984105 0.003517
2460048.983156 19.980769 0.003506
2460049.486749 19.980869 0.003507
2460049.979816 19.984115 0.003517
2460050.472883 19.986161 0.003524
2460050.976477 19.986361 0.003524
2460051.469544 19.983337 0.003515
2460051.962611 19.980749 0.003506
2460052.466205 19.983238 0.003514
2460052.959272 19.981724 0.003509
2460053.452339 19.984833 0.003519
2460053.955932 19.985432 0.003521
2460054.449000 19.984534 0.003518
2460054.942067 19.982710 0.003513
2460055.445660 19.978217 0.003498
2460055.938727 19.988932 0.003533
2460056.431794 19.978049 0.003497
2460056.935388 19.987811 0.003529
2460057.428455 19.986801 0.003526
2460057.921522 19.990637 0.003538
2460058.425116 19.986461 0.003525
2460058.918183 19.986641 0.003525
