2458346.727899 21.730086 0.005980
2458347.220966 21.743132 0.006052
2458347.714033 21.733618 0.005999
2458348.217627 21.728048 0.005969
2458348.710694 21.728688 0.005972
2458349.203761 21.738130 0.006024
2458349.707355 21.725404 0.005954
2458350.200422 21.735959 0.006012
2458350.693489 21.738511 0.006027
2458351.197082 21.721552 0.005933
2458351.690150 21.731048 0.005985
2458352.183217 21.736751 0.006017
2458352.686810 21.732245 0.005992
2458353.179877 21.739745 0.006033
2458353.672944 21.729882 0.005979
2458354.176538 21.734817 0.006006
2458354.669605 21.720974 0.005930
2458355.162672 21.738570 0.006027
2458355.666266 21.731602 0.005988
2458356.159333 21.728834 0.005973
2458356.652400 21.732274 0.005992
2458357.155994 21.731778 0.005989
2458357.649061 21.733823 0.006001
2458358.142128 21.739246 0.006031
2458358.645721 21.721205 0.005931
2458359.138788 21.722970 0.005941
2458359.631856 21.724766 0.005951
2458360.135449 21.738100 0.006024
2458360.628516 21.728572 0.005972
2458361.121583 21.731398 0.005987
2458361.625177 21.730348 0.005981
2458362.118244 21.735578 0.006010
2458362.611311 21.729416 0.005976
2458363.114905 21.735022 0.006007
2458363.607972 21.720916 0.005930
2458364.101039 21.728601 0.005972
2458364.604632 21.736106 0.006013
2458365.097700 21.731427 0.005987
2458365.590767 21.727728 0.005967
2458366.094360 21.737924 0.006023
2458366.587427 21.731340 0.005987
2458367.080494 21.742306 0.006048
2458367.584088 21.731661 0.005989
2458368.077155 21.725811 0.005957
2458368.570222 21.731924 0.005990
2458369.073816 21.728484 0.005971
2458369.566883 21.724476 0.005949
2458370.059950 21.742631 0.006049
2458370.563544 21.729096 0.005975
2458371.056611 21.740245 0.006036
2458371.549678 21.738629 0.006027
2458372.053271 21.723578 0.005944
2458372.546338 21.721812 0.005935
2458373.039406 21.724158 0.005947
2458373.542999 21.730961 0.005985
2458374.036066 21.734144 0.006002
2458374.529133 21.731515 0.005988
2458375.032727 21.735959 0.006012
2458375.525794 21.728688 0.005972
2458376.018861 21.727612 0.005966
2458376.522455 21.728455 0.005971
2458377.015522 21.738687 0.006028
2458377.508589 21.727612 0.005966
2458378.012182 21.752254 0.006103
2458378.505250 21.735081 0.006008
2458378.998317 21.729474 0.005977
2458379.501910 21.738746 0.006028
2458379.994977 21.725172 0.005953
2458380.488044 21.728135 0.005969
2458380.991638 21.724882 0.005951
2458381.484705 21.733589 0.005999
2458381.977772 21.737249 0.006020
2458382.481366 21.731953 0.005990
2458382.974433 21.733472 0.005999
2458383.467500 21.740569 0.006038
2458383.971094 21.733472 0.005999
2458384.464161 21.739540 0.006032
2458384.957228 21.733764 0.006000
2458385.460821 21.733384 0.005998
2458385.953888 21.726653 0.005961
2458386.446956 21.736751 0.006017
2458386.950549 21.733735 0.006000
2458387.443616 21.737924 0.006023
2458387.936683 21.733823 0.006001
2458388.440277 21.744548 0.006060
2458388.933344 21.732770 0.005995
2458389.426411 21.720339 0.005927
2458389.930005 21.738746 0.006028
2458390.423072 21.741099 0.006041
2458390.916139 21.729270 0.005976
2458391.419732 21.734554 0.006005
2458391.912800 21.731748 0.005989
2458392.405867 21.730786 0.005984
2458392.909460 21.726537 0.005960
2458393.402527 21.732274 0.005992
2458393.895594 21.726188 0.005959
2458394.399188 21.738012 0.006024
2458394.892255 21.726798 0.005962
2458395.385322 21.727234 0.005964
2458395.888916 21.724302 0.005948
2458396.381983 21.731515 0.005988
2458396.875050 21.738453 0.006026
2458397.378644 21.731311 0.005987
2458397.871711 21.726885 0.005962
2458398.364778 21.719934 0.005924
2458398.868371 21.740775 0.006039
2458399.361438 21.727728 0.005967
2458399.854506 21.737220 0.006019
2458400.358099 21.736633 0.006016
2458400.851166 21.724244 0.005948
2458401.344233 21.726479 0.005960
2458401.847827 21.732858 0.005995
2458402.340894 21.722189 0.005937
2458402.833961 21.721234 0.005931
2458403.337555 21.729707 0.005978
2458403.830622 21.725172 0.005953
2458404.323689 21.730348 0.005981
2458404.827282 21.736194 0.006014
2458405.320350 21.734729 0.006006
2458405.813417 21.739981 0.006035
2458406.317010 21.728921 0.005974
2458406.810077 21.732011 0.005991
2458407.303144 21.733618 0.006000
2458407.806738 21.737073 0.006019
2458408.299805 21.734817 0.006006
2458408.792872 21.735256 0.006009
2458409.296466 21.733384 0.005998
2458409.789533 21.727699 0.005967
2458410.282600 21.729562 0.005977
2458410.786194 21.729824 0.005979
2458411.279261 21.731136 0.005986
2458411.772328 21.737953 0.006023
2458412.275921 21.734642 0.006005
2458412.768988 21.733413 0.005998
2458413.262056 21.736370 0.006015
2458413.765649 21.730669 0.005983
2458414.258716 21.724534 0.005950
2458414.751783 21.732478 0.005993
2458415.255377 21.737484 0.006021
2458415.748444 21.733910 0.006001
2458416.241511 21.728892 0.005973
2458416.745105 21.732478 0.005993
2458417.238172 21.736956 0.006018
2458417.731239 21.731894 0.005990
2458418.234832 21.719819 0.005924
2458526.481367 21.734700 0.006005
2458526.984960 21.741158 0.006041
2458527.478027 21.735608 0.006010
2458527.971094 21.738041 0.006024
2458528.474688 21.735256 0.006009
2458528.967755 21.732245 0.005992
2458529.460822 21.727525 0.005966
2458529.964416 21.726333 0.005959
2458530.457483 21.735461 0.006010
2458530.950550 21.725404 0.005954
2458531.454144 21.726682 0.005961
2458531.947211 21.732829 0.005995
2458532.440278 21.744637 0.006061
2458532.943871 21.733910 0.006001
2458533.436938 21.728717 0.005972
2458533.930006 21.738218 0.006025
2458534.433599 21.722362 0.005938
2458534.926666 21.726798 0.005962
2458535.419733 21.737425 0.006021
2458535.923327 21.730552 0.005983
2458536.416394 21.725724 0.005956
2458536.909461 21.736106 0.006013
2458537.413055 21.721552 0.005933
2458537.906122 21.737103 0.006019
2458538.399189 21.739128 0.006030
2458538.902782 21.740275 0.006036
2458539.395850 21.740628 0.006038
2458539.888917 21.739011 0.006029
2458540.392510 21.728834 0.005973
2458540.885577 21.726566 0.005961
2458541.378644 21.732361 0.005993
2458541.882238 21.725404 0.005954
2458542.375305 21.728892 0.005973
2458542.868372 21.736633 0.006016
2458543.371966 21.736428 0.006015
2458543.865033 21.731602 0.005988
2458544.358100 21.743486 0.006054
2458544.861694 21.728950 0.005974
2458545.354761 21.728601 0.005972
2458545.847828 21.733121 0.005997
2458546.351421 21.730844 0.005984
2458546.844488 21.726914 0.005963
2458547.337556 21.734144 0.006002
2458547.841149 21.722478 0.005938
2458548.334216 21.737777 0.006023
2458548.827283 21.731894 0.005990
2458549.330877 21.728892 0.005973
2458549.823944 21.721812 0.005935
2458550.317011 21.738629 0.006027
2458550.820605 21.735813 0.006012
2458551.313672 21.733530 0.005999
2458551.806739 21.729795 0.005978
2458552.310332 21.731632 0.005989
2458552.803400 21.729532 0.005977
2458553.296467 21.728630 0.005972
2458553.800060 21.733969 0.006001
2458554.293127 21.734232 0.006003
2458554.786194 21.739510 0.006032
2458555.289788 21.740392 0.006037
2458555.782855 21.735344 0.006009
2458556.275922 21.732537 0.005994
2458556.779516 21.725608 0.005955
2458557.272583 21.741128 0.006041
2458557.765650 21.730348 0.005981
2458558.269244 21.728019 0.005969
2458558.762311 21.732157 0.005991
2458559.255378 21.729299 0.005976
2458559.758971 21.722131 0.005936
2458560.252038 21.723086 0.005942
2458560.745106 21.742395 0.006048
2458561.248699 21.745849 0.006067
2458561.741766 21.731165 0.005986
2458562.234833 21.734115 0.006002
2458562.738427 21.732361 0.005993
2458563.231494 21.722275 0.005937
2458563.724561 21.722044 0.005936
2458564.228155 21.728630 0.005972
2458564.721222 21.726421 0.005960
2458565.214289 21.733939 0.006001
2458565.717882 21.733150 0.005997
2458566.210950 21.726333 0.005959
2458566.704017 21.732478 0.005993
2458567.207610 21.735461 0.006010
2458567.700677 21.723723 0.005945
2458568.193744 21.742896 0.006051
2458568.697338 21.731457 0.005988
2458569.190405 21.734261 0.006003
2458569.683472 21.730115 0.005980
2458570.187066 21.738658 0.006027
2458570.680133 21.732595 0.005994
2458571.173200 21.735666 0.006011
2458571.676794 21.732478 0.005993
2458572.169861 21.729270 0.005976
2458572.662928 21.733559 0.005999
2458573.166521 21.729562 0.005977
2458573.659588 21.733501 0.005999
2458574.152656 21.729503 0.005977
2458574.656249 21.735051 0.006007
2458575.149316 21.740598 0.006038
2458575.642383 21.730611 0.005983
2458576.145977 21.736545 0.006016
2458576.639044 21.731194 0.005986
2458577.132111 21.738629 0.006027
2458577.635705 21.726595 0.005961
2458578.128772 21.729125 0.005975
2458578.621839 21.738071 0.006024
2458579.125432 21.734846 0.006006
2458579.618500 21.734583 0.006005
2458580.111567 21.738130 0.006024
2458580.615160 21.736135 0.006013
2458581.108227 21.740157 0.006036
2458581.601294 21.719357 0.005921
2458582.104888 21.745464 0.006065
2458582.597955 21.726885 0.005962
2458583.091022 21.736135 0.006013
2458583.594616 21.728979 0.005974
2458584.087683 21.740804 0.006039
2458584.580750 21.739393 0.006031
2458585.084344 21.728223 0.005970
2458585.577411 21.739775 0.006034
2458586.070478 21.730203 0.005981
2458586.574071 21.728630 0.005972
2458587.067138 21.733530 0.005999
2458587.560206 21.732712 0.005994
2458588.063799 21.736780 0.006017
2458588.556866 21.748661 0.006083
2458589.049933 21.726101 0.005958
2458589.553527 21.739569 0.006032
2458590.046594 21.732099 0.005991
2458590.539661 21.728979 0.005974
2458591.043255 21.718665 0.005917
2458591.536322 21.732274 0.005992
2458592.029389 21.722333 0.005937
2458592.532982 21.744785 0.006062
2458593.026050 21.742306 0.006048
2458593.519117 21.734642 0.006005
2458594.022710 21.723665 0.005945
2458594.515777 21.735461 0.006010
2458595.008844 21.724853 0.005951
2458595.512438 21.734320 0.006003
2458596.005505 21.724708 0.005950
2458596.498572 21.730407 0.005982
2458597.002166 21.732887 0.005995
2458597.495233 21.732274 0.005992
2458597.988300 21.738453 0.006026
2458712.204272 21.735930 0.006012
2458712.697339 21.732449 0.005993
2458713.200932 21.732303 0.005992
2458713.694000 21.725549 0.005955
2458714.187067 21.727990 0.005968
2458714.690660 21.724650 0.005950
2458715.183727 21.735725 0.006011
2458715.676794 21.734320 0.006003
2458716.180388 21.741629 0.006044
2458716.673455 21.742690 0.006050
2458717.166522 21.726246 0.005959
2458717.670116 21.727147 0.005964
2458718.163183 21.725172 0.005953
2458718.656250 21.737455 0.006021
2458719.159844 21.737513 0.006021
2458719.652911 21.734144 0.006002
2458720.145978 21.746233 0.006070
2458720.649571 21.735110 0.006008
2458721.142638 21.734525 0.006005
2458721.635706 21.730931 0.005985
2458722.139299 21.726508 0.005960
2458722.632366 21.739510 0.006032
2458723.125433 21.725579 0.005955
2458723.629027 21.730582 0.005983
2458724.122094 21.722999 0.005941
2458724.615161 21.734378 0.006004
2458725.118755 21.733355 0.005998
2458725.611822 21.733063 0.005996
2458726.104889 21.731836 0.005990
2458726.608482 21.726362 0.005960
2458727.101550 21.737807 0.006023
2458727.594617 21.720339 0.005927
2458728.098210 21.727990 0.005968
2458728.591277 21.737073 0.006019
2458729.084344 21.731106 0.005986
2458729.587938 21.736106 0.006013
2458730.081005 21.730757 0.005984
2458730.574072 21.729678 0.005978
2458731.077666 21.730961 0.005985
2458731.570733 21.728514 0.005971
2458732.063800 21.728281 0.005970
2458732.567394 21.728892 0.005973
2458733.060461 21.731602 0.005988
2458733.553528 21.736897 0.006018
2458734.057121 21.742601 0.006049
2458734.550188 21.738159 0.006025
2458735.043256 21.732391 0.005993
2458735.546849 21.726217 0.005959
2458736.039916 21.729911 0.005979
2458736.532983 21.739422 0.006032
2458737.036577 21.737689 0.006022
2458737.529644 21.721841 0.005935
2458738.022711 21.733296 0.005998
2458738.526305 21.731836 0.005990
2458739.019372 21.726827 0.005962
2458739.512439 21.723086 0.005942
2458740.016032 21.738218 0.006025
2458740.509100 21.727699 0.005967
2458741.002167 21.714319 0.005894
2458741.505760 21.736575 0.006016
2458741.998827 21.732420 0.005993
2458742.491894 21.739951 0.006035
2458742.995488 21.740098 0.006035
2458743.488555 21.733238 0.005997
2458743.981622 21.734290 0.006003
2458744.485216 21.730261 0.005981
2458744.978283 21.724737 0.005951
2458745.471350 21.731924 0.005990
2458745.974944 21.732946 0.005996
2458746.468011 21.733676 0.006000
2458746.961078 21.727932 0.005968
2458747.464671 21.729766 0.005978
2458747.957738 21.737719 0.006022
2458748.450806 21.730990 0.005985
2458748.954399 21.728572 0.005972
2458749.447466 21.717627 0.005912
2458749.940533 21.736985 0.006018
2458750.444127 21.737572 0.006021
2458750.937194 21.740245 0.006036
2458751.430261 21.729882 0.005979
2458751.933855 21.729183 0.005975
2458752.426922 21.738981 0.006029
2458752.919989 21.729183 0.005975
2458753.423582 21.734671 0.006005
2458753.916650 21.729999 0.005980
2458754.409717 21.738746 0.006028
2458754.913310 21.730115 0.005980
2458755.406377 21.740039 0.006035
2458755.899444 21.731544 0.005988
2458756.403038 21.731602 0.005988
2458756.896105 21.734846 0.006006
2458757.389172 21.736194 0.006014
2458757.892766 21.739540 0.006032
2458758.385833 21.731865 0.005990
2458758.878900 21.744696 0.006061
2458759.382494 21.738453 0.006026
2458759.875561 21.729620 0.005977
2458760.368628 21.738658 0.006027
2458760.872221 21.737660 0.006022
2458761.365288 21.726711 0.005961
2458761.858356 21.735198 0.006008
2458762.361949 21.729853 0.005979
2458762.855016 21.734876 0.006006
2458763.348083 21.732653 0.005994
2458763.851677 21.726479 0.005960
2458764.344744 21.732420 0.005993
2458764.837811 21.738922 0.006029
2458765.341405 21.724158 0.005947
2458765.834472 21.730786 0.005984
2458766.327539 21.743574 0.006055
2458766.831132 21.729416 0.005976
2458767.324200 21.723230 0.005942
2458767.817267 21.737015 0.006018
2458768.320860 21.728717 0.005972
2458768.813927 21.744194 0.006058
2458769.306994 21.738188 0.006025
2458769.810588 21.736282 0.006014
2458770.303655 21.735373 0.006009
2458770.796722 21.732712 0.005994
2458771.300316 21.726014 0.005958
2458771.793383 21.724853 0.005951
2458772.286450 21.725549 0.005955
2458772.790044 21.732829 0.005995
2458773.283111 21.727496 0.005966
2458773.776178 21.725085 0.005953
2458774.279771 21.728484 0.005971
2458774.772838 21.732770 0.005995
2458775.265906 21.720859 0.005929
2458775.769499 21.735256 0.006009
2458776.262566 21.728543 0.005972
2458776.755633 21.738629 0.006027
2458777.259227 21.726914 0.005963
2458777.752294 21.747772 0.006078
2458778.245361 21.731077 0.005985
2458778.748955 21.732040 0.005991
2458779.242022 21.734232 0.006003
2458779.735089 21.724302 0.005948
2458780.238682 21.721957 0.005935
2458780.731750 21.730990 0.005985
2458781.224817 21.732069 0.005991
2458781.728410 21.730407 0.005982
2458782.221477 21.736985 0.006018
2458782.714544 21.733472 0.005999
2458783.218138 21.722796 0.005940
2458783.711205 21.724331 0.005948
2459622.427944 21.723781 0.005945
2459622.921011 21.740451 0.006037
2459623.424605 21.738776 0.006028
2459623.917672 21.724882 0.005951
2459624.410739 21.736194 0.006014
2459624.914332 21.735227 0.006008
2459625.407400 21.725433 0.005954
2459625.900467 21.725114 0.005953
2459626.404060 21.735637 0.006011
2459626.897127 21.731165 0.005986
2459627.390194 21.731982 0.005990
2459627.893788 21.732157 0.005991
2459628.386855 21.728834 0.005973
2459628.879922 21.728543 0.005972
2459629.383516 21.735139 0.006008
2459629.876583 21.726856 0.005962
2459630.369650 21.728455 0.005971
2459630.873244 21.734027 0.006002
2459631.366311 21.745080 0.006063
2459631.859378 21.731924 0.005990
2459632.362971 21.721119 0.005931
2459632.856038 21.720367 0.005927
2459633.349106 21.736487 0.006015
2459633.852699 21.746795 0.006073
2459634.345766 21.734027 0.006002
2459634.838833 21.742277 0.006048
2459635.342427 21.737044 0.006018
2459635.835494 21.730961 0.005985
2459636.328561 21.731427 0.005987
2459636.832155 21.734759 0.006006
2459637.325222 21.734788 0.006006
2459637.818289 21.730203 0.005981
2459638.321882 21.726275 0.005959
2459638.814950 21.726914 0.005963
2459639.308017 21.738687 0.006028
2459639.811610 21.728484 0.005971
2459640.304677 21.727496 0.005966
2459640.797744 21.735608 0.006011
2459641.301338 21.745760 0.006067
2459641.794405 21.736106 0.006013
2459642.287472 21.727554 0.005966
2459642.791066 21.734583 0.006005
2459643.284133 21.727496 0.005966
2459643.777200 21.738629 0.006027
2459644.280794 21.734846 0.006006
2459644.773861 21.733384 0.005998
2459645.266928 21.735549 0.006010
2459645.770521 21.725579 0.005955
2459646.263588 21.727845 0.005968
2459646.756656 21.721494 0.005933
2459647.260249 21.731515 0.005988
2459647.753316 21.730436 0.005982
2459648.246383 21.734086 0.006002
2459648.749977 21.731311 0.005987
2459649.243044 21.730261 0.005981
2459649.736111 21.737015 0.006018
2459650.239705 21.735139 0.006008
2459650.732772 21.737983 0.006024
2459651.225839 21.736399 0.006015
2459651.729432 21.739481 0.006032
2459652.222500 21.736106 0.006013
2459652.715567 21.735081 0.006008
2459653.219160 21.734232 0.006003
2459653.712227 21.729008 0.005974
2459654.205294 21.723868 0.005946
2459654.708888 21.731165 0.005986
2459655.201955 21.724447 0.005949
2459655.695022 21.735637 0.006011
2459656.198616 21.737865 0.006023
2459656.691683 21.727176 0.005964
2459657.184750 21.728223 0.005970
2459657.688344 21.745553 0.006066
2459658.181411 21.726943 0.005963
2459658.674478 21.730261 0.005981
2459659.178071 21.724592 0.005950
2459659.671138 21.730902 0.005985
2459660.164206 21.740922 0.006040
2459660.667799 21.726711 0.005962
2459661.160866 21.739128 0.006030
2459661.653933 21.724911 0.005952
2459662.157527 21.733530 0.005999
2459662.650594 21.731106 0.005986
2459663.143661 21.725143 0.005953
2459663.647255 21.731807 0.005990
2459664.140322 21.735168 0.006008
2459664.633389 21.735461 0.006010
2459665.136982 21.732274 0.005992
2459665.630050 21.736018 0.006013
2459666.123117 21.732186 0.005992
2459666.626710 21.730757 0.005984
2459667.119777 21.737455 0.006021
2459667.612844 21.734964 0.006007
2459668.116438 21.730902 0.005985
2459668.609505 21.729707 0.005979
2459669.102572 21.731865 0.005991
2459669.606166 21.730844 0.005985
2459670.099233 21.725230 0.005955
2459670.592300 21.732478 0.005995
2459671.095894 21.730873 0.005986
2459671.588961 21.731515 0.005990
2459672.082028 21.732800 0.005998
2459672.585621 21.727408 0.005969
2459673.078688 21.725085 0.005957
2459673.571756 21.730436 0.005988
2459674.075349 21.721870 0.005943
2459674.568416 21.741246 0.006053
2459675.061483 21.725433 0.005969
2459675.565077 21.725346 0.005975
2459676.058144 21.718348 0.005945
2459676.551211 21.725346 0.005995
2459677.054805 21.705025 0.005903
2459677.547872 21.688605 0.005841
2459678.040939 21.681448 0.005840
2459678.544532 21.662773 0.005792
2459679.037600 21.644603 0.005750
2459679.530667 21.629066 0.005705
2459680.034260 21.633696 0.005725
2459680.527327 21.642262 0.005727
2459681.020394 21.665598 0.005796
2459681.523988 21.685580 0.005854
2459682.017055 21.696572 0.005878
2459682.510122 21.712827 0.005941
2459683.013716 21.716073 0.005942
2459683.506783 21.720512 0.005955
2459683.999850 21.721234 0.005951
2459684.503444 21.719934 0.005938
2459684.996511 21.729416 0.005987
2459685.489578 21.733998 0.006010
2459685.993171 21.724331 0.005954
2459686.486238 21.731632 0.005993
2459686.979306 21.737572 0.006025
2459687.482899 21.725433 0.005957
2459687.975966 21.732186 0.005994
2459688.469033 21.724505 0.005951
2459688.972627 21.729008 0.005976
2459689.465694 21.737191 0.006021
2459689.958761 21.725201 0.005954
2459690.462355 21.733735 0.006001
2459690.955422 21.720136 0.005926
2459691.448489 21.736340 0.006015
2459691.952082 21.724679 0.005951
2459692.445150 21.738687 0.006028
2459692.938217 21.731398 0.005988
2459693.441810 21.741953 0.006046
2459693.934877 21.727786 0.005968
2459807.647256 21.734320 0.006003
2459808.150849 21.736692 0.006017
2459808.643916 21.730902 0.005985
2459809.136983 21.737161 0.006019
2459809.640577 21.741599 0.006044
2459810.133644 21.724824 0.005951
2459810.626711 21.727786 0.005967
2459811.130305 21.733004 0.005996
2459811.623372 21.728688 0.005972
2459812.116439 21.726101 0.005958
2459812.620032 21.741069 0.006041
2459813.113100 21.731457 0.005988
2459813.606167 21.732361 0.005993
2459814.109760 21.727786 0.005967
2459814.602827 21.729620 0.005977
2459815.095894 21.734671 0.006005
2459815.599488 21.731836 0.005990
2459816.092555 21.731398 0.005987
2459816.585622 21.744371 0.006059
2459817.089216 21.732946 0.005996
2459817.582283 21.723752 0.005945
2459818.075350 21.736194 0.006014
2459818.578944 21.727060 0.005963
2459819.072011 21.740981 0.006040
2459819.565078 21.737836 0.006023
2459820.068671 21.725869 0.005957
2459820.561738 21.730057 0.005980
2459821.054806 21.720801 0.005929
2459821.558399 21.732712 0.005994
2459822.051466 21.746766 0.006073
2459822.544533 21.745908 0.006068
2459823.048127 21.729620 0.005977
2459823.541194 21.729795 0.005978
2459824.034261 21.728426 0.005971
2459824.537855 21.733267 0.005998
2459825.030922 21.735315 0.006009
2459825.523989 21.729212 0.005975
2459826.027582 21.728572 0.005972
2459826.520650 21.725666 0.005956
2459827.013717 21.741393 0.006043
2459827.517310 21.733706 0.006000
2459828.010377 21.729532 0.005977
2459828.503444 21.735696 0.006011
2459829.007038 21.723491 0.005944
2459829.500105 21.732420 0.005993
2459829.993172 21.733150 0.005997
2459830.496766 21.728048 0.005969
2459830.989833 21.730786 0.005984
2459831.482900 21.735110 0.006008
2459831.986494 21.727612 0.005966
2459832.479561 21.734115 0.006002
2459832.972628 21.737601 0.006022
2459833.476221 21.723115 0.005942
2459833.969288 21.737425 0.006021
2459834.462356 21.745435 0.006065
2459834.965949 21.744962 0.006063
2459835.459016 21.729270 0.005976
2459835.952083 21.734759 0.006006
2459836.455677 21.734905 0.006007
2459836.948744 21.740481 0.006038
2459837.441811 21.729183 0.005975
2459837.945405 21.738981 0.006029
2459838.438472 21.739393 0.006031
2459838.931539 21.717310 0.005910
2459839.435132 21.737777 0.006023
2459839.928200 21.724592 0.005950
2459840.421267 21.741069 0.006041
2459840.924860 21.738541 0.006027
2459841.417927 21.730961 0.005985
2459841.910994 21.729999 0.005980
2459842.414588 21.736545 0.006016
2459842.907655 21.731369 0.005987
2459843.400722 21.730203 0.005981
2459843.904316 21.743840 0.006056
2459844.397383 21.737425 0.006021
2459844.890450 21.731427 0.005987
2459845.394044 21.732128 0.005991
2459845.887111 21.734261 0.006003
2459846.380178 21.731486 0.005988
2459846.883771 21.729212 0.005975
2459847.376838 21.730786 0.005984
2459847.869906 21.732507 0.005993
2459848.373499 21.738805 0.006028
2459848.866566 21.723520 0.005944
2459849.359633 21.732507 0.005993
2459849.863227 21.737807 0.006023
2459850.356294 21.733676 0.006000
2459850.849361 21.731778 0.005989
2459851.352955 21.730669 0.005983
2459851.846022 21.716878 0.005908
2459852.339089 21.744962 0.006063
2459852.842682 21.729969 0.005979
2459853.335750 21.732361 0.005993
2459853.828817 21.742925 0.006051
2459854.332410 21.734203 0.006003
2459854.825477 21.728717 0.005972
2459855.318544 21.730582 0.005983
2459855.822138 21.736839 0.006017
2459856.315205 21.732245 0.005992
2459856.808272 21.728543 0.005972
2459857.311866 21.726449 0.005960
2459857.804933 21.738482 0.006026
2459858.298000 21.725027 0.005952
2459858.801594 21.722825 0.005940
2459859.294661 21.732537 0.005994
2459859.787728 21.724071 0.005947
2459860.291321 21.727379 0.005965
2459860.784388 21.733033 0.005996
2459861.277456 21.737484 0.006021
2459861.781049 21.734846 0.006006
2459862.274116 21.731077 0.005985
2459862.767183 21.728717 0.005972
2459863.270777 21.728950 0.005974
2459863.763844 21.728252 0.005970
2459864.256911 21.731748 0.005989
2459864.760505 21.720830 0.005929
2459865.253572 21.732916 0.005996
2459865.746639 21.728688 0.005972
2459866.250232 21.730669 0.005983
2459866.743300 21.725782 0.005956
2459867.236367 21.729358 0.005976
2459867.739960 21.719790 0.005924
2459868.233027 21.727263 0.005964
2459868.726094 21.726188 0.005959
2459869.229688 21.732741 0.005995
2459869.722755 21.730523 0.005982
2459870.215822 21.740657 0.006039
2459870.719416 21.734964 0.006007
2459871.212483 21.732361 0.005993
2459871.705550 21.728077 0.005969
2459872.209144 21.742660 0.006050
2459872.702211 21.729678 0.005978
2459873.195278 21.734027 0.006002
2459873.698871 21.735578 0.006010
2459874.191938 21.725869 0.005957
2459874.685006 21.733413 0.005998
2459875.188599 21.732653 0.005994
2459875.681666 21.724795 0.005951
2459876.174733 21.740804 0.006039
2459876.678327 21.728223 0.005970
2459877.171394 21.735461 0.006010
2459877.664461 21.733939 0.006001
2459878.168055 21.723665 0.005945
2459878.661122 21.731836 0.005990
2459879.154189 21.728514 0.005971
2459987.411250 21.728368 0.005971
2459987.904317 21.733296 0.005998
2459988.407910 21.742807 0.006050
2459988.900977 21.732800 0.005995
2459989.394044 21.726914 0.005963
2459989.897638 21.741040 0.006041
2459990.390705 21.734232 0.006003
2459990.883772 21.730961 0.005985
2459991.387366 21.742188 0.006047
2459991.880433 21.737924 0.006023
2459992.373500 21.729620 0.005977
2459992.877094 21.723259 0.005943
2459993.370161 21.724158 0.005947
2459993.863228 21.743456 0.006054
2459994.366821 21.737044 0.006018
2459994.859888 21.731544 0.005988
2459995.352956 21.726798 0.005962
2459995.856549 21.719646 0.005923
2459996.349616 21.735578 0.006010
2459996.842683 21.736340 0.006015
2459997.346277 21.742866 0.006051
2459997.839344 21.726072 0.005958
2459998.332411 21.728950 0.005974
2459998.836005 21.732800 0.005995
2459999.329072 21.727815 0.005968
2459999.822139 21.728077 0.005969
2460000.325732 21.745908 0.006068
2460000.818800 21.720801 0.005929
2460001.311867 21.726653 0.005961
2460001.815460 21.724940 0.005952
2460002.308527 21.728601 0.005972
2460002.801594 21.728979 0.005974
2460003.305188 21.739804 0.006034
2460003.798255 21.728717 0.005972
2460004.291322 21.732712 0.005994
2460004.794916 21.732829 0.005995
2460005.287983 21.727467 0.005966
2460005.781050 21.733735 0.006000
2460006.284644 21.732741 0.005995
2460006.777711 21.724100 0.005947
2460007.270778 21.729591 0.005977
2460007.774371 21.733413 0.005998
2460008.267438 21.730348 0.005981
2460008.760506 21.728077 0.005969
2460009.264099 21.735725 0.006011
2460009.757166 21.735022 0.006007
2460010.250233 21.735666 0.006011
2460010.753827 21.734173 0.006003
2460011.246894 21.722941 0.005941
2460011.739961 21.730640 0.005983
2460012.243555 21.721350 0.005932
2460012.736622 21.735725 0.006011
2460013.229689 21.733881 0.006001
2460013.733282 21.722623 0.005939
2460014.226350 21.726537 0.005960
2460014.719417 21.738100 0.006024
2460015.223010 21.731340 0.005987
2460015.716077 21.732420 0.005993
2460016.209144 21.730523 0.005982
2460016.712738 21.721321 0.005932
2460017.205805 21.732537 0.005994
2460017.698872 21.728455 0.005971
2460018.202466 21.736751 0.006017
2460018.695533 21.734203 0.006003
2460019.188600 21.725521 0.005955
2460019.692194 21.733501 0.005999
2460020.185261 21.724940 0.005952
2460020.678328 21.735022 0.006007
2460021.181921 21.730757 0.005984
2460021.674988 21.733852 0.006001
2460022.168056 21.729038 0.005974
2460022.671649 21.730319 0.005981
2460023.164716 21.748780 0.006084
2460023.657783 21.719934 0.005924
2460024.161377 21.729999 0.005980
2460024.654444 21.723781 0.005945
2460025.147511 21.741452 0.006043
2460025.651105 21.728135 0.005969
2460026.144172 21.734964 0.006007
2460026.637239 21.733413 0.005998
2460027.140832 21.728630 0.005972
2460027.633900 21.725230 0.005953
2460028.126967 21.740098 0.006035
2460028.630560 21.733559 0.005999
2460029.123627 21.736457 0.006015
2460029.616694 21.732537 0.005994
2460030.120288 21.735344 0.006009
2460030.613355 21.733004 0.005996
2460031.106422 21.742247 0.006047
2460031.610016 21.726072 0.005958
2460032.103083 21.737689 0.006022
2460032.596150 21.728077 0.005969
2460033.099744 21.739716 0.006033
2460033.592811 21.735901 0.006012
2460034.085878 21.730290 0.005981
2460034.589471 21.721061 0.005931
2460035.082538 21.722536 0.005939
2460035.575606 21.726130 0.005958
2460036.079199 21.725782 0.005956
2460036.572266 21.731194 0.005986
2460037.065333 21.726508 0.005960
2460037.568927 21.735051 0.006007
2460038.061994 21.728892 0.005973
2460038.555061 21.726827 0.005962
2460039.058655 21.730436 0.005982
2460039.551722 21.714061 0.005892
2460040.044789 21.729067 0.005974
2460040.548382 21.738541 0.006027
2460041.041450 21.727496 0.005966
2460041.534517 21.724302 0.005948
2460042.038110 21.729969 0.005979
2460042.531177 21.730786 0.005984
2460043.024244 21.732361 0.005993
2460043.527838 21.728717 0.005972
2460044.020905 21.743073 0.006052
2460044.513972 21.734495 0.006004
2460045.017566 21.722275 0.005937
2460045.510633 21.724621 0.005950
2460046.003700 21.737455 0.006021
2460046.507294 21.729562 0.005977
2460047.000361 21.743250 0.006053
2460047.493428 21.723028 0.005941
2460047.997021 21.738511 0.006027
2460048.490088 21.730902 0.005985
2460048.983156 21.739246 0.006031
2460049.486749 21.734964 0.006007
2460049.979816 21.734144 0.006002
2460050.472883 21.741334 0.006042
2460050.976477 21.736164 0.006014
2460051.469544 21.728397 0.005971
2460051.962611 21.729474 0.005977
2460052.466205 21.738364 0.006026
2460052.959272 21.724273 0.005948
2460053.452339 21.731807 0.005989
2460053.955932 21.731398 0.005987
2460054.449000 21.741776 0.006045
2460054.942067 21.726130 0.005958
2460055.445660 21.728514 0.005971
2460055.938727 21.735989 0.006013
2460056.431794 21.719732 0.005923
2460056.935388 21.730698 0.005983
2460057.428455 21.720483 0.005927
2460057.921522 21.731632 0.005989
2460058.425116 21.727263 0.005964
2460058.918183 21.734700 0.006005
