2458346.727899 23.340145 0.011990
2458347.220966 23.339748 0.011985
2458347.714033 23.353552 0.012139
2458348.217627 23.329065 0.011868
2458348.710694 23.347529 0.012072
2458349.203761 23.331233 0.011892
2458349.707355 23.337563 0.011961
2458350.200422 23.359812 0.012209
2458350.693489 23.336274 0.011947
2458351.197082 23.349733 0.012096
2458351.690150 23.336869 0.011954
2458352.183217 23.330346 0.011882
2458352.686810 23.350135 0.012101
2458353.179877 23.336770 0.011953
2458353.672944 23.328082 0.011857
2458354.176538 23.342734 0.012018
2458354.669605 23.323959 0.011812
2458355.162672 23.329656 0.011875
2458355.666266 23.329262 0.011870
2458356.159333 23.347829 0.012075
2458356.652400 23.349733 0.012096
2458357.155994 23.333306 0.011915
2458357.649061 23.335977 0.011944
2458358.142128 23.343930 0.012032
2458358.645721 23.333207 0.011913
2458359.138788 23.354459 0.012149
2458359.631856 23.362245 0.012236
2458360.135449 23.349132 0.012089
2458360.628516 23.324253 0.011816
2458361.121583 23.332022 0.011900
2458361.625177 23.367025 0.012290
2458362.118244 23.326706 0.011842
2458362.611311 23.338754 0.011974
2458363.114905 23.335680 0.011941
2458363.607972 23.349031 0.012088
2458364.101039 23.345628 0.012051
2458364.604632 23.348731 0.012085
2458365.097700 23.337761 0.011964
2458365.590767 23.339748 0.011985
2458366.094360 23.343731 0.012029
2458366.587427 23.346328 0.012058
2458367.080494 23.348530 0.012083
2458367.584088 23.327787 0.011854
2458368.077155 23.338953 0.011977
2458368.570222 23.333405 0.011916
2458369.073816 23.322980 0.011802
2458369.566883 23.325234 0.011826
2458370.059950 23.322980 0.011802
2458370.563544 23.355366 0.012159
2458371.056611 23.359609 0.012207
2458371.549678 23.328770 0.011865
2458372.053271 23.358699 0.012196
2458372.546338 23.362346 0.012237
2458373.039406 23.349232 0.012091
2458373.542999 23.344430 0.012037
2458374.036066 23.348129 0.012078
2458374.529133 23.335482 0.011938
2458375.032727 23.317902 0.011747
2458375.525794 23.343930 0.012032
2458376.018861 23.355971 0.012166
2458376.522455 23.340145 0.011990
2458377.015522 23.332022 0.011900
2458377.508589 23.354559 0.012150
2458378.012182 23.322686 0.011799
2458378.505250 23.344929 0.012043
2458378.998317 23.365599 0.012274
2458379.501910 23.335185 0.011935
2458379.994977 23.337166 0.011957
2458380.488044 23.353150 0.012134
2458380.991638 23.344430 0.012037
2458381.484705 23.369372 0.012317
2458381.977772 23.335878 0.011943
2458382.481366 23.355668 0.012162
2458382.974433 23.361230 0.012225
2458383.467500 23.341140 0.012001
2458383.971094 23.340245 0.011991
2458384.464161 23.363463 0.012250
2458384.957228 23.327393 0.011850
2458385.460821 23.341837 0.012009
2458385.953888 23.368453 0.012307
2458386.446956 23.354358 0.012148
2458386.950549 23.337761 0.011964
2458387.443616 23.330937 0.011889
2458387.936683 23.340543 0.011994
2458388.440277 23.361940 0.012233
2458388.933344 23.334393 0.011926
2458389.426411 23.330838 0.011887
2458389.930005 23.313916 0.011704
2458390.423072 23.330444 0.011883
2458390.916139 23.350034 0.012100
2458391.419732 23.338258 0.011969
2458391.912800 23.343731 0.012029
2458392.405867 23.308590 0.011646
2458392.909460 23.324743 0.011821
2458393.402527 23.345728 0.012052
2458393.895594 23.341737 0.012007
2458394.399188 23.342136 0.012012
2458394.892255 23.340145 0.011990
2458395.385322 23.352144 0.012123
2458395.888916 23.337266 0.011958
2458396.381983 23.342534 0.012016
2458396.875050 23.334492 0.011928
2458397.378644 23.345728 0.012052
2458397.871711 23.349533 0.012094
2458398.364778 23.344729 0.012041
2458398.868371 23.339748 0.011985
2458399.361438 23.346428 0.012059
2458399.854506 23.331233 0.011892
2458400.358099 23.358395 0.012193
2458400.851166 23.344130 0.012034
2458401.344233 23.344430 0.012037
2458401.847827 23.346128 0.012056
2458402.340894 23.351742 0.012119
2458402.833961 23.348330 0.012081
2458403.337555 23.351842 0.012120
2458403.830622 23.333899 0.011921
2458404.323689 23.315761 0.011724
2458404.827282 23.351440 0.012115
2458405.320350 23.351842 0.012120
2458405.813417 23.359103 0.012201
2458406.317010 23.352948 0.012132
2458406.810077 23.364886 0.012266
2458407.303144 23.354660 0.012151
2458407.806738 23.345528 0.012049
2458408.299805 23.341837 0.012009
2458408.792872 23.367025 0.012290
2458409.296466 23.346728 0.012063
2458409.789533 23.344729 0.012041
2458410.282600 23.340742 0.011996
2458410.786194 23.324253 0.011816
2458411.279261 23.348230 0.012079
2458411.772328 23.339748 0.011985
2458412.275921 23.349332 0.012092
2458412.768988 23.356173 0.012168
2458413.262056 23.336373 0.011948
2458413.765649 23.332121 0.011902
2458414.258716 23.342833 0.012020
2458414.751783 23.348530 0.012083
2458415.255377 23.355870 0.012165
2458415.748444 23.350335 0.012103
2458416.241511 23.352747 0.012130
2458416.745105 23.332220 0.011903
2458417.238172 23.342933 0.012021
2458417.731239 23.352747 0.012130
2458418.234832 23.342933 0.012021
2458526.481367 23.350335 0.012103
2458526.984960 23.344330 0.012036
2458527.478027 23.340444 0.011993
2458527.971094 23.361737 0.012231
2458528.474688 23.342734 0.012018
2458528.967755 23.337464 0.011960
2458529.460822 23.336373 0.011948
2458529.964416 23.324743 0.011821
2458530.457483 23.330543 0.011884
2458530.950550 23.345828 0.012053
2458531.454144 23.347128 0.012067
2458531.947211 23.351943 0.012121
2458532.440278 23.349232 0.012091
2458532.943871 23.335284 0.011936
2458533.436938 23.336472 0.011949
2458533.930006 23.349834 0.012097
2458534.433599 23.348029 0.012077
2458534.926666 23.336472 0.011949
2458535.419733 23.343631 0.012028
2458535.923327 23.347629 0.012073
2458536.416394 23.325724 0.011832
2458536.909461 23.344130 0.012034
2458537.413055 23.340245 0.011991
2458537.906122 23.332318 0.011904
2458538.399189 23.360521 0.012217
2458538.902782 23.330543 0.011884
2458539.395850 23.341339 0.012003
2458539.888917 23.318292 0.011751
2458540.392510 23.339350 0.011981
2458540.885577 23.341140 0.012001
2458541.378644 23.332812 0.011909
2458541.882238 23.343432 0.012026
2458542.375305 23.349132 0.012089
2458542.868372 23.339648 0.011984
2458543.371966 23.345728 0.012052
2458543.865033 23.339350 0.011981
2458544.358100 23.356980 0.012177
2458544.861694 23.346828 0.012064
2458545.354761 23.349733 0.012096
2458545.847828 23.331331 0.011893
2458546.351421 23.346228 0.012057
2458546.844488 23.336572 0.011950
2458547.337556 23.332417 0.011905
2458547.841149 23.361839 0.012232
2458548.334216 23.352646 0.012129
2458548.827283 23.368453 0.012307
2458549.330877 23.345928 0.012054
2458549.823944 23.350637 0.012106
2458550.317011 23.353049 0.012133
2458550.820605 23.359204 0.012202
2458551.313672 23.348430 0.012082
2458551.806739 23.338158 0.011968
2458552.310332 23.364886 0.012266
2458552.803400 23.340145 0.011990
2458553.296467 23.342833 0.012020
2458553.800060 23.321122 0.011782
2458554.293127 23.336671 0.011951
2458554.786194 23.355467 0.012160
2458555.289788 23.352948 0.012132
2458555.782855 23.357182 0.012179
2458556.275922 23.346128 0.012056
2458556.779516 23.340543 0.011994
2458557.272583 23.352646 0.012129
2458557.765650 23.353250 0.012135
2458558.269244 23.341041 0.012000
2458558.762311 23.359204 0.012202
2458559.255378 23.335185 0.011935
2458559.758971 23.340543 0.011994
2458560.252038 23.367127 0.012291
2458560.745106 23.355567 0.012161
2458561.248699 23.331923 0.011899
2458561.741766 23.365599 0.012274
2458562.234833 23.343133 0.012023
2458562.738427 23.347028 0.012066
2458563.231494 23.325724 0.011832
2458563.724561 23.330641 0.011885
2458564.228155 23.333207 0.011913
2458564.721222 23.337861 0.011965
2458565.214289 23.369474 0.012318
2458565.717882 23.351742 0.012119
2458566.210950 23.332911 0.011910
2458566.704017 23.348430 0.012082
2458567.207610 23.330543 0.011884
2458567.700677 23.326706 0.011842
2458568.193744 23.338258 0.011969
2458568.697338 23.358395 0.012193
2458569.190405 23.335086 0.011934
2458569.683472 23.336770 0.011953
2458570.187066 23.334294 0.011925
2458570.680133 23.360014 0.012211
2458571.173200 23.358395 0.012193
2458571.676794 23.336472 0.011949
2458572.169861 23.344929 0.012043
2458572.662928 23.344430 0.012037
2458573.166521 23.336968 0.011955
2458573.659588 23.353451 0.012138
2458574.152656 23.332318 0.011904
2458574.656249 23.337662 0.011962
2458575.149316 23.333899 0.011921
2458575.642383 23.349031 0.012088
2458576.145977 23.347729 0.012074
2458576.639044 23.333701 0.011919
2458577.132111 23.341737 0.012007
2458577.635705 23.342634 0.012017
2458578.128772 23.338158 0.011968
2458578.621839 23.325430 0.011828
2458579.125432 23.347829 0.012075
2458579.618500 23.330641 0.011885
2458580.111567 23.334294 0.011925
2458580.615160 23.327590 0.011852
2458581.108227 23.364378 0.012260
2458581.601294 23.355366 0.012159
2458582.104888 23.361737 0.012231
2458582.597955 23.329459 0.011872
2458583.091022 23.342933 0.012021
2458583.594616 23.341538 0.012005
2458584.087683 23.328278 0.011859
2458584.580750 23.362448 0.012239
2458585.084344 23.331627 0.011896
2458585.577411 23.373055 0.012359
2458586.070478 23.324155 0.011815
2458586.574071 23.346628 0.012062
2458587.067138 23.336572 0.011950
2458587.560206 23.353854 0.012142
2458588.063799 23.343531 0.012027
2458588.556866 23.352747 0.012130
2458589.049933 23.347028 0.012066
2458589.553527 23.340742 0.011996
2458590.046594 23.366413 0.012283
2458590.539661 23.321317 0.011784
2458591.043255 23.319853 0.011768
2458591.536322 23.351440 0.012115
2458592.029389 23.329853 0.011877
2458592.532982 23.331825 0.011898
2458593.026050 23.380047 0.012439
2458593.519117 23.341339 0.012003
2458594.022710 23.329558 0.011873
2458594.515777 23.354660 0.012151
2458595.008844 23.319170 0.011760
2458595.512438 23.339648 0.011984
2458596.005505 23.337067 0.011956
2458596.498572 23.354660 0.012151
2458597.002166 23.323665 0.011809
2458597.495233 23.346528 0.012060
2458597.988300 23.340842 0.011997
2458712.204272 23.343432 0.012026
2458712.697339 23.362245 0.012236
2458713.200932 23.350536 0.012105
2458713.694000 23.337960 0.011966
2458714.187067 23.366210 0.012281
2458714.690660 23.361534 0.012228
2458715.183727 23.351742 0.012119
2458715.676794 23.344529 0.012038
2458716.180388 23.354962 0.012155
2458716.673455 23.326117 0.011836
2458717.166522 23.364378 0.012260
2458717.670116 23.346228 0.012057
2458718.163183 23.331036 0.011890
2458718.656250 23.336472 0.011949
2458719.159844 23.337166 0.011957
2458719.652911 23.333207 0.011913
2458720.145978 23.328770 0.011865
2458720.649571 23.351641 0.012117
2458721.142638 23.367942 0.012301
2458721.635706 23.345328 0.012047
2458722.139299 23.319755 0.011767
2458722.632366 23.348430 0.012082
2458723.125433 23.341339 0.012003
2458723.629027 23.351340 0.012114
2458724.122094 23.349432 0.012093
2458724.615161 23.331430 0.011894
2458725.118755 23.333405 0.011916
2458725.611822 23.363768 0.012254
2458726.104889 23.361636 0.012229
2458726.608482 23.336770 0.011953
2458727.101550 23.353552 0.012139
2458727.594617 23.358597 0.012195
2458728.098210 23.365090 0.012268
2458728.591277 23.333602 0.011918
2458729.084344 23.323078 0.011803
2458729.587938 23.326607 0.011841
2458730.081005 23.330937 0.011889
2458730.574072 23.343232 0.012024
2458731.077666 23.343930 0.012032
2458731.570733 23.346528 0.012060
2458732.063800 23.334097 0.011923
2458732.567394 23.337861 0.011965
2458733.060461 23.352043 0.012122
2458733.553528 23.352445 0.012126
2458734.057121 23.353854 0.012142
2458734.550188 23.331627 0.011896
2458735.043256 23.344230 0.012035
2458735.546849 23.347128 0.012067
2458736.039916 23.343232 0.012024
2458736.532983 23.361129 0.012224
2458737.036577 23.357485 0.012183
2458737.529644 23.349232 0.012091
2458738.022711 23.368861 0.012311
2458738.526305 23.331825 0.011898
2458739.019372 23.353552 0.012139
2458739.512439 23.348430 0.012082
2458740.016032 23.322295 0.011794
2458740.509100 23.358901 0.012199
2458741.002167 23.352646 0.012129
2458741.505760 23.339350 0.011981
2458741.998827 23.337761 0.011964
2458742.491894 23.340941 0.011999
2458742.995488 23.347429 0.012071
2458743.488555 23.346228 0.012057
2458743.981622 23.348430 0.012082
2458744.485216 23.323959 0.011812
2458744.978283 23.346028 0.012055
2458745.471350 23.328573 0.011863
2458745.974944 23.345428 0.012048
2458746.468011 23.320341 0.011773
2458746.961078 23.340245 0.011991
2458747.464671 23.346328 0.012058
2458747.957738 23.365090 0.012268
2458748.450806 23.366719 0.012287
2458748.954399 23.348530 0.012083
2458749.447466 23.363361 0.012249
2458749.940533 23.338655 0.011973
2458750.444127 23.336472 0.011949
2458750.937194 23.332713 0.011908
2458751.430261 23.366006 0.012279
2458751.933855 23.328770 0.011865
2458752.426922 23.370393 0.012329
2458752.919989 23.350436 0.012104
2458753.423582 23.328376 0.011861
2458753.916650 23.351340 0.012114
2458754.409717 23.348129 0.012078
2458754.913310 23.354761 0.012152
2458755.406377 23.329951 0.011878
2458755.899444 23.346228 0.012057
2458756.403038 23.327688 0.011853
2458756.896105 23.321708 0.011788
2458757.389172 23.328376 0.011861
2458757.892766 23.340145 0.011990
2458758.385833 23.335779 0.011942
2458758.878900 23.329558 0.011873
2458759.382494 23.336076 0.011945
2458759.875561 23.332022 0.011900
2458760.368628 23.355870 0.012165
2458760.872221 23.350837 0.012108
2458761.365288 23.341339 0.012003
2458761.858356 23.350335 0.012103
2458762.361949 23.343930 0.012032
2458762.855016 23.358395 0.012193
2458763.348083 23.359002 0.012200
2458763.851677 23.324547 0.011819
2458764.344744 23.335878 0.011943
2458764.837811 23.321317 0.011784
2458765.341405 23.322784 0.011800
2458765.834472 23.343731 0.012029
2458766.327539 23.338258 0.011969
2458766.831132 23.351340 0.012114
2458767.324200 23.341837 0.012009
2458767.817267 23.347829 0.012075
2458768.320860 23.350737 0.012107
2458768.813927 23.336373 0.011948
2458769.306994 23.339151 0.011979
2458769.810588 23.339847 0.011987
2458770.303655 23.357283 0.012181
2458770.796722 23.355971 0.012166
2458771.300316 23.319267 0.011761
2458771.793383 23.336770 0.011953
2458772.286450 23.343930 0.012032
2458772.790044 23.349934 0.012098
2458773.283111 23.330149 0.011880
2458773.776178 23.327099 0.011847
2458774.279771 23.337365 0.011959
2458774.772838 23.363971 0.012256
2458775.265906 23.328278 0.011859
2458775.769499 23.330346 0.011882
2458776.262566 23.332516 0.011906
2458776.755633 23.341041 0.012000
2458777.259227 23.359204 0.012202
2458777.752294 23.356980 0.012177
2458778.245361 23.358193 0.012191
2458778.748955 23.346728 0.012063
2458779.242022 23.345828 0.012053
2458779.735089 23.335086 0.011934
2458780.238682 23.332812 0.011909
2458780.731750 23.330641 0.011885
2458781.224817 23.331331 0.011893
2458781.728410 23.351742 0.012119
2458782.221477 23.349132 0.012089
2458782.714544 23.362651 0.012241
2458783.218138 23.327688 0.011853
2458783.711205 23.329754 0.011876
2459622.427944 23.335185 0.011935
2459622.921011 23.329754 0.011876
2459623.424605 23.350737 0.012107
2459623.917672 23.352848 0.012131
2459624.410739 23.327787 0.011854
2459624.914332 23.338456 0.011971
2459625.407400 23.333701 0.011919
2459625.900467 23.335284 0.011936
2459626.404060 23.342933 0.012021
2459626.897127 23.360217 0.012214
2459627.390194 23.327492 0.011851
2459627.893788 23.325332 0.011827
2459628.386855 23.345728 0.012052
2459628.879922 23.342833 0.012020
2459629.383516 23.358901 0.012199
2459629.876583 23.332022 0.011900
2459630.369650 23.356072 0.012167
2459630.873244 23.349934 0.012098
2459631.366311 23.334789 0.011931
2459631.859378 23.343432 0.012026
2459632.362971 23.317318 0.011740
2459632.856038 23.347028 0.012066
2459633.349106 23.350436 0.012104
2459633.852699 23.346228 0.012057
2459634.345766 23.354358 0.012148
2459634.838833 23.347929 0.012076
2459635.342427 23.352445 0.012126
2459635.835494 23.347629 0.012073
2459636.328561 23.323274 0.011805
2459636.832155 23.326509 0.011840
2459637.325222 23.331331 0.011893
2459637.818289 23.348330 0.012081
2459638.321882 23.342634 0.012017
2459638.814950 23.356576 0.012173
2459639.308017 23.362752 0.012242
2459639.811610 23.354962 0.012155
2459640.304677 23.352948 0.012132
2459640.797744 23.332022 0.011900
2459641.301338 23.346628 0.012062
2459641.794405 23.326804 0.011843
2459642.287472 23.343831 0.012031
2459642.791066 23.322686 0.011799
2459643.284133 23.352747 0.012130
2459643.777200 23.360318 0.012215
2459644.280794 23.348630 0.012084
2459644.773861 23.332318 0.011904
2459645.266928 23.341837 0.012009
2459645.770521 23.315761 0.011724
2459646.263588 23.347729 0.012074
2459646.756656 23.343133 0.012023
2459647.260249 23.340344 0.011992
2459647.753316 23.344430 0.012037
2459648.246383 23.343631 0.012028
2459648.749977 23.347328 0.012069
2459649.243044 23.337266 0.011958
2459649.736111 23.337861 0.011965
2459650.239705 23.350536 0.012105
2459650.732772 23.340742 0.011996
2459651.225839 23.349834 0.012097
2459651.729432 23.325626 0.011831
2459652.222500 23.356375 0.012170
2459652.715567 23.347228 0.012068
2459653.219160 23.335680 0.011941
2459653.712227 23.330346 0.011882
2459654.205294 23.342634 0.012017
2459654.708888 23.337365 0.011959
2459655.201955 23.332417 0.011905
2459655.695022 23.324645 0.011820
2459656.198616 23.341837 0.012009
2459656.691683 23.346228 0.012057
2459657.184750 23.332713 0.011908
2459657.688344 23.361839 0.012232
2459658.181411 23.326215 0.011837
2459658.674478 23.329164 0.011869
2459659.178071 23.344330 0.012036
2459659.671138 23.340543 0.011994
2459660.164206 23.337464 0.011960
2459660.667799 23.342235 0.012013
2459661.160866 23.347128 0.012067
2459661.653933 23.329656 0.011875
2459662.157527 23.332516 0.011906
2459662.650594 23.350737 0.012107
2459663.143661 23.335977 0.011944
2459663.647255 23.343432 0.012026
2459664.140322 23.328869 0.011866
2459664.633389 23.359103 0.012201
2459665.136982 23.346328 0.012058
2459665.630050 23.353351 0.012137
2459666.123117 23.342136 0.012012
2459666.626710 23.351943 0.012121
2459667.119777 23.331726 0.011897
2459667.612844 23.335284 0.011936
2459668.116438 23.348330 0.012081
2459668.609505 23.348230 0.012079
2459669.102572 23.356173 0.012168
2459669.606166 23.339350 0.011981
2459670.099233 23.340245 0.011991
2459670.592300 23.349031 0.012088
2459671.095894 23.339748 0.011985
2459671.588961 23.363971 0.012256
2459672.082028 23.324449 0.011818
2459672.585621 23.330444 0.011883
2459673.078688 23.360926 0.012221
2459673.571756 23.341041 0.012000
2459674.075349 23.335284 0.011936
2459674.568416 23.347228 0.012068
2459675.061483 23.350436 0.012104
2459675.565077 23.341937 0.012010
2459676.058144 23.336175 0.011946
2459676.551211 23.353451 0.012138
2459677.054805 23.328869 0.011866
2459677.547872 23.333010 0.011911
2459678.040939 23.334888 0.011932
2459678.544532 23.353955 0.012143
2459679.037600 23.345728 0.012052
2459679.530667 23.345428 0.012048
2459680.034260 23.330543 0.011884
2459680.527327 23.328475 0.011862
2459681.020394 23.330838 0.011887
2459681.523988 23.339052 0.011978
2459682.017055 23.342335 0.012014
2459682.510122 23.345328 0.012047
2459683.013716 23.334591 0.011929
2459683.506783 23.318390 0.011752
2459683.999850 23.356375 0.012170
2459684.503444 23.332614 0.011907
2459684.996511 23.343033 0.012022
2459685.489578 23.355164 0.012157
2459685.993171 23.354358 0.012148
2459686.486238 23.347929 0.012076
2459686.979306 23.314304 0.011708
2459687.482899 23.349031 0.012088
2459687.975966 23.334987 0.011933
2459688.469033 23.353754 0.012141
2459688.972627 23.345928 0.012054
2459689.465694 23.352043 0.012122
2459689.958761 23.337464 0.011960
2459690.462355 23.335284 0.011936
2459690.955422 23.347829 0.012075
2459691.448489 23.331726 0.011897
2459691.952082 23.348029 0.012077
2459692.445150 23.375107 0.012382
2459692.938217 23.337960 0.011966
2459693.441810 23.354156 0.012146
2459693.934877 23.325430 0.011828
2459807.647256 23.343033 0.012022
2459808.150849 23.330937 0.011889
2459808.643916 23.346528 0.012060
2459809.136983 23.327197 0.011848
2459809.640577 23.326902 0.011844
2459810.133644 23.338556 0.011972
2459810.626711 23.364886 0.012266
2459811.130305 23.335680 0.011941
2459811.623372 23.354358 0.012148
2459812.116439 23.352948 0.012132
2459812.620032 23.344729 0.012041
2459813.113100 23.330543 0.011884
2459813.606167 23.355467 0.012160
2459814.109760 23.352546 0.012128
2459814.602827 23.328082 0.011857
2459815.095894 23.350034 0.012100
2459815.599488 23.354257 0.012147
2459816.092555 23.355769 0.012164
2459816.585622 23.354358 0.012148
2459817.089216 23.343332 0.012025
2459817.582283 23.350737 0.012107
2459818.075350 23.349332 0.012092
2459818.578944 23.347328 0.012069
2459819.072011 23.342136 0.012012
2459819.565078 23.337662 0.011962
2459820.068671 23.351340 0.012114
2459820.561738 23.328082 0.011857
2459821.054806 23.339947 0.011988
2459821.558399 23.345029 0.012044
2459822.051466 23.354156 0.012146
2459822.544533 23.343631 0.012028
2459823.048127 23.344430 0.012037
2459823.541194 23.340742 0.011996
2459824.034261 23.367127 0.012291
2459824.537855 23.348931 0.012087
2459825.030922 23.334097 0.011923
2459825.523989 23.332614 0.011907
2459826.027582 23.359103 0.012201
2459826.520650 23.355769 0.012164
2459827.013717 23.345928 0.012054
2459827.517310 23.324351 0.011817
2459828.010377 23.354660 0.012151
2459828.503444 23.326117 0.011836
2459829.007038 23.326804 0.011843
2459829.500105 23.334987 0.011933
2459829.993172 23.347429 0.012071
2459830.496766 23.356778 0.012175
2459830.989833 23.348731 0.012085
2459831.482900 23.348630 0.012084
2459831.986494 23.326509 0.011840
2459832.479561 23.331134 0.011891
2459832.972628 23.341638 0.012006
2459833.476221 23.344829 0.012042
2459833.969288 23.359609 0.012207
2459834.462356 23.333800 0.011920
2459834.965949 23.360116 0.012212
2459835.459016 23.332713 0.011908
2459835.952083 23.343831 0.012031
2459836.455677 23.360521 0.012217
2459836.948744 23.344929 0.012043
2459837.441811 23.344929 0.012043
2459837.945405 23.348029 0.012077
2459838.438472 23.333800 0.011920
2459838.931539 23.331529 0.011895
2459839.435132 23.335482 0.011938
2459839.928200 23.335284 0.011936
2459840.421267 23.330346 0.011882
2459840.924860 23.347328 0.012069
2459841.417927 23.348530 0.012083
2459841.910994 23.347028 0.012066
2459842.414588 23.364378 0.012260
2459842.907655 23.339549 0.011983
2459843.400722 23.337861 0.011965
2459843.904316 23.336572 0.011951
2459844.397383 23.342036 0.012011
2459844.890450 23.359204 0.012202
2459845.394044 23.348530 0.012083
2459845.887111 23.339549 0.011983
2459846.380178 23.351943 0.012121
2459846.883771 23.349633 0.012095
2459847.376838 23.344929 0.012043
2459847.869906 23.363869 0.012255
2459848.373499 23.338158 0.011968
2459848.866566 23.359609 0.012207
2459849.359633 23.335977 0.011944
2459849.863227 23.350938 0.012110
2459850.356294 23.329164 0.011869
2459850.849361 23.345029 0.012044
2459851.352955 23.360622 0.012218
2459851.846022 23.345728 0.012052
2459852.339089 23.351742 0.012119
2459852.842682 23.334888 0.011932
2459853.335750 23.352848 0.012131
2459853.828817 23.352948 0.012132
2459854.332410 23.343831 0.012031
2459854.825477 23.337166 0.011957
2459855.318544 23.356576 0.012173
2459855.822138 23.344130 0.012034
2459856.315205 23.349132 0.012090
2459856.808272 23.339350 0.011981
2459857.311866 23.356173 0.012168
2459857.804933 23.334097 0.011923
2459858.298000 23.353351 0.012137
2459858.801594 23.351340 0.012114
2459859.294661 23.343232 0.012024
2459859.787728 23.336572 0.011951
2459860.291321 23.353250 0.012136
2459860.784388 23.344230 0.012035
2459861.277456 23.343033 0.012022
2459861.781049 23.340444 0.011993
2459862.274116 23.351139 0.012112
2459862.767183 23.360521 0.012217
2459863.270777 23.346528 0.012061
2459863.763844 23.358901 0.012199
2459864.256911 23.340742 0.011997
2459864.760505 23.348330 0.012081
2459865.253572 23.335878 0.011943
2459865.746639 23.340344 0.011992
2459866.250232 23.345928 0.012054
2459866.743300 23.359204 0.012202
2459867.236367 23.357688 0.012185
2459867.739960 23.328082 0.011857
2459868.233027 23.338357 0.011970
2459868.726094 23.335383 0.011937
2459869.229688 23.333899 0.011921
2459869.722755 23.343531 0.012027
2459870.215822 23.354962 0.012155
2459870.719416 23.349031 0.012088
2459871.212483 23.351742 0.012119
2459871.705550 23.346328 0.012058
2459872.209144 23.357890 0.012187
2459872.702211 23.336373 0.011948
2459873.195278 23.356778 0.012175
2459873.698871 23.332713 0.011908
2459874.191938 23.353150 0.012134
2459874.685006 23.324841 0.011822
2459875.188599 23.334591 0.011929
2459875.681666 23.338556 0.011972
2459876.174733 23.324939 0.011823
2459876.678327 23.335482 0.011939
2459877.171394 23.347128 0.012067
2459877.664461 23.333701 0.011919
2459878.168055 23.354761 0.012153
2459878.661122 23.362854 0.012243
2459879.154189 23.341737 0.012008
2459987.411250 23.139031 0.010732
2459987.904317 23.114039 0.010581
2459988.407910 23.084568 0.010408
2459988.900977 23.045214 0.010163
2459989.394044 23.005994 0.009951
2459989.897638 22.963211 0.009747
2459990.390705 22.900348 0.009413
2459990.883772 22.812117 0.008938
2459991.387366 22.709125 0.008462
2459991.880433 22.595004 0.008048
2459992.373500 22.374256 0.007133
2459992.877094 22.049743 0.006112
2459993.370161 21.472812 0.004671
2459993.863228 20.703275 0.003304
2459994.366821 21.654399 0.005049
2459994.859888 22.141722 0.006401
2459995.352956 22.426172 0.007354
2459995.856549 22.616184 0.008108
2459996.349616 22.752752 0.008736
2459996.842683 22.827635 0.009017
2459997.346277 22.932656 0.009652
2459997.839344 22.974939 0.009816
2459998.332411 23.033981 0.010183
2459998.836005 23.060631 0.010283
2459999.329072 23.093484 0.010472
2459999.822139 23.094594 0.010377
2460000.325732 23.141430 0.010739
2460000.818800 23.163936 0.010883
2460001.311867 23.184073 0.011015
2460001.815460 23.211900 0.011236
2460002.308527 23.203538 0.011095
2460002.801594 23.213757 0.011152
2460003.305188 23.230795 0.011284
2460003.798255 23.244548 0.011388
2460004.291322 23.248470 0.011395
2460004.794916 23.254610 0.011427
2460005.287983 23.259215 0.011447
2460005.781050 23.271560 0.011552
2460006.284644 23.248836 0.011290
2460006.777711 23.272868 0.011521
2460007.270778 23.275862 0.011534
2460007.774371 23.289917 0.011666
2460008.267438 23.301946 0.011780
2460008.760506 23.288778 0.011623
2460009.264099 23.327983 0.012037
2460009.757166 23.287925 0.011589
2460010.250233 23.298400 0.011690
2460010.753827 23.308977 0.011793
2460011.246894 23.314984 0.011849
2460011.739961 23.306757 0.011751
2460012.243555 23.324743 0.011939
2460012.736622 23.316053 0.011836
2460013.229689 23.318292 0.011853
2460013.733282 23.332911 0.012007
2460014.226350 23.325822 0.011923
2460014.719417 23.335482 0.012024
2460015.223010 23.333207 0.011994
2460015.716077 23.335185 0.012011
2460016.209144 23.323176 0.011874
2460016.712738 23.330937 0.011955
2460017.205805 23.327787 0.011917
2460017.698872 23.326313 0.011897
2460018.202466 23.328967 0.011923
2460018.695533 23.338258 0.012022
2460019.188600 23.328573 0.011912
2460019.692194 23.333306 0.011961
2460020.185261 23.337563 0.012006
2460020.678328 23.307721 0.011678
2460021.181921 23.351943 0.012161
2460021.674988 23.332220 0.011940
2460022.168056 23.324351 0.011852
2460022.671649 23.342136 0.012046
2460023.164716 23.316150 0.011759
2460023.657783 23.327000 0.011876
2460024.161377 23.329164 0.011898
2460024.654444 23.337761 0.011991
2460025.147511 23.357890 0.012214
2460025.651105 23.337761 0.011988
2460026.144172 23.327099 0.011870
2460026.637239 23.337960 0.011988
2460027.140832 23.344729 0.012062
2460027.633900 23.344729 0.012061
2460028.126967 23.337166 0.011976
2460028.630560 23.330937 0.011907
2460029.123627 23.335185 0.011953
2460029.616694 23.343531 0.012044
2460030.120288 23.343432 0.012042
2460030.613355 23.332516 0.011921
2460031.106422 23.349031 0.012103
2460031.610016 23.363565 0.012266
2460032.103083 23.332318 0.011917
2460032.596150 23.342335 0.012027
2460033.099744 23.315470 0.011733
2460033.592811 23.326804 0.011855
2460034.085878 23.327688 0.011864
2460034.589471 23.355063 0.012167
2460035.082538 23.349633 0.012106
2460035.575606 23.337563 0.011971
2460036.079199 23.355063 0.012166
2460036.572266 23.340444 0.012002
2460037.065333 23.331134 0.011900
2460037.568927 23.346628 0.012070
2460038.061994 23.326313 0.011846
2460038.555061 23.354056 0.012152
2460039.058655 23.356778 0.012183
2460039.551722 23.324841 0.011829
2460040.044789 23.353451 0.012145
2460040.548382 23.343133 0.012030
2460041.041450 23.358699 0.012203
2460041.534517 23.357283 0.012187
2460042.038110 23.339251 0.011986
2460042.531177 23.335383 0.011943
2460043.024244 23.348129 0.012084
2460043.527838 23.333306 0.011920
2460044.020905 23.348931 0.012093
2460044.513972 23.357081 0.012183
2460045.017566 23.354056 0.012149
2460045.510633 23.364683 0.012269
2460046.003700 23.357789 0.012191
2460046.507294 23.364276 0.012264
2460047.000361 23.369065 0.012318
2460047.493428 23.332220 0.011907
2460047.997021 23.343332 0.012029
2460048.490088 23.376751 0.012405
2460048.983156 23.326607 0.011845
2460049.486749 23.335086 0.011938
2460049.979816 23.347429 0.012074
2460050.472883 23.339648 0.011988
2460050.976477 23.336770 0.011956
2460051.469544 23.356375 0.012174
2460051.962611 23.357485 0.012186
2460052.466205 23.361636 0.012232
2460052.959272 23.326804 0.011846
2460053.452339 23.341638 0.012009
2460053.955932 23.339052 0.011980
2460054.449000 23.367228 0.012295
2460054.942067 23.320926 0.011782
2460055.445660 23.327688 0.011855
2460055.938727 23.343930 0.012034
2460056.431794 23.360014 0.012214
2460056.935388 23.356375 0.012173
2460057.428455 23.354358 0.012150
2460057.921522 23.330444 0.011885
2460058.425116 23.351440 0.012117
2460058.918183 23.334987 0.011935
