2458346.727899 20.708274 0.004318
2458347.220966 20.720451 0.004366
2458347.714033 20.708136 0.004317
2458348.217627 20.709825 0.004324
2458348.710694 20.707170 0.004313
2458349.203761 20.706940 0.004312
2458349.707355 20.702229 0.004294
2458350.200422 20.709549 0.004323
2458350.693489 20.709887 0.004324
2458351.197082 20.703909 0.004300
2458351.690150 20.709533 0.004323
2458352.183217 20.713489 0.004339
2458352.686810 20.713890 0.004340
2458353.179877 20.705944 0.004308
2458353.672944 20.712734 0.004336
2458354.176538 20.705025 0.004305
2458354.669605 20.712934 0.004336
2458355.162672 20.707783 0.004316
2458355.666266 20.704811 0.004304
2458356.159333 20.713860 0.004340
2458356.652400 20.708305 0.004318
2458357.155994 20.707768 0.004316
2458357.649061 20.714091 0.004341
2458358.142128 20.703955 0.004301
2458358.645721 20.714353 0.004342
2458359.138788 20.708888 0.004320
2458359.631856 20.709380 0.004322
2458360.135449 20.711533 0.004331
2458360.628516 20.708566 0.004319
2458361.121583 20.709318 0.004322
2458361.625177 20.716593 0.004351
2458362.118244 20.712410 0.004334
2458362.611311 20.706066 0.004309
2458363.114905 20.712873 0.004336
2458363.607972 20.714492 0.004343
2458364.101039 20.706786 0.004312
2458364.604632 20.709549 0.004323
2458365.097700 20.712318 0.004334
2458365.590767 20.707538 0.004315
2458366.094360 20.704781 0.004304
2458366.587427 20.713042 0.004337
2458367.080494 20.711363 0.004330
2458367.584088 20.707921 0.004316
2458368.077155 20.709211 0.004321
2458368.570222 20.713536 0.004339
2458369.073816 20.707522 0.004315
2458369.566883 20.708765 0.004320
2458370.059950 20.705484 0.004307
2458370.563544 20.712611 0.004335
2458371.056611 20.712102 0.004333
2458371.549678 20.704918 0.004304
2458372.053271 20.709518 0.004323
2458372.546338 20.708781 0.004320
2458373.039406 20.708382 0.004318
2458373.542999 20.712195 0.004333
2458374.036066 20.711548 0.004331
2458374.529133 20.713597 0.004339
2458375.032727 20.707798 0.004316
2458375.525794 20.710779 0.004328
2458376.018861 20.708151 0.004317
2458376.522455 20.720762 0.004368
2458377.015522 20.709349 0.004322
2458377.508589 20.715527 0.004347
2458378.012182 20.713412 0.004338
2458378.505250 20.705837 0.004308
2458378.998317 20.706602 0.004311
2458379.501910 20.704551 0.004303
2458379.994977 20.710025 0.004325
2458380.488044 20.706158 0.004309
2458380.991638 20.708044 0.004317
2458381.484705 20.715218 0.004345
2458381.977772 20.710871 0.004328
2458382.481366 20.713073 0.004337
2458382.974433 20.708351 0.004318
2458383.467500 20.715867 0.004348
2458383.971094 20.699348 0.004282
2458384.464161 20.709533 0.004323
2458384.957228 20.711563 0.004331
2458385.460821 20.712025 0.004333
2458385.953888 20.711394 0.004330
2458386.446956 20.716207 0.004349
2458386.950549 20.705056 0.004305
2458387.443616 20.715650 0.004347
2458387.936683 20.708458 0.004318
2458388.440277 20.710379 0.004326
2458388.933344 20.713088 0.004337
2458389.426411 20.706434 0.004310
2458389.930005 20.708627 0.004319
2458390.423072 20.713536 0.004339
2458390.916139 20.707829 0.004316
2458391.419732 20.708520 0.004319
2458391.912800 20.707722 0.004316
2458392.405867 20.710333 0.004326
2458392.909460 20.704842 0.004304
2458393.402527 20.703527 0.004299
2458393.895594 20.709487 0.004323
2458394.399188 20.715759 0.004348
2458394.892255 20.704566 0.004303
2458395.385322 20.711225 0.004329
2458395.888916 20.703084 0.004297
2458396.381983 20.705775 0.004308
2458396.875050 20.710825 0.004328
2458397.378644 20.709641 0.004323
2458397.871711 20.709779 0.004324
2458398.364778 20.706311 0.004310
2458398.868371 20.708612 0.004319
2458399.361438 20.703130 0.004297
2458399.854506 20.708950 0.004320
2458400.358099 20.712919 0.004336
2458400.851166 20.706970 0.004313
2458401.344233 20.714616 0.004343
2458401.847827 20.707952 0.004316
2458402.340894 20.710717 0.004327
2458402.833961 20.710225 0.004326
2458403.337555 20.705990 0.004309
2458403.830622 20.704383 0.004302
2458404.323689 20.705347 0.004306
2458404.827282 20.710486 0.004327
2458405.320350 20.705423 0.004306
2458405.813417 20.711302 0.004330
2458406.317010 20.714894 0.004344
2458406.810077 20.706204 0.004310
2458407.303144 20.715635 0.004347
2458407.806738 20.706066 0.004309
2458408.299805 20.707798 0.004316
2458408.792872 20.714585 0.004343
2458409.296466 20.719412 0.004362
2458409.789533 20.714060 0.004341
2458410.282600 20.709841 0.004324
2458410.786194 20.712056 0.004333
2458411.279261 20.707522 0.004315
2458411.772328 20.707338 0.004314
2458412.275921 20.711948 0.004332
2458412.768988 20.708259 0.004318
2458413.262056 20.706419 0.004310
2458413.765649 20.709641 0.004323
2458414.258716 20.705913 0.004308
2458414.751783 20.713104 0.004337
2458415.255377 20.708412 0.004318
2458415.748444 20.709533 0.004323
2458416.241511 20.707568 0.004315
2458416.745105 20.708673 0.004319
2458417.238172 20.712487 0.004335
2458417.731239 20.708320 0.004318
2458418.234832 20.703313 0.004298
2458526.481367 20.707691 0.004316
2458526.984960 20.711348 0.004330
2458527.478027 20.709042 0.004321
2458527.971094 20.709072 0.004321
2458528.474688 20.716130 0.004349
2458528.967755 20.711533 0.004331
2458529.460822 20.706633 0.004311
2458529.964416 20.716764 0.004352
2458530.457483 20.715666 0.004347
2458530.950550 20.709487 0.004323
2458531.454144 20.702992 0.004297
2458531.947211 20.708059 0.004317
2458532.440278 20.706802 0.004312
2458532.943871 20.711671 0.004331
2458533.436938 20.711948 0.004333
2458533.930006 20.705484 0.004307
2458534.433599 20.703894 0.004301
2458534.926666 20.705638 0.004307
2458535.419733 20.708182 0.004318
2458535.923327 20.715666 0.004347
2458536.416394 20.706786 0.004312
2458536.909461 20.714276 0.004342
2458537.413055 20.715218 0.004346
2458537.906122 20.704704 0.004304
2458538.399189 20.709672 0.004324
2458538.902782 20.711563 0.004331
2458539.395850 20.709549 0.004323
2458539.888917 20.716130 0.004349
2458540.392510 20.710240 0.004326
2458540.885577 20.712734 0.004336
2458541.378644 20.708934 0.004321
2458541.882238 20.715033 0.004345
2458542.375305 20.715820 0.004348
2458542.868372 20.707384 0.004314
2458543.371966 20.707890 0.004316
2458543.865033 20.710271 0.004326
2458544.358100 20.713412 0.004338
2458544.861694 20.705913 0.004309
2458545.354761 20.713736 0.004340
2458545.847828 20.711871 0.004332
2458546.351421 20.708075 0.004317
2458546.844488 20.703542 0.004299
2458547.337556 20.712796 0.004336
2458547.841149 20.710148 0.004325
2458548.334216 20.708412 0.004319
2458548.827283 20.707231 0.004314
2458549.330877 20.711533 0.004331
2458549.823944 20.709979 0.004325
2458550.317011 20.708827 0.004320
2458550.820605 20.714122 0.004341
2458551.313672 20.709257 0.004322
2458551.806739 20.708151 0.004318
2458552.310332 20.708904 0.004321
2458552.803400 20.711425 0.004331
2458553.296467 20.715280 0.004346
2458553.800060 20.704612 0.004304
2458554.293127 20.707492 0.004315
2458554.786194 20.709026 0.004321
2458555.289788 20.709779 0.004324
2458555.782855 20.708719 0.004320
2458556.275922 20.715079 0.004345
2458556.779516 20.703496 0.004299
2458557.272583 20.708336 0.004318
2458557.765650 20.704291 0.004302
2458558.269244 20.715002 0.004345
2458558.762311 20.711502 0.004331
2458559.255378 20.711440 0.004331
2458559.758971 20.715759 0.004348
2458560.252038 20.713027 0.004337
2458560.745106 20.716841 0.004352
2458561.248699 20.711779 0.004332
2458561.741766 20.709287 0.004322
2458562.234833 20.711887 0.004333
2458562.738427 20.712472 0.004335
2458563.231494 20.720731 0.004368
2458563.724561 20.707415 0.004315
2458564.228155 20.712934 0.004337
2458564.721222 20.710548 0.004327
2458565.214289 20.708351 0.004318
2458565.717882 20.707737 0.004316
2458566.210950 20.712580 0.004335
2458566.704017 20.709441 0.004323
2458567.207610 20.710102 0.004325
2458567.700677 20.714106 0.004341
2458568.193744 20.716686 0.004352
2458568.697338 20.718281 0.004358
2458569.190405 20.704505 0.004303
2458569.683472 20.712025 0.004333
2458570.187066 20.712303 0.004334
2458570.680133 20.700399 0.004287
2458571.173200 20.710502 0.004327
2458571.676794 20.714523 0.004343
2458572.169861 20.715079 0.004345
2458572.662928 20.715743 0.004348
2458573.166521 20.713058 0.004337
2458573.659588 20.709103 0.004322
2458574.152656 20.712580 0.004335
2458574.656249 20.714755 0.004344
2458575.149316 20.710025 0.004325
2458575.642383 20.716083 0.004349
2458576.145977 20.709564 0.004323
2458576.639044 20.707983 0.004317
2458577.132111 20.702503 0.004295
2458577.635705 20.714986 0.004345
2458578.128772 20.706986 0.004313
2458578.621839 20.711025 0.004329
2458579.125432 20.703863 0.004301
2458579.618500 20.707139 0.004314
2458580.111567 20.712996 0.004337
2458580.615160 20.716392 0.004351
2458581.108227 20.710609 0.004328
2458581.601294 20.702351 0.004295
2458582.104888 20.709457 0.004323
2458582.597955 20.708029 0.004317
2458583.091022 20.712472 0.004335
2458583.594616 20.706066 0.004310
2458584.087683 20.716563 0.004351
2458584.580750 20.715156 0.004346
2458585.084344 20.719272 0.004362
2458585.577411 20.713351 0.004339
2458586.070478 20.712688 0.004336
2458586.574071 20.708765 0.004320
2458587.067138 20.713551 0.004339
2458587.560206 20.712441 0.004335
2458588.063799 20.704016 0.004302
2458588.556866 20.709641 0.004324
2458589.049933 20.712102 0.004334
2458589.553527 20.710994 0.004329
2458590.046594 20.702717 0.004296
2458590.539661 20.709718 0.004324
2458591.043255 20.713212 0.004338
2458591.536322 20.711733 0.004332
2458592.029389 20.704735 0.004304
2458592.532982 20.708366 0.004319
2458593.026050 20.716547 0.004352
2458593.519117 20.719908 0.004365
2458594.022710 20.706005 0.004310
2458594.515777 20.709718 0.004324
2458595.008844 20.712226 0.004334
2458595.512438 20.706495 0.004311
2458596.005505 20.707706 0.004316
2458596.498572 20.714878 0.004345
2458597.002166 20.705745 0.004309
2458597.495233 20.707430 0.004315
2458597.988300 20.706097 0.004310
2458712.204272 20.679828 0.004267
2458712.697339 20.679753 0.004268
2458713.200932 20.679499 0.004269
2458713.694000 20.675888 0.004257
2458714.187067 20.685659 0.004298
2458714.690660 20.675173 0.004259
2458715.183727 20.675739 0.004263
2458715.676794 20.669457 0.004241
2458716.180388 20.672304 0.004254
2458716.673455 20.674593 0.004266
2458717.166522 20.669857 0.004250
2458717.670116 20.670109 0.004253
2458718.163183 20.668865 0.004251
2458718.656250 20.670257 0.004260
2458719.159844 20.663550 0.004237
2458719.652911 20.659742 0.004225
2458720.145978 20.661034 0.004233
2458720.649571 20.661872 0.004240
2458721.142638 20.654544 0.004215
2458721.635706 20.652078 0.004209
2458722.139299 20.653610 0.004219
2458722.632366 20.651000 0.004213
2458723.125433 20.648194 0.004206
2458723.629027 20.651670 0.004224
2458724.122094 20.638408 0.004177
2458724.615161 20.640136 0.004189
2458725.118755 20.643167 0.004206
2458725.611822 20.639905 0.004198
2458726.104889 20.642705 0.004215
2458726.608482 20.631908 0.004179
2458727.101550 20.631336 0.004183
2458727.594617 20.617428 0.004137
2458728.098210 20.614186 0.004131
2458728.591277 20.614778 0.004141
2458729.084344 20.609132 0.004127
2458729.587938 20.607256 0.004129
2458730.081005 20.601107 0.004114
2458730.574072 20.599426 0.004117
2458731.077666 20.594895 0.004111
2458731.570733 20.588582 0.004098
2458732.063800 20.591265 0.004120
2458732.567394 20.570087 0.004054
2458733.060461 20.563459 0.004043
2458733.553528 20.558020 0.004038
2458734.057121 20.551026 0.004030
2458734.550188 20.541574 0.004014
2458735.043256 20.534410 0.004009
2458735.546849 20.519411 0.003978
2458736.039916 20.512008 0.003978
2458736.532983 20.489393 0.003927
2458737.036577 20.467486 0.003883
2458737.529644 20.445698 0.003844
2458738.022711 20.425261 0.003814
2458738.526305 20.402512 0.003778
2458739.019372 20.373354 0.003719
2458739.512439 20.354355 0.003690
2458740.016032 20.342610 0.003678
2458740.509100 20.327364 0.003647
2458741.002167 20.324095 0.003652
2458741.505760 20.308605 0.003618
2458741.998827 20.291900 0.003587
2458742.491894 20.270443 0.003555
2458742.995488 20.230498 0.003494
2458743.488555 20.155880 0.003398
2458743.981622 18.851904 0.002053
2458744.485216 20.281398 0.003583
2458744.978283 20.353613 0.003685
2458745.471350 20.402605 0.003785
2458745.974944 20.414986 0.003785
2458746.468011 20.429159 0.003806
2458746.961078 20.446156 0.003845
2458747.464671 20.458316 0.003872
2458747.957738 20.460048 0.003865
2458748.450806 20.460170 0.003856
2458748.954399 20.473379 0.003894
2458749.447466 20.472155 0.003883
2458749.940533 20.481443 0.003911
2458750.444127 20.487275 0.003927
2458750.937194 20.476870 0.003885
2458751.430261 20.478260 0.003887
2458751.933855 20.485924 0.003912
2458752.426922 20.491038 0.003927
2458752.919989 20.487713 0.003913
2458753.423582 20.499248 0.003953
2458753.916650 20.494788 0.003935
2458754.409717 20.497300 0.003942
2458754.913310 20.494688 0.003931
2458755.406377 20.489418 0.003911
2458755.899444 20.499236 0.003945
2458756.403038 20.497136 0.003935
2458756.896105 20.496744 0.003932
2458757.389172 20.495848 0.003927
2458757.892766 20.499881 0.003940
2458758.385833 20.506501 0.003962
2458758.878900 20.498742 0.003932
2458759.382494 20.497503 0.003925
2458759.875561 20.506233 0.003955
2458760.368628 20.503752 0.003943
2458760.872221 20.509079 0.003959
2458761.365288 20.505240 0.003942
2458761.858356 20.511214 0.003961
2458762.361949 20.513392 0.003965
2458762.855016 20.512367 0.003957
2458763.348083 20.523430 0.003994
2458763.851677 20.513084 0.003951
2458764.344744 20.527632 0.004000
2458764.837811 20.520650 0.003970
2458765.341405 20.522602 0.003972
2458765.834472 20.524466 0.003973
2458766.327539 20.533339 0.004001
2458766.831132 20.532947 0.003994
2458767.324200 20.532464 0.003986
2458767.817267 20.543708 0.004022
2458768.320860 20.550323 0.004040
2458768.813927 20.545187 0.004015
2458769.306994 20.545464 0.004010
2458769.810588 20.555764 0.004042
2458770.303655 20.551983 0.004022
2458770.796722 20.556151 0.004031
2458771.300316 20.561607 0.004044
2458771.793383 20.565220 0.004052
2458772.286450 20.572008 0.004071
2458772.790044 20.581321 0.004099
2458773.283111 20.570831 0.004053
2458773.776178 20.572875 0.004055
2458774.279771 20.579357 0.004073
2458774.772838 20.587386 0.004097
2458775.265906 20.593873 0.004115
2458775.769499 20.582906 0.004067
2458776.262566 20.595075 0.004107
2458776.755633 20.600245 0.004121
2458777.259227 20.603236 0.004126
2458777.752294 20.594826 0.004089
2458778.245361 20.608670 0.004136
2458778.748955 20.610870 0.004139
2458779.242022 20.612007 0.004137
2458779.735089 20.610968 0.004128
2458780.238682 20.619307 0.004155
2458780.731750 20.618487 0.004147
2458781.224817 20.614130 0.004125
2458781.728410 20.623827 0.004157
2458782.221477 20.626372 0.004162
2458782.714544 20.635605 0.004193
2458783.218138 20.634271 0.004183
2458783.711205 20.634056 0.004178
2459622.427944 20.714894 0.004344
2459622.921011 20.707921 0.004316
2459623.424605 20.710271 0.004326
2459623.917672 20.712395 0.004334
2459624.410739 20.711394 0.004330
2459624.914332 20.703970 0.004301
2459625.407400 20.708658 0.004319
2459625.900467 20.709395 0.004322
2459626.404060 20.716392 0.004350
2459626.897127 20.710686 0.004327
2459627.390194 20.709625 0.004323
2459627.893788 20.707584 0.004315
2459628.386855 20.714153 0.004341
2459628.879922 20.712025 0.004333
2459629.383516 20.708259 0.004318
2459629.876583 20.705439 0.004306
2459630.369650 20.707967 0.004316
2459630.873244 20.705898 0.004308
2459631.366311 20.712826 0.004336
2459631.859378 20.710317 0.004326
2459632.362971 20.710256 0.004326
2459632.856038 20.702900 0.004296
2459633.349106 20.709841 0.004324
2459633.852699 20.702152 0.004293
2459634.345766 20.714276 0.004342
2459634.838833 20.708504 0.004319
2459635.342427 20.712549 0.004335
2459635.835494 20.708443 0.004318
2459636.328561 20.712087 0.004333
2459636.832155 20.713921 0.004340
2459637.325222 20.722564 0.004375
2459637.818289 20.712981 0.004336
2459638.321882 20.714600 0.004343
2459638.814950 20.708213 0.004317
2459639.308017 20.718761 0.004360
2459639.811610 20.706756 0.004312
2459640.304677 20.717599 0.004355
2459640.797744 20.715403 0.004346
2459641.301338 20.709871 0.004324
2459641.794405 20.713181 0.004337
2459642.287472 20.714322 0.004342
2459642.791066 20.710256 0.004326
2459643.284133 20.708934 0.004320
2459643.777200 20.707124 0.004313
2459644.280794 20.712688 0.004335
2459644.773861 20.706771 0.004312
2459645.266928 20.703618 0.004299
2459645.770521 20.710948 0.004328
2459646.263588 20.711271 0.004330
2459646.756656 20.708689 0.004319
2459647.260249 20.711056 0.004329
2459647.753316 20.712195 0.004333
2459648.246383 20.709718 0.004323
2459648.749977 20.712934 0.004336
2459649.243044 20.702259 0.004294
2459649.736111 20.713428 0.004338
2459650.239705 20.713906 0.004340
2459650.732772 20.707338 0.004314
2459651.225839 20.712564 0.004335
2459651.729432 20.718869 0.004360
2459652.222500 20.708305 0.004318
2459652.715567 20.710286 0.004326
2459653.219160 20.712179 0.004333
2459653.712227 20.707001 0.004313
2459654.205294 20.716655 0.004351
2459654.708888 20.711317 0.004330
2459655.201955 20.714708 0.004343
2459655.695022 20.718404 0.004358
2459656.198616 20.711456 0.004330
2459656.691683 20.709748 0.004324
2459657.184750 20.710440 0.004326
2459657.688344 20.708274 0.004318
2459658.181411 20.713088 0.004337
2459658.674478 20.709349 0.004322
2459659.178071 20.709917 0.004324
2459659.671138 20.705362 0.004306
2459660.164206 20.705087 0.004305
2459660.667799 20.715805 0.004348
2459661.160866 20.714801 0.004344
2459661.653933 20.710948 0.004328
2459662.157527 20.715836 0.004348
2459662.650594 20.711979 0.004332
2459663.143661 20.712981 0.004336
2459663.647255 20.705959 0.004309
2459664.140322 20.708842 0.004320
2459664.633389 20.711409 0.004330
2459665.136982 20.707921 0.004316
2459665.630050 20.714415 0.004342
2459666.123117 20.716593 0.004351
2459666.626710 20.705714 0.004308
2459667.119777 20.712534 0.004335
2459667.612844 20.711302 0.004330
2459668.116438 20.709841 0.004324
2459668.609505 20.711594 0.004331
2459669.102572 20.708765 0.004320
2459669.606166 20.709933 0.004324
2459670.099233 20.706802 0.004312
2459670.592300 20.714801 0.004344
2459671.095894 20.710440 0.004326
2459671.588961 20.714863 0.004344
2459672.082028 20.708765 0.004320
2459672.585621 20.710409 0.004326
2459673.078688 20.709118 0.004321
2459673.571756 20.712904 0.004336
2459674.075349 20.710656 0.004327
2459674.568416 20.711071 0.004329
2459675.061483 20.715280 0.004346
2459675.565077 20.705102 0.004305
2459676.058144 20.712904 0.004336
2459676.551211 20.714832 0.004344
2459677.054805 20.704245 0.004302
2459677.547872 20.711456 0.004330
2459678.040939 20.716114 0.004349
2459678.544532 20.713351 0.004338
2459679.037600 20.704337 0.004302
2459679.530667 20.712441 0.004334
2459680.034260 20.709487 0.004323
2459680.527327 20.716856 0.004352
2459681.020394 20.701618 0.004291
2459681.523988 20.712010 0.004333
2459682.017055 20.709441 0.004322
2459682.510122 20.714307 0.004342
2459683.013716 20.711671 0.004331
2459683.506783 20.709318 0.004322
2459683.999850 20.705699 0.004307
2459684.503444 20.707446 0.004314
2459684.996511 20.709042 0.004321
2459685.489578 20.712904 0.004336
2459685.993171 20.711825 0.004332
2459686.486238 20.705255 0.004306
2459686.979306 20.708151 0.004317
2459687.482899 20.711687 0.004331
2459687.975966 20.704398 0.004302
2459688.469033 20.712072 0.004333
2459688.972627 20.717475 0.004354
2459689.465694 20.710117 0.004325
2459689.958761 20.714261 0.004342
2459690.462355 20.714832 0.004344
2459690.955422 20.704888 0.004304
2459691.448489 20.712426 0.004334
2459691.952082 20.712333 0.004334
2459692.445150 20.710425 0.004326
2459692.938217 20.707998 0.004317
2459693.441810 20.714508 0.004343
2459693.934877 20.713135 0.004337
2459807.647256 20.707384 0.004314
2459808.150849 20.711179 0.004329
2459808.643916 20.710333 0.004326
2459809.136983 20.716485 0.004350
2459809.640577 20.699759 0.004284
2459810.133644 20.706373 0.004310
2459810.626711 20.706557 0.004311
2459811.130305 20.712857 0.004336
2459811.623372 20.712318 0.004334
2459812.116439 20.716021 0.004349
2459812.620032 20.715141 0.004345
2459813.113100 20.710640 0.004327
2459813.606167 20.704306 0.004302
2459814.109760 20.715218 0.004345
2459814.602827 20.707645 0.004315
2459815.095894 20.708305 0.004318
2459815.599488 20.701771 0.004292
2459816.092555 20.705592 0.004307
2459816.585622 20.710502 0.004327
2459817.089216 20.716006 0.004349
2459817.582283 20.717058 0.004353
2459818.075350 20.707768 0.004316
2459818.578944 20.708765 0.004320
2459819.072011 20.705791 0.004308
2459819.565078 20.707722 0.004316
2459820.068671 20.708934 0.004320
2459820.561738 20.723093 0.004377
2459821.054806 20.713443 0.004338
2459821.558399 20.707323 0.004314
2459822.051466 20.704673 0.004303
2459822.544533 20.706327 0.004310
2459823.048127 20.709211 0.004321
2459823.541194 20.710686 0.004327
2459824.034261 20.707124 0.004313
2459824.537855 20.708489 0.004319
2459825.030922 20.716748 0.004352
2459825.523989 20.709994 0.004325
2459826.027582 20.709595 0.004323
2459826.520650 20.706771 0.004312
2459827.013717 20.709257 0.004322
2459827.517310 20.707323 0.004314
2459828.010377 20.712642 0.004335
2459828.503444 20.713304 0.004338
2459829.007038 20.711748 0.004332
2459829.500105 20.701191 0.004290
2459829.993172 20.719288 0.004362
2459830.496766 20.709779 0.004324
2459830.989833 20.714986 0.004344
2459831.482900 20.712272 0.004334
2459831.986494 20.715141 0.004345
2459832.479561 20.705194 0.004305
2459832.972628 20.699713 0.004284
2459833.476221 20.709810 0.004324
2459833.969288 20.701954 0.004293
2459834.462356 20.708980 0.004321
2459834.965949 20.709964 0.004324
2459835.459016 20.707706 0.004315
2459835.952083 20.716176 0.004349
2459836.455677 20.715079 0.004345
2459836.948744 20.698709 0.004280
2459837.441811 20.711317 0.004330
2459837.945405 20.717398 0.004354
2459838.438472 20.702809 0.004296
2459838.931539 20.705867 0.004308
2459839.435132 20.711256 0.004330
2459839.928200 20.714168 0.004341
2459840.421267 20.714832 0.004344
2459840.924860 20.713135 0.004337
2459841.417927 20.717382 0.004354
2459841.910994 20.710317 0.004326
2459842.414588 20.703985 0.004301
2459842.907655 20.710056 0.004325
2459843.400722 20.712749 0.004336
2459843.904316 20.707400 0.004314
2459844.397383 20.711579 0.004331
2459844.890450 20.715094 0.004345
2459845.394044 20.711025 0.004329
2459845.887111 20.713536 0.004339
2459846.380178 20.716130 0.004349
2459846.883771 20.708735 0.004320
2459847.376838 20.707691 0.004315
2459847.869906 20.712657 0.004335
2459848.373499 20.705056 0.004305
2459848.866566 20.711486 0.004330
2459849.359633 20.707936 0.004316
2459849.863227 20.713058 0.004337
2459850.356294 20.715851 0.004348
2459850.849361 20.708336 0.004318
2459851.352955 20.710163 0.004325
2459851.846022 20.711286 0.004330
2459852.339089 20.708566 0.004319
2459852.842682 20.722175 0.004373
2459853.335750 20.718714 0.004359
2459853.828817 20.716114 0.004349
2459854.332410 20.708305 0.004318
2459854.825477 20.714384 0.004342
2459855.318544 20.713752 0.004340
2459855.822138 20.706878 0.004312
2459856.315205 20.706020 0.004309
2459856.808272 20.709964 0.004324
2459857.311866 20.715419 0.004346
2459857.804933 20.705010 0.004305
2459858.298000 20.714677 0.004343
2459858.801594 20.707691 0.004315
2459859.294661 20.708566 0.004319
2459859.787728 20.711717 0.004331
2459860.291321 20.713921 0.004340
2459860.784388 20.705025 0.004305
2459861.277456 20.712364 0.004334
2459861.781049 20.711471 0.004330
2459862.274116 20.712287 0.004334
2459862.767183 20.707614 0.004315
2459863.270777 20.706848 0.004312
2459863.763844 20.715172 0.004345
2459864.256911 20.709533 0.004323
2459864.760505 20.710348 0.004326
2459865.253572 20.702962 0.004297
2459865.746639 20.712688 0.004335
2459866.250232 20.707737 0.004316
2459866.743300 20.708827 0.004320
2459867.236367 20.712549 0.004335
2459867.739960 20.711995 0.004333
2459868.233027 20.704505 0.004303
2459868.726094 20.712041 0.004333
2459869.229688 20.717398 0.004354
2459869.722755 20.713443 0.004338
2459870.215822 20.711425 0.004330
2459870.719416 20.710702 0.004327
2459871.212483 20.710748 0.004328
2459871.705550 20.705944 0.004308
2459872.209144 20.710471 0.004326
2459872.702211 20.707798 0.004316
2459873.195278 20.711502 0.004331
2459873.698871 20.710071 0.004325
2459874.191938 20.710609 0.004327
2459874.685006 20.713813 0.004340
2459875.188599 20.710625 0.004327
2459875.681666 20.710932 0.004328
2459876.174733 20.718683 0.004359
2459876.678327 20.706419 0.004310
2459877.171394 20.706725 0.004312
2459877.664461 20.699683 0.004284
2459878.168055 20.710686 0.004327
2459878.661122 20.706694 0.004311
2459879.154189 20.709303 0.004322
2459987.411250 20.710210 0.004325
2459987.904317 20.710440 0.004326
2459988.407910 20.718157 0.004357
2459988.900977 20.708781 0.004320
2459989.394044 20.712996 0.004337
2459989.897638 20.715650 0.004347
2459990.390705 20.701008 0.004289
2459990.883772 20.704215 0.004302
2459991.387366 20.717027 0.004353
2459991.880433 20.709503 0.004323
2459992.373500 20.710748 0.004328
2459992.877094 20.709303 0.004322
2459993.370161 20.712179 0.004333
2459993.863228 20.703664 0.004299
2459994.366821 20.720327 0.004366
2459994.859888 20.711179 0.004329
2459995.352956 20.709748 0.004324
2459995.856549 20.711717 0.004331
2459996.349616 20.703512 0.004299
2459996.842683 20.705148 0.004305
2459997.346277 20.712765 0.004336
2459997.839344 20.709825 0.004324
2459998.332411 20.712857 0.004336
2459998.836005 20.707308 0.004314
2459999.329072 20.705576 0.004307
2459999.822139 20.718466 0.004358
2460000.325732 20.714878 0.004344
2460000.818800 20.712441 0.004334
2460001.311867 20.713073 0.004337
2460001.815460 20.705041 0.004305
2460002.308527 20.709241 0.004322
2460002.801594 20.706970 0.004313
2460003.305188 20.701100 0.004289
2460003.798255 20.710702 0.004327
2460004.291322 20.708658 0.004319
2460004.794916 20.706235 0.004310
2460005.287983 20.709979 0.004324
2460005.781050 20.706832 0.004312
2460006.284644 20.713968 0.004340
2460006.777711 20.711394 0.004330
2460007.270778 20.711163 0.004329
2460007.774371 20.713058 0.004337
2460008.267438 20.712072 0.004333
2460008.760506 20.711194 0.004329
2460009.264099 20.709503 0.004323
2460009.757166 20.708904 0.004320
2460010.250233 20.705714 0.004308
2460010.753827 20.705393 0.004306
2460011.246894 20.711610 0.004331
2460011.739961 20.702015 0.004293
2460012.243555 20.718947 0.004360
2460012.736622 20.704612 0.004303
2460013.229689 20.711302 0.004330
2460013.733282 20.710717 0.004327
2460014.226350 20.712364 0.004334
2460014.719417 20.712025 0.004333
2460015.223010 20.708228 0.004318
2460015.716077 20.711333 0.004330
2460016.209144 20.720172 0.004365
2460016.712738 20.715434 0.004346
2460017.205805 20.717336 0.004354
2460017.698872 20.712025 0.004333
2460018.202466 20.715002 0.004345
2460018.695533 20.705362 0.004306
2460019.188600 20.707630 0.004315
2460019.692194 20.710825 0.004328
2460020.185261 20.704368 0.004302
2460020.678328 20.712672 0.004335
2460021.181921 20.710087 0.004325
2460021.674988 20.709272 0.004322
2460022.168056 20.713798 0.004340
2460022.671649 20.704398 0.004302
2460023.164716 20.709948 0.004324
2460023.657783 20.702229 0.004294
2460024.161377 20.704215 0.004302
2460024.654444 20.706786 0.004312
2460025.147511 20.715604 0.004347
2460025.651105 20.710348 0.004326
2460026.144172 20.707967 0.004316
2460026.637239 20.707492 0.004315
2460027.140832 20.703894 0.004300
2460027.633900 20.705408 0.004306
2460028.126967 20.706403 0.004310
2460028.630560 20.708443 0.004318
2460029.123627 20.708382 0.004318
2460029.616694 20.713088 0.004337
2460030.120288 20.715851 0.004348
2460030.613355 20.705209 0.004306
2460031.106422 20.715697 0.004347
2460031.610016 20.716161 0.004349
2460032.103083 20.704276 0.004302
2460032.596150 20.711286 0.004330
2460033.099744 20.704903 0.004304
2460033.592811 20.717460 0.004354
2460034.085878 20.712919 0.004336
2460034.589471 20.709503 0.004323
2460035.082538 20.711425 0.004330
2460035.575606 20.715527 0.004347
2460036.079199 20.706970 0.004313
2460036.572266 20.710256 0.004326
2460037.065333 20.710886 0.004328
2460037.568927 20.713212 0.004337
2460038.061994 20.711979 0.004332
2460038.555061 20.714353 0.004342
2460039.058655 20.705745 0.004308
2460039.551722 20.713027 0.004337
2460040.044789 20.705852 0.004308
2460040.548382 20.713212 0.004337
2460041.041450 20.712826 0.004336
2460041.534517 20.710809 0.004328
2460042.038110 20.708904 0.004320
2460042.531177 20.718652 0.004359
2460043.024244 20.711948 0.004332
2460043.527838 20.714477 0.004342
2460044.020905 20.711671 0.004331
2460044.513972 20.703771 0.004300
2460045.017566 20.708397 0.004318
2460045.510633 20.717305 0.004354
2460046.003700 20.712364 0.004334
2460046.507294 20.701679 0.004292
2460047.000361 20.715125 0.004345
2460047.493428 20.704781 0.004304
2460047.997021 20.712426 0.004334
2460048.490088 20.711764 0.004332
2460048.983156 20.705653 0.004307
2460049.486749 20.713027 0.004337
2460049.979816 20.706173 0.004309
2460050.472883 20.710409 0.004326
2460050.976477 20.706955 0.004312
2460051.469544 20.717305 0.004354
2460051.962611 20.710809 0.004328
2460052.466205 20.719675 0.004363
2460052.959272 20.703588 0.004299
2460053.452339 20.709472 0.004322
2460053.955932 20.711964 0.004332
2460054.449000 20.709364 0.004322
2460054.942067 20.706572 0.004311
2460055.445660 20.707338 0.004314
2460055.938727 20.704826 0.004304
2460056.431794 20.714801 0.004344
2460056.935388 20.706357 0.004310
2460057.428455 20.712534 0.004335
2460057.921522 20.704383 0.004302
2460058.425116 20.708243 0.004318
2460058.918183 20.713860 0.004340
