2458346.727899 20.557823 0.004467
2458347.220966 20.563879 0.004492
2458347.714033 20.547426 0.004424
2458348.217627 20.557170 0.004464
2458348.710694 20.551475 0.004441
2458349.203761 20.550745 0.004438
2458349.707355 20.553685 0.004450
2458350.200422 20.557170 0.004464
2458350.693489 20.549319 0.004432
2458351.197082 20.550908 0.004439
2458351.690150 20.547167 0.004423
2458352.183217 20.549092 0.004431
2458352.686810 20.559097 0.004472
2458353.179877 20.549206 0.004432
2458353.672944 20.549222 0.004432
2458354.176538 20.554238 0.004452
2458354.669605 20.546359 0.004420
2458355.162672 20.551492 0.004441
2458355.666266 20.535799 0.004377
2458356.159333 20.552986 0.004447
2458356.652400 20.545536 0.004417
2458357.155994 20.555182 0.004456
2458357.649061 20.556143 0.004460
2458358.142128 20.544197 0.004411
2458358.645721 20.553018 0.004447
2458359.138788 20.552450 0.004445
2458359.631856 20.555882 0.004459
2458360.135449 20.551979 0.004443
2458360.628516 20.558182 0.004468
2458361.121583 20.557431 0.004465
2458361.625177 20.555670 0.004458
2458362.118244 20.546004 0.004419
2458362.611311 20.561911 0.004484
2458363.114905 20.559800 0.004475
2458363.607972 20.549740 0.004434
2458364.101039 20.547280 0.004424
2458364.604632 20.548882 0.004430
2458365.097700 20.555980 0.004459
2458365.590767 20.547200 0.004423
2458366.094360 20.552450 0.004445
2458366.587427 20.554791 0.004455
2458367.080494 20.548752 0.004430
2458367.584088 20.556616 0.004462
2458368.077155 20.554075 0.004452
2458368.570222 20.554872 0.004455
2458369.073816 20.547410 0.004424
2458369.566883 20.547927 0.004426
2458370.059950 20.558198 0.004469
2458370.563544 20.552157 0.004444
2458371.056611 20.544842 0.004414
2458371.549678 20.553392 0.004449
2458372.053271 20.553294 0.004448
2458372.546338 20.556665 0.004462
2458373.039406 20.552872 0.004447
2458373.542999 20.555377 0.004457
2458374.036066 20.555328 0.004457
2458374.529133 20.555784 0.004459
2458375.032727 20.552141 0.004444
2458375.525794 20.549028 0.004431
2458376.018861 20.554514 0.004453
2458376.522455 20.549562 0.004433
2458377.015522 20.549206 0.004432
2458377.508589 20.553262 0.004448
2458378.012182 20.560667 0.004479
2458378.505250 20.549481 0.004433
2458378.998317 20.552563 0.004445
2458379.501910 20.557774 0.004467
2458379.994977 20.556974 0.004463
2458380.488044 20.553441 0.004449
2458380.991638 20.549287 0.004432
2458381.484705 20.547345 0.004424
2458381.977772 20.544052 0.004411
2458382.481366 20.549271 0.004432
2458382.974433 20.539163 0.004391
2458383.467500 20.551946 0.004443
2458383.971094 20.558492 0.004470
2458384.464161 20.551962 0.004443
2458384.957228 20.557872 0.004467
2458385.460821 20.551995 0.004443
2458385.953888 20.545778 0.004418
2458386.446956 20.547927 0.004426
2458386.950549 20.558983 0.004472
2458387.443616 20.553945 0.004451
2458387.936683 20.554221 0.004452
2458388.440277 20.557464 0.004466
2458388.933344 20.552466 0.004445
2458389.426411 20.555605 0.004458
2458389.930005 20.542812 0.004406
2458390.423072 20.554645 0.004454
2458390.916139 20.546795 0.004422
2458391.419732 20.550681 0.004438
2458391.912800 20.555393 0.004457
2458392.405867 20.554645 0.004454
2458392.909460 20.557888 0.004467
2458393.402527 20.548752 0.004430
2458393.895594 20.548672 0.004429
2458394.399188 20.545552 0.004417
2458394.892255 20.549206 0.004432
2458395.385322 20.545229 0.004415
2458395.888916 20.547491 0.004425
2458396.381983 20.554059 0.004452
2458396.875050 20.552644 0.004446
2458397.378644 20.551427 0.004441
2458397.871711 20.552303 0.004444
2458398.364778 20.555964 0.004459
2458398.868371 20.546472 0.004421
2458399.361438 20.543424 0.004408
2458399.854506 20.551816 0.004442
2458400.358099 20.545552 0.004417
2458400.851166 20.552385 0.004445
2458401.344233 20.549514 0.004433
2458401.847827 20.548704 0.004430
2458402.340894 20.550470 0.004437
2458402.833961 20.550826 0.004438
2458403.337555 20.555149 0.004456
2458403.830622 20.552092 0.004443
2458404.323689 20.552872 0.004447
2458404.827282 20.548979 0.004431
2458405.320350 20.541750 0.004401
2458405.813417 20.550518 0.004437
2458406.317010 20.546198 0.004419
2458406.810077 20.561502 0.004482
2458407.303144 20.546909 0.004422
2458407.806738 20.553912 0.004451
2458408.299805 20.553555 0.004449
2458408.792872 20.549886 0.004434
2458409.296466 20.555524 0.004458
2458409.789533 20.558362 0.004469
2458410.282600 20.553408 0.004449
2458410.786194 20.553603 0.004450
2458411.279261 20.552352 0.004445
2458411.772328 20.554531 0.004453
2458412.275921 20.558835 0.004471
2458412.768988 20.553750 0.004450
2458413.262056 20.554905 0.004455
2458413.765649 20.551021 0.004439
2458414.258716 20.548995 0.004431
2458414.751783 20.551427 0.004441
2458415.255377 20.553392 0.004449
2458415.748444 20.552092 0.004443
2458416.241511 20.553408 0.004449
2458416.745105 20.555035 0.004456
2458417.238172 20.555035 0.004456
2458417.731239 20.560012 0.004476
2458418.234832 20.540159 0.004395
2458526.481367 20.555279 0.004457
2458526.984960 20.553473 0.004449
2458527.478027 20.553864 0.004451
2458527.971094 20.551816 0.004442
2458528.474688 20.548542 0.004429
2458528.967755 20.553490 0.004449
2458529.460822 20.553408 0.004449
2458529.964416 20.562059 0.004484
2458530.457483 20.549902 0.004435
2458530.950550 20.553831 0.004451
2458531.454144 20.544826 0.004414
2458531.947211 20.547717 0.004426
2458532.440278 20.551313 0.004440
2458532.943871 20.550778 0.004438
2458533.436938 20.548623 0.004429
2458533.930006 20.554693 0.004454
2458534.433599 20.554173 0.004452
2458534.926666 20.555459 0.004457
2458535.419733 20.550275 0.004436
2458535.923327 20.551070 0.004439
2458536.416394 20.543762 0.004410
2458536.909461 20.542329 0.004404
2458537.413055 20.549757 0.004434
2458537.906122 20.549465 0.004433
2458538.399189 20.557121 0.004464
2458538.902782 20.554352 0.004453
2458539.395850 20.553099 0.004448
2458539.888917 20.549627 0.004433
2458540.392510 20.547555 0.004425
2458540.885577 20.553571 0.004450
2458541.378644 20.546521 0.004421
2458541.882238 20.554905 0.004455
2458542.375305 20.553197 0.004448
2458542.868372 20.551102 0.004439
2458543.371966 20.553977 0.004451
2458543.865033 20.548623 0.004429
2458544.358100 20.548137 0.004427
2458544.861694 20.549335 0.004432
2458545.354761 20.551849 0.004442
2458545.847828 20.549805 0.004434
2458546.351421 20.548769 0.004430
2458546.844488 20.545859 0.004418
2458547.337556 20.560094 0.004476
2458547.841149 20.549530 0.004433
2458548.334216 20.547911 0.004426
2458548.827283 20.555801 0.004459
2458549.330877 20.562534 0.004486
2458549.823944 20.554954 0.004455
2458550.317011 20.548202 0.004428
2458550.820605 20.547943 0.004427
2458551.313672 20.549011 0.004431
2458551.806739 20.552921 0.004447
2458552.310332 20.548299 0.004428
2458552.803400 20.550243 0.004436
2458553.296467 20.552742 0.004446
2458553.800060 20.555817 0.004459
2458554.293127 20.549465 0.004433
2458554.786194 20.559931 0.004476
2458555.289788 20.549886 0.004434
2458555.782855 20.554531 0.004453
2458556.275922 20.548510 0.004429
2458556.779516 20.548574 0.004429
2458557.272583 20.553294 0.004448
2458557.765650 20.556420 0.004461
2458558.269244 20.550794 0.004438
2458558.762311 20.554677 0.004454
2458559.255378 20.544891 0.004414
2458559.758971 20.561355 0.004482
2458560.252038 20.554986 0.004455
2458560.745106 20.549514 0.004433
2458561.248699 20.546941 0.004422
2458561.741766 20.551135 0.004440
2458562.234833 20.554531 0.004453
2458562.738427 20.548315 0.004428
2458563.231494 20.555638 0.004458
2458563.724561 20.558917 0.004471
2458564.228155 20.551102 0.004439
2458564.721222 20.549352 0.004432
2458565.214289 20.558378 0.004469
2458565.717882 20.554531 0.004453
2458566.210950 20.552921 0.004447
2458566.704017 20.544391 0.004412
2458567.207610 20.548510 0.004429
2458567.700677 20.554108 0.004452
2458568.193744 20.548105 0.004427
2458568.697338 20.552044 0.004443
2458569.190405 20.549238 0.004432
2458569.683472 20.551492 0.004441
2458570.187066 20.562256 0.004485
2458570.680133 20.549416 0.004433
2458571.173200 20.546618 0.004421
2458571.676794 20.562387 0.004486
2458572.169861 20.545471 0.004416
2458572.662928 20.546715 0.004422
2458573.166521 20.552076 0.004443
2458573.659588 20.555247 0.004456
2458574.152656 20.552368 0.004445
2458574.656249 20.546650 0.004421
2458575.149316 20.554791 0.004455
2458575.642383 20.551524 0.004441
2458576.145977 20.541460 0.004400
2458576.639044 20.553376 0.004449
2458577.132111 20.546149 0.004419
2458577.635705 20.556339 0.004461
2458578.128772 20.551329 0.004440
2458578.621839 20.553018 0.004447
2458579.125432 20.549190 0.004432
2458579.618500 20.550340 0.004436
2458580.111567 20.556029 0.004460
2458580.615160 20.546650 0.004421
2458581.108227 20.547588 0.004425
2458581.601294 20.558460 0.004470
2458582.104888 20.554498 0.004453
2458582.597955 20.556110 0.004460
2458583.091022 20.561535 0.004482
2458583.594616 20.548364 0.004428
2458584.087683 20.550745 0.004438
2458584.580750 20.542957 0.004406
2458585.084344 20.549676 0.004434
2458585.577411 20.550000 0.004435
2458586.070478 20.544794 0.004414
2458586.574071 20.564011 0.004493
2458587.067138 20.550778 0.004438
2458587.560206 20.546715 0.004422
2458588.063799 20.549384 0.004432
2458588.556866 20.550113 0.004435
2458589.049933 20.554742 0.004454
2458589.553527 20.555638 0.004458
2458590.046594 20.555768 0.004459
2458590.539661 20.553343 0.004449
2458591.043255 20.552547 0.004445
2458591.536322 20.553864 0.004451
2458592.029389 20.549757 0.004434
2458592.532982 20.556224 0.004460
2458593.026050 20.551492 0.004441
2458593.519117 20.552092 0.004443
2458594.022710 20.548089 0.004427
2458594.515777 20.556453 0.004461
2458595.008844 20.548477 0.004429
2458595.512438 20.554270 0.004452
2458596.005505 20.552677 0.004446
2458596.498572 20.542152 0.004403
2458597.002166 20.547507 0.004425
2458597.495233 20.549433 0.004433
2458597.988300 20.553733 0.004450
2458712.204272 20.552758 0.004446
2458712.697339 20.555263 0.004456
2458713.200932 20.550486 0.004437
2458713.694000 20.553636 0.004450
2458714.187067 20.551767 0.004442
2458714.690660 20.549465 0.004433
2458715.183727 20.560209 0.004477
2458715.676794 20.558950 0.004472
2458716.180388 20.551200 0.004440
2458716.673455 20.552482 0.004445
2458717.166522 20.552417 0.004445
2458717.670116 20.552758 0.004446
2458718.163183 20.543391 0.004408
2458718.656250 20.548736 0.004430
2458719.159844 20.549870 0.004434
2458719.652911 20.562747 0.004487
2458720.145978 20.551719 0.004442
2458720.649571 20.550956 0.004439
2458721.142638 20.550583 0.004437
2458721.635706 20.544165 0.004411
2458722.139299 20.555638 0.004458
2458722.632366 20.559048 0.004472
2458723.125433 20.557317 0.004465
2458723.629027 20.558983 0.004472
2458724.122094 20.559048 0.004472
2458724.615161 20.548057 0.004427
2458725.118755 20.550859 0.004438
2458725.611822 20.547200 0.004423
2458726.104889 20.552661 0.004446
2458726.608482 20.555866 0.004459
2458727.101550 20.554775 0.004454
2458727.594617 20.553587 0.004450
2458728.098210 20.548170 0.004427
2458728.591277 20.558345 0.004469
2458729.084344 20.550421 0.004437
2458729.587938 20.557513 0.004466
2458730.081005 20.555279 0.004457
2458730.574072 20.548704 0.004430
2458731.077666 20.559179 0.004473
2458731.570733 20.548785 0.004430
2458732.063800 20.557317 0.004465
2458732.567394 20.554287 0.004452
2458733.060461 20.553099 0.004448
2458733.553528 20.549838 0.004434
2458734.057121 20.544778 0.004414
2458734.550188 20.541669 0.004401
2458735.043256 20.554221 0.004452
2458735.546849 20.551621 0.004442
2458736.039916 20.557627 0.004466
2458736.532983 20.554124 0.004452
2458737.036577 20.555182 0.004456
2458737.529644 20.545084 0.004415
2458738.022711 20.551767 0.004442
2458738.526305 20.553815 0.004451
2458739.019372 20.549011 0.004431
2458739.512439 20.550081 0.004435
2458740.016032 20.545116 0.004415
2458740.509100 20.547232 0.004424
2458741.002167 20.547927 0.004426
2458741.505760 20.551832 0.004442
2458741.998827 20.546392 0.004420
2458742.491894 20.547879 0.004426
2458742.995488 20.552108 0.004444
2458743.488555 20.546133 0.004419
2458743.981622 20.553343 0.004449
2458744.485216 20.555426 0.004457
2458744.978283 20.550243 0.004436
2458745.471350 20.550113 0.004435
2458745.974944 20.550259 0.004436
2458746.468011 20.550859 0.004438
2458746.961078 20.557301 0.004465
2458747.464671 20.551248 0.004440
2458747.957738 20.551621 0.004442
2458748.450806 20.556518 0.004462
2458748.954399 20.552466 0.004445
2458749.447466 20.551638 0.004442
2458749.940533 20.550599 0.004437
2458750.444127 20.542973 0.004406
2458750.937194 20.554189 0.004452
2458751.430261 20.555654 0.004458
2458751.933855 20.553912 0.004451
2458752.426922 20.557268 0.004465
2458752.919989 20.549578 0.004433
2458753.423582 20.551589 0.004441
2458753.916650 20.557268 0.004465
2458754.409717 20.554531 0.004453
2458754.913310 20.549335 0.004432
2458755.406377 20.551183 0.004440
2458755.899444 20.550032 0.004435
2458756.403038 20.550940 0.004439
2458756.896105 20.553880 0.004451
2458757.389172 20.555996 0.004459
2458757.892766 20.550810 0.004438
2458758.385833 20.554856 0.004455
2458758.878900 20.556110 0.004460
2458759.382494 20.548429 0.004429
2458759.875561 20.546198 0.004419
2458760.368628 20.556714 0.004462
2458760.872221 20.547895 0.004426
2458761.365288 20.548251 0.004428
2458761.858356 20.554856 0.004455
2458762.361949 20.551556 0.004441
2458762.855016 20.556534 0.004462
2458763.348083 20.555687 0.004458
2458763.851677 20.550583 0.004437
2458764.344744 20.548283 0.004428
2458764.837811 20.554140 0.004452
2458765.341405 20.550972 0.004439
2458765.834472 20.551508 0.004441
2458766.327539 20.554352 0.004453
2458766.831132 20.546973 0.004423
2458767.324200 20.548105 0.004427
2458767.817267 20.548105 0.004427
2458768.320860 20.552320 0.004444
2458768.813927 20.550518 0.004437
2458769.306994 20.550162 0.004436
2458769.810588 20.548299 0.004428
2458770.303655 20.552986 0.004447
2458770.796722 20.553051 0.004447
2458771.300316 20.553148 0.004448
2458771.793383 20.557627 0.004466
2458772.286450 20.548040 0.004427
2458772.790044 20.559587 0.004474
2458773.283111 20.554514 0.004453
2458773.776178 20.553977 0.004451
2458774.279771 20.546666 0.004421
2458774.772838 20.552092 0.004443
2458775.265906 20.554710 0.004454
2458775.769499 20.558983 0.004472
2458776.262566 20.552774 0.004446
2458776.755633 20.552060 0.004443
2458777.259227 20.560749 0.004479
2458777.752294 20.551995 0.004443
2458778.245361 20.543488 0.004408
2458778.748955 20.547377 0.004424
2458779.242022 20.544310 0.004412
2458779.735089 20.555833 0.004459
2458780.238682 20.554140 0.004452
2458780.731750 20.557513 0.004466
2458781.224817 20.556013 0.004460
2458781.728410 20.555882 0.004459
2458782.221477 20.557301 0.004465
2458782.714544 20.550243 0.004436
2458783.218138 20.557023 0.004464
2458783.711205 20.557594 0.004466
2459622.427944 20.554075 0.004452
2459622.921011 20.556697 0.004462
2459623.424605 20.551232 0.004440
2459623.917672 20.554156 0.004452
2459624.410739 20.554335 0.004453
2459624.914332 20.557056 0.004464
2459625.407400 20.554856 0.004455
2459625.900467 20.552791 0.004446
2459626.404060 20.554482 0.004453
2459626.897127 20.554921 0.004455
2459627.390194 20.542683 0.004405
2459627.893788 20.556290 0.004461
2459628.386855 20.543907 0.004410
2459628.879922 20.548963 0.004431
2459629.383516 20.554872 0.004455
2459629.876583 20.558035 0.004468
2459630.369650 20.556599 0.004462
2459630.873244 20.552661 0.004446
2459631.366311 20.545504 0.004417
2459631.859378 20.553408 0.004449
2459632.362971 20.556371 0.004461
2459632.856038 20.565489 0.004499
2459633.349106 20.543311 0.004408
2459633.852699 20.546973 0.004423
2459634.345766 20.553294 0.004448
2459634.838833 20.548137 0.004427
2459635.342427 20.544407 0.004412
2459635.835494 20.553051 0.004447
2459636.328561 20.551930 0.004443
2459636.832155 20.547976 0.004427
2459637.325222 20.546537 0.004421
2459637.818289 20.559489 0.004474
2459638.321882 20.552856 0.004447
2459638.814950 20.547830 0.004426
2459639.308017 20.558950 0.004472
2459639.811610 20.552027 0.004443
2459640.304677 20.556828 0.004463
2459640.797744 20.551232 0.004440
2459641.301338 20.559506 0.004474
2459641.794405 20.548445 0.004429
2459642.287472 20.550583 0.004437
2459642.791066 20.545859 0.004418
2459643.284133 20.551443 0.004441
2459643.777200 20.551816 0.004442
2459644.280794 20.549546 0.004433
2459644.773861 20.549919 0.004435
2459645.266928 20.557464 0.004466
2459645.770521 20.554140 0.004452
2459646.263588 20.549919 0.004435
2459646.756656 20.547345 0.004424
2459647.260249 20.553359 0.004449
2459647.753316 20.554108 0.004452
2459648.246383 20.557235 0.004465
2459648.749977 20.543826 0.004410
2459649.243044 20.546020 0.004419
2459649.736111 20.550745 0.004438
2459650.239705 20.547232 0.004424
2459650.732772 20.550145 0.004436
2459651.225839 20.545859 0.004418
2459651.729432 20.544923 0.004414
2459652.222500 20.552303 0.004444
2459652.715567 20.554824 0.004455
2459653.219160 20.554807 0.004455
2459653.712227 20.553002 0.004447
2459654.205294 20.554400 0.004453
2459654.708888 20.552255 0.004444
2459655.201955 20.555214 0.004456
2459655.695022 20.551037 0.004439
2459656.198616 20.551459 0.004441
2459656.691683 20.554059 0.004452
2459657.184750 20.556502 0.004462
2459657.688344 20.552076 0.004443
2459658.181411 20.552791 0.004446
2459658.674478 20.545020 0.004415
2459659.178071 20.550372 0.004436
2459659.671138 20.546521 0.004421
2459660.164206 20.550794 0.004438
2459660.667799 20.546989 0.004423
2459661.160866 20.547846 0.004426
2459661.653933 20.551654 0.004442
2459662.157527 20.553912 0.004451
2459662.650594 20.549109 0.004431
2459663.143661 20.547054 0.004423
2459663.647255 20.552190 0.004444
2459664.140322 20.549967 0.004435
2459664.633389 20.546101 0.004419
2459665.136982 20.559783 0.004475
2459665.630050 20.554335 0.004453
2459666.123117 20.553555 0.004449
2459666.626710 20.547216 0.004424
2459667.119777 20.551589 0.004441
2459667.612844 20.544068 0.004411
2459668.116438 20.547394 0.004424
2459668.609505 20.554189 0.004452
2459669.102572 20.548477 0.004429
2459669.606166 20.555817 0.004459
2459670.099233 20.546521 0.004421
2459670.592300 20.557448 0.004465
2459671.095894 20.553929 0.004451
2459671.588961 20.544810 0.004414
2459672.082028 20.556078 0.004460
2459672.585621 20.555117 0.004456
2459673.078688 20.540062 0.004395
2459673.571756 20.554059 0.004452
2459674.075349 20.548493 0.004429
2459674.568416 20.562141 0.004485
2459675.061483 20.550810 0.004438
2459675.565077 20.555068 0.004456
2459676.058144 20.542924 0.004406
2459676.551211 20.541911 0.004402
2459677.054805 20.552807 0.004446
2459677.547872 20.557660 0.004466
2459678.040939 20.554693 0.004454
2459678.544532 20.554238 0.004452
2459679.037600 20.553359 0.004449
2459679.530667 20.547297 0.004424
2459680.034260 20.550778 0.004438
2459680.527327 20.559146 0.004472
2459681.020394 20.550518 0.004437
2459681.523988 20.550778 0.004438
2459682.017055 20.545520 0.004417
2459682.510122 20.550129 0.004435
2459683.013716 20.560585 0.004478
2459683.506783 20.552271 0.004444
2459683.999850 20.550616 0.004437
2459684.503444 20.547151 0.004423
2459684.996511 20.556762 0.004463
2459685.489578 20.551751 0.004442
2459685.993171 20.556926 0.004463
2459686.486238 20.550340 0.004436
2459686.979306 20.554791 0.004455
2459687.482899 20.543375 0.004408
2459687.975966 20.552466 0.004445
2459688.469033 20.560651 0.004479
2459688.972627 20.554921 0.004455
2459689.465694 20.560323 0.004477
2459689.958761 20.552027 0.004443
2459690.462355 20.553555 0.004449
2459690.955422 20.548898 0.004430
2459691.448489 20.554270 0.004452
2459691.952082 20.550081 0.004435
2459692.445150 20.552726 0.004446
2459692.938217 20.552271 0.004444
2459693.441810 20.551589 0.004441
2459693.934877 20.554791 0.004455
2459807.647256 20.556339 0.004461
2459808.150849 20.553717 0.004450
2459808.643916 20.552531 0.004445
2459809.136983 20.545907 0.004418
2459809.640577 20.557366 0.004465
2459810.133644 20.552774 0.004446
2459810.626711 20.553864 0.004451
2459811.130305 20.546682 0.004422
2459811.623372 20.548267 0.004428
2459812.116439 20.558590 0.004470
2459812.620032 20.554531 0.004454
2459813.113100 20.557529 0.004466
2459813.606167 20.551784 0.004442
2459814.109760 20.541637 0.004401
2459814.602827 20.556844 0.004463
2459815.095894 20.552969 0.004447
2459815.599488 20.556893 0.004463
2459816.092555 20.542699 0.004405
2459816.585622 20.552433 0.004445
2459817.089216 20.551621 0.004442
2459817.582283 20.557317 0.004465
2459818.075350 20.556583 0.004462
2459818.578944 20.552856 0.004447
2459819.072011 20.553311 0.004449
2459819.565078 20.546893 0.004422
2459820.068671 20.556632 0.004462
2459820.561738 20.552612 0.004446
2459821.054806 20.553685 0.004450
2459821.558399 20.546182 0.004420
2459822.051466 20.552190 0.004444
2459822.544533 20.551394 0.004441
2459823.048127 20.555621 0.004458
2459823.541194 20.556094 0.004460
2459824.034261 20.559260 0.004473
2459824.537855 20.553034 0.004447
2459825.030922 20.549303 0.004432
2459825.523989 20.551589 0.004442
2459826.027582 20.552303 0.004445
2459826.520650 20.552596 0.004446
2459827.013717 20.546699 0.004422
2459827.517310 20.547022 0.004423
2459828.010377 20.559947 0.004476
2459828.503444 20.550470 0.004437
2459829.007038 20.551573 0.004442
2459829.500105 20.556942 0.004464
2459829.993172 20.551183 0.004440
2459830.496766 20.552547 0.004446
2459830.989833 20.545020 0.004415
2459831.482900 20.550162 0.004436
2459831.986494 20.547652 0.004426
2459832.479561 20.547491 0.004425
2459832.972628 20.552173 0.004444
2459833.476221 20.548898 0.004431
2459833.969288 20.555817 0.004459
2459834.462356 20.552579 0.004446
2459834.965949 20.552774 0.004446
2459835.459016 20.553457 0.004449
2459835.952083 20.553522 0.004450
2459836.455677 20.557856 0.004467
2459836.948744 20.550308 0.004436
2459837.441811 20.553359 0.004449
2459837.945405 20.553685 0.004450
2459838.438472 20.547588 0.004425
2459838.931539 20.549983 0.004435
2459839.435132 20.549854 0.004435
2459839.928200 20.558737 0.004471
2459840.421267 20.556029 0.004460
2459840.924860 20.560143 0.004477
2459841.417927 20.548688 0.004430
2459841.910994 20.541862 0.004402
2459842.414588 20.546893 0.004422
2459842.907655 20.546295 0.004420
2459843.400722 20.560831 0.004480
2459843.904316 20.547765 0.004426
2459844.397383 20.550632 0.004438
2459844.890450 20.549028 0.004431
2459845.394044 20.550324 0.004436
2459845.887111 20.552092 0.004444
2459846.380178 20.560618 0.004479
2459846.883771 20.549676 0.004434
2459847.376838 20.553425 0.004449
2459847.869906 20.553132 0.004448
2459848.373499 20.555361 0.004457
2459848.866566 20.549076 0.004431
2459849.359633 20.550437 0.004437
2459849.863227 20.550291 0.004436
2459850.356294 20.554596 0.004454
2459850.849361 20.563108 0.004489
2459851.352955 20.553262 0.004449
2459851.846022 20.549708 0.004434
2459852.339089 20.547862 0.004426
2459852.842682 20.558198 0.004469
2459853.335750 20.553847 0.004451
2459853.828817 20.554287 0.004453
2459854.332410 20.551005 0.004439
2459854.825477 20.556339 0.004461
2459855.318544 20.551232 0.004440
2459855.822138 20.547297 0.004424
2459856.315205 20.557937 0.004468
2459856.808272 20.555589 0.004458
2459857.311866 20.557154 0.004465
2459857.804933 20.561371 0.004482
2459858.298000 20.555345 0.004457
2459858.801594 20.552709 0.004446
2459859.294661 20.545020 0.004415
2459859.787728 20.545633 0.004417
2459860.291321 20.555149 0.004456
2459860.784388 20.549141 0.004432
2459861.277456 20.545891 0.004419
2459861.781049 20.559996 0.004476
2459862.274116 20.547119 0.004424
2459862.767183 20.556013 0.004460
2459863.270777 20.546699 0.004422
2459863.763844 20.555931 0.004460
2459864.256911 20.547765 0.004426
2459864.760505 20.554026 0.004452
2459865.253572 20.561404 0.004482
2459865.746639 20.552287 0.004445
2459866.250232 20.549028 0.004431
2459866.743300 20.556991 0.004464
2459867.236367 20.554010 0.004452
2459867.739960 20.554807 0.004455
2459868.233027 20.555507 0.004458
2459868.726094 20.545633 0.004418
2459869.229688 20.544503 0.004413
2459869.722755 20.557235 0.004465
2459870.215822 20.550956 0.004439
2459870.719416 20.551102 0.004440
2459871.212483 20.548445 0.004429
2459871.705550 20.550535 0.004438
2459872.209144 20.552320 0.004445
2459872.702211 20.546925 0.004423
2459873.195278 20.536055 0.004379
2459873.698871 20.557431 0.004466
2459874.191938 20.546149 0.004420
2459874.685006 20.553977 0.004452
2459875.188599 20.546731 0.004422
2459875.681666 20.555996 0.004460
2459876.174733 20.546262 0.004420
2459876.678327 20.549125 0.004432
2459877.171394 20.557431 0.004466
2459877.664461 20.554287 0.004453
2459878.168055 20.543617 0.004409
2459878.661122 20.548850 0.004431
2459879.154189 20.551524 0.004442
2459987.411250 20.527973 0.004382
2459987.904317 20.532413 0.004402
2459988.407910 20.533067 0.004405
2459988.900977 20.535671 0.004417
2459989.394044 20.534264 0.004413
2459989.897638 20.531059 0.004402
2459990.390705 20.533386 0.004413
2459990.883772 20.525531 0.004382
2459991.387366 20.525721 0.004385
2459991.880433 20.527053 0.004392
2459992.373500 20.529833 0.004405
2459992.877094 20.525119 0.004388
2459993.370161 20.522666 0.004380
2459993.863228 20.528370 0.004405
2459994.366821 20.517967 0.004366
2459994.859888 20.521576 0.004382
2459995.352956 20.519778 0.004378
2459995.856549 20.519747 0.004380
2459996.349616 20.517558 0.004374
2459996.842683 20.514793 0.004365
2459997.346277 20.521592 0.004396
2459997.839344 20.516505 0.004378
2459998.332411 20.521087 0.004400
2459998.836005 20.509800 0.004358
2459999.329072 20.506806 0.004349
2459999.822139 20.506447 0.004352
2460000.325732 20.508817 0.004365
2460000.818800 20.499650 0.004332
2460001.311867 20.495326 0.004319
2460001.815460 20.501074 0.004347
2460002.308527 20.493140 0.004320
2460002.801594 20.495804 0.004335
2460003.305188 20.495696 0.004340
2460003.798255 20.491910 0.004330
2460004.291322 20.482473 0.004298
2460004.794916 20.478946 0.004290
2460005.287983 20.481681 0.004307
2460005.781050 20.481043 0.004311
2460006.284644 20.473721 0.004289
2460006.777711 20.469409 0.004279
2460007.270778 20.467260 0.004278
2460007.774371 20.461688 0.004265
2460008.267438 20.451176 0.004232
2460008.760506 20.449033 0.004232
2460009.264099 20.454703 0.004263
2460009.757166 20.445612 0.004237
2460010.250233 20.446363 0.004250
2460010.753827 20.427452 0.004187
2460011.246894 20.425601 0.004191
2460011.739961 20.421720 0.004187
2460012.243555 20.414587 0.004171
2460012.736622 20.413114 0.004178
2460013.229689 20.400106 0.004141
2460013.733282 20.403117 0.004166
2460014.226350 20.393436 0.004143
2460014.719417 20.376245 0.004092
2460015.223010 20.373556 0.004096
2460015.716077 20.366416 0.004085
2460016.209144 20.364516 0.004093
2460016.712738 20.346658 0.004043
2460017.205805 20.341349 0.004040
2460017.698872 20.334976 0.004033
2460018.202466 20.324497 0.004012
2460018.695533 20.319597 0.004012
2460019.188600 20.305364 0.003977
2460019.692194 20.292683 0.003950
2460020.185261 20.286931 0.003948
2460020.678328 20.283160 0.003953
2460021.181921 20.268669 0.003921
2460021.674988 20.251804 0.003880
2460022.168056 20.245137 0.003876
2460022.671649 20.238293 0.003873
2460023.164716 20.214773 0.003811
2460023.657783 20.198578 0.003775
2460024.161377 20.193151 0.003779
2460024.654444 20.178032 0.003750
2460025.147511 20.172902 0.003756
2460025.651105 20.146554 0.003691
2460026.144172 20.139814 0.003695
2460026.637239 20.120493 0.003659
2460027.140832 20.103926 0.003634
2460027.633900 20.091128 0.003624
2460028.126967 20.066152 0.003575
2460028.630560 20.051390 0.003562
2460029.123627 20.027963 0.003521
2460029.616694 20.005031 0.003479
2460030.120288 20.001407 0.003497
2460030.613355 19.988132 0.003475
2460031.106422 19.974721 0.003444
2460031.610016 19.971273 0.003431
2460032.103083 19.988315 0.003470
2460032.596150 20.003786 0.003493
2460033.099744 20.023743 0.003520
2460033.592811 20.041149 0.003532
2460034.085878 20.074068 0.003592
2460034.589471 20.098363 0.003622
2460035.082538 20.132177 0.003686
2460035.575606 20.156006 0.003718
2460036.079199 20.185479 0.003772
2460036.572266 20.215190 0.003831
2460037.065333 20.233863 0.003854
2460037.568927 20.257421 0.003898
2460038.061994 20.275418 0.003925
2460038.555061 20.292593 0.003953
2460039.058655 20.312177 0.003991
2460039.551722 20.326105 0.004012
2460040.044789 20.350360 0.004074
2460040.548382 20.355618 0.004067
2460041.041450 20.370378 0.004098
2460041.534517 20.372413 0.004083
2460042.038110 20.389822 0.004127
2460042.531177 20.404562 0.004164
2460043.024244 20.415632 0.004188
2460043.527838 20.427510 0.004216
2460044.020905 20.428249 0.004203
2460044.513972 20.431513 0.004201
2460045.017566 20.436640 0.004207
2460045.510633 20.444406 0.004224
2460046.003700 20.446128 0.004219
2460046.507294 20.455713 0.004245
2460047.000361 20.460732 0.004254
2460047.493428 20.464111 0.004258
2460047.997021 20.478354 0.004305
2460048.490088 20.478536 0.004297
2460048.983156 20.487220 0.004323
2460049.486749 20.492556 0.004337
2460049.979816 20.485676 0.004303
2460050.472883 20.492940 0.004325
2460050.976477 20.496344 0.004333
2460051.469544 20.504550 0.004360
2460051.962611 20.492018 0.004305
2460052.466205 20.499557 0.004330
2460052.959272 20.509972 0.004367
2460053.452339 20.513006 0.004375
2460053.955932 20.512615 0.004369
2460054.449000 20.506167 0.004340
2460054.942067 20.512991 0.004363
2460055.445660 20.515170 0.004369
2460055.938727 20.527561 0.004416
2460056.431794 20.522856 0.004394
2460056.935388 20.520267 0.004381
2460057.428455 20.522398 0.004387
2460057.921522 20.525404 0.004396
2460058.425116 20.523441 0.004386
2460058.918183 20.523330 0.004384
