2458346.727899 22.144194 0.007115
2458347.220966 22.156364 0.007195
2458347.714033 22.140437 0.007090
2458348.217627 22.150730 0.007158
2458348.710694 22.163427 0.007242
2458349.203761 22.160999 0.007226
2458349.707355 22.152442 0.007169
2458350.200422 22.147559 0.007137
2458350.693489 22.145693 0.007125
2458351.197082 22.148209 0.007141
2458351.690150 22.153176 0.007174
2458352.183217 22.140679 0.007092
2458352.686810 22.138704 0.007079
2458353.179877 22.158044 0.007206
2458353.672944 22.155055 0.007186
2458354.176538 22.155628 0.007190
2458354.669605 22.156528 0.007196
2458355.162672 22.152728 0.007171
2458355.666266 22.155873 0.007192
2458356.159333 22.139550 0.007085
2458356.652400 22.157224 0.007201
2458357.155994 22.157265 0.007201
2458357.649061 22.159192 0.007214
2458358.142128 22.146788 0.007132
2458358.645721 22.150568 0.007157
2458359.138788 22.167390 0.007269
2458359.631856 22.153462 0.007176
2458360.135449 22.158577 0.007210
2458360.628516 22.150812 0.007158
2458361.121583 22.154769 0.007185
2458361.625177 22.159890 0.007219
2458362.118244 22.169211 0.007281
2458362.611311 22.145450 0.007123
2458363.114905 22.146545 0.007130
2458363.607972 22.156242 0.007194
2458364.101039 22.148697 0.007145
2458364.604632 22.147072 0.007134
2458365.097700 22.165985 0.007259
2458365.590767 22.152728 0.007171
2458366.094360 22.162604 0.007237
2458366.587427 22.156201 0.007194
2458367.080494 22.150812 0.007158
2458367.584088 22.146382 0.007129
2458368.077155 22.150161 0.007154
2458368.570222 22.160588 0.007223
2458369.073816 22.159726 0.007217
2458369.566883 22.145855 0.007126
2458370.059950 22.145652 0.007125
2458370.563544 22.151545 0.007163
2458371.056611 22.147275 0.007135
2458371.549678 22.156283 0.007195
2458372.053271 22.149428 0.007149
2458372.546338 22.160383 0.007222
2458373.039406 22.150975 0.007160
2458373.542999 22.157880 0.007205
2458374.036066 22.160465 0.007222
2458374.529133 22.143547 0.007111
2458375.032727 22.147843 0.007139
2458375.525794 22.147437 0.007136
2458376.018861 22.152646 0.007171
2458376.522455 22.145369 0.007123
2458377.015522 22.150242 0.007155
2458377.508589 22.164705 0.007251
2458378.012182 22.138865 0.007080
2458378.505250 22.140437 0.007090
2458378.998317 22.155096 0.007187
2458379.501910 22.144114 0.007114
2458379.994977 22.153952 0.007179
2458380.488044 22.140800 0.007093
2458380.991638 22.141365 0.007096
2458381.484705 22.149754 0.007151
2458381.977772 22.151423 0.007162
2458382.481366 22.155873 0.007192
2458382.974433 22.147803 0.007139
2458383.467500 22.152116 0.007167
2458383.971094 22.146179 0.007128
2458384.464161 22.149835 0.007152
2458384.957228 22.157880 0.007205
2458385.460821 22.146666 0.007131
2458385.953888 22.164582 0.007250
2458386.446956 22.150975 0.007160
2458386.950549 22.151912 0.007166
2458387.443616 22.142132 0.007101
2458387.936683 22.147113 0.007134
2458388.440277 22.154034 0.007180
2458388.933344 22.150812 0.007158
2458389.426411 22.155873 0.007192
2458389.930005 22.162563 0.007236
2458390.423072 22.148981 0.007146
2458390.916139 22.159028 0.007213
2458391.419732 22.154647 0.007184
2458391.912800 22.145247 0.007122
2458392.405867 22.135246 0.007057
2458392.909460 22.138744 0.007079
2458393.402527 22.137537 0.007071
2458393.895594 22.157839 0.007205
2458394.399188 22.142981 0.007107
2458394.892255 22.159274 0.007214
2458395.385322 22.139429 0.007084
2458395.888916 22.146220 0.007128
2458396.381983 22.147031 0.007134
2458396.875050 22.159685 0.007217
2458397.378644 22.148331 0.007142
2458397.871711 22.147965 0.007140
2458398.364778 22.141123 0.007095
2458398.868371 22.148290 0.007142
2458399.361438 22.142617 0.007105
2458399.854506 22.147803 0.007139
2458400.358099 22.139550 0.007085
2458400.851166 22.144478 0.007117
2458401.344233 22.146058 0.007127
2458401.847827 22.153462 0.007176
2458402.340894 22.145571 0.007124
2458402.833961 22.153666 0.007177
2458403.337555 22.165654 0.007257
2458403.830622 22.165242 0.007254
2458404.323689 22.156651 0.007197
2458404.827282 22.149916 0.007153
2458405.320350 22.158331 0.007208
2458405.813417 22.148940 0.007146
2458406.317010 22.165489 0.007256
2458406.810077 22.149713 0.007151
2458407.303144 22.149428 0.007149
2458407.806738 22.155342 0.007188
2458408.299805 22.145571 0.007124
2458408.792872 22.149713 0.007151
2458409.296466 22.155546 0.007190
2458409.789533 22.152932 0.007172
2458410.282600 22.146950 0.007133
2458410.786194 22.146139 0.007128
2458411.279261 22.150690 0.007158
2458411.772328 22.156160 0.007194
2458412.275921 22.152238 0.007168
2458412.768988 22.146666 0.007131
2458413.262056 22.147072 0.007134
2458413.765649 22.153544 0.007176
2458414.258716 22.159356 0.007215
2458414.751783 22.147721 0.007138
2458415.255377 22.157142 0.007200
2458415.748444 22.155342 0.007188
2458416.241511 22.149022 0.007147
2458416.745105 22.151179 0.007161
2458417.238172 22.153054 0.007173
2458417.731239 22.153870 0.007179
2458418.234832 22.152116 0.007167
2458526.481367 22.141042 0.007095
2458526.984960 22.163263 0.007242
2458527.478027 22.153789 0.007179
2458527.971094 22.157224 0.007202
2458528.474688 22.162521 0.007237
2458528.967755 22.136813 0.007068
2458529.460822 22.136773 0.007068
2458529.964416 22.153176 0.007175
2458530.457483 22.150079 0.007155
2458530.950550 22.151749 0.007166
2458531.454144 22.162604 0.007238
2458531.947211 22.153095 0.007175
2458532.440278 22.162316 0.007236
2458532.943871 22.155873 0.007193
2458533.436938 22.154401 0.007184
2458533.930006 22.145247 0.007123
2458534.433599 22.147153 0.007136
2458534.926666 22.157224 0.007203
2458535.419733 22.163510 0.007244
2458535.923327 22.156037 0.007195
2458536.416394 22.154320 0.007184
2458536.909461 22.152034 0.007169
2458537.413055 22.148453 0.007145
2458537.906122 22.155505 0.007192
2458538.399189 22.166439 0.007265
2458538.902782 22.141769 0.007101
2458539.395850 22.157101 0.007203
2458539.888917 22.145815 0.007128
2458540.392510 22.162810 0.007241
2458540.885577 22.154892 0.007188
2458541.378644 22.145004 0.007123
2458541.882238 22.163016 0.007243
2458542.375305 22.159890 0.007222
2458542.868372 22.152850 0.007175
2458543.371966 22.141647 0.007102
2458543.865033 22.151219 0.007165
2458544.358100 22.143143 0.007112
2458544.861694 22.153993 0.007184
2458545.354761 22.138019 0.007079
2458545.847828 22.139792 0.007091
2458546.351421 22.153625 0.007182
2458546.844488 22.148737 0.007150
2458547.337556 22.150161 0.007160
2458547.841149 22.143062 0.007113
2458548.334216 22.167721 0.007277
2458548.827283 22.142657 0.007112
2458549.330877 22.145369 0.007130
2458549.823944 22.148209 0.007149
2458550.317011 22.168672 0.007285
2458550.820605 22.153789 0.007187
2458551.313672 22.146017 0.007136
2458551.806739 22.159644 0.007226
2458552.310332 22.151301 0.007172
2458552.803400 22.150649 0.007168
2458553.296467 22.142415 0.007115
2458553.800060 22.137054 0.007080
2458554.293127 22.154565 0.007196
2458554.786194 22.157142 0.007214
2458555.289788 22.148046 0.007155
2458555.782855 22.140275 0.007105
2458556.275922 22.146342 0.007146
2458556.779516 22.144114 0.007132
2458557.272583 22.134885 0.007073
2458557.765650 22.140155 0.007109
2458558.269244 22.142617 0.007127
2458558.762311 22.158044 0.007230
2458559.255378 22.146869 0.007158
2458559.758971 22.141002 0.007121
2458560.252038 22.134323 0.007080
2458560.745106 22.127606 0.007038
2458561.248699 22.145369 0.007157
2458561.741766 22.130360 0.007061
2458562.234833 22.139066 0.007121
2458562.738427 22.133762 0.007090
2458563.231494 22.132079 0.007082
2458563.724561 22.135728 0.007110
2458564.228155 22.124978 0.007044
2458564.721222 22.137778 0.007132
2458565.214289 22.131439 0.007096
2458565.717882 22.134805 0.007124
2458566.210950 22.121802 0.007045
2458566.704017 22.127446 0.007088
2458567.207610 22.126291 0.007088
2458567.700677 22.119623 0.007053
2458568.193744 22.119940 0.007064
2458568.697338 22.112445 0.007025
2458569.190405 22.113428 0.007042
2458569.683472 22.098890 0.006960
2458570.187066 22.097765 0.006966
2458570.680133 22.083395 0.006888
2458571.173200 22.090268 0.006946
2458571.676794 22.076567 0.006874
2458572.169861 22.081102 0.006919
2458572.662928 22.076262 0.006904
2458573.166521 22.078127 0.006932
2458573.659588 22.064352 0.006860
2458574.152656 22.062398 0.006860
2458574.656249 22.057006 0.006837
2458575.149316 22.062098 0.006876
2458575.642383 22.049524 0.006799
2458576.145977 22.064276 0.006890
2458576.639044 22.049153 0.006789
2458577.132111 22.063938 0.006873
2458577.635705 22.064427 0.006863
2458578.128772 22.064841 0.006851
2458578.621839 22.055028 0.006774
2458579.125432 22.078355 0.006905
2458579.618500 22.097998 0.007014
2458580.111567 22.085886 0.006921
2458580.615160 22.094164 0.006959
2458581.108227 22.104183 0.007010
2458581.601294 22.102584 0.006987
2458582.104888 22.103442 0.006980
2458582.597955 22.118753 0.007068
2458583.091022 22.112996 0.007021
2458583.594616 22.106213 0.006968
2458584.087683 22.126849 0.007093
2458584.580750 22.112170 0.006991
2458585.084344 22.125177 0.007068
2458585.577411 22.128124 0.007081
2458586.070478 22.128084 0.007075
2458586.574071 22.140760 0.007153
2458587.067138 22.135929 0.007116
2458587.560206 22.126610 0.007051
2458588.063799 22.144397 0.007164
2458588.556866 22.145369 0.007166
2458589.049933 22.142900 0.007147
2458589.553527 22.146463 0.007167
2458590.046594 22.142051 0.007135
2458590.539661 22.146342 0.007161
2458591.043255 22.151016 0.007190
2458591.536322 22.140074 0.007116
2458592.029389 22.144518 0.007143
2458592.532982 22.152401 0.007193
2458593.026050 22.133882 0.007070
2458593.519117 22.142011 0.007121
2458594.022710 22.148981 0.007166
2458594.515777 22.145936 0.007144
2458595.008844 22.147153 0.007151
2458595.512438 22.145450 0.007139
2458596.005505 22.150446 0.007171
2458596.498572 22.156815 0.007212
2458597.002166 22.138865 0.007093
2458597.495233 22.153544 0.007189
2458597.988300 22.153952 0.007191
2458712.204272 22.156815 0.007198
2458712.697339 22.151790 0.007165
2458713.200932 22.152605 0.007170
2458713.694000 22.141082 0.007095
2458714.187067 22.146950 0.007133
2458714.690660 22.145328 0.007122
2458715.183727 22.149794 0.007152
2458715.676794 22.151667 0.007164
2458716.180388 22.157470 0.007202
2458716.673455 22.159356 0.007215
2458717.166522 22.142860 0.007106
2458717.670116 22.159110 0.007213
2458718.163183 22.148412 0.007143
2458718.656250 22.144964 0.007120
2458719.159844 22.151912 0.007166
2458719.652911 22.150161 0.007154
2458720.145978 22.139872 0.007087
2458720.649571 22.149876 0.007152
2458721.142638 22.154851 0.007185
2458721.635706 22.152238 0.007168
2458722.139299 22.139509 0.007084
2458722.632366 22.148859 0.007146
2458723.125433 22.143871 0.007113
2458723.629027 22.146950 0.007133
2458724.122094 22.150486 0.007156
2458724.615161 22.148371 0.007142
2458725.118755 22.158987 0.007213
2458725.611822 22.163139 0.007240
2458726.104889 22.144154 0.007115
2458726.608482 22.153748 0.007178
2458727.101550 22.145126 0.007121
2458727.594617 22.156815 0.007198
2458728.098210 22.148046 0.007140
2458728.591277 22.149347 0.007149
2458729.084344 22.160383 0.007222
2458729.587938 22.153462 0.007176
2458730.081005 22.156733 0.007198
2458730.574072 22.141849 0.007100
2458731.077666 22.139147 0.007082
2458731.570733 22.161041 0.007226
2458732.063800 22.148209 0.007141
2458732.567394 22.157634 0.007204
2458733.060461 22.145126 0.007121
2458733.553528 22.159069 0.007213
2458734.057121 22.147234 0.007135
2458734.550188 22.161041 0.007226
2458735.043256 22.145774 0.007125
2458735.546849 22.153340 0.007175
2458736.039916 22.159521 0.007216
2458736.532983 22.157716 0.007204
2458737.036577 22.153544 0.007176
2458737.529644 22.155464 0.007189
2458738.022711 22.153299 0.007175
2458738.526305 22.150446 0.007156
2458739.019372 22.156323 0.007195
2458739.512439 22.152564 0.007170
2458740.016032 22.146910 0.007133
2458740.509100 22.152320 0.007168
2458741.002167 22.150649 0.007157
2458741.505760 22.150486 0.007156
2458741.998827 22.161246 0.007228
2458742.491894 22.140275 0.007089
2458742.995488 22.148981 0.007146
2458743.488555 22.148249 0.007142
2458743.981622 22.151790 0.007165
2458744.485216 22.143304 0.007109
2458744.978283 22.158331 0.007208
2458745.471350 22.160013 0.007219
2458745.974944 22.156897 0.007199
2458746.468011 22.148249 0.007142
2458746.961078 22.160753 0.007224
2458747.464671 22.162439 0.007236
2458747.957738 22.159028 0.007213
2458748.450806 22.148900 0.007146
2458748.954399 22.156160 0.007194
2458749.447466 22.143426 0.007110
2458749.940533 22.147356 0.007136
2458750.444127 22.152075 0.007167
2458750.937194 22.149835 0.007152
2458751.430261 22.143183 0.007108
2458751.933855 22.148087 0.007141
2458752.426922 22.147843 0.007139
2458752.919989 22.158331 0.007208
2458753.423582 22.164004 0.007246
2458753.916650 22.151627 0.007164
2458754.409717 22.160137 0.007220
2458754.913310 22.153421 0.007176
2458755.406377 22.149388 0.007149
2458755.899444 22.142698 0.007105
2458756.403038 22.146017 0.007127
2458756.896105 22.163551 0.007243
2458757.389172 22.145896 0.007126
2458757.892766 22.140961 0.007094
2458758.385833 22.153870 0.007179
2458758.878900 22.153095 0.007174
2458759.382494 22.147397 0.007136
2458759.875561 22.148737 0.007145
2458760.368628 22.165077 0.007253
2458760.872221 22.139993 0.007087
2458761.365288 22.154361 0.007182
2458761.858356 22.161822 0.007231
2458762.361949 22.145207 0.007122
2458762.855016 22.144559 0.007117
2458763.348083 22.164252 0.007248
2458763.851677 22.160712 0.007224
2458764.344744 22.152075 0.007167
2458764.837811 22.146585 0.007131
2458765.341405 22.168300 0.007275
2458765.834472 22.155096 0.007187
2458766.327539 22.138503 0.007078
2458766.831132 22.158208 0.007207
2458767.324200 22.144397 0.007116
2458767.817267 22.149510 0.007150
2458768.320860 22.158905 0.007212
2458768.813927 22.158864 0.007212
2458769.306994 22.156815 0.007198
2458769.810588 22.145166 0.007121
2458770.303655 22.153585 0.007177
2458770.796722 22.152524 0.007170
2458771.300316 22.158905 0.007212
2458771.793383 22.137617 0.007072
2458772.286450 22.144721 0.007118
2458772.790044 22.150975 0.007160
2458773.283111 22.166522 0.007263
2458773.776178 22.140760 0.007092
2458774.279771 22.142294 0.007103
2458774.772838 22.156692 0.007197
2458775.265906 22.155301 0.007188
2458775.769499 22.153054 0.007173
2458776.262566 22.146747 0.007132
2458776.755633 22.162357 0.007235
2458777.259227 22.155382 0.007189
2458777.752294 22.147640 0.007138
2458778.245361 22.157552 0.007203
2458778.748955 22.154933 0.007186
2458779.242022 22.141647 0.007098
2458779.735089 22.149998 0.007153
2458780.238682 22.142375 0.007103
2458780.731750 22.149835 0.007152
2458781.224817 22.152687 0.007171
2458781.728410 22.150283 0.007155
2458782.221477 22.147153 0.007134
2458782.714544 22.160712 0.007224
2458783.218138 22.162028 0.007233
2458783.711205 22.167514 0.007269
2459622.427944 22.158946 0.007212
2459622.921011 22.152891 0.007172
2459623.424605 22.140356 0.007090
2459623.917672 22.155710 0.007191
2459624.410739 22.160958 0.007226
2459624.914332 22.141486 0.007097
2459625.407400 22.152483 0.007169
2459625.900467 22.149347 0.007149
2459626.404060 22.148412 0.007143
2459626.897127 22.133441 0.007045
2459627.390194 22.135567 0.007059
2459627.893788 22.154238 0.007181
2459628.386855 22.149225 0.007148
2459628.879922 22.157019 0.007199
2459629.383516 22.155219 0.007188
2459629.876583 22.147316 0.007135
2459630.369650 22.158495 0.007209
2459630.873244 22.161986 0.007232
2459631.366311 22.157388 0.007202
2459631.859378 22.156405 0.007195
2459632.362971 22.157470 0.007202
2459632.856038 22.154034 0.007180
2459633.349106 22.165118 0.007253
2459633.852699 22.145531 0.007124
2459634.345766 22.152932 0.007172
2459634.838833 22.151464 0.007163
2459635.342427 22.153095 0.007174
2459635.835494 22.161616 0.007230
2459636.328561 22.143992 0.007114
2459636.832155 22.149957 0.007153
2459637.325222 22.138261 0.007076
2459637.818289 22.150853 0.007159
2459638.321882 22.159521 0.007216
2459638.814950 22.150364 0.007155
2459639.308017 22.151994 0.007166
2459639.811610 22.150527 0.007157
2459640.304677 22.153136 0.007174
2459640.797744 22.151749 0.007165
2459641.301338 22.151423 0.007162
2459641.794405 22.152483 0.007169
2459642.287472 22.156364 0.007195
2459642.791066 22.153585 0.007177
2459643.284133 22.155832 0.007192
2459643.777200 22.139630 0.007085
2459644.280794 22.155996 0.007193
2459644.773861 22.143507 0.007110
2459645.266928 22.149916 0.007153
2459645.770521 22.149225 0.007148
2459646.263588 22.148006 0.007140
2459646.756656 22.144842 0.007119
2459647.260249 22.151545 0.007163
2459647.753316 22.158454 0.007209
2459648.246383 22.147478 0.007136
2459648.749977 22.156528 0.007196
2459649.243044 22.143304 0.007109
2459649.736111 22.154974 0.007186
2459650.239705 22.161411 0.007229
2459650.732772 22.151667 0.007164
2459651.225839 22.159849 0.007218
2459651.729432 22.149184 0.007148
2459652.222500 22.162480 0.007236
2459652.715567 22.156119 0.007194
2459653.219160 22.143183 0.007108
2459653.712227 22.142900 0.007106
2459654.205294 22.147478 0.007136
2459654.708888 22.154687 0.007184
2459655.201955 22.153054 0.007173
2459655.695022 22.152728 0.007171
2459656.198616 22.148981 0.007146
2459656.691683 22.152972 0.007173
2459657.184750 22.138865 0.007080
2459657.688344 22.141567 0.007098
2459658.181411 22.149144 0.007147
2459658.674478 22.147843 0.007139
2459659.178071 22.140275 0.007089
2459659.671138 22.141365 0.007096
2459660.164206 22.149672 0.007151
2459660.667799 22.154851 0.007185
2459661.160866 22.138100 0.007075
2459661.653933 22.139469 0.007084
2459662.157527 22.152728 0.007171
2459662.650594 22.149144 0.007147
2459663.143661 22.152401 0.007169
2459663.647255 22.146950 0.007133
2459664.140322 22.155628 0.007190
2459664.633389 22.136813 0.007067
2459665.136982 22.148209 0.007141
2459665.630050 22.139509 0.007084
2459666.123117 22.145531 0.007124
2459666.626710 22.154851 0.007185
2459667.119777 22.159972 0.007219
2459667.612844 22.137899 0.007074
2459668.116438 22.151545 0.007163
2459668.609505 22.150649 0.007157
2459669.102572 22.151667 0.007164
2459669.606166 22.161411 0.007229
2459670.099233 22.152768 0.007171
2459670.592300 22.157224 0.007201
2459671.095894 22.159274 0.007214
2459671.588961 22.142617 0.007105
2459672.082028 22.147721 0.007138
2459672.585621 22.151708 0.007164
2459673.078688 22.153870 0.007179
2459673.571756 22.157183 0.007201
2459674.075349 22.151912 0.007166
2459674.568416 22.146991 0.007133
2459675.061483 22.154769 0.007185
2459675.565077 22.156364 0.007195
2459676.058144 22.162398 0.007235
2459676.551211 22.162521 0.007236
2459677.054805 22.128882 0.007015
2459677.547872 22.156283 0.007195
2459678.040939 22.148697 0.007145
2459678.544532 22.154483 0.007183
2459679.037600 22.149144 0.007147
2459679.530667 22.144114 0.007114
2459680.034260 22.148371 0.007142
2459680.527327 22.146058 0.007127
2459681.020394 22.146991 0.007133
2459681.523988 22.149550 0.007150
2459682.017055 22.153299 0.007175
2459682.510122 22.156856 0.007198
2459683.013716 22.140719 0.007092
2459683.506783 22.160219 0.007221
2459683.999850 22.142092 0.007101
2459684.503444 22.147234 0.007135
2459684.996511 22.148371 0.007142
2459685.489578 22.123428 0.006980
2459685.993171 22.159931 0.007219
2459686.486238 22.146261 0.007128
2459686.979306 22.150608 0.007157
2459687.482899 22.172945 0.007306
2459687.975966 22.146585 0.007131
2459688.469033 22.157224 0.007201
2459688.972627 22.149469 0.007150
2459689.465694 22.147965 0.007140
2459689.958761 22.156364 0.007195
2459690.462355 22.138422 0.007077
2459690.955422 22.142657 0.007105
2459691.448489 22.150405 0.007156
2459691.952082 22.154851 0.007185
2459692.445150 22.159356 0.007215
2459692.938217 22.150934 0.007159
2459693.441810 22.145571 0.007124
2459693.934877 22.151790 0.007165
2459807.647256 22.144275 0.007115
2459808.150849 22.151097 0.007160
2459808.643916 22.157183 0.007201
2459809.136983 22.148859 0.007146
2459809.640577 22.142536 0.007104
2459810.133644 22.144194 0.007115
2459810.626711 22.156487 0.007196
2459811.130305 22.166439 0.007262
2459811.623372 22.153054 0.007173
2459812.116439 22.160095 0.007220
2459812.620032 22.149835 0.007152
2459813.113100 22.155464 0.007189
2459813.606167 22.153789 0.007178
2459814.109760 22.148534 0.007143
2459814.602827 22.149754 0.007151
2459815.095894 22.150283 0.007155
2459815.599488 22.148981 0.007146
2459816.092555 22.157265 0.007201
2459816.585622 22.148981 0.007146
2459817.089216 22.153585 0.007177
2459817.582283 22.142173 0.007102
2459818.075350 22.152034 0.007167
2459818.578944 22.147234 0.007135
2459819.072011 22.156651 0.007197
2459819.565078 22.143223 0.007109
2459820.068671 22.160465 0.007222
2459820.561738 22.145734 0.007125
2459821.054806 22.154320 0.007182
2459821.558399 22.154974 0.007186
2459822.051466 22.148371 0.007142
2459822.544533 22.144154 0.007115
2459823.048127 22.153544 0.007176
2459823.541194 22.153095 0.007174
2459824.034261 22.156078 0.007193
2459824.537855 22.161575 0.007230
2459825.030922 22.158987 0.007213
2459825.523989 22.147925 0.007139
2459826.027582 22.150079 0.007154
2459826.520650 22.149225 0.007148
2459827.013717 22.163839 0.007245
2459827.517310 22.154238 0.007181
2459828.010377 22.156037 0.007193
2459828.503444 22.148737 0.007145
2459829.007038 22.147478 0.007136
2459829.500105 22.145652 0.007125
2459829.993172 22.150242 0.007155
2459830.496766 22.135447 0.007058
2459830.989833 22.156364 0.007195
2459831.482900 22.148534 0.007143
2459831.986494 22.145815 0.007126
2459832.479561 22.162521 0.007236
2459832.972628 22.145531 0.007124
2459833.476221 22.161287 0.007228
2459833.969288 22.150690 0.007158
2459834.462356 22.156037 0.007193
2459834.965949 22.149225 0.007148
2459835.459016 22.149591 0.007150
2459835.952083 22.157183 0.007201
2459836.455677 22.139792 0.007086
2459836.948744 22.137858 0.007074
2459837.441811 22.148656 0.007144
2459837.945405 22.146179 0.007128
2459838.438472 22.147762 0.007138
2459838.931539 22.149266 0.007148
2459839.435132 22.153258 0.007175
2459839.928200 22.152279 0.007168
2459840.421267 22.153748 0.007178
2459840.924860 22.157101 0.007200
2459841.417927 22.146747 0.007132
2459841.910994 22.151790 0.007165
2459842.414588 22.138784 0.007080
2459842.907655 22.147559 0.007137
2459843.400722 22.157716 0.007204
2459843.904316 22.165654 0.007257
2459844.397383 22.155301 0.007188
2459844.890450 22.157224 0.007201
2459845.394044 22.157101 0.007200
2459845.887111 22.160671 0.007224
2459846.380178 22.151790 0.007165
2459846.883771 22.136893 0.007067
2459847.376838 22.156733 0.007198
2459847.869906 22.143062 0.007108
2459848.373499 22.155219 0.007188
2459848.866566 22.146626 0.007131
2459849.359633 22.137295 0.007070
2459849.863227 22.138986 0.007081
2459850.356294 22.138382 0.007077
2459850.849361 22.148331 0.007142
2459851.352955 22.149713 0.007151
2459851.846022 22.142132 0.007101
2459852.339089 22.161575 0.007230
2459852.842682 22.148697 0.007145
2459853.335750 22.161904 0.007232
2459853.828817 22.157470 0.007202
2459854.332410 22.145693 0.007125
2459854.825477 22.156323 0.007195
2459855.318544 22.156774 0.007198
2459855.822138 22.147072 0.007134
2459856.315205 22.147397 0.007136
2459856.808272 22.157675 0.007204
2459857.311866 22.149103 0.007147
2459857.804933 22.153625 0.007177
2459858.298000 22.153503 0.007176
2459858.801594 22.146626 0.007131
2459859.294661 22.154238 0.007181
2459859.787728 22.144842 0.007119
2459860.291321 22.143709 0.007112
2459860.784388 22.155791 0.007191
2459861.277456 22.168134 0.007274
2459861.781049 22.161863 0.007232
2459862.274116 22.154238 0.007181
2459862.767183 22.154442 0.007182
2459863.270777 22.151138 0.007161
2459863.763844 22.159110 0.007213
2459864.256911 22.151016 0.007160
2459864.760505 22.150161 0.007154
2459865.253572 22.148940 0.007146
2459865.746639 22.153217 0.007174
2459866.250232 22.136250 0.007063
2459866.743300 22.142294 0.007103
2459867.236367 22.150608 0.007157
2459867.739960 22.139348 0.007083
2459868.233027 22.160301 0.007221
2459868.726094 22.159069 0.007213
2459869.229688 22.151097 0.007160
2459869.722755 22.144802 0.007119
2459870.215822 22.155464 0.007189
2459870.719416 22.153299 0.007175
2459871.212483 22.155014 0.007186
2459871.705550 22.159644 0.007217
2459872.209144 22.167927 0.007272
2459872.702211 22.158331 0.007208
2459873.195278 22.144721 0.007118
2459873.698871 22.152891 0.007172
2459874.191938 22.165902 0.007259
2459874.685006 22.135326 0.007057
2459875.188599 22.141567 0.007098
2459875.681666 22.149754 0.007151
2459876.174733 22.153095 0.007174
2459876.678327 22.135848 0.007060
2459877.171394 22.151464 0.007163
2459877.664461 22.149632 0.007151
2459878.168055 22.159644 0.007217
2459878.661122 22.148168 0.007141
2459879.154189 22.164829 0.007251
2459987.411250 22.148940 0.007146
2459987.904317 22.156569 0.007197
2459988.407910 22.151382 0.007162
2459988.900977 22.154687 0.007184
2459989.394044 22.148331 0.007142
2459989.897638 22.136853 0.007067
2459990.390705 22.159644 0.007217
2459990.883772 22.166356 0.007262
2459991.387366 22.172155 0.007301
2459991.880433 22.158864 0.007212
2459992.373500 22.154892 0.007185
2459992.877094 22.152972 0.007173
2459993.370161 22.151504 0.007163
2459993.863228 22.149754 0.007151
2459994.366821 22.155342 0.007188
2459994.859888 22.154647 0.007184
2459995.352956 22.141567 0.007098
2459995.856549 22.157101 0.007200
2459996.349616 22.155669 0.007191
2459996.842683 22.151708 0.007164
2459997.346277 22.146626 0.007131
2459997.839344 22.158126 0.007207
2459998.332411 22.160794 0.007225
2459998.836005 22.157757 0.007204
2459999.329072 22.152932 0.007172
2459999.822139 22.159397 0.007215
2460000.325732 22.148859 0.007146
2460000.818800 22.151912 0.007166
2460001.311867 22.145652 0.007125
2460001.815460 22.154442 0.007182
2460002.308527 22.149794 0.007152
2460002.801594 22.141365 0.007096
2460003.305188 22.144478 0.007117
2460003.798255 22.163016 0.007239
2460004.291322 22.143830 0.007113
2460004.794916 22.142981 0.007107
2460005.287983 22.159069 0.007213
2460005.781050 22.138060 0.007075
2460006.284644 22.151016 0.007160
2460006.777711 22.141809 0.007099
2460007.270778 22.157347 0.007202
2460007.774371 22.135848 0.007060
2460008.267438 22.148493 0.007143
2460008.760506 22.153381 0.007175
2460009.264099 22.153870 0.007179
2460009.757166 22.147194 0.007135
2460010.250233 22.151138 0.007161
2460010.753827 22.149144 0.007147
2460011.246894 22.150853 0.007159
2460011.739961 22.152768 0.007171
2460012.243555 22.136853 0.007067
2460012.736622 22.154606 0.007184
2460013.229689 22.159972 0.007219
2460013.733282 22.156487 0.007196
2460014.226350 22.152238 0.007168
2460014.719417 22.153054 0.007173
2460015.223010 22.158249 0.007208
2460015.716077 22.140881 0.007093
2460016.209144 22.141082 0.007095
2460016.712738 22.147965 0.007140
2460017.205805 22.142698 0.007105
2460017.698872 22.149103 0.007147
2460018.202466 22.147275 0.007135
2460018.695533 22.141607 0.007098
2460019.188600 22.156979 0.007199
2460019.692194 22.147762 0.007138
2460020.185261 22.158372 0.007208
2460020.678328 22.145693 0.007125
2460021.181921 22.138905 0.007080
2460021.674988 22.154728 0.007184
2460022.168056 22.155096 0.007187
2460022.671649 22.143871 0.007113
2460023.164716 22.148087 0.007141
2460023.657783 22.143911 0.007113
2460024.161377 22.149103 0.007147
2460024.654444 22.154851 0.007185
2460025.147511 22.161205 0.007227
2460025.651105 22.145571 0.007124
2460026.144172 22.161287 0.007228
2460026.637239 22.155587 0.007190
2460027.140832 22.147437 0.007136
2460027.633900 22.144599 0.007118
2460028.126967 22.161822 0.007231
2460028.630560 22.139832 0.007086
2460029.123627 22.147762 0.007138
2460029.616694 22.145450 0.007123
2460030.120288 22.155423 0.007189
2460030.613355 22.142698 0.007105
2460031.106422 22.161534 0.007229
2460031.610016 22.162933 0.007239
2460032.103083 22.157962 0.007206
2460032.596150 22.166439 0.007262
2460033.099744 22.147437 0.007136
2460033.592811 22.160342 0.007222
2460034.085878 22.155096 0.007187
2460034.589471 22.155791 0.007191
2460035.082538 22.164004 0.007246
2460035.575606 22.145085 0.007121
2460036.079199 22.133321 0.007044
2460036.572266 22.146423 0.007130
2460037.065333 22.150201 0.007154
2460037.568927 22.153054 0.007173
2460038.061994 22.152197 0.007168
2460038.555061 22.152564 0.007170
2460039.058655 22.144397 0.007116
2460039.551722 22.156692 0.007197
2460040.044789 22.157429 0.007202
2460040.548382 22.152320 0.007168
2460041.041450 22.161452 0.007229
2460041.534517 22.148249 0.007142
2460042.038110 22.156938 0.007199
2460042.531177 22.164870 0.007252
2460043.024244 22.165861 0.007258
2460043.527838 22.144033 0.007114
2460044.020905 22.164210 0.007247
2460044.513972 22.141163 0.007095
2460045.017566 22.151179 0.007161
2460045.510633 22.146991 0.007133
2460046.003700 22.145126 0.007121
2460046.507294 22.147925 0.007139
2460047.000361 22.152157 0.007167
2460047.493428 22.154483 0.007183
2460047.997021 22.158823 0.007211
2460048.490088 22.151219 0.007161
2460048.983156 22.145247 0.007122
2460049.486749 22.163180 0.007240
2460049.979816 22.132800 0.007041
2460050.472883 22.167721 0.007271
2460050.976477 22.150201 0.007154
2460051.469544 22.163963 0.007246
2460051.962611 22.152932 0.007172
2460052.466205 22.149144 0.007147
2460052.959272 22.143507 0.007110
2460053.452339 22.145774 0.007125
2460053.955932 22.165572 0.007256
2460054.449000 22.137818 0.007073
2460054.942067 22.154279 0.007181
2460055.445660 22.155873 0.007192
2460055.938727 22.148534 0.007143
2460056.431794 22.154442 0.007182
2460056.935388 22.154933 0.007186
2460057.428455 22.146058 0.007127
2460057.921522 22.140195 0.007089
2460058.425116 22.154238 0.007181
2460058.918183 22.154769 0.007185
