2458346.727899 20.981243 0.003887
2458347.220966 20.977356 0.003873
2458347.714033 20.979962 0.003882
2458348.217627 20.977504 0.003873
2458348.710694 20.981181 0.003886
2458349.203761 20.970857 0.003850
2458349.707355 20.976105 0.003868
2458350.200422 20.987457 0.003909
2458350.693489 20.975431 0.003866
2458351.197082 20.985823 0.003903
2458351.690150 20.980344 0.003883
2458352.183217 20.973044 0.003857
2458352.686810 20.977123 0.003872
2458353.179877 20.978302 0.003876
2458353.672944 20.978794 0.003878
2458354.176538 20.978093 0.003875
2458354.669605 20.980565 0.003884
2458355.162672 20.978302 0.003876
2458355.666266 20.980651 0.003884
2458356.159333 20.975100 0.003865
2458356.652400 20.983833 0.003896
2458357.155994 20.975517 0.003866
2458357.649061 20.976264 0.003869
2458358.142128 20.979950 0.003882
2458358.645721 20.977295 0.003872
2458359.138788 20.976743 0.003871
2458359.631856 20.979593 0.003881
2458360.135449 20.987557 0.003909
2458360.628516 20.977786 0.003874
2458361.121583 20.972604 0.003856
2458361.625177 20.984735 0.003899
2458362.118244 20.981230 0.003887
2458362.611311 20.983919 0.003896
2458363.114905 20.980307 0.003883
2458363.607972 20.983919 0.003896
2458364.101039 20.982660 0.003892
2458364.604632 20.984191 0.003897
2458365.097700 20.979556 0.003881
2458365.590767 20.984191 0.003897
2458366.094360 20.986751 0.003906
2458366.587427 20.981785 0.003889
2458367.080494 20.985749 0.003903
2458367.584088 20.983228 0.003894
2458368.077155 20.977062 0.003872
2458368.570222 20.983574 0.003895
2458369.073816 20.983438 0.003894
2458369.566883 20.977749 0.003874
2458370.059950 20.978351 0.003876
2458370.563544 20.978277 0.003876
2458371.056611 20.983413 0.003894
2458371.549678 20.988238 0.003912
2458372.053271 20.982895 0.003893
2458372.546338 20.981218 0.003887
2458373.039406 20.983117 0.003893
2458373.542999 20.975333 0.003866
2458374.036066 20.976448 0.003869
2458374.529133 20.983450 0.003895
2458375.032727 20.979778 0.003881
2458375.525794 20.978314 0.003876
2458376.018861 20.984710 0.003899
2458376.522455 20.976215 0.003869
2458377.015522 20.980664 0.003885
2458377.508589 20.984500 0.003898
2458378.012182 20.986256 0.003905
2458378.505250 20.980245 0.003883
2458378.998317 20.985996 0.003904
2458379.501910 20.972164 0.003854
2458379.994977 20.992351 0.003927
2458380.488044 20.982993 0.003893
2458380.991638 20.978941 0.003878
2458381.484705 20.980799 0.003885
2458381.977772 20.985304 0.003901
2458382.481366 20.981107 0.003886
2458382.974433 20.979900 0.003882
2458383.467500 20.969174 0.003844
2458383.971094 20.972677 0.003856
2458384.464161 20.981378 0.003887
2458384.957228 20.977455 0.003873
2458385.460821 20.981218 0.003887
2458385.953888 20.974304 0.003862
2458386.446956 20.987829 0.003910
2458386.950549 20.973888 0.003860
2458387.443616 20.981699 0.003888
2458387.936683 20.981982 0.003889
2458388.440277 20.980491 0.003884
2458388.933344 20.977111 0.003872
2458389.426411 20.971382 0.003851
2458389.930005 20.980060 0.003882
2458390.423072 20.981033 0.003886
2458390.916139 20.979519 0.003880
2458391.419732 20.987334 0.003908
2458391.912800 20.978351 0.003876
2458392.405867 20.977921 0.003875
2458392.909460 20.982907 0.003893
2458393.402527 20.986207 0.003904
2458393.895594 20.989516 0.003916
2458394.399188 20.980405 0.003884
2458394.892255 20.980627 0.003884
2458395.385322 20.979605 0.003881
2458395.888916 20.981711 0.003888
2458396.381983 20.977209 0.003872
2458396.875050 20.976301 0.003869
2458397.378644 20.980208 0.003883
2458397.871711 20.922177 0.003774
2458398.364778 20.796430 0.003586
2458398.868371 20.796316 0.003586
2458399.361438 20.797054 0.003588
2458399.854506 20.788788 0.003561
2458400.358099 20.795080 0.003581
2458400.851166 20.796555 0.003586
2458401.344233 20.787643 0.003557
2458401.847827 20.838469 0.003647
2458402.340894 20.898597 0.003772
2458402.833961 20.912906 0.003763
2458403.337555 20.937026 0.003804
2458403.830622 20.957263 0.003846
2458404.323689 20.969114 0.003867
2458404.827282 20.974990 0.003872
2458405.320350 20.979495 0.003880
2458405.813417 20.977467 0.003873
2458406.317010 20.979716 0.003881
2458406.810077 20.981809 0.003889
2458407.303144 20.979679 0.003881
2458407.806738 20.984018 0.003897
2458408.299805 20.981082 0.003886
2458408.792872 20.983228 0.003894
2458409.296466 20.982537 0.003891
2458409.789533 20.981662 0.003888
2458410.282600 20.973631 0.003859
2458410.786194 20.974622 0.003863
2458411.279261 20.968456 0.003841
2458411.772328 20.986009 0.003904
2458412.275921 20.978499 0.003877
2458412.768988 20.987507 0.003909
2458413.262056 20.981846 0.003889
2458413.765649 20.981193 0.003886
2458414.258716 20.981009 0.003886
2458414.751783 20.976706 0.003870
2458415.255377 20.981736 0.003888
2458415.748444 20.982081 0.003890
2458416.241511 20.975786 0.003867
2458416.745105 20.979851 0.003882
2458417.238172 20.979790 0.003881
2458417.731239 20.983043 0.003893
2458418.234832 20.976620 0.003870
2458526.481367 20.976313 0.003869
2458526.984960 20.983697 0.003895
2458527.478027 20.976657 0.003870
2458527.971094 20.978499 0.003877
2458528.474688 20.976964 0.003871
2458528.967755 20.977000 0.003871
2458529.460822 20.976056 0.003868
2458529.964416 20.976645 0.003870
2458530.457483 20.984339 0.003898
2458530.950550 20.972310 0.003855
2458531.454144 20.979790 0.003881
2458531.947211 20.978572 0.003877
2458532.440278 20.981378 0.003887
2458532.943871 20.986479 0.003905
2458533.436938 20.980405 0.003884
2458533.930006 20.981021 0.003886
2458534.433599 20.978572 0.003877
2458534.926666 20.972860 0.003857
2458535.419733 20.983623 0.003895
2458535.923327 20.975995 0.003868
2458536.416394 20.986281 0.003905
2458536.909461 20.983487 0.003895
2458537.413055 20.978597 0.003877
2458537.906122 20.986553 0.003906
2458538.399189 20.986108 0.003904
2458538.902782 20.981280 0.003887
2458539.395850 20.982044 0.003889
2458539.888917 20.978056 0.003875
2458540.392510 20.983463 0.003895
2458540.885577 20.982981 0.003893
2458541.378644 20.978843 0.003878
2458541.882238 20.983993 0.003896
2458542.375305 20.983179 0.003894
2458542.868372 20.981317 0.003887
2458543.371966 20.976902 0.003871
2458543.865033 20.988933 0.003914
2458544.358100 20.981809 0.003889
2458544.861694 20.985526 0.003902
2458545.354761 20.978732 0.003878
2458545.847828 20.979728 0.003881
2458546.351421 20.981021 0.003886
2458546.844488 20.977528 0.003873
2458547.337556 20.977393 0.003873
2458547.841149 20.976743 0.003871
2458548.334216 20.980639 0.003884
2458548.827283 20.985390 0.003901
2458549.330877 20.982500 0.003891
2458549.823944 20.977479 0.003873
2458550.317011 20.979974 0.003882
2458550.820605 20.990845 0.003921
2458551.313672 20.980824 0.003885
2458551.806739 20.976007 0.003868
2458552.310332 20.977577 0.003874
2458552.803400 20.974439 0.003862
2458553.296467 20.976816 0.003871
2458553.800060 20.983709 0.003895
2458554.293127 20.978855 0.003878
2458554.786194 20.978388 0.003876
2458555.289788 20.982882 0.003892
2458555.782855 20.988437 0.003912
2458556.275922 20.980245 0.003883
2458556.779516 20.974610 0.003863
2458557.272583 20.981501 0.003888
2458557.765650 20.981760 0.003888
2458558.269244 20.985897 0.003903
2458558.762311 20.977062 0.003872
2458559.255378 20.979728 0.003881
2458559.758971 20.985180 0.003901
2458560.252038 20.979150 0.003879
2458560.745106 20.979310 0.003880
2458561.248699 20.979187 0.003879
2458561.741766 20.977467 0.003873
2458562.234833 20.981255 0.003887
2458562.738427 20.975639 0.003867
2458563.231494 20.977455 0.003873
2458563.724561 20.983808 0.003896
2458564.228155 20.976780 0.003871
2458564.721222 20.985180 0.003901
2458565.214289 20.983117 0.003893
2458565.717882 20.982278 0.003890
2458566.210950 20.977774 0.003874
2458566.704017 20.976448 0.003869
2458567.207610 20.982204 0.003890
2458567.700677 20.985304 0.003901
2458568.193744 20.978941 0.003878
2458568.697338 20.980676 0.003885
2458569.190405 20.980220 0.003883
2458569.683472 20.983302 0.003894
2458570.187066 20.976645 0.003870
2458570.680133 20.982414 0.003891
2458571.173200 20.984352 0.003898
2458571.676794 20.974794 0.003864
2458572.169861 20.982377 0.003891
2458572.662928 20.973533 0.003859
2458573.166521 20.978241 0.003876
2458573.659588 20.974732 0.003863
2458574.152656 20.982734 0.003892
2458574.656249 20.980775 0.003885
2458575.149316 20.977197 0.003872
2458575.642383 20.972909 0.003857
2458576.145977 20.985526 0.003902
2458576.639044 20.986058 0.003904
2458577.132111 20.979199 0.003879
2458577.635705 20.990622 0.003920
2458578.128772 20.979175 0.003879
2458578.621839 20.974390 0.003862
2458579.125432 20.978007 0.003875
2458579.618500 20.977074 0.003872
2458580.111567 20.981994 0.003889
2458580.615160 20.986789 0.003907
2458581.108227 20.984414 0.003898
2458581.601294 20.980775 0.003885
2458582.104888 20.981181 0.003886
2458582.597955 20.979741 0.003881
2458583.091022 20.979654 0.003881
2458583.594616 20.978929 0.003878
2458584.087683 20.984574 0.003899
2458584.580750 20.977602 0.003874
2458585.084344 20.976816 0.003871
2458585.577411 20.984451 0.003898
2458586.070478 20.987457 0.003909
2458586.574071 20.979113 0.003879
2458587.067138 20.977983 0.003875
2458587.560206 20.978093 0.003875
2458588.063799 20.982858 0.003892
2458588.556866 20.982549 0.003891
2458589.049933 20.980811 0.003885
2458589.553527 20.984179 0.003897
2458590.046594 20.981415 0.003887
2458590.539661 20.980861 0.003885
2458591.043255 20.974634 0.003863
2458591.536322 20.972237 0.003854
2458592.029389 20.978781 0.003878
2458592.532982 20.979003 0.003879
2458593.026050 20.984488 0.003898
2458593.519117 20.980073 0.003882
2458594.022710 20.975933 0.003868
2458594.515777 20.985972 0.003904
2458595.008844 20.986702 0.003906
2458595.512438 20.983438 0.003894
2458596.005505 20.980639 0.003884
2458596.498572 20.984970 0.003900
2458597.002166 20.975946 0.003868
2458597.495233 20.974022 0.003861
2458597.988300 20.981193 0.003886
2458712.204272 20.984920 0.003900
2458712.697339 20.980417 0.003884
2458713.200932 20.971968 0.003854
2458713.694000 20.979630 0.003881
2458714.187067 20.977958 0.003875
2458714.690660 20.975051 0.003864
2458715.183727 20.982105 0.003890
2458715.676794 20.986888 0.003907
2458716.180388 20.983425 0.003894
2458716.673455 20.981575 0.003888
2458717.166522 20.979039 0.003879
2458717.670116 20.984389 0.003898
2458718.163183 20.973545 0.003859
2458718.656250 20.974279 0.003862
2458719.159844 20.978585 0.003877
2458719.652911 20.979015 0.003879
2458720.145978 20.978413 0.003876
2458720.649571 20.982241 0.003890
2458721.142638 20.976166 0.003868
2458721.635706 20.978462 0.003877
2458722.139299 20.976559 0.003870
2458722.632366 20.973349 0.003858
2458723.125433 20.979654 0.003881
2458723.629027 20.983450 0.003895
2458724.122094 20.978917 0.003878
2458724.615161 20.977418 0.003873
2458725.118755 20.973631 0.003859
2458725.611822 20.975541 0.003866
2458726.104889 20.982722 0.003892
2458726.608482 20.981477 0.003887
2458727.101550 20.979052 0.003879
2458727.594617 20.973301 0.003858
2458728.098210 20.983129 0.003893
2458728.591277 20.978892 0.003878
2458729.084344 20.976608 0.003870
2458729.587938 20.980011 0.003882
2458730.081005 20.971211 0.003851
2458730.574072 20.982636 0.003892
2458731.077666 20.977688 0.003874
2458731.570733 20.986553 0.003906
2458732.063800 20.982192 0.003890
2458732.567394 20.976375 0.003869
2458733.060461 20.984562 0.003898
2458733.553528 20.983055 0.003893
2458734.057121 20.985996 0.003904
2458734.550188 20.982981 0.003893
2458735.043256 20.985712 0.003903
2458735.546849 20.976301 0.003869
2458736.039916 20.989876 0.003918
2458736.532983 20.978806 0.003878
2458737.036577 20.970650 0.003849
2458737.529644 20.986628 0.003906
2458738.022711 20.980110 0.003883
2458738.526305 20.975958 0.003868
2458739.019372 20.972469 0.003855
2458739.512439 20.984191 0.003897
2458740.016032 20.982808 0.003892
2458740.509100 20.982142 0.003890
2458741.002167 20.977811 0.003874
2458741.505760 20.978720 0.003878
2458741.998827 20.972836 0.003857
2458742.491894 20.979372 0.003880
2458742.995488 20.980578 0.003884
2458743.488555 20.982364 0.003891
2458743.981622 20.977651 0.003874
2458744.485216 20.984339 0.003898
2458744.978283 20.981711 0.003888
2458745.471350 20.978585 0.003877
2458745.974944 20.980011 0.003882
2458746.468011 20.974402 0.003862
2458746.961078 20.979322 0.003880
2458747.464671 20.978118 0.003875
2458747.957738 20.983364 0.003894
2458748.450806 20.982340 0.003891
2458748.954399 20.978536 0.003877
2458749.447466 20.979741 0.003881
2458749.940533 20.983376 0.003894
2458750.444127 20.978855 0.003878
2458750.937194 20.981637 0.003888
2458751.430261 20.980282 0.003883
2458751.933855 20.985563 0.003902
2458752.426922 20.982475 0.003891
2458752.919989 20.978904 0.003878
2458753.423582 20.977320 0.003873
2458753.916650 20.980073 0.003882
2458754.409717 20.979101 0.003879
2458754.913310 20.984463 0.003898
2458755.406377 20.974928 0.003864
2458755.899444 20.981341 0.003887
2458756.403038 20.973606 0.003859
2458756.896105 20.975431 0.003866
2458757.389172 20.977749 0.003874
2458757.892766 20.979396 0.003880
2458758.385833 20.975884 0.003867
2458758.878900 20.981169 0.003886
2458759.382494 20.980479 0.003884
2458759.875561 20.977369 0.003873
2458760.368628 20.982636 0.003892
2458760.872221 20.979236 0.003879
2458761.365288 20.985873 0.003903
2458761.858356 20.980060 0.003882
2458762.361949 20.976215 0.003869
2458762.855016 20.979974 0.003882
2458763.348083 20.982648 0.003892
2458763.851677 20.975627 0.003867
2458764.344744 20.985143 0.003901
2458764.837811 20.977860 0.003875
2458765.341405 20.977712 0.003874
2458765.834472 20.971150 0.003851
2458766.327539 20.979138 0.003879
2458766.831132 20.977172 0.003872
2458767.324200 20.979482 0.003880
2458767.817267 20.982808 0.003892
2458768.320860 20.981736 0.003888
2458768.813927 20.977626 0.003874
2458769.306994 20.985860 0.003903
2458769.810588 20.979335 0.003880
2458770.303655 20.979716 0.003881
2458770.796722 20.980799 0.003885
2458771.300316 20.980467 0.003884
2458771.793383 20.975578 0.003866
2458772.286450 20.977491 0.003873
2458772.790044 20.982352 0.003891
2458773.283111 20.981119 0.003886
2458773.776178 20.980270 0.003883
2458774.279771 20.986553 0.003906
2458774.772838 20.977099 0.003872
2458775.265906 20.983388 0.003894
2458775.769499 20.980725 0.003885
2458776.262566 20.988387 0.003912
2458776.755633 20.978069 0.003875
2458777.259227 20.975026 0.003864
2458777.752294 20.981600 0.003888
2458778.245361 20.983734 0.003896
2458778.748955 20.984624 0.003899
2458779.242022 20.982673 0.003892
2458779.735089 20.983166 0.003893
2458780.238682 20.978941 0.003878
2458780.731750 20.975627 0.003867
2458781.224817 20.979691 0.003881
2458781.728410 20.984031 0.003897
2458782.221477 20.982993 0.003893
2458782.714544 20.979925 0.003882
2458783.218138 20.982969 0.003893
2458783.711205 20.978966 0.003878
2459622.427944 20.969065 0.003843
2459622.921011 20.974683 0.003863
2459623.424605 20.980590 0.003884
2459623.917672 20.981132 0.003886
2459624.410739 20.982845 0.003892
2459624.914332 20.981045 0.003886
2459625.407400 20.980787 0.003885
2459625.900467 20.976031 0.003868
2459626.404060 20.982118 0.003890
2459626.897127 20.982315 0.003890
2459627.390194 20.977172 0.003872
2459627.893788 20.974157 0.003861
2459628.386855 20.983438 0.003894
2459628.879922 20.976878 0.003871
2459629.383516 20.978425 0.003877
2459629.876583 20.978486 0.003877
2459630.369650 20.980294 0.003883
2459630.873244 20.982426 0.003891
2459631.366311 20.986219 0.003904
2459631.859378 20.981896 0.003889
2459632.362971 20.983500 0.003895
2459632.856038 20.981883 0.003889
2459633.349106 20.983635 0.003895
2459633.852699 20.980787 0.003885
2459634.345766 20.975455 0.003866
2459634.838833 20.981427 0.003887
2459635.342427 20.978941 0.003878
2459635.835494 20.982858 0.003892
2459636.328561 20.980701 0.003885
2459636.832155 20.981945 0.003889
2459637.325222 20.982525 0.003891
2459637.818289 20.974941 0.003864
2459638.321882 20.974830 0.003864
2459638.814950 20.986590 0.003906
2459639.308017 20.988238 0.003912
2459639.811610 20.988127 0.003911
2459640.304677 20.981304 0.003887
2459640.797744 20.979495 0.003880
2459641.301338 20.972518 0.003855
2459641.794405 20.984302 0.003898
2459642.287472 20.978585 0.003877
2459642.791066 20.985106 0.003900
2459643.284133 20.984747 0.003899
2459643.777200 20.976007 0.003868
2459644.280794 20.976313 0.003869
2459644.773861 20.984722 0.003899
2459645.266928 20.984315 0.003898
2459645.770521 20.982105 0.003890
2459646.263588 20.983660 0.003895
2459646.756656 20.976142 0.003868
2459647.260249 20.972298 0.003855
2459647.753316 20.978769 0.003878
2459648.246383 20.980245 0.003883
2459648.749977 20.983697 0.003895
2459649.243044 20.980775 0.003885
2459649.736111 20.982549 0.003891
2459650.239705 20.976559 0.003870
2459650.732772 20.984265 0.003897
2459651.225839 20.981957 0.003889
2459651.729432 20.977197 0.003872
2459652.222500 20.986875 0.003907
2459652.715567 20.979937 0.003882
2459653.219160 20.975529 0.003866
2459653.712227 20.977823 0.003874
2459654.205294 20.976976 0.003871
2459654.708888 20.983438 0.003894
2459655.201955 20.981280 0.003887
2459655.695022 20.980811 0.003885
2459656.198616 20.976743 0.003871
2459656.691683 20.985168 0.003901
2459657.184750 20.978720 0.003878
2459657.688344 20.974537 0.003863
2459658.181411 20.985056 0.003900
2459658.674478 20.989901 0.003918
2459659.178071 20.970064 0.003847
2459659.671138 20.978548 0.003877
2459660.164206 20.976362 0.003869
2459660.667799 20.986256 0.003905
2459661.160866 20.982426 0.003891
2459661.653933 20.983598 0.003895
2459662.157527 20.982512 0.003891
2459662.650594 20.975798 0.003867
2459663.143661 20.974916 0.003864
2459663.647255 20.979753 0.003881
2459664.140322 20.983796 0.003896
2459664.633389 20.983500 0.003895
2459665.136982 20.989628 0.003917
2459665.630050 20.977639 0.003874
2459666.123117 20.982611 0.003892
2459666.626710 20.980430 0.003884
2459667.119777 20.980639 0.003884
2459667.612844 20.976780 0.003871
2459668.116438 20.972799 0.003856
2459668.609505 20.972555 0.003856
2459669.102572 20.980405 0.003884
2459669.606166 20.975112 0.003865
2459670.099233 20.982364 0.003891
2459670.592300 20.978106 0.003875
2459671.095894 20.983277 0.003894
2459671.588961 20.983956 0.003896
2459672.082028 20.986937 0.003907
2459672.585621 20.980922 0.003885
2459673.078688 20.982771 0.003892
2459673.571756 20.979458 0.003880
2459674.075349 20.981982 0.003889
2459674.568416 20.979322 0.003880
2459675.061483 20.977197 0.003872
2459675.565077 20.982673 0.003892
2459676.058144 20.979630 0.003881
2459676.551211 20.977933 0.003875
2459677.054805 20.978093 0.003875
2459677.547872 20.983709 0.003895
2459678.040939 20.979285 0.003880
2459678.544532 20.979113 0.003879
2459679.037600 20.975835 0.003867
2459679.530667 20.989132 0.003915
2459680.034260 20.987681 0.003910
2459680.527327 20.975566 0.003866
2459681.020394 20.974132 0.003861
2459681.523988 20.981588 0.003888
2459682.017055 20.985452 0.003902
2459682.510122 20.985712 0.003903
2459683.013716 20.976375 0.003869
2459683.506783 20.981181 0.003886
2459683.999850 20.977135 0.003872
2459684.503444 20.982081 0.003890
2459684.996511 20.983771 0.003896
2459685.489578 20.980861 0.003885
2459685.993171 20.979679 0.003881
2459686.486238 20.985749 0.003903
2459686.979306 20.979433 0.003880
2459687.482899 20.974745 0.003863
2459687.975966 20.970296 0.003848
2459688.469033 20.977209 0.003872
2459688.972627 20.978646 0.003877
2459689.465694 20.979433 0.003880
2459689.958761 20.981674 0.003888
2459690.462355 20.976632 0.003870
2459690.955422 20.983919 0.003896
2459691.448489 20.979937 0.003882
2459691.952082 20.979126 0.003879
2459692.445150 20.976681 0.003870
2459692.938217 20.977626 0.003874
2459693.441810 20.986529 0.003906
2459693.934877 20.978204 0.003876
2459807.647256 20.978462 0.003877
2459808.150849 20.977860 0.003875
2459808.643916 20.973460 0.003859
2459809.136983 20.982907 0.003893
2459809.640577 20.972946 0.003857
2459810.133644 20.981563 0.003888
2459810.626711 20.981933 0.003889
2459811.130305 20.978204 0.003876
2459811.623372 20.978241 0.003876
2459812.116439 20.979691 0.003881
2459812.620032 20.986764 0.003906
2459813.113100 20.981452 0.003887
2459813.606167 20.979236 0.003879
2459814.109760 20.975039 0.003864
2459814.602827 20.975823 0.003867
2459815.095894 20.981920 0.003889
2459815.599488 20.983438 0.003894
2459816.092555 20.979384 0.003880
2459816.585622 20.974941 0.003864
2459817.089216 20.972970 0.003857
2459817.582283 20.974549 0.003863
2459818.075350 20.980307 0.003883
2459818.578944 20.976019 0.003868
2459819.072011 20.975823 0.003867
2459819.565078 20.978831 0.003878
2459820.068671 20.980393 0.003884
2459820.561738 20.986950 0.003907
2459821.054806 20.982031 0.003889
2459821.558399 20.991169 0.003922
2459822.051466 20.986702 0.003906
2459822.544533 20.976461 0.003870
2459823.048127 20.973349 0.003858
2459823.541194 20.976632 0.003870
2459824.034261 20.977049 0.003872
2459824.537855 20.979802 0.003881
2459825.030922 20.977442 0.003873
2459825.523989 20.980848 0.003885
2459826.027582 20.973839 0.003860
2459826.520650 20.979814 0.003881
2459827.013717 20.979864 0.003882
2459827.517310 20.971504 0.003852
2459828.010377 20.986590 0.003906
2459828.503444 20.980097 0.003883
2459829.007038 20.977983 0.003875
2459829.500105 20.980873 0.003885
2459829.993172 20.978917 0.003878
2459830.496766 20.977774 0.003874
2459830.989833 20.980614 0.003884
2459831.482900 20.978978 0.003879
2459831.986494 20.981846 0.003889
2459832.479561 20.980836 0.003885
2459832.972628 20.987073 0.003908
2459833.476221 20.978708 0.003878
2459833.969288 20.986182 0.003904
2459834.462356 20.978437 0.003877
2459834.965949 20.983166 0.003893
2459835.459016 20.978007 0.003875
2459835.952083 20.978941 0.003878
2459836.455677 20.976436 0.003869
2459836.948744 20.985749 0.003903
2459837.441811 20.980861 0.003885
2459837.945405 20.981822 0.003889
2459838.438472 20.979199 0.003879
2459838.931539 20.973765 0.003860
2459839.435132 20.978069 0.003875
2459839.928200 20.975786 0.003867
2459840.421267 20.982685 0.003892
2459840.924860 20.977676 0.003874
2459841.417927 20.975860 0.003867
2459841.910994 20.980417 0.003884
2459842.414588 20.978843 0.003878
2459842.907655 20.986615 0.003906
2459843.400722 20.977025 0.003872
2459843.904316 20.979458 0.003880
2459844.397383 20.985390 0.003901
2459844.890450 20.982438 0.003891
2459845.394044 20.978106 0.003875
2459845.887111 20.982599 0.003891
2459846.380178 20.980381 0.003884
2459846.883771 20.980085 0.003882
2459847.376838 20.975222 0.003865
2459847.869906 20.982451 0.003891
2459848.373499 20.980861 0.003885
2459848.866566 20.983203 0.003894
2459849.359633 20.982216 0.003890
2459849.863227 20.982697 0.003892
2459850.356294 20.979679 0.003881
2459850.849361 20.981390 0.003887
2459851.352955 20.981957 0.003889
2459851.846022 20.982475 0.003891
2459852.339089 20.976804 0.003871
2459852.842682 20.981822 0.003889
2459853.335750 20.981883 0.003889
2459853.828817 20.983191 0.003894
2459854.332410 20.978806 0.003878
2459854.825477 20.983685 0.003895
2459855.318544 20.976350 0.003869
2459855.822138 20.979716 0.003881
2459856.315205 20.984166 0.003897
2459856.808272 20.983895 0.003896
2459857.311866 20.980159 0.003883
2459857.804933 20.980614 0.003884
2459858.298000 20.973056 0.003857
2459858.801594 20.984537 0.003898
2459859.294661 20.977418 0.003873
2459859.787728 20.987990 0.003911
2459860.291321 20.975970 0.003868
2459860.784388 20.980307 0.003883
2459861.277456 20.974390 0.003862
2459861.781049 20.978277 0.003876
2459862.274116 20.978646 0.003877
2459862.767183 20.980184 0.003883
2459863.270777 20.970882 0.003850
2459863.763844 20.981514 0.003888
2459864.256911 20.986306 0.003905
2459864.760505 20.975492 0.003866
2459865.253572 20.979950 0.003882
2459865.746639 20.975835 0.003867
2459866.250232 20.979581 0.003881
2459866.743300 20.981736 0.003888
2459867.236367 20.980011 0.003882
2459867.739960 20.983870 0.003896
2459868.233027 20.975394 0.003866
2459868.726094 20.983512 0.003895
2459869.229688 20.978019 0.003875
2459869.722755 20.977725 0.003874
2459870.215822 20.979531 0.003880
2459870.719416 20.983734 0.003896
2459871.212483 20.973594 0.003859
2459871.705550 20.982192 0.003890
2459872.209144 20.987507 0.003909
2459872.702211 20.983129 0.003893
2459873.195278 20.980257 0.003883
2459873.698871 20.983216 0.003894
2459874.191938 20.981489 0.003887
2459874.685006 20.979704 0.003881
2459875.188599 20.982463 0.003891
2459875.681666 20.980651 0.003884
2459876.174733 20.984809 0.003899
2459876.678327 20.987619 0.003909
2459877.171394 20.979187 0.003879
2459877.664461 20.983685 0.003895
2459878.168055 20.980196 0.003883
2459878.661122 20.979089 0.003879
2459879.154189 20.986071 0.003904
2459987.411250 20.977442 0.003873
2459987.904317 20.984018 0.003897
2459988.407910 20.979408 0.003880
2459988.900977 20.974341 0.003862
2459989.394044 20.980282 0.003883
2459989.897638 20.974928 0.003864
2459990.390705 20.976755 0.003871
2459990.883772 20.980688 0.003885
2459991.387366 20.974524 0.003863
2459991.880433 20.982599 0.003891
2459992.373500 20.977344 0.003873
2459992.877094 20.982586 0.003891
2459993.370161 20.979679 0.003881
2459993.863228 20.979236 0.003879
2459994.366821 20.982155 0.003890
2459994.859888 20.989889 0.003918
2459995.352956 20.979384 0.003880
2459995.856549 20.975039 0.003864
2459996.349616 20.979175 0.003879
2459996.842683 20.980541 0.003884
2459997.346277 20.974341 0.003862
2459997.839344 20.981280 0.003887
2459998.332411 20.976718 0.003870
2459998.836005 20.980344 0.003883
2459999.329072 20.983549 0.003895
2459999.822139 20.979642 0.003881
2460000.325732 20.979999 0.003882
2460000.818800 20.983734 0.003896
2460001.311867 20.983771 0.003896
2460001.815460 20.976865 0.003871
2460002.308527 20.977823 0.003874
2460002.801594 20.990137 0.003919
2460003.305188 20.981132 0.003886
2460003.798255 20.987383 0.003909
2460004.291322 20.984389 0.003898
2460004.794916 20.978683 0.003877
2460005.287983 20.973692 0.003860
2460005.781050 20.982673 0.003892
2460006.284644 20.980294 0.003883
2460006.777711 20.977786 0.003874
2460007.270778 20.975786 0.003867
2460007.774371 20.984253 0.003897
2460008.267438 20.980762 0.003885
2460008.760506 20.973802 0.003860
2460009.264099 20.985650 0.003902
2460009.757166 20.981280 0.003887
2460010.250233 20.979347 0.003880
2460010.753827 20.980184 0.003883
2460011.246894 20.981538 0.003888
2460011.739961 20.971761 0.003853
2460012.243555 20.979728 0.003881
2460012.736622 20.977099 0.003872
2460013.229689 20.980257 0.003883
2460013.733282 20.981612 0.003888
2460014.226350 20.985279 0.003901
2460014.719417 20.979531 0.003880
2460015.223010 20.982192 0.003890
2460015.716077 20.979593 0.003881
2460016.209144 20.979298 0.003880
2460016.712738 20.984624 0.003899
2460017.205805 20.974328 0.003862
2460017.698872 20.985972 0.003904
2460018.202466 20.980060 0.003882
2460018.695533 20.983796 0.003896
2460019.188600 20.976669 0.003870
2460019.692194 20.986182 0.003904
2460020.185261 20.979839 0.003882
2460020.678328 20.981834 0.003889
2460021.181921 20.976252 0.003869
2460021.674988 20.986132 0.003904
2460022.168056 20.975541 0.003866
2460022.671649 20.984426 0.003898
2460023.164716 20.980417 0.003884
2460023.657783 20.986132 0.003904
2460024.161377 20.986900 0.003907
2460024.654444 20.982895 0.003893
2460025.147511 20.973080 0.003857
2460025.651105 20.973557 0.003859
2460026.144172 20.981526 0.003888
2460026.637239 20.985044 0.003900
2460027.140832 20.977270 0.003872
2460027.633900 20.983648 0.003895
2460028.126967 20.980516 0.003884
2460028.630560 20.983463 0.003895
2460029.123627 20.988524 0.003913
2460029.616694 20.981600 0.003888
2460030.120288 20.977369 0.003873
2460030.613355 20.975222 0.003865
2460031.106422 20.978843 0.003878
2460031.610016 20.983500 0.003895
2460032.103083 20.976780 0.003871
2460032.596150 20.975786 0.003867
2460033.099744 20.981945 0.003889
2460033.592811 20.979765 0.003881
2460034.085878 20.983166 0.003893
2460034.589471 20.972164 0.003854
2460035.082538 20.976154 0.003868
2460035.575606 20.982414 0.003891
2460036.079199 20.978327 0.003876
2460036.572266 20.983660 0.003895
2460037.065333 20.980036 0.003882
2460037.568927 20.981169 0.003886
2460038.061994 20.975504 0.003866
2460038.555061 20.973533 0.003859
2460039.058655 20.987346 0.003909
2460039.551722 20.983858 0.003896
2460040.044789 20.974610 0.003863
2460040.548382 20.984809 0.003899
2460041.041450 20.981600 0.003888
2460041.534517 20.986529 0.003906
2460042.038110 20.978216 0.003876
2460042.531177 20.975615 0.003867
2460043.024244 20.984797 0.003899
2460043.527838 20.978032 0.003875
2460044.020905 20.980344 0.003883
2460044.513972 20.980454 0.003884
2460045.017566 20.972041 0.003854
2460045.510633 20.980516 0.003884
2460046.003700 20.978843 0.003878
2460046.507294 20.979335 0.003880
2460047.000361 20.978634 0.003877
2460047.493428 20.982697 0.003892
2460047.997021 20.986009 0.003904
2460048.490088 20.971846 0.003853
2460048.983156 20.979753 0.003881
2460049.486749 20.971846 0.003853
2460049.979816 20.983216 0.003894
2460050.472883 20.980270 0.003883
2460050.976477 20.980479 0.003884
2460051.469544 20.976264 0.003869
2460051.962611 20.981464 0.003887
2460052.466205 20.988102 0.003911
2460052.959272 20.988623 0.003913
2460053.452339 20.980208 0.003883
2460053.955932 20.981193 0.003886
2460054.449000 20.978204 0.003876
2460054.942067 20.985823 0.003903
2460055.445660 20.980024 0.003882
2460055.938727 20.988300 0.003912
2460056.431794 20.980442 0.003884
2460056.935388 20.982327 0.003890
2460057.428455 20.976976 0.003871
2460057.921522 20.980873 0.003885
2460058.425116 20.976191 0.003869
2460058.918183 20.982327 0.003890
