2458346.727899 23.085373 0.010681
2458347.220966 23.086936 0.010696
2458347.714033 23.085291 0.010680
2458348.217627 23.098105 0.010807
2458348.710694 23.089243 0.010719
2458349.203761 23.096360 0.010790
2458349.707355 23.084388 0.010671
2458350.200422 23.082173 0.010650
2458350.693489 23.071977 0.010550
2458351.197082 23.090234 0.010729
2458351.690150 23.081026 0.010638
2458352.183217 23.085373 0.010681
2458352.686810 23.096194 0.010788
2458353.179877 23.073439 0.010564
2458353.672944 23.079308 0.010622
2458354.176538 23.079554 0.010624
2458354.669605 23.078246 0.010611
2458355.162672 23.084223 0.010670
2458355.666266 23.078491 0.010614
2458356.159333 23.076696 0.010596
2458356.652400 23.081517 0.010643
2458357.155994 23.096775 0.010794
2458357.649061 23.086525 0.010692
2458358.142128 23.085291 0.010680
2458358.645721 23.099520 0.010821
2458359.138788 23.085209 0.010679
2458359.631856 23.082829 0.010656
2458360.135449 23.108298 0.010909
2458360.628516 23.098854 0.010814
2458361.121583 23.100436 0.010830
2458361.625177 23.084634 0.010674
2458362.118244 23.092961 0.010756
2458362.611311 23.103106 0.010857
2458363.114905 23.089243 0.010719
2458363.607972 23.077267 0.010602
2458364.101039 23.088419 0.010711
2458364.604632 23.092713 0.010754
2458365.097700 23.082911 0.010657
2458365.590767 23.072546 0.010556
2458366.094360 23.096526 0.010791
2458366.587427 23.086772 0.010695
2458367.080494 23.084388 0.010671
2458367.584088 23.095696 0.010783
2458368.077155 23.100603 0.010832
2458368.570222 23.096277 0.010789
2458369.073816 23.106034 0.010886
2458369.566883 23.096942 0.010795
2458370.059950 23.093210 0.010758
2458370.563544 23.073358 0.010564
2458371.056611 23.080862 0.010637
2458371.549678 23.083239 0.010660
2458372.053271 23.079554 0.010624
2458372.546338 23.090977 0.010736
2458373.039406 23.066956 0.010501
2458373.542999 23.092465 0.010751
2458374.036066 23.109222 0.010918
2458374.529133 23.088584 0.010713
2458375.032727 23.107543 0.010901
2458375.525794 23.081026 0.010638
2458376.018861 23.080371 0.010632
2458376.522455 23.096443 0.010791
2458377.015522 23.103608 0.010862
2458377.508589 23.073114 0.010561
2458378.012182 23.097606 0.010802
2458378.505250 23.082665 0.010654
2458378.998317 23.077675 0.010606
2458379.501910 23.098105 0.010807
2458379.994977 23.090069 0.010727
2458380.488044 23.097856 0.010805
2458380.991638 23.105616 0.010882
2458381.484705 23.107795 0.010904
2458381.977772 23.100436 0.010830
2458382.481366 23.085949 0.010687
2458382.974433 23.069544 0.010526
2458383.467500 23.071815 0.010548
2458383.971094 23.109558 0.010922
2458384.464161 23.089326 0.010720
2458384.957228 23.074334 0.010573
2458385.460821 23.092465 0.010751
2458385.953888 23.096194 0.010788
2458386.446956 23.076696 0.010596
2458386.950549 23.104695 0.010873
2458387.443616 23.085291 0.010680
2458387.936683 23.077838 0.010607
2458388.440277 23.078491 0.010614
2458388.933344 23.075555 0.010585
2458389.426411 23.072058 0.010551
2458389.930005 23.081927 0.010647
2458390.423072 23.086689 0.010694
2458390.916139 23.080617 0.010634
2458391.419732 23.087019 0.010697
2458391.912800 23.080944 0.010638
2458392.405867 23.081927 0.010647
2458392.909460 23.084716 0.010675
2458393.402527 23.077920 0.010608
2458393.895594 23.076044 0.010590
2458394.399188 23.084470 0.010672
2458394.892255 23.087101 0.010698
2458395.385322 23.087101 0.010698
2458395.888916 23.073196 0.010562
2458396.381983 23.110399 0.010930
2458396.875050 23.081436 0.010642
2458397.378644 23.084880 0.010676
2458397.871711 23.080371 0.010632
2458398.364778 23.100270 0.010829
2458398.868371 23.083321 0.010661
2458399.361438 23.089408 0.010721
2458399.854506 23.091225 0.010739
2458400.358099 23.105030 0.010876
2458400.851166 23.071003 0.010541
2458401.344233 23.108718 0.010913
2458401.847827 23.100186 0.010828
2458402.340894 23.072140 0.010552
2458402.833961 23.085620 0.010683
2458403.337555 23.083157 0.010659
2458403.830622 23.102856 0.010854
2458404.323689 23.098438 0.010810
2458404.827282 23.094038 0.010767
2458405.320350 23.084716 0.010675
2458405.813417 23.095198 0.010778
2458406.317010 23.070517 0.010536
2458406.810077 23.095033 0.010776
2458407.303144 23.083977 0.010667
2458407.806738 23.080862 0.010637
2458408.299805 23.100353 0.010829
2458408.792872 23.099270 0.010819
2458409.296466 23.087595 0.010703
2458409.789533 23.072627 0.010556
2458410.282600 23.086113 0.010688
2458410.786194 23.081845 0.010646
2458411.279261 23.097108 0.010797
2458411.772328 23.102689 0.010853
2458412.275921 23.095116 0.010777
2458412.768988 23.080208 0.010630
2458413.262056 23.080044 0.010629
2458413.765649 23.072383 0.010554
2458414.258716 23.083649 0.010664
2458414.751783 23.081681 0.010645
2458415.255377 23.080453 0.010633
2458415.748444 23.093127 0.010758
2458416.241511 23.087019 0.010697
2458416.745105 23.086772 0.010695
2458417.238172 23.083567 0.010663
2458417.731239 23.100186 0.010828
2458418.234832 23.099936 0.010825
2458526.481367 23.094701 0.010773
2458526.984960 23.116556 0.010992
2458527.478027 23.077512 0.010604
2458527.971094 23.084552 0.010673
2458528.474688 23.080535 0.010634
2458528.967755 23.091555 0.010742
2458529.460822 23.075962 0.010589
2458529.964416 23.096194 0.010788
2458530.457483 23.081517 0.010643
2458530.950550 23.093375 0.010760
2458531.454144 23.089161 0.010718
2458531.947211 23.078246 0.010611
2458532.440278 23.085456 0.010682
2458532.943871 23.099853 0.010824
2458533.436938 23.076533 0.010594
2458533.930006 23.086854 0.010696
2458534.433599 23.073033 0.010560
2458534.926666 23.079881 0.010627
2458535.419733 23.114866 0.010975
2458535.923327 23.071490 0.010545
2458536.416394 23.076207 0.010591
2458536.909461 23.072708 0.010557
2458537.413055 23.095116 0.010777
2458537.906122 23.076778 0.010597
2458538.399189 23.076370 0.010593
2458538.902782 23.089078 0.010718
2458539.395850 23.074904 0.010579
2458539.888917 23.079881 0.010627
2458540.392510 23.097773 0.010804
2458540.885577 23.074904 0.010579
2458541.378644 23.078328 0.010612
2458541.882238 23.086936 0.010697
2458542.375305 23.084963 0.010677
2458542.868372 23.094618 0.010772
2458543.371966 23.102522 0.010851
2458543.865033 23.098188 0.010808
2458544.358100 23.103608 0.010862
2458544.861694 23.095116 0.010777
2458545.354761 23.090069 0.010727
2458545.847828 23.083567 0.010663
2458546.351421 23.098355 0.010810
2458546.844488 23.092630 0.010753
2458547.337556 23.100103 0.010827
2458547.841149 23.071003 0.010541
2458548.334216 23.068816 0.010520
2458548.827283 23.095447 0.010781
2458549.330877 23.096443 0.010791
2458549.823944 23.083731 0.010665
2458550.317011 23.100186 0.010828
2458550.820605 23.095696 0.010783
2458551.313672 23.085291 0.010681
2458551.806739 23.106788 0.010894
2458552.310332 23.094121 0.010768
2458552.803400 23.084552 0.010673
2458553.296467 23.082501 0.010653
2458553.800060 23.098438 0.010811
2458554.293127 23.082091 0.010649
2458554.786194 23.079063 0.010620
2458555.289788 23.100103 0.010827
2458555.782855 23.092465 0.010752
2458556.275922 23.092300 0.010750
2458556.779516 23.092217 0.010749
2458557.272583 23.096859 0.010795
2458557.765650 23.083567 0.010664
2458558.269244 23.079145 0.010621
2458558.762311 23.074578 0.010576
2458559.255378 23.084470 0.010673
2458559.758971 23.099603 0.010823
2458560.252038 23.093044 0.010758
2458560.745106 23.090481 0.010733
2458561.248699 23.085702 0.010686
2458561.741766 23.097856 0.010806
2458562.234833 23.086772 0.010696
2458562.738427 23.072789 0.010560
2458563.231494 23.099104 0.010819
2458563.724561 23.070679 0.010540
2458564.228155 23.093210 0.010761
2458564.721222 23.093955 0.010768
2458565.214289 23.078165 0.010613
2458565.717882 23.088336 0.010714
2458566.210950 23.065744 0.010493
2458566.704017 23.094784 0.010778
2458567.207610 23.071085 0.010546
2458567.700677 23.081845 0.010652
2458568.193744 23.066713 0.010505
2458568.697338 23.104360 0.010877
2458569.190405 23.074904 0.010587
2458569.683472 23.085785 0.010695
2458570.187066 23.090564 0.010743
2458570.680133 23.090729 0.010747
2458571.173200 23.098854 0.010830
2458571.676794 23.074741 0.010595
2458572.169861 23.079635 0.010646
2458572.662928 23.086443 0.010717
2458573.166521 23.079962 0.010658
2458573.659588 23.071896 0.010585
2458574.152656 23.087101 0.010742
2458574.656249 23.081517 0.010697
2458575.149316 23.072871 0.010624
2458575.642383 23.074090 0.010650
2458576.145977 23.056421 0.010497
2458576.639044 23.031109 0.010278
2458577.132111 23.046781 0.010456
2458577.635705 23.045037 0.010476
2458578.128772 23.018053 0.010261
2458578.621839 23.021613 0.010344
2458579.125432 22.987660 0.010076
2458579.618500 23.012659 0.010357
2458580.111567 22.979354 0.010071
2458580.615160 22.991121 0.010181
2458581.108227 22.992780 0.010169
2458581.601294 23.009129 0.010279
2458582.104888 23.015353 0.010285
2458582.597955 23.026974 0.010347
2458583.091022 23.027597 0.010310
2458583.594616 23.051789 0.010506
2458584.087683 23.051550 0.010474
2458584.580750 23.061073 0.010543
2458585.084344 23.060992 0.010523
2458585.577411 23.073033 0.010626
2458586.070478 23.083649 0.010718
2458586.574071 23.070517 0.010579
2458587.067138 23.066875 0.010537
2458587.560206 23.066471 0.010527
2458588.063799 23.093541 0.010787
2458588.556866 23.092879 0.010777
2458589.049933 23.077430 0.010621
2458589.553527 23.076941 0.010614
2458590.046594 23.090399 0.010744
2458590.539661 23.080535 0.010645
2458591.043255 23.100103 0.010837
2458591.536322 23.082337 0.010659
2458592.029389 23.108214 0.010915
2458592.532982 23.081599 0.010650
2458593.026050 23.096692 0.010799
2458593.519117 23.082829 0.010661
2458594.022710 23.075229 0.010586
2458594.515777 23.097108 0.010801
2458595.008844 23.092713 0.010757
2458595.512438 23.092630 0.010756
2458596.005505 23.086525 0.010695
2458596.498572 23.080535 0.010636
2458597.002166 23.088172 0.010711
2458597.495233 23.092134 0.010750
2458597.988300 23.097357 0.010801
2458712.204272 23.088666 0.010713
2458712.697339 23.066067 0.010493
2458713.200932 23.102271 0.010849
2458713.694000 23.089821 0.010725
2458714.187067 23.094867 0.010775
2458714.690660 23.096277 0.010789
2458715.183727 23.097856 0.010805
2458715.676794 23.101437 0.010840
2458716.180388 23.074822 0.010578
2458716.673455 23.081026 0.010638
2458717.166522 23.082829 0.010656
2458717.670116 23.092051 0.010747
2458718.163183 23.101103 0.010837
2458718.656250 23.085867 0.010686
2458719.159844 23.084470 0.010672
2458719.652911 23.097274 0.010799
2458720.145978 23.106453 0.010890
2458720.649571 23.086443 0.010692
2458721.142638 23.083075 0.010658
2458721.635706 23.081845 0.010646
2458722.139299 23.082993 0.010658
2458722.632366 23.110399 0.010930
2458723.125433 23.094204 0.010768
2458723.629027 23.082255 0.010650
2458724.122094 23.077838 0.010607
2458724.615161 23.096859 0.010795
2458725.118755 23.094452 0.010771
2458725.611822 23.073114 0.010561
2458726.104889 23.076370 0.010593
2458726.608482 23.074090 0.010571
2458727.101550 23.091803 0.010744
2458727.594617 23.068816 0.010519
2458728.098210 23.067845 0.010510
2458728.591277 23.082091 0.010649
2458729.084344 23.085291 0.010680
2458729.587938 23.081763 0.010646
2458730.081005 23.072058 0.010551
2458730.574072 23.081599 0.010644
2458731.077666 23.082583 0.010654
2458731.570733 23.090894 0.010736
2458732.063800 23.085456 0.010682
2458732.567394 23.069788 0.010529
2458733.060461 23.073765 0.010567
2458733.553528 23.088419 0.010711
2458734.057121 23.080781 0.010636
2458734.550188 23.083649 0.010664
2458735.043256 23.096609 0.010792
2458735.546849 23.081190 0.010640
2458736.039916 23.074090 0.010571
2458736.532983 23.092796 0.010754
2458737.036577 23.074334 0.010573
2458737.529644 23.087183 0.010699
2458738.022711 23.084059 0.010668
2458738.526305 23.072058 0.010551
2458739.019372 23.091969 0.010746
2458739.512439 23.077267 0.010602
2458740.016032 23.090977 0.010736
2458740.509100 23.075881 0.010588
2458741.002167 23.091142 0.010738
2458741.505760 23.086936 0.010696
2458741.998827 23.093872 0.010765
2458742.491894 23.093210 0.010758
2458742.995488 23.087101 0.010698
2458743.488555 23.064937 0.010482
2458743.981622 23.097274 0.010799
2458744.485216 23.090399 0.010731
2458744.978283 23.092382 0.010750
2458745.471350 23.105783 0.010884
2458745.974944 23.095530 0.010781
2458746.468011 23.096443 0.010791
2458746.961078 23.081927 0.010647
2458747.464671 23.090399 0.010731
2458747.957738 23.071328 0.010544
2458748.450806 23.091225 0.010739
2458748.954399 23.080535 0.010634
2458749.447466 23.103942 0.010865
2458749.940533 23.094369 0.010770
2458750.444127 23.076615 0.010595
2458750.937194 23.079390 0.010622
2458751.430261 23.073033 0.010560
2458751.933855 23.088584 0.010713
2458752.426922 23.111072 0.010937
2458752.919989 23.092796 0.010754
2458753.423582 23.094784 0.010774
2458753.916650 23.088336 0.010710
2458754.409717 23.076859 0.010598
2458754.913310 23.075474 0.010584
2458755.406377 23.082009 0.010648
2458755.899444 23.094950 0.010776
2458756.403038 23.082091 0.010649
2458756.896105 23.103608 0.010862
2458757.389172 23.112588 0.010952
2458757.892766 23.087677 0.010704
2458758.385833 23.087677 0.010704
2458758.878900 23.088913 0.010716
2458759.382494 23.084306 0.010671
2458759.875561 23.099437 0.010820
2458760.368628 23.093293 0.010759
2458760.872221 23.089738 0.010724
2458761.365288 23.080617 0.010634
2458761.858356 23.076207 0.010591
2458762.361949 23.097606 0.010802
2458762.855016 23.084223 0.010670
2458763.348083 23.088089 0.010708
2458763.851677 23.087760 0.010705
2458764.344744 23.088419 0.010711
2458764.837811 23.082255 0.010650
2458765.341405 23.082091 0.010649
2458765.834472 23.099020 0.010816
2458766.327539 23.080453 0.010633
2458766.831132 23.090646 0.010733
2458767.324200 23.084716 0.010675
2458767.817267 23.071896 0.010549
2458768.320860 23.091638 0.010743
2458768.813927 23.088089 0.010708
2458769.306994 23.109306 0.010919
2458769.810588 23.089903 0.010726
2458770.303655 23.101103 0.010837
2458770.796722 23.089243 0.010719
2458771.300316 23.094618 0.010772
2458771.793383 23.075555 0.010585
2458772.286450 23.075555 0.010585
2458772.790044 23.096194 0.010788
2458773.283111 23.102104 0.010847
2458773.776178 23.097191 0.010798
2458774.279771 23.078165 0.010610
2458774.772838 23.086525 0.010692
2458775.265906 23.072464 0.010555
2458775.769499 23.075718 0.010586
2458776.262566 23.082993 0.010658
2458776.755633 23.075392 0.010583
2458777.259227 23.089243 0.010719
2458777.752294 23.091142 0.010738
2458778.245361 23.081354 0.010642
2458778.748955 23.086360 0.010691
2458779.242022 23.072302 0.010553
2458779.735089 23.087183 0.010699
2458780.238682 23.094618 0.010772
2458780.731750 23.081026 0.010638
2458781.224817 23.095613 0.010782
2458781.728410 23.098105 0.010807
2458782.221477 23.066794 0.010500
2458782.714544 23.073602 0.010566
2458783.218138 23.099437 0.010820
2458783.711205 23.077757 0.010606
2459622.427944 23.076370 0.010593
2459622.921011 23.077349 0.010602
2459623.424605 23.075555 0.010585
2459623.917672 23.111240 0.010939
2459624.410739 23.109474 0.010921
2459624.914332 23.077430 0.010603
2459625.407400 23.091060 0.010737
2459625.900467 23.101020 0.010836
2459626.404060 23.071003 0.010541
2459626.897127 23.065018 0.010483
2459627.390194 23.089573 0.010722
2459627.893788 23.078818 0.010617
2459628.386855 23.082583 0.010654
2459628.879922 23.091638 0.010743
2459629.383516 23.079308 0.010622
2459629.876583 23.084880 0.010676
2459630.369650 23.087842 0.010705
2459630.873244 23.080944 0.010638
2459631.366311 23.087430 0.010701
2459631.859378 23.081108 0.010639
2459632.362971 23.082419 0.010652
2459632.856038 23.092879 0.010755
2459633.349106 23.074090 0.010571
2459633.852699 23.099936 0.010825
2459634.345766 23.089408 0.010721
2459634.838833 23.086278 0.010690
2459635.342427 23.087513 0.010702
2459635.835494 23.083239 0.010660
2459636.328561 23.096194 0.010788
2459636.832155 23.084223 0.010670
2459637.325222 23.095779 0.010784
2459637.818289 23.114866 0.010975
2459638.321882 23.094121 0.010767
2459638.814950 23.094038 0.010767
2459639.308017 23.099770 0.010824
2459639.811610 23.083649 0.010664
2459640.304677 23.063406 0.010467
2459640.797744 23.102522 0.010851
2459641.301338 23.082091 0.010649
2459641.794405 23.086278 0.010690
2459642.287472 23.084223 0.010670
2459642.791066 23.086772 0.010695
2459643.284133 23.103608 0.010862
2459643.777200 23.085702 0.010684
2459644.280794 23.070922 0.010540
2459644.773861 23.090316 0.010730
2459645.266928 23.083239 0.010660
2459645.770521 23.079063 0.010619
2459646.263588 23.095116 0.010777
2459646.756656 23.063970 0.010473
2459647.260249 23.079717 0.010626
2459647.753316 23.098355 0.010810
2459648.246383 23.079717 0.010626
2459648.749977 23.091638 0.010743
2459649.243044 23.103441 0.010860
2459649.736111 23.063647 0.010469
2459650.239705 23.097856 0.010805
2459650.732772 23.106453 0.010890
2459651.225839 23.098854 0.010814
2459651.729432 23.084552 0.010673
2459652.222500 23.082173 0.010650
2459652.715567 23.099936 0.010825
2459653.219160 23.078165 0.010610
2459653.712227 23.097108 0.010797
2459654.205294 23.079063 0.010619
2459654.708888 23.089078 0.010718
2459655.201955 23.093707 0.010763
2459655.695022 23.078246 0.010611
2459656.198616 23.107543 0.010901
2459656.691683 23.091721 0.010744
2459657.184750 23.091638 0.010743
2459657.688344 23.111325 0.010939
2459658.181411 23.078900 0.010618
2459658.674478 23.069464 0.010526
2459659.178071 23.089243 0.010719
2459659.671138 23.074822 0.010578
2459660.164206 23.076696 0.010596
2459660.667799 23.087760 0.010705
2459661.160866 23.092630 0.010753
2459661.653933 23.106956 0.010895
2459662.157527 23.095779 0.010784
2459662.650594 23.098521 0.010811
2459663.143661 23.062198 0.010455
2459663.647255 23.083813 0.010666
2459664.140322 23.107711 0.010903
2459664.633389 23.070841 0.010539
2459665.136982 23.081272 0.010641
2459665.630050 23.081927 0.010647
2459666.123117 23.089738 0.010724
2459666.626710 23.087842 0.010705
2459667.119777 23.087266 0.010700
2459667.612844 23.094452 0.010771
2459668.116438 23.091555 0.010742
2459668.609505 23.089491 0.010722
2459669.102572 23.092961 0.010756
2459669.606166 23.075067 0.010580
2459670.099233 23.088584 0.010713
2459670.592300 23.083813 0.010666
2459671.095894 23.076044 0.010590
2459671.588961 23.082501 0.010653
2459672.082028 23.084388 0.010671
2459672.585621 23.092713 0.010754
2459673.078688 23.083649 0.010664
2459673.571756 23.097440 0.010800
2459674.075349 23.097274 0.010799
2459674.568416 23.084059 0.010668
2459675.061483 23.089903 0.010726
2459675.565077 23.085456 0.010682
2459676.058144 23.094784 0.010774
2459676.551211 23.086854 0.010696
2459677.054805 23.072871 0.010559
2459677.547872 23.098937 0.010815
2459678.040939 23.086607 0.010693
2459678.544532 23.072058 0.010551
2459679.037600 23.065906 0.010491
2459679.530667 23.107208 0.010898
2459680.034260 23.074578 0.010575
2459680.527327 23.090646 0.010733
2459681.020394 23.095696 0.010783
2459681.523988 23.088007 0.010707
2459682.017055 23.085456 0.010682
2459682.510122 23.075392 0.010583
2459683.013716 23.088172 0.010709
2459683.506783 23.086360 0.010691
2459683.999850 23.090894 0.010736
2459684.503444 23.092879 0.010755
2459684.996511 23.076126 0.010590
2459685.489578 23.077838 0.010607
2459685.993171 23.088254 0.010709
2459686.486238 23.104360 0.010869
2459686.979306 23.077593 0.010605
2459687.482899 23.081517 0.010643
2459687.975966 23.084306 0.010671
2459688.469033 23.087266 0.010700
2459688.972627 23.087513 0.010702
2459689.465694 23.081272 0.010641
2459689.958761 23.092713 0.010754
2459690.462355 23.089408 0.010721
2459690.955422 23.076288 0.010592
2459691.448489 23.076696 0.010596
2459691.952082 23.074334 0.010573
2459692.445150 23.076126 0.010590
2459692.938217 23.086525 0.010692
2459693.441810 23.088172 0.010709
2459693.934877 23.088749 0.010714
2459807.647256 23.085291 0.010680
2459808.150849 23.099270 0.010819
2459808.643916 23.094950 0.010776
2459809.136983 23.099936 0.010825
2459809.640577 23.078655 0.010615
2459810.133644 23.088419 0.010711
2459810.626711 23.079799 0.010626
2459811.130305 23.098188 0.010808
2459811.623372 23.080617 0.010634
2459812.116439 23.089326 0.010720
2459812.620032 23.076451 0.010594
2459813.113100 23.091969 0.010746
2459813.606167 23.096526 0.010791
2459814.109760 23.093210 0.010758
2459814.602827 23.096609 0.010792
2459815.095894 23.107711 0.010903
2459815.599488 23.074578 0.010575
2459816.092555 23.076370 0.010593
2459816.585622 23.078001 0.010609
2459817.089216 23.091473 0.010741
2459817.582283 23.081845 0.010646
2459818.075350 23.092796 0.010754
2459818.578944 23.085127 0.010679
2459819.072011 23.079390 0.010622
2459819.565078 23.080781 0.010636
2459820.068671 23.085538 0.010683
2459820.561738 23.069140 0.010523
2459821.054806 23.102856 0.010854
2459821.558399 23.080862 0.010637
2459822.051466 23.076370 0.010593
2459822.544533 23.096277 0.010789
2459823.048127 23.107375 0.010900
2459823.541194 23.089573 0.010722
2459824.034261 23.094287 0.010769
2459824.537855 23.098022 0.010806
2459825.030922 23.093541 0.010762
2459825.523989 23.096859 0.010795
2459826.027582 23.093458 0.010761
2459826.520650 23.076451 0.010594
2459827.013717 23.083731 0.010665
2459827.517310 23.088089 0.010708
2459828.010377 23.089738 0.010724
2459828.503444 23.070517 0.010536
2459829.007038 23.089161 0.010718
2459829.500105 23.103357 0.010859
2459829.993172 23.093375 0.010760
2459830.496766 23.086936 0.010696
2459830.989833 23.095198 0.010778
2459831.482900 23.094618 0.010772
2459831.986494 23.080699 0.010635
2459832.479561 23.090481 0.010731
2459832.972628 23.085785 0.010685
2459833.476221 23.077104 0.010600
2459833.969288 23.077185 0.010601
2459834.462356 23.080126 0.010630
2459834.965949 23.084963 0.010677
2459835.459016 23.094784 0.010774
2459835.952083 23.080126 0.010630
2459836.455677 23.104360 0.010869
2459836.948744 23.070112 0.010532
2459837.441811 23.093210 0.010758
2459837.945405 23.090069 0.010727
2459838.438472 23.081927 0.010647
2459838.931539 23.087842 0.010705
2459839.435132 23.076126 0.010590
2459839.928200 23.081354 0.010642
2459840.421267 23.097939 0.010805
2459840.924860 23.067926 0.010511
2459841.417927 23.076370 0.010593
2459841.910994 23.082665 0.010654
2459842.414588 23.121303 0.011040
2459842.907655 23.083321 0.010661
2459843.400722 23.090069 0.010727
2459843.904316 23.073927 0.010569
2459844.397383 23.079881 0.010627
2459844.890450 23.079227 0.010621
2459845.394044 23.091721 0.010744
2459845.887111 23.091803 0.010744
2459846.380178 23.084552 0.010673
2459846.883771 23.083649 0.010664
2459847.376838 23.095447 0.010781
2459847.869906 23.072952 0.010560
2459848.373499 23.065502 0.010487
2459848.866566 23.095198 0.010778
2459849.359633 23.081190 0.010640
2459849.863227 23.110820 0.010934
2459850.356294 23.083321 0.010661
2459850.849361 23.099770 0.010824
2459851.352955 23.082173 0.010650
2459851.846022 23.088831 0.010715
2459852.339089 23.097856 0.010805
2459852.842682 23.073927 0.010569
2459853.335750 23.089408 0.010721
2459853.828817 23.091886 0.010745
2459854.332410 23.079472 0.010623
2459854.825477 23.077104 0.010600
2459855.318544 23.091969 0.010746
2459855.822138 23.093541 0.010762
2459856.315205 23.086196 0.010689
2459856.808272 23.106369 0.010890
2459857.311866 23.092796 0.010754
2459857.804933 23.095779 0.010784
2459858.298000 23.081845 0.010646
2459858.801594 23.111746 0.010944
2459859.294661 23.093044 0.010757
2459859.787728 23.070598 0.010537
2459860.291321 23.079063 0.010619
2459860.784388 23.082337 0.010651
2459861.277456 23.068249 0.010514
2459861.781049 23.080044 0.010629
2459862.274116 23.072140 0.010552
2459862.767183 23.095447 0.010781
2459863.270777 23.088501 0.010712
2459863.763844 23.095613 0.010782
2459864.256911 23.099770 0.010824
2459864.760505 23.090812 0.010735
2459865.253572 23.096443 0.010791
2459865.746639 23.104695 0.010873
2459866.250232 23.091307 0.010740
2459866.743300 23.105113 0.010877
2459867.236367 23.080126 0.010630
2459867.739960 23.077675 0.010606
2459868.233027 23.095530 0.010781
2459868.726094 23.079472 0.010623
2459869.229688 23.091803 0.010744
2459869.722755 23.100520 0.010831
2459870.215822 23.100186 0.010828
2459870.719416 23.075800 0.010587
2459871.212483 23.074822 0.010578
2459871.705550 23.090812 0.010735
2459872.209144 23.077593 0.010605
2459872.702211 23.088584 0.010713
2459873.195278 23.080208 0.010630
2459873.698871 23.085702 0.010684
2459874.191938 23.098022 0.010806
2459874.685006 23.097773 0.010804
2459875.188599 23.102772 0.010854
2459875.681666 23.083403 0.010662
2459876.174733 23.094121 0.010767
2459876.678327 23.069707 0.010528
2459877.171394 23.105197 0.010878
2459877.664461 23.085373 0.010681
2459878.168055 23.101270 0.010839
2459878.661122 23.099853 0.010824
2459879.154189 23.103357 0.010859
2459987.411250 23.077838 0.010607
2459987.904317 23.087183 0.010699
2459988.407910 23.058905 0.010424
2459988.900977 23.081026 0.010638
2459989.394044 23.084716 0.010675
2459989.897638 23.075637 0.010586
2459990.390705 23.101604 0.010842
2459990.883772 23.087513 0.010702
2459991.387366 23.076533 0.010594
2459991.880433 23.094369 0.010770
2459992.373500 23.069950 0.010530
2459992.877094 23.078246 0.010611
2459993.370161 23.116049 0.010987
2459993.863228 23.087266 0.010700
2459994.366821 23.092382 0.010750
2459994.859888 23.093624 0.010763
2459995.352956 23.096526 0.010791
2459995.856549 23.109726 0.010923
2459996.349616 23.062842 0.010462
2459996.842683 23.101770 0.010844
2459997.346277 23.086360 0.010691
2459997.839344 23.083649 0.010664
2459998.332411 23.089161 0.010718
2459998.836005 23.084470 0.010672
2459999.329072 23.096942 0.010795
2459999.822139 23.078736 0.010616
2460000.325732 23.096859 0.010795
2460000.818800 23.082583 0.010654
2460001.311867 23.100436 0.010830
2460001.815460 23.089326 0.010720
2460002.308527 23.082173 0.010650
2460002.801594 23.054262 0.010379
2460003.305188 23.093458 0.010761
2460003.798255 23.096360 0.010790
2460004.291322 23.075718 0.010586
2460004.794916 23.074578 0.010575
2460005.287983 23.067521 0.010507
2460005.781050 23.090564 0.010732
2460006.284644 23.094287 0.010769
2460006.777711 23.071328 0.010544
2460007.270778 23.093210 0.010758
2460007.774371 23.099686 0.010823
2460008.267438 23.091390 0.010740
2460008.760506 23.071734 0.010548
2460009.264099 23.073765 0.010567
2460009.757166 23.099437 0.010820
2460010.250233 23.085209 0.010679
2460010.753827 23.091555 0.010742
2460011.246894 23.109642 0.010922
2460011.739961 23.078573 0.010614
2460012.243555 23.083813 0.010666
2460012.736622 23.095447 0.010781
2460013.229689 23.070760 0.010538
2460013.733282 23.088749 0.010714
2460014.226350 23.088254 0.010709
2460014.719417 23.081272 0.010641
2460015.223010 23.089326 0.010720
2460015.716077 23.090812 0.010735
2460016.209144 23.093293 0.010759
2460016.712738 23.078900 0.010618
2460017.205805 23.080208 0.010630
2460017.698872 23.071166 0.010542
2460018.202466 23.089243 0.010719
2460018.695533 23.099020 0.010816
2460019.188600 23.081354 0.010642
2460019.692194 23.087924 0.010706
2460020.185261 23.080862 0.010637
2460020.678328 23.084716 0.010675
2460021.181921 23.086936 0.010696
2460021.674988 23.082255 0.010650
2460022.168056 23.097523 0.010801
2460022.671649 23.062118 0.010455
2460023.164716 23.082009 0.010648
2460023.657783 23.084798 0.010675
2460024.161377 23.085949 0.010687
2460024.654444 23.092051 0.010747
2460025.147511 23.107292 0.010899
2460025.651105 23.067279 0.010505
2460026.144172 23.075148 0.010581
2460026.637239 23.083649 0.010664
2460027.140832 23.079717 0.010626
2460027.633900 23.106788 0.010894
2460028.126967 23.084388 0.010671
2460028.630560 23.089161 0.010718
2460029.123627 23.072789 0.010558
2460029.616694 23.090564 0.010732
2460030.120288 23.088996 0.010717
2460030.613355 23.068411 0.010515
2460031.106422 23.095033 0.010776
2460031.610016 23.098771 0.010814
2460032.103083 23.084963 0.010677
2460032.596150 23.083485 0.010662
2460033.099744 23.082419 0.010652
2460033.592811 23.092961 0.010756
2460034.085878 23.084141 0.010669
2460034.589471 23.101186 0.010838
2460035.082538 23.087430 0.010701
2460035.575606 23.083239 0.010660
2460036.079199 23.081763 0.010646
2460036.572266 23.074578 0.010575
2460037.065333 23.097357 0.010800
2460037.568927 23.082255 0.010650
2460038.061994 23.091721 0.010744
2460038.555061 23.073277 0.010563
2460039.058655 23.088584 0.010713
2460039.551722 23.083239 0.010660
2460040.044789 23.083895 0.010667
2460040.548382 23.105113 0.010877
2460041.041450 23.076696 0.010596
2460041.534517 23.099686 0.010823
2460042.038110 23.081599 0.010644
2460042.531177 23.086031 0.010688
2460043.024244 23.094701 0.010773
2460043.527838 23.096277 0.010789
2460044.020905 23.084963 0.010677
2460044.513972 23.108634 0.010912
2460045.017566 23.072140 0.010552
2460045.510633 23.101270 0.010839
2460046.003700 23.078573 0.010614
2460046.507294 23.087760 0.010705
2460047.000361 23.095696 0.010783
2460047.493428 23.095447 0.010781
2460047.997021 23.080862 0.010637
2460048.490088 23.103691 0.010863
2460048.983156 23.087595 0.010703
2460049.486749 23.092217 0.010749
2460049.979816 23.102021 0.010846
2460050.472883 23.088089 0.010708
2460050.976477 23.076941 0.010598
2460051.469544 23.087677 0.010704
2460051.962611 23.094618 0.010772
2460052.466205 23.102438 0.010850
2460052.959272 23.090234 0.010729
2460053.452339 23.081190 0.010640
2460053.955932 23.077675 0.010606
2460054.449000 23.082173 0.010650
2460054.942067 23.083239 0.010660
2460055.445660 23.097856 0.010805
2460055.938727 23.087019 0.010697
2460056.431794 23.079472 0.010623
2460056.935388 23.103608 0.010862
2460057.428455 23.085209 0.010679
2460057.921522 23.070436 0.010535
2460058.425116 23.087924 0.010706
2460058.918183 23.080944 0.010638
