2458346.727899 21.230148 0.004451
2458347.220966 21.221316 0.004415
2458347.714033 21.225965 0.004434
2458348.217627 21.221735 0.004417
2458348.710694 21.229206 0.004447
2458349.203761 21.226176 0.004435
2458349.707355 21.224720 0.004429
2458350.200422 21.231903 0.004458
2458350.693489 21.234575 0.004469
2458351.197082 21.232701 0.004461
2458351.690150 21.229969 0.004450
2458352.183217 21.221606 0.004416
2458352.686810 21.220237 0.004410
2458353.179877 21.226969 0.004438
2458353.672944 21.228136 0.004443
2458354.176538 21.228930 0.004446
2458354.669605 21.222621 0.004420
2458355.162672 21.219497 0.004407
2458355.666266 21.231936 0.004458
2458356.159333 21.234428 0.004469
2458356.652400 21.227277 0.004439
2458357.155994 21.221993 0.004418
2458357.649061 21.229563 0.004449
2458358.142128 21.225124 0.004430
2458358.645721 21.225626 0.004432
2458359.138788 21.227747 0.004441
2458359.631856 21.225901 0.004434
2458360.135449 21.230456 0.004452
2458360.628516 21.217456 0.004399
2458361.121583 21.226532 0.004436
2458361.625177 21.230586 0.004453
2458362.118244 21.232245 0.004460
2458362.611311 21.227811 0.004441
2458363.114905 21.231741 0.004457
2458363.607972 21.221638 0.004416
2458364.101039 21.225998 0.004434
2458364.604632 21.231985 0.004458
2458365.097700 21.219513 0.004408
2458365.590767 21.221042 0.004414
2458366.094360 21.229255 0.004447
2458366.587427 21.235619 0.004473
2458367.080494 21.224639 0.004428
2458367.584088 21.227455 0.004440
2458368.077155 21.230863 0.004454
2458368.570222 21.224720 0.004429
2458369.073816 21.229336 0.004448
2458369.566883 21.230197 0.004451
2458370.059950 21.220188 0.004410
2458370.563544 21.224284 0.004427
2458371.056611 21.221026 0.004414
2458371.549678 21.227666 0.004441
2458372.053271 21.227018 0.004438
2458372.546338 21.224882 0.004429
2458373.039406 21.223477 0.004424
2458373.542999 21.227520 0.004440
2458374.036066 21.217087 0.004398
2458374.529133 21.224672 0.004429
2458375.032727 21.232180 0.004459
2458375.525794 21.221831 0.004417
2458376.018861 21.223573 0.004424
2458376.522455 21.230765 0.004453
2458377.015522 21.221686 0.004416
2458377.508589 21.232196 0.004459
2458378.012182 21.222750 0.004421
2458378.505250 21.223686 0.004425
2458378.998317 21.236452 0.004477
2458379.501910 21.220205 0.004410
2458379.994977 21.227876 0.004442
2458380.488044 21.229628 0.004449
2458380.991638 21.230911 0.004454
2458381.484705 21.232147 0.004459
2458381.977772 21.227082 0.004438
2458382.481366 21.222944 0.004421
2458382.974433 21.233548 0.004465
2458383.467500 21.230456 0.004452
2458383.971094 21.219995 0.004410
2458384.464161 21.225917 0.004434
2458384.957228 21.232994 0.004463
2458385.460821 21.224155 0.004426
2458385.953888 21.229125 0.004447
2458386.446956 21.223864 0.004425
2458386.950549 21.236092 0.004475
2458387.443616 21.232001 0.004459
2458387.936683 21.231041 0.004455
2458388.440277 21.224656 0.004428
2458388.933344 21.221976 0.004418
2458389.426411 21.223509 0.004424
2458389.930005 21.226694 0.004437
2458390.423072 21.229969 0.004450
2458390.916139 21.231464 0.004456
2458391.419732 21.224203 0.004427
2458391.912800 21.228671 0.004445
2458392.405867 21.230619 0.004453
2458392.909460 21.229904 0.004450
2458393.402527 21.227844 0.004441
2458393.895594 21.227925 0.004442
2458394.399188 21.220108 0.004410
2458394.892255 21.226742 0.004437
2458395.385322 21.220124 0.004410
2458395.888916 21.227892 0.004442
2458396.381983 21.227293 0.004439
2458396.875050 21.231903 0.004458
2458397.378644 21.236158 0.004476
2458397.871711 21.225367 0.004431
2458398.364778 21.239003 0.004487
2458398.868371 21.222218 0.004419
2458399.361438 21.227374 0.004440
2458399.854506 21.231936 0.004458
2458400.358099 21.224882 0.004429
2458400.851166 21.224494 0.004428
2458401.344233 21.226095 0.004434
2458401.847827 21.224930 0.004430
2458402.340894 21.231269 0.004456
2458402.833961 21.226224 0.004435
2458403.337555 21.231708 0.004457
2458403.830622 21.228655 0.004445
2458404.323689 21.221557 0.004416
2458404.827282 21.223170 0.004422
2458405.320350 21.225885 0.004433
2458405.813417 21.233173 0.004463
2458406.317010 21.235635 0.004473
2458406.810077 21.226645 0.004437
2458407.303144 21.229466 0.004448
2458407.806738 21.212395 0.004379
2458408.299805 21.225157 0.004431
2458408.792872 21.227034 0.004438
2458409.296466 21.226127 0.004434
2458409.789533 21.229109 0.004447
2458410.282600 21.235945 0.004475
2458410.786194 21.223654 0.004424
2458411.279261 21.222331 0.004419
2458411.772328 21.222315 0.004419
2458412.275921 21.225383 0.004431
2458412.768988 21.231903 0.004458
2458413.262056 21.224639 0.004428
2458413.765649 21.240708 0.004494
2458414.258716 21.227698 0.004441
2458414.751783 21.228573 0.004444
2458415.255377 21.229401 0.004448
2458415.748444 21.231920 0.004458
2458416.241511 21.226224 0.004435
2458416.745105 21.227180 0.004439
2458417.238172 21.227147 0.004439
2458417.731239 21.230408 0.004452
2458418.234832 21.234721 0.004470
2458526.481367 21.223767 0.004425
2458526.984960 21.223493 0.004424
2458527.478027 21.223218 0.004423
2458527.971094 21.234232 0.004468
2458528.474688 21.229547 0.004448
2458528.967755 21.217488 0.004399
2458529.460822 21.225318 0.004431
2458529.964416 21.226839 0.004437
2458530.457483 21.220398 0.004411
2458530.950550 21.226532 0.004436
2458531.454144 21.217279 0.004398
2458531.947211 21.219223 0.004406
2458532.440278 21.221477 0.004416
2458532.943871 21.226597 0.004436
2458533.436938 21.221541 0.004416
2458533.930006 21.220704 0.004412
2458534.433599 21.229385 0.004448
2458534.926666 21.226418 0.004436
2458535.419733 21.230099 0.004451
2458535.923327 21.230261 0.004451
2458536.416394 21.227585 0.004440
2458536.909461 21.225432 0.004432
2458537.413055 21.226872 0.004438
2458537.906122 21.226888 0.004438
2458538.399189 21.223816 0.004425
2458538.902782 21.224332 0.004427
2458539.395850 21.227131 0.004439
2458539.888917 21.227860 0.004442
2458540.392510 21.227747 0.004441
2458540.885577 21.232001 0.004459
2458541.378644 21.220784 0.004413
2458541.882238 21.229531 0.004448
2458542.375305 21.218950 0.004405
2458542.868372 21.225076 0.004430
2458543.371966 21.231887 0.004458
2458543.865033 21.224639 0.004428
2458544.358100 21.224688 0.004429
2458544.861694 21.235097 0.004471
2458545.354761 21.226920 0.004438
2458545.847828 21.230310 0.004452
2458546.351421 21.222605 0.004420
2458546.844488 21.225011 0.004430
2458547.337556 21.230456 0.004452
2458547.841149 21.225480 0.004432
2458548.334216 21.224736 0.004429
2458548.827283 21.230310 0.004452
2458549.330877 21.223428 0.004423
2458549.823944 21.224106 0.004426
2458550.317011 21.224526 0.004428
2458550.820605 21.222605 0.004420
2458551.313672 21.229417 0.004448
2458551.806739 21.231985 0.004458
2458552.310332 21.229222 0.004447
2458552.803400 21.230570 0.004453
2458553.296467 21.223444 0.004424
2458553.800060 21.226240 0.004435
2458554.293127 21.225302 0.004431
2458554.786194 21.228460 0.004444
2458555.289788 21.222460 0.004420
2458555.782855 21.227504 0.004440
2458556.275922 21.238758 0.004486
2458556.779516 21.219915 0.004409
2458557.272583 21.229271 0.004447
2458557.765650 21.222363 0.004419
2458558.269244 21.223170 0.004422
2458558.762311 21.225189 0.004431
2458559.255378 21.232261 0.004460
2458559.758971 21.226499 0.004436
2458560.252038 21.224236 0.004427
2458560.745106 21.226597 0.004436
2458561.248699 21.218387 0.004403
2458561.741766 21.229661 0.004449
2458562.234833 21.228525 0.004444
2458562.738427 21.223880 0.004425
2458563.231494 21.224607 0.004428
2458563.724561 21.224349 0.004427
2458564.228155 21.223138 0.004422
2458564.721222 21.236533 0.004477
2458565.214289 21.225949 0.004434
2458565.717882 21.222879 0.004421
2458566.210950 21.225577 0.004432
2458566.704017 21.225593 0.004432
2458567.207610 21.224623 0.004428
2458567.700677 21.231058 0.004455
2458568.193744 21.228460 0.004444
2458568.697338 21.223848 0.004425
2458569.190405 21.233629 0.004465
2458569.683472 21.227439 0.004440
2458570.187066 21.229937 0.004450
2458570.680133 21.226143 0.004435
2458571.173200 21.229174 0.004447
2458571.676794 21.224753 0.004429
2458572.169861 21.231806 0.004458
2458572.662928 21.227909 0.004442
2458573.166521 21.227082 0.004438
2458573.659588 21.219593 0.004408
2458574.152656 21.222670 0.004420
2458574.656249 21.225593 0.004432
2458575.149316 21.228882 0.004446
2458575.642383 21.225027 0.004430
2458576.145977 21.224963 0.004430
2458576.639044 21.228898 0.004446
2458577.132111 21.231334 0.004456
2458577.635705 21.225577 0.004432
2458578.128772 21.230343 0.004452
2458578.621839 21.222476 0.004420
2458579.125432 21.218677 0.004404
2458579.618500 21.233124 0.004463
2458580.111567 21.225529 0.004432
2458580.615160 21.222154 0.004418
2458581.108227 21.224639 0.004428
2458581.601294 21.229271 0.004447
2458582.104888 21.222412 0.004419
2458582.597955 21.232099 0.004459
2458583.091022 21.231367 0.004456
2458583.594616 21.225998 0.004434
2458584.087683 21.224026 0.004426
2458584.580750 21.227520 0.004440
2458585.084344 21.220446 0.004411
2458585.577411 21.221573 0.004416
2458586.070478 21.225577 0.004432
2458586.574071 21.226435 0.004436
2458587.067138 21.235962 0.004475
2458587.560206 21.224882 0.004429
2458588.063799 21.233939 0.004466
2458588.556866 21.216140 0.004394
2458589.049933 21.219497 0.004407
2458589.553527 21.221348 0.004415
2458590.046594 21.224688 0.004429
2458590.539661 21.230928 0.004454
2458591.043255 21.228995 0.004446
2458591.536322 21.231773 0.004458
2458592.029389 21.221026 0.004414
2458592.532982 21.223525 0.004424
2458593.026050 21.234689 0.004470
2458593.519117 21.230034 0.004450
2458594.022710 21.226402 0.004436
2458594.515777 21.232034 0.004459
2458595.008844 21.224009 0.004426
2458595.512438 21.233597 0.004465
2458596.005505 21.227244 0.004439
2458596.498572 21.223816 0.004425
2458597.002166 21.227196 0.004439
2458597.495233 21.226046 0.004434
2458597.988300 21.213162 0.004382
2458712.204272 21.230521 0.004452
2458712.697339 21.228330 0.004443
2458713.200932 21.229774 0.004449
2458713.694000 21.233531 0.004465
2458714.187067 21.217520 0.004399
2458714.690660 21.228152 0.004443
2458715.183727 21.224042 0.004426
2458715.676794 21.227747 0.004441
2458716.180388 21.232652 0.004461
2458716.673455 21.233010 0.004463
2458717.166522 21.228314 0.004443
2458717.670116 21.224736 0.004429
2458718.163183 21.231302 0.004456
2458718.656250 21.225270 0.004431
2458719.159844 21.230879 0.004454
2458719.652911 21.225771 0.004433
2458720.145978 21.227666 0.004441
2458720.649571 21.223751 0.004425
2458721.142638 21.218163 0.004402
2458721.635706 21.231367 0.004456
2458722.139299 21.222283 0.004419
2458722.632366 21.220044 0.004410
2458723.125433 21.224736 0.004429
2458723.629027 21.221702 0.004416
2458724.122094 21.226742 0.004437
2458724.615161 21.229320 0.004448
2458725.118755 21.227261 0.004439
2458725.611822 21.224446 0.004428
2458726.104889 21.225690 0.004433
2458726.608482 21.232408 0.004460
2458727.101550 21.228103 0.004443
2458727.594617 21.223767 0.004425
2458728.098210 21.228427 0.004444
2458728.591277 21.225286 0.004431
2458729.084344 21.230375 0.004452
2458729.587938 21.230278 0.004451
2458730.081005 21.223186 0.004422
2458730.574072 21.230684 0.004453
2458731.077666 21.228817 0.004445
2458731.570733 21.227196 0.004439
2458732.063800 21.231480 0.004456
2458732.567394 21.220768 0.004413
2458733.060461 21.224785 0.004429
2458733.553528 21.221831 0.004417
2458734.057121 21.230359 0.004452
2458734.550188 21.224042 0.004426
2458735.043256 21.225755 0.004433
2458735.546849 21.221090 0.004414
2458736.039916 21.231399 0.004456
2458736.532983 21.215611 0.004392
2458737.036577 21.223202 0.004423
2458737.529644 21.221445 0.004415
2458738.022711 21.229872 0.004450
2458738.526305 21.224914 0.004430
2458739.019372 21.225335 0.004431
2458739.512439 21.226143 0.004435
2458740.016032 21.225092 0.004430
2458740.509100 21.224332 0.004427
2458741.002167 21.233140 0.004463
2458741.505760 21.223735 0.004425
2458741.998827 21.228525 0.004444
2458742.491894 21.230765 0.004453
2458742.995488 21.232538 0.004461
2458743.488555 21.227163 0.004439
2458743.981622 21.226386 0.004436
2458744.485216 21.229709 0.004449
2458744.978283 21.224914 0.004430
2458745.471350 21.234297 0.004468
2458745.974944 21.223654 0.004424
2458746.468011 21.223848 0.004425
2458746.961078 21.230603 0.004453
2458747.464671 21.226435 0.004436
2458747.957738 21.229157 0.004447
2458748.450806 21.232440 0.004460
2458748.954399 21.215083 0.004390
2458749.447466 21.222444 0.004419
2458749.940533 21.228460 0.004444
2458750.444127 21.218870 0.004405
2458750.937194 21.222396 0.004419
2458751.430261 21.229709 0.004449
2458751.933855 21.230863 0.004454
2458752.426922 21.226969 0.004438
2458752.919989 21.231887 0.004458
2458753.423582 21.226046 0.004434
2458753.916650 21.225189 0.004431
2458754.409717 21.228541 0.004444
2458754.913310 21.226548 0.004436
2458755.406377 21.240757 0.004495
2458755.899444 21.231936 0.004458
2458756.403038 21.218532 0.004404
2458756.896105 21.219754 0.004409
2458757.389172 21.226079 0.004434
2458757.892766 21.228525 0.004444
2458758.385833 21.230197 0.004451
2458758.878900 21.221412 0.004415
2458759.382494 21.217279 0.004398
2458759.875561 21.225383 0.004431
2458760.368628 21.233108 0.004463
2458760.872221 21.227228 0.004439
2458761.365288 21.225690 0.004433
2458761.858356 21.223073 0.004422
2458762.361949 21.223364 0.004423
2458762.855016 21.230489 0.004452
2458763.348083 21.230294 0.004452
2458763.851677 21.225157 0.004431
2458764.344744 21.235439 0.004473
2458764.837811 21.233108 0.004463
2458765.341405 21.225965 0.004434
2458765.834472 21.231302 0.004456
2458766.327539 21.222476 0.004420
2458766.831132 21.227001 0.004438
2458767.324200 21.230213 0.004451
2458767.817267 21.225771 0.004433
2458768.320860 21.226483 0.004436
2458768.813927 21.228217 0.004443
2458769.306994 21.228914 0.004446
2458769.810588 21.236844 0.004478
2458770.303655 21.224736 0.004429
2458770.796722 21.224413 0.004427
2458771.300316 21.225804 0.004433
2458771.793383 21.223525 0.004424
2458772.286450 21.228703 0.004445
2458772.790044 21.230408 0.004452
2458773.283111 21.232847 0.004462
2458773.776178 21.223799 0.004425
2458774.279771 21.233776 0.004466
2458774.772838 21.228411 0.004444
2458775.265906 21.224979 0.004430
2458775.769499 21.227763 0.004441
2458776.262566 21.230050 0.004451
2458776.755633 21.227374 0.004440
2458777.259227 21.224429 0.004428
2458777.752294 21.225529 0.004432
2458778.245361 21.230700 0.004453
2458778.748955 21.225076 0.004430
2458779.242022 21.217986 0.004401
2458779.735089 21.226856 0.004437
2458780.238682 21.230895 0.004454
2458780.731750 21.220784 0.004413
2458781.224817 21.215708 0.004392
2458781.728410 21.227941 0.004442
2458782.221477 21.226823 0.004437
2458782.714544 21.221122 0.004414
2458783.218138 21.226240 0.004435
2458783.711205 21.220398 0.004411
2459622.427944 21.224203 0.004427
2459622.921011 21.223283 0.004423
2459623.424605 21.225820 0.004433
2459623.917672 21.218387 0.004403
2459624.410739 21.227244 0.004439
2459624.914332 21.219738 0.004408
2459625.407400 21.227957 0.004442
2459625.900467 21.228071 0.004442
2459626.404060 21.225658 0.004433
2459626.897127 21.232294 0.004460
2459627.390194 21.220285 0.004411
2459627.893788 21.232668 0.004461
2459628.386855 21.227714 0.004441
2459628.879922 21.223945 0.004426
2459629.383516 21.229141 0.004447
2459629.876583 21.226823 0.004437
2459630.369650 21.228038 0.004442
2459630.873244 21.224623 0.004428
2459631.366311 21.226095 0.004434
2459631.859378 21.231708 0.004457
2459632.362971 21.230408 0.004452
2459632.856038 21.232457 0.004460
2459633.349106 21.230424 0.004452
2459633.852699 21.224332 0.004427
2459634.345766 21.222573 0.004420
2459634.838833 21.223783 0.004425
2459635.342427 21.233206 0.004463
2459635.835494 21.220816 0.004413
2459636.328561 21.223913 0.004425
2459636.832155 21.229807 0.004450
2459637.325222 21.225351 0.004431
2459637.818289 21.227520 0.004440
2459638.321882 21.222767 0.004421
2459638.814950 21.221267 0.004415
2459639.308017 21.221042 0.004414
2459639.811610 21.228152 0.004443
2459640.304677 21.223105 0.004422
2459640.797744 21.226030 0.004434
2459641.301338 21.224979 0.004430
2459641.794405 21.228492 0.004444
2459642.287472 21.233662 0.004465
2459642.791066 21.223073 0.004422
2459643.284133 21.225933 0.004434
2459643.777200 21.224688 0.004429
2459644.280794 21.227455 0.004440
2459644.773861 21.232392 0.004460
2459645.266928 21.237302 0.004480
2459645.770521 21.224963 0.004430
2459646.263588 21.224607 0.004428
2459646.756656 21.225011 0.004430
2459647.260249 21.228719 0.004445
2459647.753316 21.229823 0.004450
2459648.246383 21.232912 0.004462
2459648.749977 21.221122 0.004414
2459649.243044 21.226839 0.004437
2459649.736111 21.221428 0.004415
2459650.239705 21.220913 0.004413
2459650.732772 21.224979 0.004430
2459651.225839 21.230538 0.004453
2459651.729432 21.225933 0.004434
2459652.222500 21.233564 0.004465
2459652.715567 21.224526 0.004428
2459653.219160 21.226273 0.004435
2459653.712227 21.217215 0.004398
2459654.205294 21.217295 0.004399
2459654.708888 21.222138 0.004418
2459655.201955 21.223896 0.004425
2459655.695022 21.221638 0.004416
2459656.198616 21.225060 0.004430
2459656.691683 21.233711 0.004466
2459657.184750 21.227196 0.004439
2459657.688344 21.225690 0.004433
2459658.181411 21.235488 0.004473
2459658.674478 21.221590 0.004416
2459659.178071 21.226694 0.004437
2459659.671138 21.233157 0.004463
2459660.164206 21.220913 0.004413
2459660.667799 21.228038 0.004442
2459661.160866 21.228655 0.004445
2459661.653933 21.226176 0.004435
2459662.157527 21.230684 0.004453
2459662.650594 21.227309 0.004439
2459663.143661 21.228395 0.004444
2459663.647255 21.218725 0.004404
2459664.140322 21.223428 0.004424
2459664.633389 21.223009 0.004422
2459665.136982 21.225027 0.004430
2459665.630050 21.228249 0.004443
2459666.123117 21.231448 0.004456
2459666.626710 21.225286 0.004431
2459667.119777 21.229304 0.004448
2459667.612844 21.225512 0.004432
2459668.116438 21.226807 0.004437
2459668.609505 21.219947 0.004409
2459669.102572 21.229320 0.004448
2459669.606166 21.227957 0.004442
2459670.099233 21.225415 0.004432
2459670.592300 21.227180 0.004439
2459671.095894 21.217906 0.004401
2459671.588961 21.219432 0.004407
2459672.082028 21.221912 0.004418
2459672.585621 21.226014 0.004434
2459673.078688 21.217970 0.004402
2459673.571756 21.228801 0.004446
2459674.075349 21.233320 0.004465
2459674.568416 21.221751 0.004417
2459675.061483 21.231741 0.004458
2459675.565077 21.226807 0.004438
2459676.058144 21.223509 0.004425
2459676.551211 21.230391 0.004453
2459677.054805 21.214698 0.004390
2459677.547872 21.225318 0.004434
2459678.040939 21.222912 0.004424
2459678.544532 21.223380 0.004427
2459679.037600 21.219416 0.004412
2459679.530667 21.227196 0.004446
2459680.034260 21.219464 0.004417
2459680.527327 21.217954 0.004414
2459681.020394 21.218821 0.004422
2459681.523988 21.214538 0.004411
2459682.017055 21.209411 0.004398
2459682.510122 21.200903 0.004374
2459683.013716 21.207389 0.004409
2459683.506783 21.207087 0.004412
2459683.999850 21.203547 0.004394
2459684.503444 21.205371 0.004392
2459684.996511 21.212746 0.004412
2459685.489578 21.220510 0.004435
2459685.993171 21.221525 0.004433
2459686.486238 21.211325 0.004387
2459686.979306 21.215900 0.004402
2459687.482899 21.227018 0.004445
2459687.975966 21.226451 0.004441
2459688.469033 21.224219 0.004431
2459688.972627 21.233678 0.004469
2459689.465694 21.212651 0.004382
2459689.958761 21.223703 0.004427
2459690.462355 21.229726 0.004451
2459690.955422 21.226969 0.004439
2459691.448489 21.221944 0.004418
2459691.952082 21.225205 0.004432
2459692.445150 21.230408 0.004453
2459692.938217 21.224413 0.004428
2459693.441810 21.223913 0.004426
2459693.934877 21.229531 0.004449
2459807.647256 21.233352 0.004464
2459808.150849 21.226597 0.004436
2459808.643916 21.222412 0.004419
2459809.136983 21.222089 0.004418
2459809.640577 21.227649 0.004441
2459810.133644 21.227293 0.004439
2459810.626711 21.231643 0.004457
2459811.130305 21.236713 0.004478
2459811.623372 21.228298 0.004443
2459812.116439 21.236174 0.004476
2459812.620032 21.229774 0.004449
2459813.113100 21.231172 0.004455
2459813.606167 21.233124 0.004463
2459814.109760 21.222589 0.004420
2459814.602827 21.225302 0.004431
2459815.095894 21.232994 0.004463
2459815.599488 21.227455 0.004440
2459816.092555 21.228395 0.004444
2459816.585622 21.228784 0.004445
2459817.089216 21.225723 0.004433
2459817.582283 21.228752 0.004445
2459818.075350 21.226678 0.004437
2459818.578944 21.222089 0.004418
2459819.072011 21.228379 0.004444
2459819.565078 21.222750 0.004421
2459820.068671 21.226160 0.004435
2459820.561738 21.229661 0.004449
2459821.054806 21.227050 0.004438
2459821.558399 21.226370 0.004435
2459822.051466 21.228363 0.004444
2459822.544533 21.222299 0.004419
2459823.048127 21.227455 0.004440
2459823.541194 21.225092 0.004430
2459824.034261 21.225044 0.004430
2459824.537855 21.225189 0.004431
2459825.030922 21.219191 0.004406
2459825.523989 21.226176 0.004435
2459826.027582 21.225917 0.004434
2459826.520650 21.232782 0.004462
2459827.013717 21.226014 0.004434
2459827.517310 21.226014 0.004434
2459828.010377 21.231594 0.004457
2459828.503444 21.230619 0.004453
2459829.007038 21.221670 0.004416
2459829.500105 21.226937 0.004438
2459829.993172 21.220301 0.004411
2459830.496766 21.226143 0.004435
2459830.989833 21.231594 0.004457
2459831.482900 21.223186 0.004422
2459831.986494 21.227860 0.004442
2459832.479561 21.229482 0.004448
2459832.972628 21.232619 0.004461
2459833.476221 21.224381 0.004427
2459833.969288 21.225496 0.004432
2459834.462356 21.216638 0.004396
2459834.965949 21.223347 0.004423
2459835.459016 21.226127 0.004434
2459835.952083 21.222428 0.004419
2459836.455677 21.225205 0.004431
2459836.948744 21.223154 0.004422
2459837.441811 21.225998 0.004434
2459837.945405 21.222121 0.004418
2459838.438472 21.228298 0.004443
2459838.931539 21.224559 0.004428
2459839.435132 21.230489 0.004452
2459839.928200 21.225674 0.004433
2459840.421267 21.228444 0.004444
2459840.924860 21.227504 0.004440
2459841.417927 21.224656 0.004428
2459841.910994 21.224866 0.004429
2459842.414588 21.231806 0.004458
2459842.907655 21.229076 0.004447
2459843.400722 21.240478 0.004493
2459843.904316 21.231676 0.004457
2459844.397383 21.222976 0.004422
2459844.890450 21.222718 0.004421
2459845.394044 21.227406 0.004440
2459845.887111 21.226839 0.004437
2459846.380178 21.219175 0.004406
2459846.883771 21.226629 0.004437
2459847.376838 21.231090 0.004455
2459847.869906 21.234232 0.004468
2459848.373499 21.230197 0.004451
2459848.866566 21.221412 0.004415
2459849.359633 21.227342 0.004439
2459849.863227 21.230359 0.004452
2459850.356294 21.225642 0.004432
2459850.849361 21.227228 0.004439
2459851.352955 21.216060 0.004394
2459851.846022 21.228914 0.004446
2459852.339089 21.228525 0.004444
2459852.842682 21.230343 0.004452
2459853.335750 21.224882 0.004429
2459853.828817 21.228168 0.004443
2459854.332410 21.227763 0.004441
2459854.825477 21.222525 0.004420
2459855.318544 21.223121 0.004422
2459855.822138 21.221590 0.004416
2459856.315205 21.220752 0.004413
2459856.808272 21.223606 0.004424
2459857.311866 21.222928 0.004421
2459857.804933 21.221815 0.004417
2459858.298000 21.227487 0.004440
2459858.801594 21.224736 0.004429
2459859.294661 21.221831 0.004417
2459859.787728 21.223138 0.004422
2459860.291321 21.222686 0.004420
2459860.784388 21.231806 0.004458
2459861.277456 21.229174 0.004447
2459861.781049 21.224332 0.004427
2459862.274116 21.220639 0.004412
2459862.767183 21.232701 0.004461
2459863.270777 21.226467 0.004436
2459863.763844 21.231448 0.004456
2459864.256911 21.234526 0.004469
2459864.760505 21.231155 0.004455
2459865.253572 21.225820 0.004433
2459865.746639 21.226678 0.004437
2459866.250232 21.227730 0.004441
2459866.743300 21.229596 0.004449
2459867.236367 21.220108 0.004410
2459867.739960 21.223961 0.004426
2459868.233027 21.220269 0.004411
2459868.726094 21.219239 0.004406
2459869.229688 21.217167 0.004398
2459869.722755 21.225254 0.004431
2459870.215822 21.217247 0.004398
2459870.719416 21.219384 0.004407
2459871.212483 21.224801 0.004429
2459871.705550 21.223751 0.004425
2459872.209144 21.228606 0.004445
2459872.702211 21.229758 0.004449
2459873.195278 21.223654 0.004424
2459873.698871 21.230993 0.004454
2459874.191938 21.226418 0.004436
2459874.685006 21.222025 0.004418
2459875.188599 21.232359 0.004460
2459875.681666 21.224591 0.004428
2459876.174733 21.226354 0.004435
2459876.678327 21.228914 0.004446
2459877.171394 21.217745 0.004400
2459877.664461 21.226257 0.004435
2459878.168055 21.225496 0.004432
2459878.661122 21.224656 0.004428
2459879.154189 21.228784 0.004445
2459987.411250 21.225885 0.004433
2459987.904317 21.224187 0.004427
2459988.407910 21.226775 0.004437
2459988.900977 21.223315 0.004423
2459989.394044 21.220382 0.004411
2459989.897638 21.222718 0.004421
2459990.390705 21.223993 0.004426
2459990.883772 21.224607 0.004428
2459991.387366 21.228525 0.004444
2459991.880433 21.229417 0.004448
2459992.373500 21.230343 0.004452
2459992.877094 21.234200 0.004468
2459993.370161 21.224155 0.004426
2459993.863228 21.231529 0.004457
2459994.366821 21.224478 0.004428
2459994.859888 21.231367 0.004456
2459995.352956 21.222541 0.004420
2459995.856549 21.222992 0.004422
2459996.349616 21.224510 0.004428
2459996.842683 21.227795 0.004441
2459997.346277 21.228087 0.004442
2459997.839344 21.230700 0.004453
2459998.332411 21.223670 0.004424
2459998.836005 21.226597 0.004436
2459999.329072 21.220977 0.004413
2459999.822139 21.226435 0.004436
2460000.325732 21.230050 0.004451
2460000.818800 21.229109 0.004447
2460001.311867 21.226807 0.004437
2460001.815460 21.231139 0.004455
2460002.308527 21.224090 0.004426
2460002.801594 21.230911 0.004454
2460003.305188 21.226937 0.004438
2460003.798255 21.223573 0.004424
2460004.291322 21.236305 0.004476
2460004.794916 21.227666 0.004441
2460005.287983 21.221187 0.004414
2460005.781050 21.223041 0.004422
2460006.284644 21.232082 0.004459
2460006.777711 21.230148 0.004451
2460007.270778 21.233825 0.004466
2460007.774371 21.227423 0.004440
2460008.267438 21.225885 0.004433
2460008.760506 21.227617 0.004441
2460009.264099 21.222589 0.004420
2460009.757166 21.232847 0.004462
2460010.250233 21.226483 0.004436
2460010.753827 21.225464 0.004432
2460011.246894 21.221251 0.004415
2460011.739961 21.218130 0.004402
2460012.243555 21.219529 0.004408
2460012.736622 21.230716 0.004453
2460013.229689 21.238987 0.004487
2460013.733282 21.229352 0.004448
2460014.226350 21.220205 0.004410
2460014.719417 21.223735 0.004425
2460015.223010 21.230668 0.004453
2460015.716077 21.219464 0.004407
2460016.209144 21.223686 0.004425
2460016.712738 21.225642 0.004432
2460017.205805 21.233254 0.004464
2460017.698872 21.226661 0.004437
2460018.202466 21.226079 0.004434
2460018.695533 21.232571 0.004461
2460019.188600 21.226176 0.004435
2460019.692194 21.220124 0.004410
2460020.185261 21.231871 0.004458
2460020.678328 21.219304 0.004407
2460021.181921 21.229044 0.004446
2460021.674988 21.236321 0.004476
2460022.168056 21.223880 0.004425
2460022.671649 21.228947 0.004446
2460023.164716 21.233597 0.004465
2460023.657783 21.225577 0.004432
2460024.161377 21.231594 0.004457
2460024.654444 21.228817 0.004445
2460025.147511 21.235635 0.004473
2460025.651105 21.224914 0.004430
2460026.144172 21.224607 0.004428
2460026.637239 21.226338 0.004435
2460027.140832 21.231269 0.004456
2460027.633900 21.224236 0.004427
2460028.126967 21.234118 0.004467
2460028.630560 21.223170 0.004422
2460029.123627 21.219384 0.004407
2460029.616694 21.224833 0.004429
2460030.120288 21.233401 0.004464
2460030.613355 21.224526 0.004428
2460031.106422 21.221864 0.004417
2460031.610016 21.227115 0.004439
2460032.103083 21.228200 0.004443
2460032.596150 21.225820 0.004433
2460033.099744 21.224478 0.004428
2460033.592811 21.223945 0.004426
2460034.085878 21.222508 0.004420
2460034.589471 21.225771 0.004433
2460035.082538 21.230651 0.004453
2460035.575606 21.229677 0.004449
2460036.079199 21.224688 0.004429
2460036.572266 21.222621 0.004420
2460037.065333 21.220446 0.004411
2460037.568927 21.219223 0.004406
2460038.061994 21.223913 0.004425
2460038.555061 21.222492 0.004420
2460039.058655 21.231237 0.004455
2460039.551722 21.228055 0.004442
2460040.044789 21.225917 0.004434
2460040.548382 21.222557 0.004420
2460041.041450 21.223493 0.004424
2460041.534517 21.219239 0.004406
2460042.038110 21.225464 0.004432
2460042.531177 21.224284 0.004427
2460043.024244 21.231139 0.004455
2460043.527838 21.229190 0.004447
2460044.020905 21.231220 0.004455
2460044.513972 21.225512 0.004432
2460045.017566 21.228460 0.004444
2460045.510633 21.230668 0.004453
2460046.003700 21.230603 0.004453
2460046.507294 21.222654 0.004420
2460047.000361 21.230456 0.004452
2460047.493428 21.225593 0.004432
2460047.997021 21.222025 0.004418
2460048.490088 21.224704 0.004429
2460048.983156 21.222734 0.004421
2460049.486749 21.223444 0.004424
2460049.979816 21.220205 0.004410
2460050.472883 21.234118 0.004467
2460050.976477 21.228638 0.004445
2460051.469544 21.224365 0.004427
2460051.962611 21.225723 0.004433
2460052.466205 21.228071 0.004442
2460052.959272 21.228930 0.004446
2460053.452339 21.224607 0.004428
2460053.955932 21.224785 0.004429
2460054.449000 21.231724 0.004457
2460054.942067 21.220559 0.004412
2460055.445660 21.228038 0.004442
2460055.938727 21.226516 0.004436
2460056.431794 21.228217 0.004443
2460056.935388 21.226548 0.004436
2460057.428455 21.217954 0.004401
2460057.921522 21.225545 0.004432
2460058.425116 21.225836 0.004433
2460058.918183 21.236174 0.004476
