2455261.84739 16.352 0.007 4.00 546.0
2455262.88263 16.361 0.011 4.60 2446.0
2455264.85946 16.338 0.008 4.81 1126.0
2455266.90600 16.351 0.008 4.19 748.0
2455267.90133 16.348 0.007 4.24 465.0
2455270.84962 16.343 0.007 4.53 412.0
2455272.86599 16.378 0.009 5.87 386.0
2455274.85357 16.351 0.007 4.47 406.0
2455278.88767 16.361 0.006 3.44 413.0
2455282.79421 16.357 0.008 4.58 576.0
2455284.83291 16.367 0.008 4.63 611.0
2455286.83360 16.356 0.009 5.19 684.0
2455294.73221 16.359 0.007 4.88 402.0
2455294.77134 16.365 0.006 3.75 372.0
2455294.80842 16.356 0.006 3.44 359.0
2455294.84599 16.352 0.007 4.05 385.0
2455294.87616 16.356 0.006 3.10 372.0
2455294.91812 16.349 0.007 4.04 524.0
2455295.77302 16.337 0.006 3.91 348.0
2455295.81145 16.366 0.006 3.81 349.0
2455295.84935 16.344 0.006 3.75 364.0
2455295.88819 16.362 0.007 4.40 373.0
2455296.77593 16.346 0.006 3.95 374.0
2455296.81345 16.359 0.006 3.42 366.0
2455296.85086 16.357 0.006 3.33 359.0
2455296.88934 16.362 0.006 3.49 356.0
2455297.77185 16.363 0.007 4.84 399.0
2455297.80991 16.355 0.006 4.04 374.0
2455297.84777 16.355 0.006 3.59 358.0
2455297.88646 16.342 0.006 3.78 366.0
2455298.77274 16.353 0.007 3.99 407.0
2455298.81067 16.337 0.006 3.85 391.0
2455298.84843 16.343 0.007 3.84 387.0
2455298.88799 16.353 0.006 3.71 373.0
2455298.92150 16.359 0.007 3.91 560.0
2455299.75746 16.363 0.007 4.74 353.0
2455299.79500 16.347 0.004 4.51 319.0
2455299.83288 16.322 0.005 4.29 347.0
2455299.87123 16.350 0.006 4.40 358.0
2455299.91200 16.357 0.006 3.79 407.0
2455300.86619 16.350 0.006 3.18 383.0
2455300.90695 16.346 0.007 3.63 423.0
2455301.76200 16.352 0.007 4.63 398.0
2455301.79950 16.358 0.007 4.25 393.0
2455301.83696 16.351 0.008 5.61 423.0
2455301.87567 16.359 0.007 4.53 413.0
2455301.91546 16.353 0.010 6.89 462.0
2455303.92331 16.353 0.007 4.75 440.0
2455304.76165 16.347 0.007 4.56 497.0
2455306.69528 16.349 0.007 4.87 426.0
2455306.75804 16.347 0.006 4.12 368.0
2455306.79699 16.346 0.006 3.55 384.0
2455306.86062 16.345 0.007 4.09 395.0
2455306.90020 16.354 0.006 3.43 407.0
2455307.68499 16.353 0.008 5.55 447.0
2455307.74808 16.338 0.007 4.34 429.0
2455307.80957 16.358 0.006 3.58 436.0
2455307.84804 16.355 0.007 3.89 471.0
2455307.88894 16.342 0.006 3.63 457.0
2455307.92637 16.348 0.007 3.83 591.0
2455308.73820 16.360 0.007 5.01 427.0
2455308.79970 16.367 0.007 4.18 376.0
2455308.83715 16.340 0.007 4.28 373.0
2455308.87845 16.360 0.007 4.93 395.0
2455309.73889 16.363 0.007 4.36 426.0
2455309.80940 16.340 0.007 3.87 387.0
2455309.85312 16.338 0.007 4.06 402.0
2455309.89208 16.337 0.006 3.76 415.0
2455309.92936 16.354 0.007 3.85 700.0
2455310.71976 16.358 0.008 5.27 498.0
2455310.77603 16.366 0.007 4.44 424.0
2455310.85740 16.357 0.004 3.89 394.0
2455310.88934 16.360 0.007 4.43 412.0
2455310.92680 16.342 0.006 4.16 596.0
2455311.81991 16.346 0.007 4.45 444.0
2455311.87592 16.356 0.007 4.42 437.0
2455311.92074 16.355 0.007 4.62 511.0
2455312.74592 16.350 0.008 5.25 550.0
2455312.78829 16.356 0.008 5.33 542.0
2455312.82633 16.353 0.008 4.90 546.0
2455312.87058 16.357 0.008 4.37 626.0
2455312.91018 16.333 0.008 4.92 481.0
2455313.78233 16.357 0.009 5.54 622.0
2455313.82120 16.360 0.008 5.39 594.0
2455313.86086 16.347 0.009 5.65 674.0
2455313.89911 16.343 0.008 4.66 708.0
2455314.66998 16.356 0.009 5.49 1069.0
2455314.71043 16.353 0.008 4.83 906.0
2455314.74971 16.344 0.008 4.43 829.0
2455314.78965 16.370 0.009 5.32 774.0
2455314.84718 16.342 0.008 4.46 807.0
2455314.88461 16.363 0.008 4.71 815.0
2455314.92207 16.351 0.007 4.06 857.0
2455315.68748 16.360 0.010 5.82 1020.0
2455315.73538 16.347 0.009 4.92 890.0
2455315.77292 16.354 0.008 4.90 832.0
2455315.81068 16.351 0.007 4.23 847.0
2455315.85084 16.339 0.008 4.16 930.0
2455315.89297 16.341 0.008 4.42 1141.0
2455316.67861 16.377 0.010 5.47 1014.0
2455316.72578 16.360 0.009 5.01 855.0
2455316.76882 16.361 0.010 6.21 825.0
2455316.80616 16.382 0.011 6.17 840.0
2455316.86302 16.369 0.013 6.26 1539.0
2455319.82317 16.339 0.009 3.62 3519.0
2455319.86616 16.364 0.010 3.54 4012.0
2455319.91028 16.328 0.010 3.60 4413.0
2455320.64093 16.354 0.008 4.75 722.0
2455320.68551 16.351 0.007 4.41 654.0
2455320.72945 16.351 0.007 4.30 616.0
2455320.76664 16.360 0.007 4.31 565.0
2455320.80437 16.344 0.008 4.10 1185.0
2455320.84759 16.347 0.008 4.97 593.0
2455320.88599 16.347 0.007 4.07 667.0
2455320.92754 16.340 0.007 4.01 925.0
2455321.71373 16.361 0.008 4.89 553.0
2455321.75121 16.356 0.008 4.74 526.0
2455321.79083 16.354 0.007 4.72 526.0
2455321.82924 16.343 0.009 6.48 551.0
2455321.87056 16.350 0.008 4.72 546.0
2455321.90792 16.367 0.008 4.73 583.0
2455322.69421 16.347 0.007 4.70 471.0
2455322.75974 16.343 0.006 4.49 1008.0
2455322.83680 16.343 0.007 4.81 632.0
2455322.90734 16.336 0.007 4.72 1556.0
2455323.73063 16.359 0.008 5.42 482.0
2455323.76894 16.357 0.008 4.88 506.0
2455323.80900 16.344 0.007 4.90 528.0
2455323.85031 16.353 0.007 4.49 564.0
2455323.88890 16.347 0.007 4.51 620.0
2455323.92635 16.352 0.007 4.41 651.0
2455324.66866 16.368 0.007 4.65 477.0
2455324.73250 16.353 0.007 4.35 430.0
2455324.76986 16.354 0.007 4.69 447.0
2455324.80866 16.350 0.008 5.80 468.0
2455324.84888 16.355 0.008 4.62 501.0
2455324.88615 16.365 0.007 3.91 518.0
2455324.92693 16.347 0.007 4.16 597.0
2455325.68600 16.354 0.007 3.71 431.0
2455325.72250 16.363 0.007 3.87 390.0
2455325.76068 16.356 0.007 4.05 382.0
2455325.79798 16.357 0.007 4.08 382.0
2455325.84621 16.345 0.007 4.06 455.0
2455325.88627 16.349 0.007 4.49 484.0
2455325.92675 16.335 0.007 4.83 571.0
2455326.63406 16.336 0.009 6.29 497.0
2455326.72051 16.349 0.007 4.53 402.0
2455326.75857 16.366 0.007 4.41 401.0
2455326.79698 16.346 0.006 3.93 394.0
2455326.83630 16.355 0.007 4.71 445.0
2455326.87494 16.353 0.007 4.38 509.0
2455326.91217 16.344 0.007 4.19 552.0
2455327.64329 16.349 0.007 4.21 393.0
2455327.74547 16.361 0.007 4.11 371.0
2455327.78391 16.359 0.007 4.47 402.0
2455327.82278 16.350 0.007 4.20 420.0
2455327.86167 16.349 0.008 4.46 485.0
2455327.89983 16.355 0.007 4.02 501.0
2455327.93758 16.353 0.009 4.59 1474.0
2455328.67062 16.355 0.008 4.98 454.0
2455328.73918 16.354 0.007 4.37 428.0
2455328.77777 16.334 0.007 4.16 422.0
2455328.81772 16.359 0.007 4.58 442.0
2455328.85631 16.359 0.007 4.57 447.0
2455328.89398 16.360 0.007 3.90 506.0
2455328.93149 16.338 0.007 4.50 689.0
2455334.61686 16.344 0.008 5.65 481.0
2455334.68301 16.327 0.010 7.17 450.0
2455334.76334 16.341 0.007 4.30 427.0
2455334.82068 16.354 0.007 4.74 414.0
2455334.86122 16.357 0.008 5.45 452.0
2455334.90175 16.340 0.010 6.52 500.0
2455334.93969 16.358 0.009 5.04 1052.0
2455335.74608 16.346 0.006 3.93 438.0
2455335.78525 16.349 0.007 4.27 417.0
2455335.82529 16.365 0.007 4.05 430.0
2455335.86313 16.343 0.007 4.56 460.0
2455335.90066 16.334 0.008 5.51 511.0
2455335.93973 16.342 0.009 4.83 1162.0
2455336.84454 16.351 0.007 4.21 463.0
2455336.90979 16.336 0.008 4.62 569.0
2455337.75616 16.348 0.006 4.15 403.0
2455337.79557 16.349 0.007 4.35 445.0
2455337.83400 16.379 0.008 5.19 510.0
2455337.87236 16.353 0.009 5.67 565.0
2455337.91098 16.368 0.008 5.24 620.0
2455338.75344 16.370 0.007 4.86 515.0
2455338.79264 16.366 0.008 5.54 549.0
2455338.83426 16.343 0.010 6.64 627.0
2455338.89385 16.389 0.010 7.13 641.0
2455339.66908 16.351 0.009 5.55 611.0
2455339.70682 16.354 0.008 4.91 616.0
2455339.80034 16.346 0.008 4.33 623.0
2455339.86621 16.361 0.008 4.89 701.0
2455339.90641 16.339 0.012 7.05 770.0
2455339.94425 16.354 0.009 4.87 1343.0
2455340.65300 16.345 0.009 5.88 721.0
2455340.69236 16.351 0.007 4.15 1078.0
2455340.77965 16.352 0.010 6.18 609.0
2455340.83522 16.359 0.007 4.42 654.0
2455340.87364 16.349 0.008 5.11 682.0
2455340.91142 16.354 0.010 6.16 788.0
2455341.58545 16.348 0.008 4.98 867.0
2455341.62368 16.342 0.007 4.52 673.0
2455341.73018 16.351 0.007 3.69 554.0
2455341.80446 16.353 0.007 4.23 648.0
2455341.84267 16.338 0.007 4.40 655.0
2455341.88049 16.341 0.007 4.37 651.0
2455341.92085 16.352 0.007 4.30 638.0
2455342.59506 16.361 0.010 5.71 922.0
2455342.63241 16.350 0.009 5.40 792.0
2455342.67004 16.363 0.009 5.75 724.0
2455342.70749 16.347 0.008 4.64 673.0
2455342.74602 16.333 0.008 4.71 662.0
2455342.79018 16.347 0.010 6.17 772.0
2455342.82823 16.350 0.008 4.67 721.0
2455342.86620 16.354 0.009 5.47 767.0
2455342.90396 16.373 0.009 5.23 819.0
2455342.94184 16.327 0.011 6.83 945.0
2455343.61327 16.356 0.009 5.33 1081.0
2455343.65096 16.342 0.009 4.95 938.0
2455343.68868 16.344 0.008 4.34 868.0
2455343.72675 16.349 0.008 4.38 787.0
2455343.76560 16.351 0.008 4.83 789.0
2455343.80559 16.345 0.008 4.64 836.0
2455343.84412 16.338 0.008 4.70 894.0
2455343.89492 16.343 0.009 5.18 1004.0
2455343.93275 16.365 0.009 4.92 1104.0
2455348.66067 16.351 0.007 4.84 528.0
2455348.72589 16.343 0.008 5.33 525.0
2455348.79116 16.366 0.008 5.56 509.0
2455348.82949 16.349 0.008 4.89 546.0
2455348.87333 16.351 0.010 5.95 637.0
2455348.91363 16.346 0.008 4.95 634.0
2455349.58896 16.339 0.008 6.33 525.0
2455349.67154 16.345 0.009 5.51 776.0
2455349.73975 16.350 0.009 5.48 1044.0
2455349.80468 16.342 0.007 4.46 812.0
2455349.84248 16.361 0.008 5.03 872.0
2455350.64218 16.337 0.009 6.40 431.0
2455350.67991 16.356 0.009 6.18 471.0
2455350.71841 16.325 0.010 6.90 466.0
2455351.57840 16.341 0.008 5.68 516.0
2455351.62447 16.345 0.007 4.59 418.0
2455351.70190 16.356 0.007 4.74 397.0
2455351.78718 16.361 0.007 4.37 535.0
2455351.87689 16.353 0.009 5.95 596.0
2455351.91487 16.342 0.008 4.65 747.0
2455352.63948 16.347 0.008 5.22 429.0
2455352.71427 16.360 0.006 3.88 397.0
2455352.80091 16.348 0.007 4.34 484.0
2455352.87372 16.345 0.008 4.21 623.0
2455352.91122 16.344 0.007 4.20 692.0
2455353.60467 16.344 0.007 4.42 460.0
2455353.68724 16.351 0.006 3.78 386.0
2455353.76807 16.347 0.007 4.06 430.0
2455353.80613 16.356 0.007 3.43 457.0
2455353.84365 16.347 0.007 3.85 518.0
2455353.89492 16.343 0.008 4.30 626.0
2455354.63050 16.342 0.007 4.77 410.0
2455354.71771 16.357 0.008 5.01 390.0
2455354.81440 16.333 0.007 3.98 470.0
2455354.85557 16.350 0.007 3.40 564.0
2455354.89622 16.349 0.009 4.84 703.0
2455355.57350 16.361 0.007 4.44 547.0
2455355.65519 16.341 0.007 4.26 460.0
2455355.74194 16.347 0.007 4.55 484.0
2455355.81142 16.342 0.007 4.28 565.0
2455355.85968 16.347 0.008 5.16 631.0
2455355.89742 16.331 0.009 5.65 667.0
2455357.65411 16.353 0.008 5.32 442.0
2455357.74385 16.361 0.011 7.46 432.0
2455357.83177 16.354 0.011 7.43 486.0
2455357.89792 16.340 0.007 5.11 582.0
2455358.71604 16.346 0.007 5.20 390.0
2455358.81768 16.348 0.008 5.47 439.0
2455358.88733 16.328 0.009 6.49 532.0
2455359.60836 16.363 0.010 6.28 560.0
2455359.65535 16.349 0.007 4.23 454.0
2455359.71122 16.348 0.008 5.09 483.0
2455359.75548 16.357 0.008 5.44 481.0
2455359.80013 16.342 0.008 5.15 509.0
2455359.84462 16.367 0.008 5.24 561.0
2455359.88516 16.349 0.010 6.39 618.0
2455361.65343 16.327 0.009 6.51 434.0
2455362.57227 16.343 0.010 6.58 741.0
2455362.63278 16.360 0.007 4.53 546.0
2455362.72942 16.348 0.007 4.15 475.0
2455362.83183 16.356 0.007 4.15 529.0
2455362.84732 16.348 0.007 4.71 559.0
2455362.90559 16.349 0.010 6.11 679.0
2455364.55130 16.352 0.008 5.67 503.0
2455364.60993 16.353 0.007 4.46 406.0
2455364.70444 16.349 0.008 5.76 429.0
2455364.77926 16.351 0.009 6.06 418.0
2455364.81873 16.346 0.008 5.69 403.0
2455364.85880 16.350 0.008 5.72 405.0
2455364.89691 16.357 0.008 5.52 433.0
2455365.56903 16.367 0.009 5.64 594.0
2455365.63106 16.367 0.008 5.45 479.0
2455365.72612 16.339 0.007 5.02 438.0
2455365.81496 16.359 0.008 4.84 454.0
2455365.85547 16.361 0.008 5.19 515.0
2455365.89382 16.344 0.010 6.70 611.0
2455368.64488 16.355 0.009 5.74 715.0
2455369.72704 16.345 0.009 5.66 771.0
2455369.77236 16.358 0.009 5.26 1023.0
2455369.81034 16.343 0.009 5.41 784.0
2455369.85112 16.337 0.008 6.00 625.0
2455376.65697 16.370 0.010 6.30 611.0
2455376.69738 16.339 0.008 5.31 589.0
2455376.73557 16.347 0.008 5.39 638.0
2455376.77441 16.354 0.009 5.78 654.0
2455376.81257 16.344 0.009 5.98 739.0
2455376.85050 16.351 0.011 5.67 1916.0
2455377.54709 16.354 0.008 4.96 488.0
2455377.58979 16.357 0.010 6.35 493.0
2455377.62801 16.351 0.008 5.38 464.0
2455377.70167 16.341 0.007 4.88 466.0
2455377.74514 16.354 0.008 5.16 510.0
2455377.78785 16.343 0.007 4.74 572.0
2455377.82558 16.348 0.008 5.00 612.0
2455377.86374 16.345 0.009 5.93 743.0
2455378.53529 16.350 0.007 3.90 456.0
2455378.61939 16.352 0.006 3.74 390.0
2455378.70829 16.354 0.007 4.01 423.0
2455378.74988 16.360 0.006 3.31 439.0
2455378.78804 16.341 0.007 3.97 460.0
2455378.82627 16.330 0.007 4.37 542.0
2455378.86616 16.364 0.008 5.24 631.0
2455379.50501 16.369 0.008 4.92 396.0
2455379.57148 16.355 0.007 5.04 350.0
2455379.65733 16.341 0.007 3.96 465.0
2455379.74279 16.345 0.007 4.02 428.0
2455379.78045 16.342 0.007 4.27 494.0
2455379.81836 16.357 0.008 4.73 550.0
2455379.85649 16.335 0.008 6.26 642.0
2455380.51643 16.349 0.007 5.12 400.0
2455380.55405 16.363 0.007 4.95 361.0
2455380.63788 16.350 0.007 4.76 324.0
2455380.71200 16.351 0.007 4.71 372.0
2455380.75036 16.354 0.006 4.35 387.0
2455380.78834 16.349 0.007 4.39 424.0
2455380.82633 16.326 0.009 6.40 516.0
2455381.52565 16.340 0.009 6.18 588.0
2455381.56374 16.381 0.012 8.24 519.0
2455381.60152 16.350 0.010 6.88 436.0
2455381.66064 16.339 0.008 6.10 372.0
2455381.70146 16.345 0.009 6.86 437.0
2455381.73943 16.356 0.009 5.92 482.0
2455381.78619 16.377 0.010 6.75 494.0
2455381.82454 16.353 0.010 6.24 583.0
2455381.86254 16.340 0.010 6.68 652.0
2455382.55242 16.363 0.011 8.05 461.0
2455382.60206 16.363 0.010 6.72 445.0
2455382.63964 16.357 0.009 6.07 441.0
2455382.68156 16.346 0.009 6.23 411.0
2455382.72132 16.350 0.009 6.88 421.0
2455382.75922 16.349 0.010 7.08 448.0
2455382.80937 16.340 0.009 6.45 500.0
2455383.69342 16.343 0.010 7.27 402.0
2455383.75163 16.330 0.010 7.28 400.0
2455384.78894 16.349 0.009 6.17 600.0
2455384.84594 16.348 0.010 6.77 674.0
2455385.49873 16.355 0.007 4.17 596.0
2455385.71381 16.350 0.007 4.57 332.0
2455385.83700 16.349 0.006 3.95 402.0
2455386.48245 16.361 0.007 3.83 766.0
2455386.52694 16.339 0.007 3.94 462.0
2455386.56466 16.352 0.006 3.75 617.0
2455386.64812 16.353 0.007 5.04 508.0
2455386.73219 16.343 0.006 3.37 366.0
2455386.77053 16.359 0.006 3.11 367.0
2455386.80975 16.349 0.006 3.87 399.0
2455387.47102 16.349 0.007 3.45 667.0
2455387.57642 16.344 0.006 4.18 334.0
2455387.71453 16.345 0.006 3.86 322.0
2455387.75286 16.341 0.006 3.75 334.0
2455387.79661 16.353 0.007 4.50 392.0
2455387.83669 16.340 0.007 4.75 462.0
2455388.49434 16.367 0.008 5.43 457.0
2455388.53238 16.348 0.007 4.61 357.0
2455388.64140 16.339 0.006 4.03 280.0
2455388.75153 16.353 0.007 4.37 298.0
2455388.79129 16.355 0.007 4.95 336.0
2455388.83540 16.358 0.008 5.96 398.0
2455389.49351 16.348 0.008 5.68 422.0
2455389.53163 16.360 0.008 5.76 375.0
2455389.61697 16.355 0.007 4.89 304.0
2455389.72221 16.356 0.008 5.20 333.0
2455389.78259 16.339 0.009 6.00 384.0
2455389.82311 16.352 0.007 4.62 419.0
2455390.46797 16.351 0.011 6.98 612.0
2455390.52277 16.354 0.011 7.75 405.0
2455390.56479 16.351 0.008 5.88 373.0
2455390.65033 16.366 0.008 5.86 352.0
2455390.69660 16.359 0.007 5.18 337.0
2455390.74608 16.343 0.007 4.60 325.0
2455390.78404 16.351 0.007 5.13 310.0
2455390.82170 16.330 0.008 5.55 325.0
2455391.51675 16.345 0.008 6.22 435.0
2455391.55555 16.357 0.010 7.05 372.0
2455391.61511 16.351 0.007 4.79 323.0
2455391.72438 16.341 0.007 5.06 392.0
2455391.80767 16.361 0.008 4.76 462.0
2455391.84513 16.347 0.008 5.21 613.0
2455392.49289 16.379 0.009 6.21 435.0
2455392.53161 16.362 0.008 5.35 388.0
2455392.59306 16.364 0.007 4.85 364.0
2455392.70318 16.344 0.007 4.83 345.0
2455392.78513 16.353 0.007 4.41 359.0
2455392.82277 16.344 0.008 5.01 422.0
2455393.63813 16.344 0.008 5.88 352.0
2455393.67785 16.332 0.008 6.10 342.0
2455393.71604 16.385 0.010 7.25 372.0
2455393.76139 16.357 0.010 7.55 407.0
2455393.79950 16.334 0.009 6.77 432.0
2455393.83736 16.337 0.011 7.46 447.0
2455395.83184 16.360 0.010 6.87 531.0
2455396.57378 16.365 0.014 9.35 522.0
2455396.62810 16.344 0.008 6.02 423.0
2455396.72366 16.357 0.007 4.60 390.0
2455396.75843 16.355 0.007 4.67 363.0
2455396.79646 16.355 0.008 5.92 396.0
2455397.60570 16.355 0.009 6.10 440.0
2455397.65174 16.336 0.011 7.61 451.0
2455397.68958 16.355 0.010 7.12 449.0
2455402.51997 16.335 0.014 7.04 1665.0
2455403.48079 16.338 0.007 4.04 808.0
2455403.51838 16.346 0.007 3.83 783.0
2455403.55553 16.340 0.007 3.94 766.0
2455403.59427 16.346 0.008 4.99 896.0
2455403.63511 16.344 0.007 4.02 751.0
2455403.67339 16.350 0.007 4.10 799.0
2455403.71424 16.337 0.007 4.06 852.0
2455403.75215 16.355 0.007 3.70 953.0
2455403.78997 16.362 0.010 5.56 1106.0
2455404.49389 16.347 0.007 4.12 582.0
2455404.53170 16.358 0.007 4.46 559.0
2455404.56941 16.355 0.008 4.74 570.0
2455404.60959 16.350 0.008 4.42 552.0
2455404.65135 16.355 0.008 4.44 529.0
2455404.69124 16.365 0.008 4.25 580.0
2455404.72903 16.361 0.009 5.22 633.0
2455404.77172 16.343 0.008 4.24 717.0
2455405.62927 16.350 0.009 6.15 469.0
2455405.66882 16.353 0.008 5.18 455.0
2455405.70690 16.345 0.008 4.62 497.0
2455405.74436 16.358 0.008 4.33 559.0
2455405.78199 16.356 0.007 4.00 594.0
2455407.48376 16.354 0.009 6.19 357.0
2455407.52163 16.348 0.008 5.76 344.0
2455407.55991 16.352 0.008 5.45 328.0
2455407.59897 16.336 0.010 7.09 382.0
2455407.63855 16.345 0.009 6.39 414.0
2455407.67660 16.346 0.009 5.86 428.0
2455407.71581 16.345 0.008 5.27 478.0
2455407.75374 16.346 0.008 5.04 526.0
2455408.50300 16.344 0.009 6.20 428.0
2455408.54573 16.355 0.009 6.55 415.0
2455408.59469 16.367 0.008 6.29 388.0
2455408.63356 16.348 0.008 5.98 431.0
2455408.67223 16.342 0.008 5.45 446.0
2455408.71011 16.362 0.009 6.03 467.0
2455408.74782 16.369 0.010 6.81 525.0
2455408.78539 16.348 0.009 6.29 626.0
2455409.49559 16.355 0.007 5.14 360.0
2455409.55943 16.359 0.007 4.57 328.0
2455409.66621 16.359 0.006 4.47 351.0
2455409.74990 16.341 0.007 4.88 476.0
2455409.78767 16.357 0.009 6.28 554.0
2455410.50002 16.373 0.008 5.32 424.0
2455410.56169 16.350 0.007 5.10 349.0
2455410.67020 16.361 0.007 4.49 361.0
2455410.75427 16.345 0.008 5.39 471.0
2455411.47661 16.342 0.007 5.18 407.0
2455411.51451 16.356 0.007 4.78 335.0
2455411.59748 16.348 0.007 4.67 336.0
2455411.70573 16.352 0.006 3.98 347.0
2455411.76722 16.342 0.007 6.04 535.0
2455412.53837 16.344 0.008 5.44 436.0
2455412.57826 16.343 0.009 6.11 456.0
2455412.61702 16.346 0.008 5.95 417.0
2455412.65480 16.347 0.009 6.75 438.0
2455412.69919 16.363 0.009 6.38 428.0
2455413.47856 16.355 0.009 6.72 513.0
2455413.51794 16.364 0.006 4.11 414.0
2455413.62478 16.347 0.007 4.79 310.0
2455413.73226 16.362 0.007 4.98 338.0
2455413.77001 16.372 0.010 7.23 381.0
2455414.49822 16.339 0.006 4.33 335.0
2455414.55948 16.347 0.006 4.15 323.0
2455414.66893 16.364 0.006 3.61 348.0
2455414.75660 16.353 0.006 4.59 414.0
2455416.61525 16.339 0.008 5.90 353.0
2455416.67198 16.346 0.008 5.20 345.0
2455418.53425 16.344 0.007 4.87 323.0
2455418.58077 16.357 0.006 4.46 319.0
2455418.63095 16.364 0.007 5.04 311.0
2455418.68251 16.347 0.008 5.96 338.0
2455421.48972 16.353 0.007 5.39 384.0
2455421.53383 16.357 0.007 4.73 364.0
2455421.59342 16.352 0.007 5.51 358.0
2455421.63960 16.345 0.007 5.63 330.0
2455421.68188 16.349 0.008 6.17 320.0
2455421.72629 16.335 0.009 6.75 357.0
2455422.51559 16.336 0.007 4.37 395.0
2455422.56167 16.360 0.007 5.39 399.0
2455422.71566 16.355 0.006 4.28 334.0
2455423.49959 16.334 0.006 4.16 354.0
2455423.54189 16.374 0.006 4.21 332.0
2455423.67561 16.356 0.008 5.50 373.0
2455425.50704 16.347 0.007 4.86 421.0
2455425.54830 16.341 0.007 4.83 408.0
2455426.51498 16.338 0.010 4.08 2780.0
2455426.59398 16.343 0.011 4.27 3760.0
2455426.73447 16.339 0.010 4.89 1497.0
2455430.50053 16.366 0.009 5.55 698.0
2455430.54700 16.350 0.008 5.06 640.0
2455430.58527 16.365 0.008 4.43 618.0
2455430.62425 16.370 0.008 4.72 647.0
2455430.66538 16.348 0.009 6.06 723.0
2455431.50169 16.347 0.008 4.67 657.0
2455431.54225 16.361 0.008 5.12 547.0
2455431.58026 16.358 0.007 4.46 565.0
2455431.62165 16.356 0.009 5.87 585.0
2455431.65931 16.365 0.009 5.45 647.0
2455432.52619 16.357 0.012 6.45 1366.0
2455432.63871 16.347 0.010 6.15 653.0
2455433.53659 16.352 0.010 6.80 664.0
2455433.66200 16.337 0.009 5.37 791.0
2455434.48769 16.343 0.009 6.08 458.0
2455434.53276 16.366 0.008 5.12 483.0
2455434.57713 16.341 0.007 4.52 493.0
2455434.61950 16.339 0.007 4.04 531.0
2455434.66423 16.353 0.008 4.36 591.0
2455434.70431 16.355 0.008 4.56 667.0
2455435.50376 16.368 0.008 5.74 429.0
2455435.54657 16.351 0.008 4.63 485.0
2455435.61648 16.337 0.007 3.99 478.0
2455435.66995 16.346 0.007 3.87 498.0
2455435.70889 16.359 0.008 4.80 583.0
2455436.50223 16.353 0.008 5.08 400.0
2455436.64617 16.340 0.007 3.53 476.0
2455437.48482 16.345 0.006 3.66 406.0
2455437.58175 16.352 0.007 4.29 384.0
2455438.49740 16.348 0.008 5.05 470.0
2455438.53687 16.354 0.008 5.19 411.0
2455438.63831 16.347 0.007 3.43 463.0
2455438.67631 16.353 0.007 3.76 443.0
2455439.48974 16.343 0.009 6.52 441.0
2455439.55480 16.343 0.009 6.50 424.0
2455439.59216 16.360 0.009 5.90 409.0
2455439.63018 16.342 0.009 6.16 400.0
2455439.67598 16.356 0.009 5.80 460.0
2455443.52247 16.321 0.008 6.55 395.0
2455443.56859 16.357 0.008 6.24 409.0
2455443.60642 16.360 0.009 6.52 423.0
2455443.64894 16.352 0.007 5.43 405.0
2455443.68787 16.346 0.007 5.27 418.0
2455444.52050 16.356 0.010 7.10 385.0
2455444.56909 16.336 0.008 5.51 348.0
2455444.62076 16.358 0.008 5.34 412.0
2455444.65883 16.347 0.008 5.43 456.0
2455445.49932 16.350 0.007 4.33 436.0
2455445.62866 16.346 0.007 4.32 354.0
2455445.66791 16.337 0.007 4.33 413.0
2455446.50248 16.341 0.008 5.33 410.0
2455446.54779 16.354 0.007 5.07 409.0
2455446.58895 16.347 0.007 4.21 407.0
2455446.62696 16.348 0.007 4.33 362.0
2455447.47442 16.362 0.009 4.91 1150.0
2455447.51892 16.347 0.007 4.26 384.0
2455447.55805 16.321 0.008 6.11 391.0
2455447.62337 16.351 0.007 5.36 349.0
2455448.48999 16.340 0.006 3.66 378.0
2455448.53410 16.355 0.008 5.20 399.0
2455448.61729 16.360 0.007 4.30 402.0
2455449.49095 16.348 0.008 6.16 428.0
2455449.53166 16.355 0.008 4.76 389.0
2455449.58321 16.351 0.007 4.27 411.0
2455450.49369 16.350 0.008 5.80 413.0
2455450.53135 16.337 0.008 6.10 407.0
2455450.56938 16.325 0.009 6.25 422.0
2455450.61945 16.362 0.009 5.99 441.0
2455451.49105 16.331 0.010 6.54 1051.0
2455451.53056 16.346 0.010 6.02 1083.0
2455451.65965 16.356 0.007 4.57 452.0
2455453.49332 16.351 0.010 7.25 670.0
2455453.58195 16.331 0.008 5.32 575.0
2455457.50043 16.337 0.006 3.52 553.0
2455457.57173 16.334 0.006 3.48 524.0
2455457.61354 16.303 0.007 3.83 577.0
2455458.49081 16.332 0.009 5.81 625.0
2455458.55577 16.342 0.009 5.70 587.0
2455458.62522 16.356 0.009 6.11 650.0
2455459.52100 16.360 0.008 4.36 525.0
2455459.56407 16.340 0.007 4.14 556.0
2455459.60511 16.333 0.007 3.68 622.0
2455460.50967 16.337 0.009 5.64 800.0
2455460.55070 16.321 0.009 5.83 749.0
2455460.59172 16.312 0.010 4.93 1964.0
2455461.51162 16.301 0.010 5.20 1878.0
2455461.55289 16.296 0.010 4.54 2623.0
2455461.60338 16.360 0.009 5.56 634.0
2455462.49790 16.354 0.009 5.71 544.0
2455462.56482 16.358 0.008 4.73 599.0
2455463.51718 16.344 0.007 4.72 559.0
2455463.62762 16.326 0.008 5.31 682.0
2455464.50923 16.335 0.008 5.45 505.0
2455464.59536 16.318 0.008 5.77 570.0
2455465.52263 16.318 0.009 6.87 450.0
2455467.50247 16.352 0.008 5.24 476.0
2455468.57598 16.329 0.009 6.97 468.0
2455470.52687 16.353 0.008 4.77 453.0
2455471.53420 16.360 0.008 5.08 402.0
2455471.59896 16.339 0.007 4.94 441.0
2455472.56563 16.336 0.007 4.99 485.0
2455473.51577 16.347 0.009 6.19 462.0
2455476.50531 16.345 0.008 5.14 464.0
2455478.49344 16.332 0.009 5.77 485.0
2455479.52103 16.363 0.007 5.91 485.0
2455480.50823 16.319 0.009 6.42 488.0
2455480.57191 16.351 0.009 6.24 570.0
2455481.54697 16.351 0.012 6.56 989.0
2455485.52472 16.362 0.008 4.85 622.0
2455486.51114 16.342 0.009 4.77 657.0
2455487.49418 16.359 0.007 4.54 655.0
2455487.55453 16.352 0.009 5.49 672.0
2455488.54449 16.339 0.008 4.65 743.0
2455489.53265 16.333 0.009 5.75 699.0
2455490.53104 16.348 0.011 6.35 768.0
2455492.53595 16.341 0.011 6.61 972.0
2455494.53791 16.340 0.010 5.67 918.0
2455495.54189 16.328 0.009 6.48 596.0
2455497.53942 16.339 0.011 6.98 710.0
2455502.50788 16.334 0.009 5.13 691.0
2455597.86700 16.343 0.008 6.42 429.0
2455598.85621 16.359 0.007 5.27 457.0
2455599.86601 16.343 0.007 5.65 419.0
2455602.87055 16.351 0.009 6.97 539.0
2455604.87872 16.357 0.008 5.98 489.0
2455605.87686 16.341 0.006 4.36 432.0
2455606.87457 16.339 0.008 5.88 436.0
2455607.87925 16.342 0.007 5.42 476.0
2455608.87380 16.337 0.008 6.49 406.0
2455611.85819 16.352 0.009 6.35 657.0
2455612.87343 16.338 0.009 6.84 572.0
2455614.85885 16.357 0.007 5.01 574.0
2455615.86718 16.351 0.007 4.22 506.0
2455616.86044 16.357 0.008 5.75 539.0
2455620.84827 16.336 0.007 5.52 429.0
2455621.85111 16.354 0.006 4.24 382.0
2455622.88882 16.353 0.005 3.81 310.0
2455624.84380 16.344 0.007 5.28 376.0
2455625.82293 16.343 0.007 5.06 407.0
2455626.82367 16.339 0.009 6.85 510.0
2455627.84719 16.374 0.007 4.68 361.0
2455628.85789 16.366 0.007 4.86 354.0
2455629.82610 16.343 0.008 5.97 365.0
2455630.80351 16.347 0.007 5.55 395.0
2455631.83147 16.345 0.009 6.52 528.0
2455632.83857 16.345 0.007 5.22 409.0
2455633.79581 16.352 0.006 4.44 414.0
2455634.85068 16.375 0.008 5.60 381.0
2455635.85990 16.358 0.008 5.74 520.0
2455637.81979 16.338 0.009 6.96 610.0
2455638.79799 16.375 0.008 5.98 581.0
2455639.79563 16.357 0.007 4.93 620.0
2455639.87120 16.359 0.007 4.27 498.0
2455640.78911 16.344 0.009 6.64 687.0
2455640.82746 16.343 0.008 5.17 611.0
2455640.87514 16.339 0.007 4.90 555.0
2455640.91601 16.337 0.010 6.15 1489.0
2455641.78193 16.338 0.008 5.50 637.0
2455641.82433 16.335 0.007 4.93 569.0
2455641.86249 16.355 0.007 4.98 540.0
2455641.90720 16.340 0.008 7.88 573.0
2455642.78424 16.352 0.007 5.08 669.0
2455642.84328 16.370 0.007 4.60 595.0
2455642.90316 16.368 0.008 6.65 572.0
2455643.76696 16.337 0.007 4.58 707.0
2455643.80524 16.351 0.007 4.60 623.0
2455643.86499 16.359 0.006 3.92 581.0
2455643.90623 16.355 0.007 5.68 562.0
2455644.77469 16.349 0.009 5.37 1338.0
2455644.81539 16.349 0.009 5.18 1524.0
2455644.88595 16.329 0.007 5.06 927.0
2455647.80344 16.334 0.008 5.31 813.0
2455647.84880 16.355 0.007 4.70 753.0
2455647.85889 16.359 0.007 4.61 754.0
2455647.87907 16.351 0.008 5.35 749.0
2455647.89506 16.356 0.008 5.56 762.0
2455648.75659 16.340 0.007 5.90 404.0
2455648.82199 16.336 0.006 4.40 373.0
2455648.86411 16.358 0.006 4.65 364.0
2455648.90944 16.361 0.008 7.04 393.0
2455649.76300 16.343 0.007 6.01 330.0
2455649.80498 16.348 0.006 5.07 333.0
2455649.86940 16.350 0.006 4.82 331.0
2455649.90764 16.347 0.007 5.99 353.0
2455650.75478 16.366 0.007 5.17 340.0
2455650.81726 16.354 0.006 4.23 322.0
2455650.86137 16.334 0.006 5.71 341.0
2455650.91022 16.356 0.006 4.70 380.0
2455651.77539 16.348 0.007 5.63 354.0
2455651.81843 16.345 0.007 5.29 352.0
2455651.89462 16.353 0.006 4.57 359.0
2455652.75546 16.346 0.006 4.67 343.0
2455652.81877 16.340 0.006 4.07 323.0
2455652.86068 16.343 0.006 4.92 340.0
2455653.77559 16.353 0.006 4.03 347.0
2455653.90463 16.356 0.005 3.21 340.0
2455654.77793 16.345 0.007 4.44 371.0
2455654.82723 16.343 0.006 4.61 335.0
2455654.86871 16.344 0.007 5.13 338.0
2455655.73770 16.361 0.007 4.87 458.0
2455655.77681 16.351 0.007 4.86 402.0
2455655.81476 16.362 0.007 5.15 381.0
2455655.85556 16.339 0.006 5.44 354.0
2455655.90526 16.328 0.007 6.89 359.0
2455656.79720 16.353 0.006 4.60 400.0
2455656.83808 16.347 0.006 3.73 374.0
2455656.92450 16.348 0.007 3.52 1560.0
2455657.78597 16.353 0.006 4.43 369.0
2455657.82697 16.342 0.006 3.69 363.0
2455657.87246 16.348 0.006 4.78 359.0
2455657.91684 16.336 0.006 4.29 443.0
2455658.78284 16.332 0.008 6.47 353.0
2455658.82083 16.333 0.008 6.28 347.0
2455658.82357 16.345 0.007 5.77 343.0
2455658.83986 16.348 0.007 5.12 340.0
2455658.87825 16.351 0.007 5.64 333.0
2455658.91939 16.341 0.008 5.71 454.0
2455659.73452 16.354 0.006 4.70 371.0
2455659.77213 16.355 0.007 5.20 363.0
2455659.81143 16.364 0.007 5.48 352.0
2455659.85327 16.344 0.007 5.93 498.0
2455659.90165 16.353 0.007 4.87 340.0
2455660.72569 16.362 0.008 6.57 397.0
2455660.77306 16.350 0.007 5.16 340.0
2455660.81641 16.365 0.007 4.95 342.0
2455660.87208 16.341 0.008 6.32 337.0
2455662.72478 16.346 0.009 7.06 418.0
2455662.76515 16.347 0.008 6.90 391.0
2455662.82690 16.341 0.007 4.96 428.0
2455662.86505 16.341 0.006 4.82 424.0
2455662.90701 16.354 0.007 4.56 431.0
2455663.76774 16.345 0.005 5.85 387.0
2455664.77018 16.352 0.008 6.15 466.0
2455664.81099 16.353 0.007 5.09 389.0
2455664.87140 16.334 0.008 6.49 419.0
2455664.91505 16.353 0.007 4.77 400.0
2455665.73905 16.366 0.009 6.76 431.0
2455665.78487 16.356 0.006 4.57 358.0
2455665.84920 16.341 0.007 5.50 345.0
2455665.89677 16.347 0.006 4.07 353.0
2455667.72096 16.345 0.007 4.86 505.0
2455667.77355 16.339 0.007 4.69 455.0
2455667.82601 16.374 0.006 4.92 424.0
2455667.87871 16.353 0.006 3.75 383.0
2455667.92436 16.361 0.006 3.66 454.0
2455668.76249 16.365 0.008 5.93 611.0
2455668.82997 16.366 0.008 5.26 966.0
2455668.88708 16.362 0.007 4.05 1522.0
2455668.92622 16.350 0.007 3.95 1030.0
2455669.77582 16.346 0.006 3.78 648.0
2455669.81457 16.345 0.007 4.72 621.0
2455669.87659 16.352 0.007 4.78 693.0
2455669.92060 16.348 0.008 4.96 704.0
2455670.75036 16.355 0.008 5.66 728.0
2455670.80258 16.328 0.007 4.95 677.0
2455670.85474 16.355 0.007 4.49 694.0
2455670.89617 16.363 0.007 4.18 732.0
2455671.73173 16.350 0.008 5.45 770.0
2455671.77218 16.341 0.006 3.87 670.0
2455675.73425 16.353 0.007 4.44 606.0
2455675.77261 16.354 0.008 4.77 928.0
2455675.81197 16.366 0.009 5.09 992.0
2455675.87133 16.345 0.006 3.65 468.0
2455675.92426 16.354 0.007 4.59 565.0
2455676.69923 16.356 0.004 4.07 199.0
2455676.73840 16.357 0.005 4.96 260.0
2455676.77727 16.346 0.006 4.85 353.0
2455676.82764 16.326 0.006 5.10 372.0
2455676.87815 16.349 0.006 3.65 380.0
2455676.92757 16.341 0.006 4.04 520.0
2455677.73335 16.347 0.006 5.01 382.0
2455677.77695 16.358 0.006 4.56 396.0
2455677.82734 16.345 0.007 5.72 382.0
2455677.87932 16.342 0.006 4.15 396.0
2455677.91921 16.333 0.006 3.48 414.0
2455679.69722 16.353 0.007 5.33 408.0
2455679.73912 16.373 0.006 4.27 398.0
2455679.79107 16.366 0.007 5.19 384.0
2455679.84212 16.340 0.007 4.34 412.0
2455679.88349 16.361 0.006 3.78 406.0
2455679.92241 16.352 0.006 4.38 441.0
2455680.68472 16.362 0.007 5.54 399.0
2455680.72314 16.346 0.008 6.21 373.0
2455680.77181 16.363 0.007 5.17 381.0
2455680.82505 16.364 0.007 4.58 378.0
2455680.86801 16.365 0.007 4.35 381.0
2455680.90881 16.341 0.006 3.83 378.0
2455681.67512 16.346 0.008 5.89 441.0
2455681.71334 16.338 0.007 5.27 406.0
2455681.75263 16.331 0.006 4.50 372.0
2455681.80352 16.360 0.007 5.04 389.0
2455681.85857 16.362 0.009 6.59 452.0
2455681.90025 16.351 0.007 4.50 459.0
2455682.66249 16.353 0.007 5.29 533.0
2455682.70330 16.347 0.007 5.64 503.0
2455682.75057 16.365 0.006 4.58 401.0
2455682.79311 16.357 0.007 5.59 430.0
2455682.88315 16.353 0.006 3.67 460.0
2455682.92283 16.351 0.006 4.50 484.0
2455683.68454 16.358 0.007 5.02 437.0
2455683.73406 16.353 0.007 5.13 394.0
2455683.80389 16.354 0.006 3.83 412.0
2455683.86225 16.353 0.007 4.73 487.0
2455683.90440 16.361 0.006 3.78 473.0
2455684.65410 16.363 0.006 4.98 466.0
2455684.70708 16.365 0.006 4.75 400.0
2455684.76623 16.345 0.006 4.15 380.0
2455684.81867 16.362 0.007 4.39 392.0
2455684.87806 16.369 0.006 4.11 413.0
2455684.91899 16.343 0.006 4.47 421.0
2455685.74478 16.358 0.006 4.17 367.0
2455685.79335 16.341 0.006 3.70 365.0
2455685.84572 16.355 0.006 3.47 377.0
2455685.88914 16.359 0.006 3.82 384.0
2455685.93948 16.338 0.013 5.35 2918.0
2455686.69402 16.359 0.007 6.13 419.0
2455686.74276 16.344 0.006 4.84 402.0
2455686.80013 16.356 0.006 4.06 411.0
2455686.84745 16.371 0.007 4.95 432.0
2455686.88939 16.351 0.008 5.70 431.0
2455686.92913 16.352 0.007 4.86 536.0
2455687.68609 16.347 0.008 6.63 552.0
2455687.72915 16.349 0.007 5.69 416.0
2455687.77996 16.351 0.007 5.22 394.0
2455687.83322 16.353 0.005 4.13 391.0
2455688.84605 16.348 0.006 4.26 372.0
2455688.91407 16.351 0.008 4.63 897.0
2455689.68651 16.346 0.006 4.55 375.0
2455689.75138 16.346 0.007 5.34 365.0
2455689.80070 16.353 0.006 4.14 339.0
2455690.62159 16.364 0.005 6.42 454.0
2455690.66768 16.370 0.006 5.26 345.0
2455690.71864 16.360 0.006 5.00 345.0
2455690.78098 16.342 0.007 5.67 381.0
2455690.82083 16.365 0.006 6.05 426.0
2455690.88397 16.353 0.008 6.03 549.0
2455691.64642 16.378 0.008 6.02 442.0
2455691.70778 16.342 0.006 4.98 372.0
2455691.75823 16.347 0.007 5.41 393.0
2455691.80254 16.353 0.007 4.88 410.0
2455691.85105 16.362 0.007 5.29 436.0
2455691.90819 16.359 0.008 5.91 454.0
2455692.64950 16.348 0.008 6.62 593.0
2455692.70640 16.334 0.007 5.16 456.0
2455692.75369 16.349 0.006 4.84 427.0
2455692.79165 16.350 0.006 4.29 474.0
2455692.83199 16.349 0.008 5.66 514.0
2455692.87065 16.360 0.006 3.87 572.0
2455692.90830 16.365 0.007 4.79 592.0
2455693.61618 16.365 0.007 5.67 575.0
2455693.65878 16.371 0.007 5.66 484.0
2455693.72818 16.344 0.006 4.87 424.0
2455693.77722 16.347 0.006 3.99 425.0
2455693.81580 16.336 0.006 3.84 465.0
2455693.85397 16.344 0.006 3.75 539.0
2455693.89184 16.364 0.006 4.43 594.0
2455693.93366 16.354 0.008 5.73 683.0
2455694.63501 16.355 0.007 4.91 588.0
2455694.66997 16.342 0.006 4.00 526.0
2455694.73497 16.326 0.007 5.11 527.0
2455694.78252 16.332 0.007 5.02 499.0
2455694.82476 16.343 0.006 4.62 458.0
2455694.86202 16.341 0.006 4.61 455.0
2455694.89962 16.348 0.007 4.62 528.0
2455694.93876 16.350 0.009 6.00 1065.0
2455695.64516 16.354 0.008 6.36 505.0
2455695.69349 16.339 0.007 5.49 594.0
2455695.78117 16.347 0.007 4.54 444.0
2455695.82504 16.338 0.006 3.79 509.0
2455695.86416 16.339 0.006 4.23 387.0
2455695.90160 16.337 0.006 4.67 385.0
2455695.93959 16.351 0.008 5.86 824.0
2455696.62962 16.325 0.007 5.13 707.0
2455696.68130 16.364 0.007 4.47 567.0
2455696.72876 16.358 0.007 4.22 499.0
2455696.76798 16.329 0.007 5.81 478.0
2455696.81013 16.339 0.007 4.46 556.0
2455696.85266 16.338 0.007 4.49 591.0
2455696.90305 16.362 0.007 5.15 451.0
2455697.60183 16.338 0.008 5.22 893.0
2455697.63895 16.347 0.007 4.59 727.0
2455697.69655 16.338 0.006 4.10 617.0
2455697.73400 16.342 0.007 5.38 628.0
2455697.77497 16.340 0.007 5.15 612.0
2455697.81650 16.348 0.006 3.40 669.0
2455697.85469 16.352 0.006 3.76 657.0
2455697.89876 16.339 0.006 4.69 648.0
2455697.93919 16.334 0.009 5.38 1225.0
2455698.63164 16.361 0.008 4.68 1200.0
2455698.68091 16.368 0.008 4.76 965.0
2455698.71987 16.358 0.008 4.94 939.0
2455698.76008 16.315 0.009 5.62 882.0
2455698.80118 16.334 0.008 4.57 976.0
2455698.84093 16.339 0.007 4.00 951.0
2455698.88070 16.343 0.008 5.24 1023.0
2455698.92545 16.347 0.009 5.87 1135.0
2455702.63655 16.346 0.013 6.90 1886.0
2455702.66572 16.361 0.012 6.61 2101.0
2455702.75418 16.335 0.013 6.80 2090.0
2455702.78442 16.335 0.011 5.81 1840.0
2455702.92097 16.354 0.013 6.40 2072.0
2455703.74607 16.356 0.009 6.93 570.0
2455703.81722 16.338 0.010 7.78 668.0
2455703.86688 16.350 0.010 7.46 748.0
2455705.73870 16.356 0.008 6.39 427.0
2455705.78155 16.328 0.007 5.60 422.0
2455705.83302 16.336 0.008 5.61 426.0
2455705.88705 16.371 0.010 6.98 557.0
2455705.93646 16.347 0.010 7.58 734.0
2455706.71516 16.355 0.009 6.75 429.0
2455706.77061 16.346 0.009 6.56 374.0
2455706.84307 16.367 0.008 6.25 535.0
2455707.57326 16.344 0.009 6.76 570.0
2455707.61571 16.362 0.008 6.31 420.0
2455707.66276 16.344 0.008 5.97 378.0
2455707.71050 16.366 0.007 5.65 414.0
2455707.74902 16.341 0.007 5.19 437.0
2455707.78975 16.348 0.006 3.97 457.0
2455707.82951 16.337 0.007 4.56 523.0
2455707.86928 16.350 0.008 5.49 524.0
2455707.90963 16.349 0.009 6.68 580.0
2455708.59436 16.336 0.008 6.16 514.0
2455708.64055 16.359 0.009 7.04 545.0
2455708.69037 16.343 0.007 5.31 359.0
2455708.73951 16.349 0.007 5.60 368.0
2455708.78135 16.359 0.009 6.53 387.0
2455708.83119 16.348 0.006 4.79 456.0
2455708.87858 16.336 0.009 6.76 708.0
2455709.56323 16.365 0.007 6.08 426.0
2455709.61080 16.344 0.007 6.38 378.0
2455709.62353 16.365 0.007 6.12 373.0
2455709.66358 16.372 0.006 5.84 372.0
2455710.73161 16.361 0.006 6.20 379.0
2455712.56497 16.376 0.011 7.49 889.0
2455712.63537 16.366 0.007 5.64 471.0
2455712.64790 16.353 0.007 5.51 446.0
2455712.70893 16.349 0.006 4.83 427.0
2455712.74975 16.352 0.006 4.08 418.0
2455712.79144 16.356 0.006 4.11 446.0
2455712.83051 16.345 0.006 4.66 428.0
2455712.87794 16.346 0.007 5.75 493.0
2455713.75829 16.357 0.006 4.61 391.0
2455713.79442 16.352 0.006 4.94 410.0
2455713.80687 16.356 0.006 4.23 414.0
2455713.84529 16.379 0.006 5.59 401.0
2455714.57431 16.354 0.008 6.45 612.0
2455714.65514 16.355 0.007 5.80 331.0
2455714.66809 16.391 0.005 5.44 311.0
2455714.87271 16.341 0.008 6.98 605.0
2455715.65572 16.346 0.006 4.81 367.0
2455715.70035 16.340 0.006 4.87 327.0
2455715.74538 16.334 0.006 4.90 342.0
2455715.79197 16.347 0.006 4.44 345.0
2455715.83451 16.358 0.007 4.99 381.0
2455715.88970 16.330 0.008 6.30 432.0
2455716.57445 16.367 0.008 6.10 459.0
2455716.66513 16.359 0.008 6.22 349.0
2455716.67787 16.353 0.008 6.40 344.0
2455716.73059 16.364 0.007 5.27 326.0
2455716.77405 16.347 0.008 6.22 351.0
2455716.81391 16.334 0.007 5.55 338.0
2455716.85375 16.341 0.008 6.51 465.0
2455716.89289 16.333 0.008 6.25 432.0
2455721.59551 16.357 0.006 4.65 571.0
2455721.60801 16.333 0.007 5.65 493.0
2455721.62042 16.346 0.007 5.42 487.0
2455721.67277 16.357 0.006 5.23 491.0
2455721.68535 16.359 0.007 5.66 445.0
2455721.69851 16.349 0.006 5.21 439.0
2455721.76570 16.344 0.006 4.85 401.0
2455721.80527 16.334 0.005 4.99 410.0
2455721.84636 16.323 0.007 5.42 487.0
2455721.89625 16.339 0.008 5.91 547.0
2455722.59073 16.331 0.006 4.06 505.0
2455722.64516 16.351 0.007 5.10 441.0
2455722.69976 16.348 0.007 5.03 402.0
2455722.76526 16.348 0.006 3.98 452.0
2455722.80500 16.349 0.006 4.16 500.0
2455723.54622 16.369 0.008 5.81 610.0
2455723.58571 16.354 0.007 4.58 487.0
2455723.63384 16.348 0.007 5.30 431.0
2455723.68379 16.356 0.007 5.38 424.0
2455723.72381 16.353 0.006 4.37 396.0
2455723.76336 16.344 0.006 3.75 449.0
2455723.80194 16.340 0.006 4.11 384.0
2455723.84159 16.326 0.006 4.76 421.0
2455724.53701 16.351 0.011 6.85 768.0
2455724.58463 16.373 0.008 5.40 630.0
2455724.59885 16.346 0.008 5.23 585.0
2455724.61145 16.352 0.008 5.98 570.0
2455724.66213 16.346 0.007 5.18 488.0
2455724.72354 16.344 0.008 5.38 461.0
2455724.77335 16.334 0.007 4.39 486.0
2455724.81441 16.358 0.008 5.08 494.0
2455725.56441 16.358 0.007 4.39 582.0
2455725.63178 16.343 0.006 4.33 530.0
2455725.69843 16.348 0.006 3.89 538.0
2455725.73901 16.349 0.006 3.64 601.0
2455725.77791 16.351 0.006 4.06 592.0
2455726.53640 16.356 0.010 5.95 1330.0
2455726.57876 16.341 0.008 5.32 827.0
2455726.62583 16.335 0.008 5.32 748.0
2455726.67316 16.333 0.008 5.33 713.0
2455726.71263 16.341 0.006 3.78 703.0
2455726.75316 16.350 0.007 4.14 769.0
2455726.79864 16.329 0.008 5.11 815.0
2455734.61108 16.357 0.008 6.51 461.0
2455734.68830 16.342 0.008 6.41 435.0
2455734.73625 16.348 0.009 6.97 479.0
2455734.77990 16.355 0.008 6.36 437.0
2455734.82990 16.351 0.009 6.43 495.0
2455734.87250 16.368 0.011 8.17 552.0
2455735.66340 16.350 0.009 7.52 369.0
2455735.72326 16.337 0.007 5.63 391.0
2455735.77272 16.357 0.007 5.42 392.0
2455735.81897 16.343 0.007 4.70 435.0
2455735.86584 16.367 0.008 5.95 536.0
2455736.52092 16.364 0.008 6.28 557.0
2455736.56393 16.344 0.007 4.99 455.0
2455736.60447 16.335 0.006 4.06 359.0
2455736.64821 16.347 0.005 3.53 337.0
2455736.68835 16.335 0.006 4.66 322.0
2455736.76977 16.346 0.006 3.73 395.0
2455736.81532 16.337 0.006 4.20 405.0
2455736.86243 16.339 0.007 4.29 493.0
2455737.50735 16.353 0.009 6.88 513.0
2455737.54723 16.344 0.006 4.46 478.0
2455737.59974 16.355 0.006 4.09 354.0
2455737.64212 16.355 0.006 3.64 334.0
2455737.69696 16.338 0.006 3.94 317.0
2455737.73648 16.338 0.006 4.00 319.0
2455737.77709 16.344 0.006 4.16 346.0
2455737.82383 16.333 0.006 4.31 384.0
2455737.86510 16.344 0.007 5.01 467.0
2455738.53725 16.347 0.007 4.70 443.0
2455738.57669 16.359 0.007 4.64 370.0
2455738.61740 16.337 0.007 5.61 355.0
2455738.66885 16.347 0.006 4.17 351.0
2455738.72303 16.343 0.006 4.29 363.0
2455738.76275 16.329 0.005 3.87 387.0
2455739.51558 16.345 0.008 5.48 527.0
2455739.55360 16.358 0.008 5.31 460.0
2455739.59188 16.357 0.008 5.83 368.0
2455739.64286 16.341 0.006 4.95 331.0
2455739.70096 16.346 0.007 5.11 328.0
2455739.73905 16.339 0.006 4.47 355.0
2455739.77811 16.343 0.007 4.78 400.0
2455739.82542 16.344 0.007 5.74 423.0
2455739.87467 16.354 0.010 6.93 519.0
2455740.53063 16.349 0.007 5.17 471.0
2455740.57283 16.351 0.009 6.56 436.0
2455740.63417 16.353 0.008 6.20 342.0
2455740.68816 16.335 0.006 4.43 357.0
2455740.73750 16.356 0.006 4.23 370.0
2455740.77640 16.351 0.006 4.27 376.0
2455740.82131 16.321 0.007 5.71 437.0
2455740.86828 16.316 0.008 6.21 529.0
2455741.50817 16.365 0.008 5.53 535.0
2455741.54638 16.346 0.007 5.06 418.0
2455741.59158 16.337 0.007 5.02 370.0
2455741.62947 16.338 0.006 4.39 337.0
2455741.68012 16.336 0.006 4.36 327.0
2455741.72912 16.359 0.006 4.52 352.0
2455741.77020 16.351 0.006 4.42 351.0
2455741.80879 16.357 0.007 4.65 392.0
2455741.84681 16.337 0.006 4.09 429.0
2455741.88558 16.344 0.007 4.31 514.0
2455742.52121 16.352 0.008 5.08 553.0
2455742.56442 16.334 0.007 4.62 503.0
2455742.60267 16.343 0.007 4.65 362.0
2455742.66174 16.344 0.006 4.10 316.0
2455742.70337 16.340 0.006 4.47 328.0
2455742.74196 16.370 0.006 3.47 373.0
2455742.78023 16.347 0.006 3.73 365.0
2455742.81831 16.335 0.006 3.67 396.0
2455742.85846 16.355 0.006 4.20 435.0
2455743.61447 16.359 0.008 5.73 388.0
2455743.65236 16.367 0.008 5.78 393.0
2455743.70580 16.334 0.008 5.91 387.0
2455743.75333 16.349 0.007 5.14 450.0
2455743.79113 16.357 0.007 4.90 437.0
2455743.82905 16.333 0.007 4.49 484.0
2455743.86684 16.338 0.008 5.47 569.0
2455744.51090 16.351 0.009 6.01 566.0
2455744.54877 16.346 0.008 5.59 474.0
2455744.58734 16.339 0.007 5.52 450.0
2455744.62554 16.342 0.007 4.87 413.0
2455744.70089 16.341 0.007 4.88 358.0
2455744.76209 16.373 0.007 5.78 368.0
2455744.80582 16.336 0.007 5.39 410.0
2455744.85134 16.350 0.010 7.06 487.0
2455745.49983 16.340 0.008 6.20 480.0
2455745.53908 16.345 0.007 5.93 403.0
2455745.58585 16.354 0.008 6.26 402.0
2455745.62557 16.367 0.009 6.36 402.0
2455745.68601 16.352 0.007 5.06 390.0
2455745.72438 16.352 0.006 4.50 373.0
2455745.76254 16.332 0.008 5.94 364.0
2455745.80048 16.335 0.009 7.12 397.0
2455746.54344 16.369 0.008 7.11 593.0
2455746.59707 16.349 0.007 5.19 375.0
2455746.63495 16.353 0.007 6.45 354.0
2455746.70362 16.356 0.008 6.26 354.0
2455746.74138 16.362 0.007 5.50 363.0
2455746.77898 16.343 0.008 6.22 413.0
2455746.82140 16.316 0.010 7.62 417.0
2455747.59841 16.359 0.010 7.72 455.0
2455747.64183 16.343 0.009 7.53 368.0
2455747.68832 16.339 0.010 8.28 392.0
2455747.73149 16.333 0.009 7.39 375.0
2455747.77566 16.334 0.008 6.62 401.0
2455748.61748 16.377 0.008 6.21 474.0
2455748.66892 16.338 0.006 5.36 408.0
2455749.51298 16.334 0.009 6.94 508.0
2455749.55058 16.344 0.008 6.15 423.0
2455749.58838 16.341 0.007 5.58 383.0
2455749.62841 16.348 0.007 5.18 386.0
2455749.67872 16.351 0.009 6.95 353.0
2455749.71728 16.326 0.007 6.11 361.0
2455749.75550 16.340 0.008 6.44 371.0
2455749.79504 16.348 0.009 7.37 391.0
2455752.55708 16.338 0.009 6.49 530.0
2455752.60113 16.360 0.010 7.60 672.0
2455752.65139 16.343 0.008 5.45 555.0
2455752.70171 16.334 0.007 5.29 507.0
2455752.74748 16.325 0.007 4.85 520.0
2455753.48397 16.377 0.015 7.63 2274.0
2455753.53743 16.344 0.009 6.54 822.0
2455753.58585 16.332 0.010 6.28 1424.0
2455753.64241 16.334 0.009 5.59 1563.0
2455753.73739 16.319 0.012 6.77 2020.0
2455759.81956 16.353 0.010 6.72 813.0
2455760.47792 16.372 0.011 7.76 640.0
2455760.51557 16.357 0.009 6.84 479.0
2455760.57204 16.346 0.009 6.51 525.0
2455760.62399 16.352 0.008 5.64 529.0
2455760.67168 16.347 0.007 5.44 502.0
2455760.72312 16.344 0.008 5.51 555.0
2455760.76138 16.349 0.007 5.09 542.0
2455760.79907 16.350 0.007 4.88 619.0
2455761.53407 16.346 0.004 4.36 351.0
2455761.59057 16.323 0.005 3.80 682.0
2455762.49914 16.346 0.008 5.58 414.0
2455762.53738 16.365 0.007 4.71 407.0
2455762.57531 16.364 0.008 5.39 422.0
2455762.61691 16.337 0.008 6.16 425.0
2455762.65618 16.339 0.008 6.09 412.0
2455762.69343 16.348 0.007 5.11 419.0
2455762.73166 16.335 0.008 5.51 472.0
2455763.48724 16.353 0.007 5.15 487.0
2455763.53185 16.343 0.006 3.83 430.0
2455763.57331 16.346 0.006 3.98 383.0
2455763.67371 16.326 0.007 6.13 422.0
2455763.72140 16.357 0.007 4.71 492.0
2455763.75910 16.351 0.007 5.10 570.0
2455764.49690 16.342 0.007 5.01 453.0
2455764.53650 16.350 0.006 4.31 425.0
2455764.57644 16.351 0.007 4.92 439.0
2455764.62565 16.355 0.006 4.35 361.0
2455764.66717 16.366 0.006 4.58 327.0
2455764.71512 16.359 0.006 4.11 398.0
2455764.78298 16.328 0.007 4.89 467.0
2455765.49513 16.330 0.007 4.70 502.0
2455765.53832 16.334 0.007 4.96 515.0
2455765.60091 16.339 0.006 3.75 447.0
2455765.64728 16.331 0.006 4.21 430.0
2455765.69041 16.337 0.007 4.99 448.0
2455765.73811 16.344 0.007 5.36 406.0
2455766.46834 16.344 0.008 5.23 711.0
2455766.50703 16.352 0.007 4.99 373.0
2455766.56139 16.337 0.007 5.98 366.0
2455766.61108 16.343 0.006 4.61 354.0
2455766.65191 16.335 0.006 4.40 344.0
2455766.69338 16.344 0.007 5.06 340.0
2455766.73682 16.333 0.008 6.39 355.0
2455767.48396 16.347 0.008 5.81 461.0
2455767.52860 16.329 0.008 5.83 438.0
2455767.57152 16.361 0.007 4.84 428.0
2455767.63211 16.333 0.007 6.18 422.0
2455767.69604 16.333 0.007 5.09 423.0
2455767.73840 16.333 0.007 5.38 395.0
2455767.77966 16.353 0.009 6.51 438.0
2455768.47356 16.344 0.008 6.14 497.0
2455768.51389 16.346 0.007 5.20 408.0
2455768.57423 16.350 0.006 4.71 425.0
2455768.61702 16.351 0.007 5.00 397.0
2455768.66369 16.332 0.006 4.67 369.0
2455768.71386 16.338 0.006 4.14 384.0
2455768.75413 16.342 0.006 4.73 437.0
2455768.79282 16.355 0.007 5.03 507.0
2455769.49901 16.354 0.007 5.32 458.0
2455769.54019 16.340 0.006 4.43 369.0
2455769.59531 16.335 0.007 5.71 346.0
2455769.66265 16.343 0.006 4.35 340.0
2455769.71216 16.355 0.006 4.21 375.0
2455769.75450 16.342 0.007 4.64 387.0
2455770.65505 16.333 0.008 6.40 401.0
2455770.73975 16.340 0.007 4.57 403.0
2455775.55422 16.353 0.009 6.44 370.0
2455775.62102 16.349 0.009 6.70 356.0
2455776.52628 16.332 0.010 7.34 435.0
2455776.58756 16.320 0.009 7.44 422.0
2455776.63410 16.339 0.008 6.34 350.0
2455776.70229 16.332 0.007 5.68 369.0
2455776.75052 16.316 0.010 7.86 432.0
2455777.50656 16.349 0.006 4.08 427.0
2455777.55655 16.341 0.006 4.23 381.0
2455777.63267 16.347 0.006 4.96 372.0
2455777.69300 16.344 0.006 4.33 368.0
2455777.75765 16.351 0.006 4.09 400.0
2455778.49023 16.336 0.010 6.93 525.0
2455778.54228 16.327 0.009 6.73 491.0
2455778.59447 16.333 0.008 6.02 546.0
2455779.58260 16.358 0.006 4.39 387.0
2455779.62815 16.346 0.006 4.15 364.0
2455779.68238 16.335 0.008 5.85 405.0
2455779.72337 16.356 0.007 4.94 398.0
2455784.51276 16.350 0.011 4.51 2745.0
2455784.59897 16.348 0.007 4.49 671.0
2455784.71445 16.336 0.012 5.04 2610.0
2455785.48789 16.335 0.009 6.13 656.0
2455785.55935 16.367 0.009 5.98 683.0
2455785.60997 16.377 0.009 5.96 650.0
2455785.65440 16.351 0.008 5.47 659.0
2455785.69669 16.358 0.008 5.71 696.0
2455786.47713 16.349 0.010 6.25 761.0
2455786.55389 16.361 0.010 6.61 679.0
2455786.59828 16.350 0.007 4.52 589.0
2455786.64133 16.348 0.007 4.57 599.0
2455786.69520 16.352 0.008 5.13 672.0
2455786.74223 16.310 0.010 6.29 809.0
2455787.51854 16.324 0.007 5.22 586.0
2455787.57702 16.344 0.007 4.78 556.0
2455787.61977 16.339 0.006 3.96 565.0
2455787.66055 16.344 0.007 4.48 601.0
2455787.70346 16.345 0.007 4.45 663.0
2455788.47220 16.353 0.009 6.23 681.0
2455788.52760 16.331 0.007 5.08 495.0
2455788.58180 16.357 0.007 4.97 515.0
2455788.62012 16.340 0.007 4.63 518.0
2455788.66276 16.316 0.008 5.71 549.0
2455788.70644 16.351 0.011 7.52 641.0
2455788.74419 16.319 0.010 7.12 747.0
2455790.50792 16.334 0.008 6.39 378.0
2455790.55986 16.342 0.010 7.64 431.0
2455790.60056 16.324 0.008 6.70 426.0
2455790.63947 16.344 0.008 5.87 436.0
2455790.68058 16.361 0.007 5.33 579.0
2455790.72073 16.347 0.007 5.56 509.0
2455791.48847 16.329 0.008 5.68 435.0
2455791.56707 16.345 0.006 4.89 409.0
2455793.48942 16.324 0.007 5.68 407.0
2455793.55481 16.346 0.007 5.57 375.0
2455793.59453 16.345 0.007 5.88 380.0
2455793.63567 16.335 0.007 5.53 384.0
2455793.67491 16.346 0.007 5.06 407.0
2455793.71520 16.338 0.008 6.25 470.0
2455794.49230 16.356 0.008 5.92 398.0
2455794.56027 16.344 0.008 6.32 355.0
2455794.60189 16.326 0.007 5.94 371.0
2455794.64295 16.332 0.007 5.58 390.0
2455794.68851 16.352 0.006 4.88 442.0
2455795.53984 16.355 0.009 6.79 391.0
2455795.60970 16.354 0.011 8.30 415.0
2455795.69665 16.336 0.008 5.67 407.0
2455795.73367 16.333 0.008 6.17 413.0
2455796.51392 16.350 0.006 4.88 401.0
2455796.58350 16.349 0.008 6.75 421.0
2455796.62260 16.347 0.007 5.12 378.0
2455796.66389 16.345 0.007 5.62 371.0
2455796.70534 16.318 0.009 7.14 514.0
2455798.68635 16.347 0.010 7.68 429.0
2455801.50434 16.363 0.007 4.87 376.0
2455801.55731 16.328 0.008 6.31 365.0
2455801.59636 16.339 0.008 6.67 362.0
2455801.63433 16.347 0.010 7.54 397.0
2455801.67590 16.349 0.009 6.89 411.0
2455802.54632 16.342 0.008 6.39 384.0
2455802.59010 16.323 0.008 6.78 386.0
2455803.52275 16.342 0.008 6.35 403.0
2455803.60701 16.334 0.008 6.57 442.0
2455804.53023 16.349 0.007 5.41 386.0
2455804.56849 16.343 0.006 4.80 374.0
2455804.60885 16.357 0.007 5.15 370.0
2455804.64678 16.330 0.007 5.73 434.0
2455804.69076 16.353 0.007 5.44 499.0
2455805.53077 16.331 0.006 4.79 368.0
2455805.56915 16.354 0.006 4.06 356.0
2455805.61016 16.336 0.007 5.50 407.0
2455805.65856 16.368 0.008 6.39 461.0
2455806.52436 16.336 0.009 6.16 469.0
2455806.59476 16.346 0.009 6.23 436.0
2455807.56469 16.377 0.009 6.42 389.0
2455807.60702 16.336 0.009 6.86 429.0
2455807.64676 16.358 0.008 5.91 398.0
2455812.50983 16.350 0.011 6.89 690.0
2455812.55013 16.329 0.009 6.10 708.0
2455812.58951 16.340 0.010 5.92 946.0
2455812.63211 16.354 0.011 5.33 1753.0
2455812.66763 16.314 0.014 6.84 1962.0
2455813.52144 16.335 0.008 6.26 576.0
2455813.56348 16.338 0.006 4.08 590.0
2455813.60171 16.345 0.006 3.84 622.0
2455813.63947 16.356 0.007 4.60 662.0
2455815.50016 16.367 0.007 4.69 506.0
2455815.54280 16.339 0.006 4.45 526.0
2455815.59029 16.337 0.006 4.33 571.0
2455815.62815 16.354 0.006 3.46 640.0
2455815.66457 16.327 0.006 3.64 729.0
2455816.51406 16.350 0.006 4.36 559.0
2455816.56151 16.347 0.007 4.67 609.0
2455816.59971 16.347 0.009 6.00 632.0
2455816.64038 16.318 0.010 7.33 651.0
2455817.51525 16.332 0.007 4.48 510.0
2455817.56250 16.340 0.008 5.06 543.0
2455817.60167 16.333 0.009 6.51 518.0
2455817.64138 16.339 0.009 6.76 622.0
2455818.50609 16.328 0.007 5.38 479.0
2455818.54397 16.331 0.007 4.94 538.0
2455818.58191 16.339 0.009 6.38 569.0
2455818.62238 16.346 0.009 6.11 674.0
2455819.49437 16.350 0.007 5.54 476.0
2455819.55263 16.366 0.007 5.14 537.0
2455819.59011 16.341 0.007 4.62 565.0
2455819.62942 16.337 0.007 4.71 631.0
2455820.48296 16.346 0.010 7.17 585.0
2455820.52120 16.341 0.008 6.04 501.0
2455820.56826 16.350 0.008 5.40 491.0
2455820.60610 16.338 0.008 4.72 559.0
2455820.64400 16.345 0.008 5.66 633.0
2455822.52528 16.368 0.009 6.83 382.0
2455822.57026 16.351 0.008 6.32 385.0
2455822.61374 16.334 0.007 5.28 409.0
2455823.50186 16.354 0.010 7.04 449.0
2455823.54518 16.349 0.009 6.89 454.0
2455823.58869 16.366 0.008 5.77 466.0
2455823.62919 16.358 0.009 6.39 499.0
2455824.52752 16.353 0.007 5.11 420.0
2455824.56675 16.341 0.006 4.16 393.0
2455824.60798 16.333 0.007 5.46 430.0
2455825.48751 16.331 0.009 6.55 510.0
2455825.53707 16.320 0.008 5.37 473.0
2455825.58342 16.343 0.007 4.68 488.0
2455825.62576 16.338 0.007 5.55 457.0
2455826.50657 16.356 0.009 6.34 434.0
2455826.55524 16.326 0.008 5.54 461.0
2455826.59475 16.305 0.009 5.91 526.0
2455827.49497 16.357 0.010 6.82 539.0
2455827.53265 16.350 0.009 6.00 551.0
2455827.57549 16.350 0.008 5.77 553.0
2455827.61306 16.326 0.009 6.27 512.0
2455828.50612 16.331 0.007 5.19 398.0
2455828.54603 16.336 0.007 4.54 404.0
2455828.58365 16.335 0.007 4.67 436.0
2455828.61840 16.361 0.007 4.56 515.0
2455829.51888 16.340 0.007 4.84 478.0
2455829.55681 16.336 0.006 4.23 481.0
2455829.59507 16.337 0.006 5.09 464.0
2455830.48274 16.363 0.007 4.47 558.0
2455830.53203 16.340 0.006 4.58 415.0
2455830.56970 16.338 0.007 5.33 436.0
2455831.48026 16.350 0.008 4.25 1287.0
2455831.53882 16.345 0.006 4.70 422.0
2455831.57626 16.331 0.007 5.35 431.0
2455831.61195 16.349 0.008 6.94 504.0
2455832.52224 16.327 0.006 4.54 458.0
2455832.56185 16.333 0.007 5.14 490.0
2455832.60009 16.313 0.009 6.87 520.0
2455833.52014 16.354 0.007 4.43 434.0
2455833.55967 16.341 0.007 4.94 420.0
2455833.59761 16.324 0.008 6.23 464.0
2455834.51934 16.350 0.006 4.20 417.0
2455834.55710 16.338 0.006 4.56 416.0
2455834.59329 16.309 0.007 5.55 441.0
2455835.54050 16.341 0.010 6.52 505.0
2455836.50291 16.347 0.010 5.98 1059.0
2455836.53612 16.337 0.009 4.71 1096.0
2455836.56796 16.336 0.010 5.96 1206.0
2455839.48577 16.353 0.010 6.35 852.0
2455839.52568 16.361 0.009 6.24 620.0
2455839.56462 16.358 0.009 5.58 1028.0
2455839.59499 16.288 0.011 5.99 1801.0
2455840.51564 16.344 0.008 5.60 576.0
2455840.56664 16.356 0.007 4.57 626.0
2455840.60845 16.341 0.008 4.99 705.0
2455841.51177 16.360 0.009 6.32 654.0
2455841.55141 16.356 0.009 5.80 690.0
2455841.59440 16.338 0.009 6.06 757.0
2455842.51376 16.376 0.011 7.22 616.0
2455842.55791 16.354 0.010 6.45 652.0
2455842.59833 16.341 0.010 6.82 762.0
2455843.51535 16.350 0.008 6.06 586.0
2455843.55618 16.340 0.009 6.37 600.0
2455843.59668 16.311 0.010 7.06 672.0
2455844.49966 16.343 0.008 5.74 608.0
2455844.53912 16.359 0.008 5.71 631.0
2455844.57989 16.356 0.010 6.51 728.0
2455845.50002 16.351 0.010 7.29 616.0
2455845.53987 16.362 0.009 5.94 710.0
2455845.58018 16.357 0.012 7.44 861.0
2455846.50386 16.368 0.010 6.51 743.0
2455846.54188 16.329 0.010 6.35 814.0
2455846.58070 16.359 0.012 7.31 985.0
2455850.51457 16.354 0.007 5.40 527.0
2455850.55320 16.338 0.008 5.68 517.0
2455851.50350 16.341 0.007 5.62 472.0
2455851.54185 16.352 0.008 5.65 476.0
2455852.49136 16.307 0.010 6.40 914.0
2455852.53133 16.360 0.010 6.07 709.0
2455854.49488 16.377 0.010 6.34 817.0
2455854.53809 16.372 0.008 5.14 632.0
2455855.52390 16.352 0.009 5.38 658.0
2455855.55186 16.323 0.008 5.73 637.0
2455856.52390 16.355 0.009 6.04 614.0
2455857.49427 16.334 0.012 8.11 888.0
2455858.49630 16.358 0.012 7.97 755.0
2455859.49505 16.324 0.011 6.49 1110.0
2455859.53248 16.340 0.008 5.64 596.0
2455860.50858 16.342 0.008 5.49 578.0
2455861.49692 16.336 0.009 5.61 987.0
2455861.53237 16.332 0.008 5.94 623.0
2455862.51660 16.330 0.008 5.54 505.0
2455866.51063 16.308 0.010 6.49 923.0
2455867.51381 16.324 0.007 4.98 677.0
2455868.51516 16.328 0.010 6.27 744.0
2455869.50608 16.362 0.012 6.92 923.0
2455870.51072 16.325 0.007 4.92 865.0
2455872.49928 16.297 0.010 5.26 1911.0
2455873.50046 16.286 0.010 4.91 1632.0
2455961.87870 16.335 0.008 5.84 845.0
2455969.88731 16.326 0.008 5.95 922.0
2455971.86166 16.330 0.006 5.33 533.0
2455972.87730 16.322 0.007 4.99 1002.0
2455976.86712 16.326 0.006 5.34 387.0
2455977.82522 16.326 0.007 5.73 529.0
2455977.86603 16.305 0.006 4.84 476.0
2455978.83807 16.326 0.007 6.09 421.0
2455978.87655 16.327 0.006 5.25 397.0
2455979.82890 16.300 0.007 6.72 475.0
2455979.86837 16.323 0.008 6.42 436.0
2455980.84986 16.336 0.008 7.19 469.0
2455982.81562 16.315 0.007 5.76 426.0
2455982.85429 16.309 0.006 5.34 363.0
2455982.90155 16.317 0.008 4.65 1071.0
2455983.84606 16.324 0.007 5.53 423.0
2455983.89361 16.316 0.005 3.61 416.0
2455984.83637 16.325 0.006 5.08 386.0
2455984.88370 16.316 0.006 3.65 376.0
2455985.81197 16.336 0.007 5.96 479.0
2455985.85862 16.330 0.007 5.46 428.0
2455985.90214 16.294 0.007 4.71 886.0
2455986.82861 16.326 0.007 5.55 463.0
2455986.86698 16.308 0.006 4.65 398.0
2455987.80802 16.329 0.008 6.65 507.0
2455987.84343 16.335 0.006 5.07 438.0
2455987.89284 16.307 0.006 4.34 402.0
2455988.81949 16.310 0.007 6.06 450.0
2455988.86044 16.330 0.006 4.67 431.0
2455989.80350 16.331 0.008 7.09 385.0
2455989.83808 16.313 0.007 5.51 358.0
2455989.87992 16.311 0.007 6.26 339.0
2455990.79776 16.333 0.008 6.88 390.0
2455990.83447 16.316 0.006 5.15 372.0
2455990.87593 16.312 0.007 5.60 367.0
2455991.80814 16.340 0.010 7.52 519.0
2455991.85101 16.323 0.007 5.53 366.0
2455991.90254 16.312 0.006 4.21 499.0
2455992.82608 16.318 0.006 4.87 521.0
2455992.86818 16.331 0.006 4.32 382.0
2455993.78702 16.323 0.010 7.27 623.0
2455993.83361 16.306 0.009 6.84 516.0
2455993.87348 16.305 0.007 5.37 455.0
2455994.80249 16.313 0.007 4.54 764.0
2455994.82785 16.316 0.006 4.39 656.0
2455994.87857 16.308 0.007 4.72 569.0
2455995.78130 16.299 0.006 4.47 718.0
2455995.81050 16.309 0.006 4.19 633.0
2455995.84368 16.318 0.006 4.04 561.0
2455995.89281 16.323 0.006 4.36 494.0
2455996.79728 16.309 0.006 4.47 571.0
2455996.83485 16.307 0.006 4.47 523.0
2455996.88160 16.311 0.005 3.43 448.0
2455997.79271 16.298 0.007 6.16 555.0
2455997.82870 16.319 0.006 4.91 500.0
2455997.87706 16.313 0.006 4.37 474.0
2455997.91478 16.305 0.008 3.96 2203.0
2455998.80457 16.313 0.006 4.68 550.0
2455998.85354 16.300 0.006 4.59 478.0
2455998.89483 16.307 0.006 4.14 471.0
2455999.83797 16.318 0.006 4.39 528.0
2455999.87589 16.308 0.006 4.21 470.0
2455999.91389 16.299 0.006 3.70 894.0
2456002.81056 16.310 0.008 4.66 1244.0
2456002.84050 16.342 0.008 4.21 1232.0
2456002.88120 16.323 0.008 4.30 1175.0
2456003.86231 16.301 0.008 6.28 474.0
2456004.75669 16.325 0.008 6.44 501.0
2456004.79502 16.296 0.007 5.97 443.0
2456004.85286 16.313 0.007 5.26 423.0
2456004.89052 16.321 0.006 4.39 394.0
2456005.75827 16.318 0.007 6.15 396.0
2456005.79932 16.302 0.006 4.58 345.0
2456005.84787 16.306 0.006 4.71 372.0
2456005.90464 16.301 0.005 3.10 357.0
2456006.77003 16.313 0.006 4.87 359.0
2456006.82291 16.312 0.005 4.17 331.0
2456006.87384 16.302 0.006 4.04 337.0
2456006.91149 16.302 0.006 4.15 430.0
2456007.76700 16.304 0.006 4.74 347.0
2456007.81439 16.319 0.006 4.01 336.0
2456007.86243 16.317 0.006 4.46 313.0
2456007.90043 16.307 0.005 4.33 356.0
2456008.75906 16.291 0.006 5.42 429.0
2456008.79793 16.304 0.006 5.28 367.0
2456008.85454 16.314 0.007 6.14 376.0
2456008.89376 16.308 0.007 5.61 359.0
2456009.75043 16.297 0.006 5.13 444.0
2456009.78632 16.297 0.005 4.17 399.0
2456009.84384 16.306 0.006 3.95 421.0
2456009.88165 16.303 0.005 3.94 384.0
2456009.91950 16.276 0.007 3.57 1455.0
2456010.76479 16.295 0.006 4.96 499.0
2456010.81389 16.315 0.006 4.56 381.0
2456010.86384 16.288 0.005 3.71 365.0
2456010.90146 16.303 0.005 3.78 349.0
2456011.74371 16.307 0.007 5.64 448.0
2456011.79397 16.313 0.006 4.79 356.0
2456011.86935 16.284 0.007 4.21 775.0
2456011.90764 16.300 0.007 4.16 830.0
2456012.74943 16.292 0.007 5.99 346.0
2456012.79581 16.305 0.006 4.87 323.0
2456012.84517 16.298 0.005 4.27 305.0
2456012.89225 16.293 0.005 3.47 289.0
2456013.75147 16.315 0.007 5.92 347.0
2456013.78924 16.282 0.005 4.53 311.0
2456013.83033 16.282 0.005 4.47 315.0
2456013.89143 16.300 0.005 4.20 314.0
2456014.72713 16.305 0.007 5.83 398.0
2456014.76620 16.302 0.006 4.45 361.0
2456014.80445 16.286 0.005 4.21 335.0
2456014.86460 16.284 0.006 5.00 315.0
2456014.90389 16.308 0.007 5.30 333.0
2456015.74324 16.295 0.006 5.02 384.0
2456015.78269 16.289 0.005 4.15 326.0
2456015.82140 16.284 0.005 3.74 312.0
2456015.87055 16.290 0.005 3.64 310.0
2456015.91250 16.313 0.006 3.85 379.0
2456016.76273 16.298 0.005 3.92 367.0
2456016.80309 16.289 0.005 3.82 347.0
2456016.86585 16.293 0.005 4.00 346.0
2456016.90623 16.289 0.005 3.73 349.0
2456017.73805 16.306 0.006 4.99 381.0
2456017.77619 16.294 0.005 3.83 348.0
2456017.81450 16.282 0.005 3.56 323.0
2456017.87295 16.292 0.005 3.76 296.0
2456017.91310 16.288 0.005 3.99 351.0
2456018.76456 16.265 0.007 6.41 337.0
2456018.80344 16.285 0.007 5.82 323.0
2456018.84332 16.282 0.005 3.74 317.0
2456018.90838 16.286 0.005 3.88 315.0
2456019.73160 16.292 0.007 5.51 432.0
2456019.77014 16.291 0.006 4.84 366.0
2456019.82875 16.290 0.007 5.64 339.0
2456019.86666 16.296 0.005 3.64 327.0
2456019.90516 16.289 0.005 4.28 327.0
2456020.72361 16.292 0.006 5.32 430.0
2456020.76214 16.265 0.005 4.24 384.0
2456020.81829 16.281 0.005 3.97 313.0
2456020.85707 16.285 0.005 3.85 308.0
2456020.89648 16.290 0.007 5.99 346.0
2456021.70812 16.299 0.008 6.21 549.0
2456021.74486 16.286 0.006 5.16 479.0
2456021.78388 16.270 0.005 4.26 423.0
2456021.82251 16.276 0.005 4.02 387.0
2456021.88084 16.277 0.006 4.45 351.0
2456021.92131 16.292 0.006 4.57 640.0
2456022.73241 16.287 0.006 5.06 557.0
2456022.77069 16.294 0.006 4.39 467.0
2456022.80894 16.286 0.005 4.02 461.0
2456022.86645 16.303 0.006 4.30 431.0
2456022.90852 16.289 0.005 4.28 363.0
2456023.72644 16.307 0.007 5.50 629.0
2456023.76635 16.283 0.006 4.16 567.0
2456023.80695 16.283 0.007 5.14 527.0
2456023.84708 16.281 0.006 3.71 510.0
2456023.91158 16.278 0.006 4.46 522.0
2456024.71202 16.291 0.007 5.54 770.0
2456024.75229 16.279 0.006 4.77 617.0
2456024.79135 16.282 0.007 5.13 580.0
2456024.85381 16.277 0.006 3.72 541.0
2456024.90364 16.281 0.006 4.17 597.0
2456025.70965 16.251 0.008 6.14 728.0
2456025.75012 16.306 0.007 5.52 644.0
2456025.78992 16.287 0.007 5.47 576.0
2456025.84318 16.293 0.007 5.06 572.0
2456025.89470 16.266 0.006 4.66 554.0
2456026.72326 16.286 0.014 7.31 2445.0
2456029.83437 16.264 0.007 4.17 1673.0
2456029.88853 16.255 0.006 4.50 529.0
2456031.75171 16.261 0.007 6.06 392.0
2456031.79159 16.275 0.006 4.84 407.0
2456031.83113 16.257 0.007 5.33 435.0
2456031.87242 16.245 0.006 5.27 461.0
2456031.93334 16.283 0.010 5.99 1563.0
2456032.70983 16.261 0.006 5.22 484.0
2456032.74790 16.267 0.005 4.41 411.0
2456032.80594 16.257 0.005 4.47 377.0
2456032.84682 16.275 0.006 4.40 366.0
2456032.88835 16.268 0.005 3.84 365.0
2456032.92847 16.261 0.007 4.45 1062.0
2456033.72485 16.259 0.007 5.89 396.0
2456033.76996 16.262 0.006 5.31 386.0
2456033.84098 16.243 0.007 6.46 404.0
2456033.87994 16.277 0.006 4.55 394.0
2456033.92144 16.257 0.007 5.87 494.0
2456034.71989 16.264 0.005 4.50 366.0
2456034.76762 16.264 0.005 4.14 362.0
2456034.82306 16.262 0.005 3.97 348.0
2456034.91260 16.237 0.006 4.34 387.0
2456035.85148 16.265 0.006 4.17 408.0
2456035.92079 16.251 0.006 4.67 431.0
2456036.71286 16.245 0.006 5.00 358.0
2456036.75702 16.257 0.005 4.00 371.0
2456036.83317 16.247 0.005 3.36 359.0
2456036.87907 16.251 0.005 3.68 408.0
2456036.93484 16.249 0.007 4.42 1298.0
2456037.74133 16.249 0.006 5.38 385.0
2456037.78214 16.244 0.006 5.00 387.0
2456037.85123 16.246 0.006 4.52 434.0
2456037.89536 16.264 0.006 4.26 516.0
2456038.70928 16.246 0.007 6.56 366.0
2456038.75121 16.236 0.006 5.57 351.0
2456038.80077 16.260 0.006 4.77 357.0
2456038.85691 16.242 0.006 4.34 404.0
2456038.90062 16.241 0.006 4.93 400.0
2456039.73169 16.261 0.007 5.96 404.0
2456039.77490 16.232 0.006 5.52 385.0
2456039.82909 16.250 0.007 5.68 398.0
2456039.88065 16.241 0.006 5.11 438.0
2456039.92194 16.246 0.006 4.13 486.0
2456040.74964 16.268 0.006 5.59 369.0
2456040.79160 16.236 0.006 4.80 387.0
2456040.84275 16.250 0.006 4.56 414.0
2456040.89602 16.239 0.006 4.83 429.0
2456040.93410 16.237 0.009 5.35 1713.0
2456041.74119 16.230 0.006 6.16 399.0
2456041.78665 16.253 0.006 4.83 406.0
2456041.83568 16.253 0.006 4.79 416.0
2456041.88913 16.239 0.005 3.60 447.0
2456041.92742 16.236 0.006 4.38 556.0
2456045.92139 16.240 0.006 4.56 496.0
2456046.89343 16.237 0.006 4.63 413.0
2456046.93233 16.230 0.006 4.37 605.0
2456047.70683 16.231 0.007 6.09 397.0
2456047.74575 16.214 0.005 4.29 366.0
2456047.78479 16.225 0.005 3.68 383.0
2456047.84542 16.235 0.006 4.46 431.0
2456047.89827 16.238 0.006 4.95 478.0
2456048.68409 16.226 0.006 3.91 493.0
2456048.72322 16.223 0.006 4.10 415.0
2456048.77540 16.231 0.006 4.30 333.0
2456048.82554 16.227 0.006 4.96 332.0
2456048.86958 16.228 0.006 5.19 341.0
2456048.91426 16.245 0.006 4.45 374.0
2456049.69309 16.222 0.006 4.47 460.0
2456049.74592 16.219 0.005 3.68 432.0
2456049.80504 16.212 0.005 3.14 374.0
2456049.84502 16.227 0.005 4.02 405.0
2456049.88671 16.214 0.005 4.12 410.0
2456049.92592 16.225 0.005 4.33 466.0
2456050.68190 16.219 0.006 4.95 482.0
2456050.72115 16.221 0.006 4.84 463.0
2456050.79081 16.214 0.006 4.73 472.0
2456050.83110 16.197 0.005 4.30 483.0
2456050.87021 16.217 0.005 4.17 456.0
2456050.90894 16.203 0.006 4.78 490.0
2456051.65440 16.202 0.006 5.23 610.0
2456051.74049 16.198 0.006 4.69 493.0
2456052.66661 16.226 0.007 4.80 757.0
2456052.70469 16.221 0.007 5.18 638.0
2456052.76227 16.204 0.006 4.64 582.0
2456052.80141 16.204 0.006 4.34 577.0
2456052.84188 16.217 0.006 4.67 655.0
2456052.88154 16.223 0.006 4.30 641.0
2456052.91992 16.222 0.006 4.73 645.0
2456053.65782 16.210 0.008 5.70 1116.0
2456053.69819 16.204 0.008 5.33 922.0
2456053.73593 16.182 0.005 3.47 810.0
2456053.79331 16.196 0.005 2.97 744.0
2456053.84660 16.205 0.006 4.08 784.0
2456053.88999 16.201 0.006 4.32 799.0
2456053.92904 16.213 0.006 4.07 947.0
2456054.88740 16.193 0.006 3.62 1306.0
2456057.67869 16.183 0.008 5.08 1609.0
2456057.74071 16.192 0.009 5.52 1472.0
2456057.77396 16.213 0.007 4.24 1505.0
2456057.81165 16.213 0.007 3.98 1563.0
2456057.83900 16.187 0.007 4.23 1171.0
2456057.87191 16.181 0.006 4.06 1144.0
2456057.90332 16.186 0.007 3.90 1565.0
2456057.91835 16.189 0.007 3.87 1645.0
2456057.93660 16.191 0.007 3.72 1889.0
2456058.70455 16.186 0.006 5.50 429.0
2456058.74414 16.199 0.006 4.77 443.0
2456058.78403 16.184 0.005 4.22 434.0
2456058.83404 16.207 0.006 5.55 443.0
2456058.87480 16.190 0.006 4.35 469.0
2456058.91471 16.155 0.006 4.70 515.0
2456059.68241 16.175 0.006 5.46 388.0
2456059.72084 16.178 0.006 5.22 390.0
2456059.75908 16.201 0.006 5.71 391.0
2456059.80892 16.167 0.005 4.16 409.0
2456059.85822 16.185 0.005 3.85 422.0
2456059.89717 16.181 0.005 3.84 436.0
2456059.93624 16.198 0.006 4.61 666.0
2456060.80944 16.187 0.006 5.22 401.0
2456061.69757 16.176 0.006 5.53 417.0
2456061.73637 16.189 0.006 4.80 425.0
2456061.79730 16.180 0.005 4.11 420.0
2456061.83735 16.176 0.005 4.08 426.0
2456061.87523 16.166 0.006 5.26 471.0
2456061.91403 16.173 0.006 5.36 525.0
2456062.65346 16.193 0.007 6.48 479.0
2456062.69546 16.183 0.006 5.57 472.0
2456062.73491 16.176 0.006 5.26 506.0
2456062.77337 16.174 0.006 4.61 520.0
2456062.83562 16.170 0.005 4.33 494.0
2456062.87427 16.165 0.005 4.11 546.0
2456062.91229 16.169 0.006 4.61 636.0
2456063.74382 16.169 0.009 7.96 385.0
2456063.80485 16.174 0.007 6.82 375.0
2456063.84341 16.169 0.007 6.03 394.0
2456063.90110 16.167 0.005 4.27 498.0
2456063.93962 16.138 0.007 4.96 1152.0
2456064.72754 16.164 0.005 4.25 374.0
2456064.77604 16.150 0.004 3.13 398.0
2456064.83040 16.159 0.005 4.02 438.0
2456064.87041 16.153 0.005 4.60 465.0
2456064.91239 16.159 0.006 5.76 505.0
2456065.62029 16.145 0.006 4.83 481.0
2456065.66056 16.178 0.006 4.88 392.0
2456065.69914 16.164 0.005 4.52 335.0
2456065.74726 16.167 0.005 4.06 379.0
2456065.80094 16.168 0.006 4.87 448.0
2456065.84011 16.170 0.005 4.45 492.0
2456066.62522 16.156 0.005 4.83 433.0
2456066.66302 16.158 0.005 4.45 407.0
2456066.70110 16.163 0.005 4.58 399.0
2456066.75117 16.167 0.005 3.99 405.0
2456066.80490 16.150 0.005 4.84 422.0
2456066.84612 16.147 0.005 4.61 446.0
2456066.88642 16.165 0.005 3.61 463.0
2456066.92465 16.152 0.005 3.74 487.0
2456067.60938 16.155 0.005 4.53 392.0
2456067.64980 16.153 0.005 4.40 380.0
2456067.68799 16.160 0.005 4.45 370.0
2456067.72647 16.157 0.005 4.08 383.0
2456067.77628 16.162 0.005 4.54 398.0
2456067.82710 16.146 0.005 4.02 381.0
2456067.86602 16.145 0.005 3.70 445.0
2456067.90403 16.150 0.005 3.45 489.0
2456067.94177 16.132 0.006 3.43 1450.0
2456068.60163 16.154 0.006 5.17 490.0
2456068.61383 16.150 0.006 4.96 444.0
2456068.62326 16.156 0.005 5.03 439.0
2456068.63777 16.157 0.005 4.69 426.0
2456068.65677 16.151 0.005 4.39 391.0
2456068.67239 16.136 0.005 3.93 403.0
2456068.69104 16.158 0.005 3.97 381.0
2456068.70501 16.155 0.005 4.36 367.0
2456068.71924 16.151 0.005 4.43 343.0
2456068.73522 16.154 0.005 4.39 320.0
2456068.75656 16.148 0.005 4.17 336.0
2456068.80186 16.144 0.005 3.60 356.0
2456068.82627 16.147 0.005 3.50 369.0
2456068.85633 16.165 0.005 3.53 427.0
2456068.86922 16.147 0.005 3.52 433.0
2456068.87765 16.155 0.005 3.60 461.0
2456068.90769 16.130 0.005 3.46 533.0
2456068.94187 16.144 0.006 4.92 887.0
2456069.63376 16.135 0.006 5.85 355.0
2456069.69023 16.145 0.004 4.31 366.0
2456069.73199 16.135 0.005 4.48 345.0
2456069.78489 16.149 0.004 3.92 361.0
2456069.84059 16.143 0.005 3.64 350.0
2456069.88117 16.139 0.005 3.40 365.0
2456069.91941 16.140 0.004 3.32 411.0
2456070.60136 16.140 0.007 6.27 420.0
2456070.63959 16.144 0.007 6.18 419.0
2456070.67942 16.154 0.005 4.52 371.0
2456070.71777 16.145 0.005 4.79 363.0
2456070.76609 16.141 0.005 4.49 346.0
2456070.81645 16.134 0.005 4.40 378.0
2456070.85626 16.127 0.005 4.53 395.0
2456070.89483 16.137 0.006 4.67 394.0
2456070.93394 16.137 0.005 4.38 435.0
2456071.60160 16.138 0.006 5.42 377.0
2456071.68049 16.144 0.006 5.80 329.0
2456071.71916 16.128 0.005 4.64 328.0
2456071.76707 16.137 0.005 4.59 356.0
2456071.82088 16.127 0.005 5.08 368.0
2456071.86015 16.117 0.006 5.27 390.0
2456071.89850 16.117 0.005 4.87 399.0
2456071.93602 16.133 0.007 6.11 508.0
2456075.59398 16.116 0.005 4.12 386.0
2456075.63334 16.114 0.005 4.44 342.0
2456075.67179 16.103 0.004 3.74 316.0
2456075.71324 16.116 0.006 5.63 327.0
2456075.77741 16.104 0.005 4.12 321.0
2456075.81590 16.104 0.005 3.65 334.0
2456075.86045 16.106 0.005 3.60 381.0
2456076.58672 16.104 0.005 5.15 474.0
2456076.62497 16.109 0.005 4.76 420.0
2456076.67516 16.099 0.006 5.23 403.0
2456076.72232 16.099 0.005 4.04 357.0
2456076.77087 16.105 0.005 4.87 361.0
2456076.80989 16.106 0.005 4.21 364.0
2456076.85208 16.090 0.005 4.84 416.0
2456076.89854 16.083 0.005 5.66 450.0
2456076.94274 16.072 0.007 6.42 760.0
2456077.73468 16.102 0.005 5.25 396.0
2456077.79666 16.121 0.004 4.60 368.0
2456077.84416 16.106 0.004 4.30 379.0
2456077.88774 16.109 0.005 4.73 434.0
2456077.92644 16.104 0.004 4.29 494.0
2456078.60847 16.112 0.006 4.73 527.0
2456078.64624 16.084 0.005 4.86 473.0
2456078.68461 16.096 0.005 4.29 427.0
2456078.73474 16.097 0.005 3.84 407.0
2456078.78868 16.099 0.005 3.35 471.0
2456078.82694 16.092 0.005 3.91 413.0
2456078.87105 16.077 0.005 3.75 501.0
2456078.90919 16.071 0.005 4.10 539.0
2456079.57341 16.093 0.005 4.24 554.0
2456079.61271 16.088 0.005 4.33 457.0
2456079.65064 16.089 0.005 4.10 383.0
2456079.69653 16.086 0.005 4.97 386.0
2456079.76218 16.086 0.005 4.29 428.0
2456079.80334 16.081 0.005 3.78 493.0
2456079.85409 16.078 0.005 3.70 403.0
2456079.89191 16.084 0.005 4.14 438.0
2456079.93168 16.076 0.005 4.59 505.0
2456080.58305 16.078 0.006 5.56 641.0
2456080.62107 16.083 0.006 5.52 590.0
2456080.65929 16.077 0.005 4.82 584.0
2456080.70749 16.066 0.005 4.38 494.0
2456080.74889 16.067 0.006 5.41 501.0
2456080.78855 16.066 0.005 4.33 482.0
2456080.83688 16.081 0.005 4.80 474.0
2456080.88435 16.076 0.006 5.35 496.0
2456080.92911 16.078 0.005 4.85 448.0
2456081.57877 16.063 0.007 5.63 887.0
2456081.61658 16.059 0.006 5.31 732.0
2456081.65748 16.080 0.006 5.15 605.0
2456081.70293 16.068 0.005 4.18 528.0
2456081.74132 16.050 0.005 4.21 530.0
2456081.78989 16.059 0.005 4.17 554.0
2456081.83863 16.076 0.005 4.10 626.0
2456081.87878 16.058 0.005 4.70 691.0
2456081.92694 16.055 0.007 6.51 770.0
2456082.61054 16.076 0.008 6.25 948.0
2456082.64926 16.072 0.008 6.53 904.0
2456082.70033 16.076 0.008 5.96 1007.0
2456082.73760 16.068 0.008 6.38 910.0
2456082.81498 16.058 0.007 5.26 1264.0
2456082.85289 16.070 0.008 5.85 1095.0
2456082.89453 16.052 0.008 6.24 1101.0
2456085.57379 16.039 0.006 5.41 806.0
2456085.62532 16.036 0.007 4.64 1466.0
2456085.66169 16.031 0.005 3.92 1013.0
2456085.69510 16.041 0.007 5.24 1715.0
2456085.78566 16.047 0.006 5.10 865.0
2456085.82457 16.038 0.006 5.52 586.0
2456085.86427 16.042 0.009 5.30 2717.0
2456086.55642 16.035 0.005 5.72 388.0
2456086.59768 16.023 0.005 5.25 483.0
2456086.64093 16.031 0.005 4.07 459.0
2456086.67978 16.039 0.005 4.22 432.0
2456086.72936 16.019 0.004 3.72 455.0
2456086.78117 16.031 0.005 4.76 441.0
2456086.82201 16.037 0.005 4.21 473.0
2456086.87088 16.036 0.006 5.78 545.0
2456086.91346 16.034 0.006 6.02 666.0
2456087.57668 16.048 0.004 5.89 315.0
2456087.61455 16.041 0.005 5.84 343.0
2456087.76991 16.018 0.005 4.69 518.0
2456087.82041 16.012 0.005 4.50 536.0
2456087.86082 16.021 0.005 4.63 935.0
2456088.58687 16.017 0.005 4.64 326.0
2456088.62516 16.017 0.005 4.77 325.0
2456088.66306 16.020 0.004 3.80 323.0
2456089.62902 16.008 0.004 4.29 441.0
2456089.66812 16.008 0.004 4.92 376.0
2456089.72767 16.006 0.004 4.88 430.0
2456089.77713 15.981 0.004 4.52 544.0
2456089.81733 16.013 0.004 4.66 486.0
2456089.91626 16.003 0.006 5.67 446.0
2456092.58521 15.988 0.005 5.37 392.0
2456092.62326 15.993 0.005 5.68 355.0
2456092.66362 15.992 0.005 5.34 351.0
2456092.78139 15.984 0.004 3.96 372.0
2456092.86150 15.969 0.005 5.29 476.0
2456092.91065 15.976 0.006 6.30 567.0
2456093.57832 15.975 0.005 5.16 377.0
2456093.61767 15.981 0.005 5.38 336.0
2456093.65552 15.985 0.005 4.90 334.0
2456093.70329 15.990 0.005 5.14 318.0
2456093.77820 15.972 0.006 6.12 366.0
2456093.81786 16.006 0.006 6.38 375.0
2456093.85666 15.969 0.005 5.81 383.0
2456094.57757 15.980 0.007 7.00 447.0
2456094.62906 15.975 0.005 5.45 422.0
2456094.66663 15.963 0.005 5.69 435.0
2456094.71567 15.962 0.005 5.08 449.0
2456094.76353 15.957 0.005 5.07 417.0
2456094.80190 15.960 0.005 5.28 425.0
2456094.84148 15.963 0.005 5.40 446.0
2456094.89146 15.955 0.007 6.98 531.0
2456096.58948 15.950 0.005 6.15 368.0
2456096.63235 15.948 0.005 5.76 338.0
2456096.67497 15.951 0.005 6.14 350.0
2456096.74974 15.943 0.006 6.19 374.0
2456096.78761 15.951 0.006 6.00 400.0
2456096.82976 15.932 0.005 5.39 449.0
2456096.86981 15.944 0.006 6.15 507.0
2456097.66376 15.931 0.005 5.39 347.0
2456097.72701 15.949 0.006 6.25 356.0
2456097.77534 15.937 0.006 6.24 371.0
2456097.81315 15.939 0.005 5.57 409.0
2456097.85079 15.940 0.005 5.36 440.0
2456097.89119 15.932 0.006 5.58 545.0
2456098.56628 15.957 0.006 7.03 397.0
2456098.61009 15.951 0.006 6.75 378.0
2456098.64773 15.943 0.005 5.76 388.0
2456098.68619 15.926 0.005 5.77 381.0
2456098.74921 15.943 0.005 5.23 380.0
2456098.78961 15.926 0.005 5.29 379.0
2456098.82848 15.939 0.005 5.55 421.0
2456098.86652 15.927 0.006 5.82 481.0
2456099.62668 15.941 0.005 5.44 442.0
2456099.72714 15.927 0.007 7.17 450.0
2456099.83632 15.904 0.006 6.88 459.0
2456100.53939 15.923 0.006 6.88 476.0
2456100.59748 15.912 0.006 6.08 404.0
2456100.63479 15.935 0.005 4.84 389.0
2456100.68294 15.915 0.004 4.40 368.0
2456100.73396 15.906 0.005 4.61 403.0
2456100.77185 15.928 0.006 5.86 466.0
2456100.82224 15.914 0.006 6.76 522.0
2456100.86013 15.903 0.006 5.95 582.0
2456101.53626 15.911 0.005 5.01 493.0
2456101.57405 15.887 0.005 5.19 481.0
2456101.61210 15.909 0.004 4.57 427.0
2456101.65165 15.903 0.004 4.21 360.0
2456101.70392 15.912 0.004 4.51 371.0
2456101.75174 15.909 0.004 3.97 391.0
2456101.79100 15.914 0.004 3.94 490.0
2456101.83438 15.910 0.005 4.97 565.0
2456102.53838 15.908 0.005 5.15 662.0
2456102.58630 15.906 0.005 5.18 448.0
2456102.63399 15.908 0.005 4.83 372.0
2456102.67299 15.897 0.005 4.91 402.0
2456102.71351 15.893 0.004 4.04 440.0
2456102.75145 15.899 0.004 4.00 434.0
2456102.79155 15.913 0.004 3.77 447.0
2456102.83203 15.898 0.005 4.56 466.0
2456102.86958 15.894 0.005 4.95 602.0
2456103.48910 15.926 0.006 5.02 747.0
2456103.54382 15.885 0.005 3.78 511.0
2456103.58341 15.885 0.005 5.14 422.0
2456103.63413 15.890 0.004 3.79 431.0
2456103.68125 15.884 0.004 4.21 421.0
2456103.72195 15.901 0.004 3.72 398.0
2456103.76177 15.901 0.005 4.47 396.0
2456103.78218 15.889 0.004 4.21 395.0
2456103.83124 15.881 0.005 5.22 404.0
2456104.49127 15.890 0.006 6.10 605.0
2456104.54370 15.890 0.004 3.80 457.0
2456104.58127 15.875 0.004 3.54 421.0
2456104.61740 15.878 0.004 4.26 380.0
2456104.66659 15.880 0.004 3.75 341.0
2456104.70682 15.884 0.004 3.61 338.0
2456104.74772 15.874 0.004 3.86 354.0
2456104.78724 15.859 0.004 4.06 323.0
2456104.83328 15.868 0.004 5.06 375.0
2456104.86933 15.868 0.005 5.74 407.0
2456105.51597 15.872 0.005 6.01 449.0
2456105.55390 15.890 0.006 6.59 439.0
2456105.60224 15.853 0.004 4.70 379.0
2456105.66566 15.853 0.005 5.18 336.0
2456105.70601 15.860 0.004 4.49 338.0
2456105.74564 15.886 0.005 5.83 320.0
2456106.56528 15.839 0.005 5.92 472.0
2456106.64948 15.840 0.005 5.98 419.0
2456108.51592 15.786 0.005 5.17 765.0
2456108.55465 15.782 0.004 4.62 676.0
2456108.60445 15.806 0.005 4.36 1186.0
2456108.64615 15.786 0.004 4.08 472.0
2456108.70103 15.791 0.004 4.25 504.0
2456108.73891 15.786 0.004 3.45 706.0
2456108.77946 15.777 0.004 3.58 803.0
2456108.82145 15.788 0.004 4.24 1089.0
2456108.85730 15.778 0.004 4.40 427.0
2456109.57046 15.802 0.008 6.09 2477.0
2456109.66521 15.748 0.005 4.77 1180.0
2456109.70520 15.733 0.004 3.70 881.0
2456109.74255 15.723 0.004 4.06 994.0
2456109.78608 15.733 0.005 4.05 1649.0
2456109.82613 15.706 0.005 5.44 740.0
2456109.86614 15.733 0.005 4.87 873.0
2456113.52784 15.426 0.004 6.01 711.0
2456113.56501 15.460 0.004 5.77 697.0
2456113.60292 15.480 0.004 4.86 680.0
2456113.64277 15.516 0.004 4.99 699.0
2456113.68359 15.525 0.004 5.22 692.0
2456113.72260 15.546 0.004 4.62 758.0
2456113.76102 15.577 0.004 3.91 744.0
2456113.79877 15.601 0.004 4.05 787.0
2456113.83949 15.600 0.004 4.09 919.0
2456113.85679 15.612 0.005 4.55 1296.0
2456114.53870 15.759 0.006 7.47 604.0
2456114.57346 15.758 0.005 6.05 584.0
2456114.63552 15.773 0.005 5.34 530.0
2456114.70721 15.768 0.004 4.77 512.0
2456114.74501 15.784 0.004 4.38 549.0
2456114.78340 15.773 0.004 4.21 613.0
2456114.82404 15.771 0.005 5.33 685.0
2456114.85696 15.771 0.006 6.60 846.0
2456115.47565 15.804 0.005 6.26 511.0
2456115.50992 15.810 0.005 5.29 423.0
2456115.54737 15.798 0.004 4.66 453.0
2456115.59740 15.815 0.004 4.48 476.0
2456115.64546 15.808 0.004 5.67 438.0
2456115.69764 15.797 0.005 6.66 402.0
2456115.76301 15.795 0.005 6.15 404.0
2456115.81512 15.808 0.006 7.67 459.0
2456116.50873 15.809 0.004 4.81 394.0
2456116.55044 15.807 0.004 4.79 345.0
2456116.58928 15.806 0.004 4.02 327.0
2456116.64679 15.817 0.004 4.69 337.0
2456116.68527 15.815 0.004 5.17 361.0
2456116.73085 15.800 0.004 4.90 372.0
2456116.76987 15.807 0.004 4.59 414.0
2456116.81292 15.807 0.005 4.95 442.0
2456117.49046 15.808 0.005 5.39 537.0
2456117.52814 15.786 0.004 5.10 443.0
2456117.56561 15.791 0.004 4.81 383.0
2456117.61550 15.772 0.004 4.48 348.0
2456117.66725 15.771 0.004 4.60 402.0
2456117.70604 15.789 0.004 4.40 400.0
2456117.74562 15.771 0.005 5.02 453.0
2456117.78376 15.772 0.004 3.96 475.0
2456117.82173 15.759 0.004 4.46 518.0
2456118.47526 15.736 0.005 5.64 483.0
2456118.51846 15.740 0.004 4.46 416.0
2456118.55738 15.747 0.004 4.87 363.0
2456118.59805 15.737 0.004 4.65 348.0
2456118.66451 15.743 0.004 5.22 336.0
2456118.70702 15.746 0.004 4.67 334.0
2456118.74602 15.737 0.004 4.05 346.0
2456118.78339 15.733 0.004 4.17 375.0
2456118.82087 15.727 0.004 4.76 463.0
2456118.84286 15.730 0.004 4.66 479.0
2456119.47395 15.687 0.005 6.56 458.0
2456119.50754 15.694 0.005 6.80 362.0
2456119.54792 15.681 0.004 5.85 310.0
2456119.59585 15.669 0.004 5.50 296.0
2456119.64733 15.677 0.004 5.54 299.0
2456119.68625 15.671 0.004 4.81 309.0
2456119.75138 15.665 0.005 7.05 362.0
2456119.79104 15.675 0.005 5.82 407.0
2456119.81903 15.666 0.003 4.67 534.0
2456120.50208 15.638 0.005 6.45 428.0
2456120.53485 15.634 0.005 5.77 364.0
2456120.58803 15.620 0.004 4.93 297.0
2456120.64602 15.636 0.004 4.78 272.0
2456120.69166 15.617 0.004 5.72 282.0
2456120.73125 15.620 0.004 5.42 303.0
2456120.77201 15.611 0.005 6.38 339.0
2456120.81576 15.606 0.004 5.35 366.0
2456121.46905 15.615 0.004 5.35 465.0
2456121.48908 15.619 0.004 4.50 366.0
2456121.52655 15.637 0.004 5.84 355.0
2456121.56429 15.618 0.003 4.28 294.0
2456121.62145 15.622 0.003 4.67 275.0
2456121.66964 15.634 0.003 4.14 285.0
2456121.69531 15.634 0.003 4.12 284.0
2456121.73370 15.626 0.003 3.49 275.0
2456121.77338 15.637 0.004 4.34 295.0
2456122.71655 15.643 0.003 4.69 549.0
2456122.72011 15.661 0.003 4.95 852.0
2456122.73792 15.654 0.003 4.80 686.0
2456122.74208 15.657 0.003 4.74 704.0
2456123.50502 15.663 0.005 6.10 424.0
2456123.54005 15.674 0.004 5.69 396.0
2456123.57743 15.667 0.004 5.01 351.0
2456123.63591 15.652 0.004 5.76 324.0
2456123.67742 15.656 0.004 4.97 298.0
2456123.71534 15.657 0.005 7.04 311.0
2456123.75360 15.662 0.004 6.33 302.0
2456123.79566 15.654 0.004 5.25 349.0
2456123.82599 15.661 0.004 5.06 405.0
2456124.48402 15.679 0.005 6.06 462.0
2456124.52441 15.677 0.004 5.37 379.0
2456124.58369 15.659 0.004 5.34 319.0
2456124.65487 15.669 0.004 5.53 304.0
2456124.69550 15.663 0.004 4.79 326.0
2456124.73493 15.667 0.004 4.45 354.0
2456124.77626 15.660 0.004 5.29 407.0
2456124.81670 15.654 0.004 6.18 427.0
2456125.53842 15.650 0.004 5.03 359.0
2456125.58838 15.643 0.004 5.19 324.0
2456125.65565 15.656 0.004 5.70 336.0
2456125.69827 15.656 0.004 5.30 344.0
2456125.74232 15.652 0.004 4.59 331.0
2456125.78418 15.658 0.004 4.95 363.0
2456125.82639 15.663 0.005 6.30 429.0
2456126.52716 15.661 0.004 5.82 362.0
2456126.57333 15.664 0.005 6.40 316.0
2456126.61915 15.662 0.004 5.44 316.0
2456126.68904 15.657 0.004 5.17 351.0
2456126.73393 15.640 0.004 5.08 326.0
2456127.47599 15.640 0.005 5.85 512.0
2456127.51890 15.636 0.004 5.26 375.0
2456127.56277 15.637 0.005 6.54 367.0
2456127.65582 15.632 0.004 4.96 327.0
2456127.75193 15.633 0.005 7.04 320.0
2456128.52924 15.620 0.003 3.94 350.0
2456128.56837 15.623 0.003 4.04 332.0
2456128.61544 15.629 0.004 5.43 332.0
2456128.66054 15.620 0.003 4.15 349.0
2456128.76474 15.607 0.004 5.92 350.0
2456129.64460 15.614 0.003 6.15 871.0
2456130.56572 15.610 0.004 5.64 354.0
2456130.58725 15.626 0.004 6.51 1069.0
2456130.70258 15.609 0.004 5.87 573.0
2456130.77435 15.611 0.004 5.29 1204.0
2456131.50269 15.612 0.004 5.94 333.0
2456131.54974 15.598 0.004 5.84 315.0
2456131.61533 15.603 0.003 4.39 299.0
2456131.66128 15.594 0.003 5.66 279.0
2456131.72973 15.591 0.003 4.81 333.0
2456131.78004 15.614 0.003 5.04 407.0
2456132.55195 15.598 0.004 5.84 351.0
2456132.63785 15.599 0.004 5.92 322.0
2456132.68555 15.608 0.004 5.75 319.0
2456132.76004 15.592 0.004 4.58 390.0
2456133.53589 15.592 0.005 6.68 379.0
2456133.58167 15.584 0.004 5.69 324.0
2456133.63790 15.601 0.004 5.64 367.0
2456133.68966 15.576 0.004 6.17 328.0
2456133.73890 15.582 0.004 5.46 363.0
2456134.50431 15.589 0.005 6.15 429.0
2456134.54909 15.577 0.004 6.09 443.0
2456134.59037 15.575 0.005 6.42 393.0
2456134.65863 15.588 0.005 6.42 361.0
2456134.71053 15.598 0.005 7.94 355.0
2456135.48858 15.565 0.004 6.13 482.0
2456135.53157 15.581 0.004 5.82 443.0
2456135.59086 15.584 0.004 6.13 415.0
2456135.65804 15.575 0.005 6.72 397.0
2456135.70707 15.568 0.004 4.76 391.0
2456135.75447 15.550 0.004 5.38 397.0
2456135.79533 15.563 0.004 6.04 447.0
2456136.50113 15.583 0.005 7.17 511.0
2456136.70361 15.570 0.004 5.30 442.0
2456140.49171 15.529 0.005 6.23 858.0
2456140.53112 15.542 0.005 5.08 1848.0
2456140.58168 15.538 0.004 5.35 719.0
2456140.63241 15.532 0.004 5.13 722.0
2456140.67160 15.533 0.005 6.06 930.0
2456140.71477 15.540 0.007 6.67 2413.0
2456140.75452 15.544 0.006 7.13 953.0
2456141.47933 15.534 0.005 5.94 750.0
2456141.51854 15.547 0.004 4.32 690.0
2456141.55657 15.539 0.004 4.88 681.0
2456141.60702 15.555 0.005 6.13 597.0
2456141.65418 15.537 0.004 5.36 610.0
2456141.69325 15.536 0.004 4.76 678.0
2456141.73327 15.547 0.005 5.60 753.0
2456141.77157 15.536 0.004 4.79 894.0
2456142.51792 15.562 0.005 7.42 562.0
2456142.56313 15.567 0.005 7.17 566.0
2456142.64698 15.547 0.005 7.04 547.0
2456143.52880 15.553 0.005 6.41 431.0
2456143.63614 15.573 0.005 7.34 461.0
2456143.69311 15.551 0.005 7.11 500.0
2456145.63527 15.569 0.005 7.71 380.0
2456147.50147 15.560 0.004 6.24 336.0
2456147.54047 15.571 0.004 5.94 308.0
2456147.59166 15.568 0.004 6.64 310.0
2456147.63437 15.559 0.005 7.67 311.0
2456147.68979 15.557 0.005 7.08 336.0
2456148.48219 15.560 0.003 4.36 338.0
2456148.52193 15.566 0.003 4.49 314.0
2456148.57208 15.565 0.003 4.37 303.0
2456148.62587 15.557 0.003 4.42 301.0
2456148.66487 15.572 0.003 4.65 326.0
2456148.71063 15.549 0.004 5.06 378.0
2456149.55328 15.564 0.004 4.92 326.0
2456149.59225 15.568 0.004 5.55 337.0
2456149.73830 15.578 0.005 7.09 427.0
2456150.52305 15.575 0.004 6.31 358.0
2456150.56278 15.570 0.004 6.49 350.0
2456150.61359 15.590 0.005 6.49 353.0
2456150.66531 15.572 0.005 6.42 338.0
2456151.52690 15.598 0.005 7.11 389.0
2456151.56789 15.587 0.005 7.18 365.0
2456151.60802 15.577 0.004 6.09 367.0
2456151.64651 15.579 0.004 6.28 329.0
2456151.68929 15.586 0.004 6.28 378.0
2456151.72746 15.567 0.004 6.31 395.0
2456152.49857 15.580 0.004 5.70 320.0
2456152.53722 15.578 0.004 6.13 318.0
2456152.59107 15.577 0.004 5.75 308.0
2456152.64154 15.588 0.004 5.57 306.0
2456152.69592 15.590 0.003 4.93 316.0
2456153.67173 15.589 0.004 6.17 343.0
2456154.48551 15.606 0.004 5.72 403.0
2456154.52558 15.596 0.004 5.37 388.0
2456154.58849 15.608 0.004 6.02 387.0
2456154.67989 15.595 0.004 5.47 332.0
2456154.72121 15.609 0.004 6.13 364.0
2456157.63913 15.639 0.005 6.05 360.0
2456157.67614 15.620 0.004 5.60 339.0
2456157.71910 15.622 0.005 7.20 418.0
2456158.51485 15.642 0.004 4.53 388.0
2456158.57440 15.645 0.004 5.89 390.0
2456158.61645 15.648 0.004 5.42 410.0
2456158.65684 15.634 0.004 4.71 429.0
2456158.69672 15.639 0.004 4.77 467.0
2456158.73342 15.651 0.004 5.17 509.0
2456159.52319 15.660 0.005 6.04 408.0
2456159.57749 15.653 0.004 5.24 372.0
2456159.62817 15.666 0.004 5.09 350.0
2456159.70037 15.644 0.004 5.19 428.0
2456160.50438 15.660 0.004 5.33 357.0
2456160.57737 15.656 0.004 4.68 333.0
2456160.61920 15.667 0.004 4.83 340.0
2456160.65953 15.677 0.004 5.34 347.0
2456160.71421 15.660 0.004 4.74 405.0
2456161.50170 15.662 0.005 6.54 345.0
2456161.54244 15.675 0.005 6.45 331.0
2456161.59408 15.666 0.005 6.44 356.0
2456161.64957 15.672 0.005 6.08 326.0
2456161.66385 15.672 0.005 6.20 344.0
2456161.70901 15.726 0.005 7.42 348.0
2456164.53160 15.699 0.005 4.73 984.0
2456164.58156 15.716 0.005 5.50 900.0
2456164.63583 15.705 0.005 5.95 683.0
2456164.68317 15.736 0.006 7.39 562.0
2456164.69128 15.729 0.006 7.06 795.0
2456165.58733 15.726 0.005 5.20 693.0
2456166.51855 15.776 0.005 5.53 671.0
2456166.59693 15.721 0.004 4.07 745.0
2456166.66420 15.721 0.004 4.29 1068.0
2456167.52396 15.754 0.004 4.02 740.0
2456167.57356 15.750 0.005 3.90 1477.0
2456167.61729 15.739 0.006 3.69 2849.0
2456167.66575 15.730 0.006 3.95 3336.0
2456168.52095 15.743 0.004 3.27 615.0
2456168.57670 15.758 0.004 3.55 598.0
2456168.64708 15.762 0.004 4.39 606.0
2456168.68675 15.749 0.004 3.79 708.0
2456169.50790 15.753 0.005 5.09 553.0
2456169.56695 15.775 0.004 4.55 551.0
2456169.60825 15.767 0.004 4.06 607.0
2456169.64842 15.768 0.004 4.57 662.0
2456169.68694 15.758 0.005 5.99 794.0
2456171.50986 15.784 0.004 3.31 536.0
2456171.56164 15.777 0.004 4.84 575.0
2456171.61279 15.797 0.005 4.78 594.0
2456171.65531 15.789 0.004 4.41 619.0
2456171.69812 15.795 0.005 5.05 687.0
2456172.52067 15.807 0.004 3.82 441.0
2456172.57049 15.796 0.004 3.93 471.0
2456172.62156 15.800 0.004 3.80 462.0
2456172.65979 15.808 0.004 4.20 508.0
2456174.58988 15.830 0.005 6.11 541.0
2456174.62425 15.824 0.006 6.70 519.0
2456175.48210 15.822 0.004 4.59 463.0
2456175.53258 15.832 0.005 5.66 411.0
2456175.57079 15.847 0.006 7.08 470.0
2456175.60929 15.827 0.004 4.54 506.0
2456175.65372 15.833 0.006 6.26 541.0
2456179.48237 15.857 0.005 5.91 475.0
2456179.54609 15.886 0.006 6.11 417.0
2456179.58796 15.883 0.006 6.73 441.0
2456179.62884 15.882 0.006 6.52 409.0
2456179.66630 15.859 0.006 7.34 423.0
2456180.51830 15.880 0.005 5.92 418.0
2456180.57209 15.874 0.005 5.46 459.0
2456180.61298 15.857 0.006 6.45 476.0
2456180.64980 15.869 0.006 6.94 515.0
2456181.47829 15.911 0.006 5.76 726.0
2456181.53281 15.897 0.004 4.35 462.0
2456181.57124 15.903 0.004 4.16 471.0
2456181.61362 15.904 0.005 4.29 484.0
2456182.47938 15.902 0.006 6.18 652.0
2456182.53422 15.912 0.005 5.42 375.0
2456182.58252 15.905 0.005 4.42 373.0
2456182.62715 15.901 0.005 5.30 411.0
2456183.51608 15.911 0.004 5.23 255.0
2456183.56692 15.922 0.004 3.76 368.0
2456183.61727 15.919 0.005 4.63 342.0
2456184.49674 15.918 0.005 5.39 388.0
2456184.57093 15.930 0.004 3.23 319.0
2456184.61823 15.935 0.005 5.08 331.0
2456185.48106 15.956 0.005 4.20 451.0
2456185.53866 15.942 0.004 4.18 352.0
2456185.57912 15.939 0.004 3.85 362.0
2456185.62537 15.939 0.005 4.60 377.0
2456186.49356 15.957 0.006 6.28 380.0
2456186.55068 15.952 0.005 4.55 352.0
2456186.59035 15.952 0.005 6.08 362.0
2456190.48924 16.004 0.006 6.09 422.0
2456190.52992 15.994 0.005 5.28 434.0
2456190.58856 15.981 0.005 4.33 429.0
2456191.48805 15.981 0.006 6.30 450.0
2456191.54376 15.994 0.006 6.21 387.0
2456191.58219 15.993 0.006 5.24 391.0
2456191.62469 15.984 0.005 4.51 409.0
2456195.51460 16.013 0.005 4.84 500.0
2456195.55526 16.019 0.005 4.65 560.0
2456195.59392 16.032 0.005 4.55 607.0
2456195.63178 16.036 0.005 4.49 694.0
2456196.51369 16.031 0.006 4.42 585.0
2456196.55228 16.019 0.006 4.88 601.0
2456196.59161 16.041 0.006 4.46 658.0
2456196.62883 16.047 0.006 5.69 733.0
2456197.51539 16.038 0.006 5.42 543.0
2456197.55403 16.040 0.006 5.64 599.0
2456197.59477 16.038 0.007 6.08 701.0
2456198.56039 16.057 0.007 6.29 582.0
2456199.51620 16.056 0.008 8.04 530.0
2456200.58746 16.067 0.007 6.35 651.0
2456201.52726 16.086 0.009 8.02 516.0
2456202.56474 16.088 0.007 6.51 670.0
2456203.50449 16.071 0.007 6.94 463.0
2456203.55564 16.061 0.008 7.05 559.0
2456203.59433 16.093 0.008 7.02 648.0
2456204.50239 16.071 0.006 5.67 454.0
2456204.51648 16.085 0.005 4.81 464.0
2456204.54766 16.110 0.006 5.29 477.0
2456204.58578 16.097 0.006 5.56 575.0
2456205.48884 16.090 0.006 5.84 516.0
2456205.53201 16.112 0.005 4.35 384.0
2456205.57007 16.094 0.005 4.54 373.0
2456205.60628 16.102 0.005 4.41 401.0
2456209.55087 16.121 0.007 6.67 451.0
2456210.50292 16.111 0.006 6.21 415.0
2456210.54136 16.124 0.006 5.98 426.0
2456210.58016 16.112 0.006 5.81 480.0
2456211.50470 16.133 0.006 4.98 434.0
2456211.54706 16.129 0.006 4.70 413.0
2456211.58553 16.112 0.006 4.86 446.0
2456212.50414 16.125 0.006 4.93 483.0
2456212.54254 16.146 0.005 4.37 489.0
2456212.57962 16.124 0.005 3.95 555.0
2456213.51919 16.149 0.006 5.73 433.0
2456213.55700 16.135 0.008 6.95 484.0
2456214.51105 16.147 0.006 5.05 411.0
2456214.55239 16.135 0.007 6.47 438.0
2456214.57349 16.131 0.007 6.10 458.0
2456216.52301 16.132 0.006 5.59 441.0
2456216.56188 16.155 0.006 5.21 489.0
2456217.50958 16.160 0.005 4.22 402.0
2456217.54744 16.176 0.005 4.06 411.0
2456218.49256 16.161 0.007 5.36 639.0
2456218.53096 16.147 0.007 5.49 531.0
2456218.56916 16.142 0.007 5.89 591.0
2456219.51569 16.186 0.006 5.65 332.0
2456219.55411 16.182 0.006 4.66 429.0
2456221.53526 16.163 0.010 6.32 1560.0
2456221.54784 16.197 0.009 5.72 1433.0
2456223.54699 16.166 0.007 5.42 675.0
2456226.52990 16.213 0.009 6.88 697.0
2456231.50283 16.206 0.007 4.64 943.0
2456232.50397 16.196 0.008 5.74 807.0
2456233.53298 16.205 0.008 5.94 593.0
2456234.52701 16.232 0.008 6.62 587.0
2456238.52267 16.214 0.008 5.08 685.0
2456239.52439 16.255 0.008 6.87 581.0
