2457060.87162 17.466 0.023 6.84 732.0
2457060.88772 17.491 0.022 5.23 1185.0
2457061.86801 17.539 0.018 5.23 714.0
2457061.88367 17.508 0.018 4.65 947.0
2457062.86552 17.528 0.017 4.91 693.0
2457062.88116 17.542 0.017 4.22 779.0
2457063.88789 17.464 0.021 6.09 880.0
2457064.88627 17.488 0.018 4.31 1161.0
2457065.87657 17.515 0.016 4.91 665.0
2457066.86990 17.482 0.020 5.85 819.0
2457069.85401 17.515 0.017 5.67 564.0
2457069.89234 17.529 0.020 5.31 934.0
2457070.86604 17.491 0.013 4.70 445.0
2457071.84025 17.487 0.014 4.85 500.0
2457071.87833 17.478 0.013 4.45 455.0
2457072.84810 17.517 0.020 6.57 517.0
2457072.88613 17.485 0.016 5.56 521.0
2457074.86434 17.488 0.021 6.94 555.0
2457075.84050 17.507 0.018 6.51 508.0
2457075.87950 17.497 0.015 5.39 499.0
2457076.84173 17.518 0.015 4.90 504.0
2457076.87978 17.500 0.015 4.96 478.0
2457077.83969 17.523 0.019 6.50 522.0
2457077.87701 17.489 0.017 5.96 506.0
2457078.82572 17.496 0.017 5.90 507.0
2457078.86820 17.540 0.014 4.66 463.0
2457079.82451 17.507 0.019 6.42 544.0
2457080.82611 17.531 0.024 7.63 496.0
2457080.85140 17.519 0.020 6.87 462.0
2457080.90144 17.567 0.020 5.08 967.0
2457081.90246 17.543 0.021 5.55 909.0
2457082.83226 17.482 0.014 5.15 472.0
2457082.87000 17.533 0.013 4.60 434.0
2457083.82386 17.462 0.017 5.82 545.0
2457083.85020 17.512 0.016 5.46 471.0
2457083.89445 17.528 0.015 5.05 479.0
2457084.83043 17.521 0.014 4.11 621.0
2457084.87448 17.538 0.014 4.37 467.0
2457085.80303 17.501 0.017 4.97 788.0
2457085.84731 17.523 0.014 3.71 720.0
2457085.89318 17.535 0.014 3.87 588.0
2457086.82489 17.506 0.016 4.66 751.0
2457086.86985 17.501 0.015 4.45 638.0
2457087.80710 17.528 0.019 5.31 821.0
2457087.83733 17.515 0.019 5.38 757.0
2457087.88088 17.523 0.015 4.20 647.0
2457088.80250 17.559 0.016 4.47 668.0
2457088.85218 17.535 0.015 4.13 580.0
2457088.89685 17.522 0.018 5.59 588.0
2457089.81674 17.505 0.018 5.63 631.0
2457089.86234 17.494 0.016 4.92 602.0
2457089.90651 17.532 0.020 4.70 1074.0
2457090.81727 17.516 0.019 5.70 643.0
2457090.86154 17.519 0.015 4.73 559.0
2457090.90611 17.493 0.016 4.73 698.0
2457091.81486 17.535 0.015 4.58 653.0
2457091.85983 17.524 0.016 4.94 601.0
2457091.90494 17.551 0.017 4.56 722.0
2457092.80974 17.482 0.014 4.08 656.0
2457092.84939 17.519 0.014 4.05 594.0
2457092.88813 17.505 0.014 3.85 575.0
2457093.88120 17.517 0.013 3.94 490.0
2457097.79840 17.507 0.013 4.30 472.0
2457097.84243 17.550 0.012 3.65 430.0
2457097.88650 17.514 0.012 4.16 416.0
2457098.78868 17.548 0.015 5.11 475.0
2457098.83662 17.527 0.013 4.04 453.0
2457098.89054 17.514 0.013 4.42 450.0
2457099.77493 17.530 0.015 5.22 447.0
2457099.83213 17.506 0.014 4.92 439.0
2457099.89315 17.514 0.013 4.40 432.0
2457100.77159 17.512 0.017 5.79 627.0
2457100.80877 17.507 0.014 4.24 523.0
2457100.85449 17.513 0.014 4.95 494.0
2457100.90240 17.538 0.014 4.35 483.0
2457101.81787 17.497 0.020 6.39 559.0
2457101.88226 17.498 0.016 5.08 539.0
2457102.77629 17.497 0.023 8.20 604.0
2457102.82969 17.535 0.018 6.13 470.0
2457102.89159 17.494 0.017 5.85 477.0
2457104.82297 17.517 0.012 3.90 468.0
2457108.82081 17.506 0.024 7.73 533.0
2457108.86716 17.503 0.018 6.35 517.0
2457109.77036 17.556 0.015 5.45 448.0
2457109.81667 17.506 0.014 5.38 426.0
2457109.87366 17.532 0.014 4.84 439.0
2457110.74026 17.524 0.014 5.09 476.0
2457110.78070 17.513 0.012 4.13 446.0
2457110.82557 17.518 0.012 4.01 452.0
2457110.89204 17.525 0.012 3.98 452.0
2457111.74994 17.559 0.016 5.36 521.0
2457111.80148 17.533 0.015 5.69 423.0
2457111.86707 17.517 0.014 4.96 425.0
2457111.91450 17.496 0.015 4.99 561.0
2457112.76454 17.506 0.018 5.47 633.0
2457112.81867 17.543 0.019 6.09 514.0
2457112.87401 17.505 0.015 5.23 506.0
2457112.92164 17.533 0.016 3.91 938.0
2457113.76634 17.513 0.013 4.03 503.0
2457113.81020 17.521 0.013 4.01 486.0
2457113.86570 17.524 0.011 3.46 417.0
2457113.91218 17.503 0.013 3.98 520.0
2457114.77675 17.523 0.014 4.39 571.0
2457114.82131 17.518 0.014 4.03 536.0
2457114.87787 17.517 0.014 4.34 514.0
2457114.92151 17.498 0.016 3.38 1270.0
2457115.74816 17.518 0.016 5.15 602.0
2457115.79165 17.501 0.013 4.06 538.0
2457115.84962 17.512 0.013 4.08 519.0
2457115.90399 17.500 0.012 3.41 492.0
2457116.75047 17.488 0.018 5.18 739.0
2457116.79840 17.488 0.016 4.89 669.0
2457116.85186 17.528 0.015 4.39 653.0
2457116.90783 17.501 0.014 4.55 629.0
2457117.72952 17.485 0.021 5.88 895.0
2457117.78024 17.540 0.013 3.57 671.0
2457117.82645 17.512 0.015 4.45 650.0
2457117.87966 17.529 0.013 3.73 628.0
2457118.74014 17.472 0.016 4.61 835.0
2457118.78980 17.523 0.014 3.93 794.0
2457118.84586 17.504 0.013 3.78 767.0
2457118.89297 17.524 0.015 3.36 1095.0
2457119.75849 17.530 0.021 6.00 827.0
2457119.80192 17.571 0.020 5.73 692.0
2457119.84523 17.543 0.019 5.72 666.0
2457119.89092 17.549 0.016 4.44 621.0
2457120.72209 17.547 0.017 5.14 715.0
2457120.76180 17.501 0.020 4.33 1353.0
2457120.80161 17.506 0.014 4.39 587.0
2457120.83866 17.517 0.015 4.59 599.0
2457120.87779 17.536 0.013 3.87 579.0
2457125.70332 17.551 0.018 6.24 505.0
2457125.74724 17.518 0.020 6.43 528.0
2457125.79795 17.527 0.012 3.90 490.0
2457125.85468 17.514 0.013 4.28 525.0
2457125.90546 17.524 0.013 3.99 507.0
2457126.71399 17.487 0.015 5.50 469.0
2457126.76415 17.527 0.014 4.74 525.0
2457126.82874 17.524 0.012 3.48 485.0
2457126.89750 17.493 0.012 3.50 520.0
2457129.70523 17.550 0.016 5.68 473.0
2457129.74968 17.534 0.014 4.75 445.0
2457129.80284 17.528 0.014 4.64 442.0
2457129.85694 17.530 0.013 4.15 426.0
2457129.90221 17.496 0.016 5.33 491.0
2457130.68741 17.524 0.018 6.56 438.0
2457130.73046 17.549 0.015 5.03 426.0
2457130.77455 17.517 0.014 4.82 418.0
2457130.83739 17.526 0.016 5.62 440.0
2457130.88342 17.510 0.016 5.56 458.0
2457130.92918 17.542 0.018 5.06 715.0
2457131.71740 17.513 0.014 4.42 491.0
2457131.76102 17.507 0.013 4.09 465.0
2457131.81776 17.533 0.012 3.47 439.0
2457131.87365 17.503 0.012 3.69 432.0
2457131.91913 17.536 0.014 4.09 516.0
2457132.70984 17.541 0.016 5.16 527.0
2457132.75308 17.535 0.014 4.85 495.0
2457132.80554 17.549 0.013 4.10 468.0
2457133.80588 17.544 0.018 5.99 501.0
2457133.85150 17.522 0.014 4.42 476.0
2457133.89817 17.490 0.015 5.28 484.0
2457134.67033 17.513 0.022 7.31 578.0
2457134.70804 17.507 0.016 5.88 495.0
2457134.75260 17.522 0.017 6.01 472.0
2457134.79656 17.499 0.014 5.05 464.0
2457134.86328 17.504 0.014 4.91 467.0
2457134.90870 17.494 0.013 3.96 484.0
2457135.69521 17.530 0.014 5.02 491.0
2457135.73931 17.531 0.013 4.12 469.0
2457135.78340 17.540 0.013 4.59 440.0
2457135.84873 17.516 0.011 3.42 405.0
2457135.89614 17.532 0.012 3.71 423.0
2457136.67265 17.496 0.016 5.64 524.0
2457136.71671 17.531 0.017 5.76 521.0
2457136.76002 17.550 0.015 4.81 492.0
2457136.80350 17.519 0.015 4.75 472.0
2457136.86922 17.535 0.014 4.21 458.0
2457136.91433 17.486 0.014 4.53 484.0
2457137.68165 17.512 0.015 5.58 426.0
2457137.72579 17.529 0.012 4.31 402.0
2457137.77025 17.529 0.011 3.74 387.0
2457137.83452 17.505 0.013 4.29 417.0
2457137.88221 17.491 0.015 5.43 447.0
2457137.92603 17.531 0.019 5.69 596.0
2457138.68355 17.515 0.016 5.78 486.0
2457138.72553 17.492 0.016 5.84 428.0
2457138.77093 17.499 0.014 4.87 436.0
2457138.82494 17.494 0.012 4.04 464.0
2457138.88271 17.542 0.014 4.16 469.0
2457138.92709 17.510 0.014 3.96 590.0
2457139.72372 17.530 0.015 4.79 467.0
2457139.76415 17.503 0.014 4.59 462.0
2457139.82824 17.538 0.015 4.79 449.0
2457139.87470 17.534 0.015 5.01 438.0
2457139.92019 17.523 0.016 5.37 452.0
2457140.67324 17.515 0.015 4.93 563.0
2457140.71096 17.524 0.016 5.07 557.0
2457140.75451 17.541 0.015 4.56 547.0
2457140.80695 17.523 0.013 4.35 481.0
2457140.86260 17.519 0.014 4.56 502.0
2457140.90701 17.521 0.014 4.35 516.0
2457141.67035 17.525 0.015 4.78 511.0
2457141.71443 17.538 0.013 3.87 487.0
2457141.75919 17.499 0.011 3.38 477.0
2457141.81297 17.531 0.012 3.21 478.0
2457141.87189 17.522 0.012 3.48 492.0
2457141.91678 17.525 0.013 3.75 538.0
2457142.66755 17.504 0.014 4.22 560.0
2457142.71064 17.525 0.012 3.56 482.0
2457142.75568 17.518 0.013 4.12 509.0
2457142.79984 17.538 0.013 3.85 492.0
2457142.86629 17.522 0.014 4.36 452.0
2457142.91042 17.521 0.014 4.46 476.0
2457143.66267 17.537 0.017 5.48 589.0
2457143.70809 17.496 0.016 5.17 540.0
2457143.75194 17.531 0.015 4.22 509.0
2457143.79668 17.522 0.015 4.83 508.0
2457143.85180 17.483 0.014 4.30 551.0
2457143.91548 17.526 0.014 4.26 499.0
2457144.65856 17.515 0.019 5.35 756.0
2457144.69851 17.512 0.022 6.80 679.0
2457144.74708 17.510 0.021 6.08 847.0
2457144.82226 17.537 0.022 6.95 627.0
2457144.87057 17.526 0.019 5.13 960.0
2457145.74935 17.527 0.019 5.85 693.0
2457145.79417 17.536 0.016 4.43 651.0
2457145.84103 17.526 0.016 4.49 714.0
2457145.88651 17.509 0.016 4.50 710.0
2457145.93024 17.535 0.019 5.10 730.0
2457146.66322 17.566 0.024 5.93 1019.0
2457146.70071 17.502 0.016 4.35 870.0
2457146.73771 17.504 0.015 4.26 824.0
2457146.77478 17.553 0.014 3.82 783.0
2457146.81392 17.517 0.014 3.84 761.0
2457146.85414 17.517 0.019 4.88 861.0
2457146.89186 17.528 0.016 4.02 861.0
2457146.92926 17.528 0.017 4.25 958.0
2457147.66966 17.537 0.024 6.18 913.0
2457147.70764 17.603 0.022 5.73 803.0
2457147.74516 17.505 0.018 5.21 750.0
2457147.78243 17.551 0.017 4.62 727.0
2457147.82175 17.532 0.016 4.47 701.0
2457147.86192 17.509 0.016 4.66 770.0
2457147.90139 17.535 0.017 4.44 816.0
2457148.79506 17.524 0.018 5.73 701.0
2457148.86946 17.534 0.024 7.75 811.0
2457150.81726 17.501 0.022 6.31 815.0
2457150.83316 17.558 0.020 5.68 799.0
2457151.70310 17.529 0.033 6.82 1443.0
2457151.81191 17.555 0.021 6.05 735.0
2457151.82794 17.521 0.018 5.02 833.0
2457152.77013 17.529 0.015 4.64 536.0
2457152.81980 17.507 0.016 4.96 583.0
2457152.86268 17.498 0.015 4.42 632.0
2457152.90699 17.517 0.017 5.49 642.0
2457153.62588 17.509 0.018 6.23 535.0
2457153.67058 17.482 0.014 4.95 467.0
2457153.71474 17.536 0.013 3.95 486.0
2457153.75877 17.516 0.011 3.16 508.0
2457153.80241 17.522 0.012 3.74 547.0
2457153.84950 17.515 0.012 3.59 564.0
2457153.89490 17.496 0.015 4.35 595.0
2457154.64676 17.483 0.013 4.89 441.0
2457154.74210 17.537 0.014 4.40 508.0
2457154.78788 17.518 0.013 3.87 513.0
2457154.85854 17.517 0.013 3.91 494.0
2457154.90225 17.529 0.014 4.33 520.0
2457155.61782 17.535 0.020 6.17 602.0
2457155.66398 17.568 0.018 5.77 506.0
2457155.70983 17.510 0.014 4.87 456.0
2457155.75402 17.518 0.013 4.15 472.0
2457155.81271 17.516 0.014 3.97 505.0
2457155.86696 17.514 0.015 4.25 546.0
2457155.91061 17.546 0.015 4.08 594.0
2457156.62009 17.534 0.014 4.74 491.0
2457156.65925 17.513 0.013 4.52 442.0
2457156.70589 17.515 0.013 4.70 456.0
2457156.77200 17.534 0.011 3.31 452.0
2457156.88520 17.540 0.012 3.59 524.0
2457157.64357 17.529 0.014 4.62 438.0
2457157.69309 17.511 0.013 4.55 427.0
2457157.75113 17.510 0.013 4.32 420.0
2457157.85470 17.485 0.014 4.64 475.0
2457157.89942 17.498 0.014 4.40 496.0
2457158.63503 17.471 0.016 5.51 490.0
2457158.67912 17.514 0.014 4.60 455.0
2457158.72293 17.526 0.014 4.99 439.0
2457158.76647 17.482 0.016 5.97 471.0
2457158.83441 17.539 0.015 4.99 472.0
2457158.87758 17.501 0.014 4.34 510.0
2457158.92163 17.516 0.015 4.74 565.0
2457159.62134 17.480 0.015 5.23 555.0
2457159.66539 17.495 0.012 4.06 475.0
2457159.70903 17.511 0.013 4.51 478.0
2457159.75387 17.534 0.017 5.48 490.0
2457159.82018 17.494 0.013 4.31 467.0
2457159.86418 17.544 0.016 5.28 475.0
2457159.90816 17.518 0.014 4.23 499.0
2457160.62703 17.496 0.017 5.65 532.0
2457160.67361 17.514 0.015 5.04 487.0
2457160.71717 17.537 0.013 4.24 489.0
2457160.77132 17.535 0.013 3.86 460.0
2457160.82831 17.519 0.014 4.58 450.0
2457160.87183 17.524 0.013 4.00 460.0
2457160.91961 17.507 0.013 4.11 515.0
2457161.62377 17.494 0.015 5.16 507.0
2457161.68645 17.531 0.014 4.81 456.0
2457161.73023 17.504 0.011 3.31 457.0
2457161.79551 17.544 0.012 3.86 453.0
2457161.84033 17.489 0.012 3.79 460.0
2457161.88416 17.533 0.012 3.76 515.0
2457161.93057 17.495 0.015 4.58 626.0
2457162.62954 17.554 0.018 6.32 464.0
2457162.67412 17.510 0.016 6.04 427.0
2457162.71764 17.480 0.015 5.08 463.0
2457162.78324 17.507 0.015 5.37 465.0
2457162.82874 17.537 0.014 4.94 454.0
2457162.87192 17.497 0.014 4.89 466.0
2457162.91922 17.520 0.014 4.78 457.0
2457163.62378 17.543 0.022 6.89 614.0
2457163.66855 17.556 0.019 6.26 523.0
2457163.71275 17.532 0.020 6.44 541.0
2457163.76712 17.521 0.015 4.52 552.0
2457163.82188 17.536 0.015 4.90 492.0
2457163.86624 17.531 0.015 4.99 506.0
2457163.90994 17.512 0.015 4.70 598.0
2457164.60561 17.545 0.019 6.11 550.0
2457164.72652 17.521 0.017 6.28 478.0
2457164.77376 17.510 0.013 4.91 421.0
2457164.83739 17.492 0.014 5.00 458.0
2457164.88084 17.538 0.015 4.57 498.0
2457164.92435 17.517 0.016 4.93 567.0
2457166.61593 17.524 0.020 6.69 557.0
2457166.65924 17.525 0.016 5.79 462.0
2457166.70297 17.496 0.017 6.39 464.0
2457166.76732 17.533 0.014 4.71 459.0
2457166.81467 17.502 0.014 4.83 506.0
2457166.85898 17.502 0.016 5.40 516.0
2457166.90289 17.503 0.016 5.18 553.0
2457166.94727 17.490 0.027 6.65 1133.0
2457168.78718 17.521 0.014 4.92 455.0
2457169.60255 17.516 0.016 5.64 508.0
2457169.64656 17.518 0.013 4.75 450.0
2457169.69107 17.518 0.013 4.74 428.0
2457169.74523 17.510 0.013 4.95 420.0
2457169.80223 17.503 0.012 4.09 410.0
2457169.85682 17.523 0.013 4.56 419.0
2457169.90031 17.483 0.015 5.23 463.0
2457169.94264 17.489 0.017 5.16 737.0
2457170.61926 17.570 0.015 5.08 477.0
2457170.66334 17.532 0.014 4.53 464.0
2457170.70771 17.540 0.014 4.63 461.0
2457170.77753 17.525 0.014 4.90 445.0
2457170.82444 17.533 0.013 4.62 456.0
2457170.86760 17.531 0.015 4.88 502.0
2457170.91094 17.557 0.019 6.08 539.0
2457171.92455 17.483 0.014 5.07 958.0
2457172.60542 17.503 0.022 6.75 684.0
2457172.64969 17.545 0.018 5.70 580.0
2457172.69375 17.518 0.015 4.79 591.0
2457172.75988 17.533 0.016 4.85 580.0
2457172.80407 17.517 0.015 4.36 595.0
2457172.85522 17.536 0.019 5.95 584.0
2457172.89875 17.560 0.017 5.02 549.0
2457172.94136 17.528 0.022 6.01 815.0
2457173.60159 17.490 0.026 7.42 799.0
2457173.65571 17.519 0.018 5.33 679.0
2457173.70963 17.527 0.015 4.65 639.0
2457173.77532 17.504 0.016 4.61 664.0
2457173.82248 17.522 0.015 4.29 685.0
2457173.86604 17.484 0.016 4.52 730.0
2457173.91039 17.553 0.015 4.43 604.0
2457174.56643 17.527 0.023 5.75 1104.0
2457174.60592 17.511 0.018 4.76 849.0
2457174.64989 17.538 0.016 4.17 727.0
2457174.69380 17.511 0.016 4.29 704.0
2457174.73937 17.520 0.015 4.06 675.0
2457174.79252 17.530 0.019 5.55 757.0
2457174.83644 17.505 0.017 4.64 819.0
2457174.88285 17.526 0.018 4.35 877.0
2457174.92650 17.472 0.018 4.81 905.0
2457175.58916 17.529 0.024 5.52 1185.0
2457175.63095 17.552 0.020 4.62 1119.0
2457175.67840 17.514 0.017 4.02 1051.0
2457175.72932 17.514 0.017 4.19 1003.0
2457175.83098 17.489 0.019 4.79 998.0
2457175.87376 17.537 0.019 4.15 1136.0
2457175.91343 17.549 0.020 4.27 1234.0
2457176.89304 17.539 0.016 4.28 831.0
2457176.93828 17.511 0.026 6.03 1204.0
2457178.69812 17.480 0.019 4.36 1048.0
2457178.81654 17.487 0.017 3.58 1098.0
2457179.58918 17.513 0.019 5.16 709.0
2457179.63329 17.500 0.020 5.78 647.0
2457179.67663 17.549 0.020 6.00 636.0
2457179.72095 17.503 0.020 6.32 620.0
2457179.76893 17.555 0.019 5.80 591.0
2457179.81757 17.511 0.020 6.29 621.0
2457179.86153 17.479 0.018 5.51 651.0
2457179.90631 17.554 0.018 4.82 715.0
2457180.55679 17.524 0.021 6.70 552.0
2457180.60001 17.549 0.025 7.56 593.0
2457180.64304 17.549 0.019 5.86 551.0
2457180.68657 17.525 0.015 4.88 505.0
2457180.73193 17.544 0.016 5.26 494.0
2457180.78544 17.557 0.016 4.75 506.0
2457180.83263 17.510 0.015 4.62 535.0
2457180.87607 17.530 0.018 5.56 623.0
2457180.92082 17.519 0.019 5.27 715.0
2457181.56643 17.505 0.016 5.77 436.0
2457181.60966 17.459 0.013 4.81 404.0
2457181.66892 17.507 0.013 4.34 446.0
2457181.72350 17.526 0.015 5.05 468.0
2457181.77104 17.521 0.016 5.31 452.0
2457181.81554 17.523 0.015 4.49 473.0
2457181.86297 17.484 0.016 5.02 516.0
2457181.90750 17.481 0.018 5.78 539.0
2457182.55515 17.511 0.016 5.60 460.0
2457182.59838 17.523 0.016 5.79 396.0
2457182.64157 17.530 0.013 5.08 366.0
2457182.70438 17.550 0.014 4.89 460.0
2457182.76113 17.516 0.016 5.49 415.0
2457182.80483 17.482 0.015 5.43 437.0
2457182.85201 17.522 0.016 5.17 470.0
2457182.89682 17.525 0.015 4.80 492.0
2457182.94049 17.517 0.018 5.22 738.0
2457183.58058 17.547 0.016 5.61 422.0
2457183.62439 17.530 0.016 5.18 406.0
2457183.66818 17.486 0.016 5.97 404.0
2457183.73496 17.544 0.017 5.70 415.0
2457183.77945 17.516 0.014 4.73 429.0
2457183.82287 17.525 0.015 5.06 442.0
2457183.87044 17.470 0.016 5.85 456.0
2457183.91636 17.554 0.017 5.63 483.0
2457184.58781 17.526 0.022 7.32 491.0
2457184.63089 17.511 0.017 6.34 449.0
2457184.67448 17.505 0.018 6.05 440.0
2457184.74181 17.512 0.018 6.75 422.0
2457184.78559 17.511 0.016 5.55 434.0
2457184.83259 17.512 0.015 4.78 431.0
2457184.87577 17.499 0.017 5.68 476.0
2457184.92014 17.585 0.018 5.68 542.0
2457185.56684 17.491 0.018 6.47 469.0
2457185.60966 17.482 0.018 6.41 469.0
2457185.66205 17.494 0.019 7.01 484.0
2457185.71872 17.530 0.016 5.42 468.0
2457185.76379 17.547 0.020 6.84 468.0
2457185.80675 17.535 0.016 5.46 466.0
2457185.85077 17.584 0.022 6.97 523.0
2457185.90938 17.549 0.022 6.97 600.0
2457186.61472 17.486 0.020 6.75 480.0
2457186.65820 17.503 0.020 7.00 503.0
2457186.81328 17.531 0.016 4.90 513.0
2457186.85698 17.508 0.016 4.93 539.0
2457186.89999 17.525 0.019 6.01 562.0
2457187.56498 17.519 0.017 5.76 499.0
2457187.60895 17.501 0.016 5.51 430.0
2457187.66162 17.528 0.015 5.21 408.0
2457187.71799 17.536 0.014 4.46 431.0
2457187.76321 17.511 0.015 5.04 460.0
2457187.80655 17.520 0.015 5.08 462.0
2457187.85565 17.494 0.014 4.95 486.0
2457187.89869 17.479 0.016 5.38 588.0
2457188.55866 17.498 0.018 6.20 492.0
2457188.60785 17.514 0.016 5.38 477.0
2457188.65070 17.541 0.016 5.59 462.0
2457188.70500 17.537 0.013 4.26 449.0
2457188.76591 17.508 0.016 5.08 504.0
2457188.81180 17.486 0.017 5.99 499.0
2457189.53786 17.540 0.023 7.23 581.0
2457189.58337 17.517 0.016 5.65 468.0
2457189.63874 17.524 0.016 5.44 487.0
2457189.69283 17.512 0.014 4.70 494.0
2457189.74085 17.512 0.014 4.36 511.0
2457189.78520 17.527 0.013 3.82 534.0
2457189.83386 17.535 0.015 4.75 547.0
2457189.87769 17.535 0.017 5.23 633.0
2457189.92023 17.530 0.022 6.30 741.0
2457190.58603 17.548 0.017 5.64 517.0
2457190.64053 17.495 0.014 4.55 516.0
2457190.69956 17.513 0.013 3.91 500.0
2457190.75622 17.517 0.015 4.72 501.0
2457190.80749 17.522 0.016 4.48 621.0
2457190.85206 17.456 0.016 4.76 691.0
2457190.89801 17.609 0.025 6.12 813.0
2457191.59143 17.564 0.023 7.25 553.0
2457191.63576 17.504 0.014 4.85 496.0
2457191.68135 17.518 0.013 4.37 434.0
2457191.82151 17.487 0.016 5.62 487.0
2457191.86900 17.509 0.018 6.18 534.0
2457193.55518 17.495 0.013 4.36 474.0
2457193.60220 17.568 0.013 3.96 409.0
2457193.63915 17.515 0.013 4.49 390.0
2457193.68243 17.495 0.010 3.49 373.0
2457193.73177 17.489 0.012 3.58 394.0
2457193.78280 17.495 0.013 4.59 437.0
2457193.83507 17.535 0.013 3.83 475.0
2457193.87582 17.512 0.013 4.23 504.0
2457194.51929 17.533 0.011 4.77 258.0
2457194.56916 17.534 0.013 4.71 393.0
2457194.61217 17.514 0.013 4.27 408.0
2457194.66829 17.493 0.011 3.91 436.0
2457194.73008 17.511 0.013 4.42 487.0
2457194.77408 17.515 0.013 4.62 505.0
2457195.54445 17.520 0.013 4.37 791.0
2457195.57711 17.475 0.011 3.96 853.0
2457196.85409 17.508 0.018 5.89 495.0
2457196.86880 17.538 0.018 5.69 522.0
2457197.55474 17.476 0.018 6.16 552.0
2457197.60090 17.534 0.014 4.99 440.0
2457197.64562 17.493 0.013 4.64 390.0
2457197.70086 17.508 0.014 4.80 385.0
2457197.75504 17.496 0.013 4.95 382.0
2457197.79960 17.510 0.015 5.32 432.0
2457197.84717 17.473 0.019 6.36 533.0
2457198.52290 17.532 0.019 6.28 556.0
2457198.56580 17.516 0.017 5.91 499.0
2457198.60864 17.538 0.015 5.71 430.0
2457198.66405 17.507 0.014 4.82 419.0
2457198.72270 17.498 0.015 5.13 473.0
2457198.76623 17.478 0.016 5.75 442.0
2457198.81113 17.469 0.022 5.30 1109.0
2457198.86437 17.503 0.016 5.39 513.0
2457199.51361 17.538 0.017 5.33 612.0
2457199.55681 17.525 0.015 5.30 511.0
2457199.60012 17.540 0.015 4.93 475.0
2457199.64400 17.526 0.013 4.58 431.0
2457199.70111 17.465 0.013 4.56 408.0
2457199.75381 17.507 0.013 4.20 432.0
2457199.79714 17.511 0.013 4.05 442.0
2457199.84192 17.529 0.014 4.53 498.0
2457199.88718 17.528 0.016 4.98 553.0
2457200.52368 17.527 0.016 5.10 626.0
2457200.58185 17.516 0.013 4.31 556.0
2457200.62580 17.538 0.012 3.83 460.0
2457200.67141 17.525 0.012 3.72 435.0
2457200.71829 17.531 0.012 3.44 444.0
2457200.76587 17.551 0.014 4.11 517.0
2457200.81060 17.512 0.015 4.67 560.0
2457200.85679 17.452 0.014 4.46 540.0
2457202.59045 17.536 0.020 5.92 726.0
2457202.62006 17.541 0.019 5.39 670.0
2457202.64140 17.490 0.019 5.58 658.0
2457202.72370 17.527 0.019 5.43 717.0
2457202.77261 17.531 0.019 4.80 842.0
2457202.83456 17.511 0.024 5.87 947.0
2457202.87742 17.459 0.019 4.86 904.0
2457206.54251 17.486 0.023 5.27 1136.0
2457206.58802 17.507 0.021 5.29 980.0
2457206.63299 17.507 0.019 4.72 948.0
2457206.69172 17.505 0.020 5.28 914.0
2457206.73297 17.530 0.017 3.90 951.0
2457206.77623 17.524 0.017 3.79 1021.0
2457206.82053 17.513 0.020 4.44 1186.0
2457207.50855 17.505 0.024 5.95 1278.0
2457207.55628 17.505 0.019 5.57 748.0
2457207.59957 17.541 0.016 4.81 686.0
2457207.64378 17.541 0.016 4.91 675.0
2457207.69104 17.547 0.018 5.10 665.0
2457207.73544 17.531 0.018 5.03 699.0
2457207.77872 17.525 0.022 5.97 789.0
2457207.84759 17.511 0.026 6.28 1162.0
2457208.50263 17.550 0.017 5.92 699.0
2457208.52996 17.504 0.015 5.06 547.0
2457209.62584 17.468 0.017 5.80 583.0
2457209.68091 17.516 0.016 5.33 538.0
2457209.72511 17.484 0.018 5.67 614.0
2457209.76824 17.506 0.017 4.77 714.0
2457209.81206 17.578 0.022 5.24 906.0
2457210.84239 17.564 0.024 7.09 701.0
2457210.85557 17.584 0.024 6.64 769.0
2457211.50325 17.524 0.026 8.04 638.0
2457211.54607 17.504 0.016 5.20 538.0
2457211.58892 17.512 0.013 5.09 406.0
2457211.64487 17.547 0.013 4.85 397.0
2457211.69993 17.503 0.014 5.29 432.0
2457211.74344 17.521 0.013 4.02 493.0
2457211.78718 17.529 0.016 4.81 539.0
2457211.83079 17.497 0.020 6.44 651.0
2457212.52784 17.554 0.016 6.30 458.0
2457214.49554 17.536 0.023 7.60 1004.0
2457214.54541 17.561 0.020 6.83 491.0
2457214.59721 17.518 0.016 5.88 456.0
2457214.64912 17.478 0.014 5.85 525.0
2457214.70353 17.538 0.015 5.37 561.0
2457214.75940 17.447 0.017 6.40 855.0
2457217.54926 17.506 0.019 6.16 521.0
2457217.59612 17.515 0.016 5.81 439.0
2457217.70265 17.505 0.020 7.27 392.0
2457217.77591 17.511 0.018 6.03 433.0
2457217.82312 17.521 0.014 5.25 532.0
2457217.82739 17.507 0.015 5.76 760.0
2457219.53452 17.514 0.014 5.05 946.0
2457219.59129 17.515 0.014 4.68 430.0
2457219.65805 17.524 0.013 4.58 408.0
2457219.70221 17.487 0.014 4.89 423.0
2457220.51232 17.522 0.017 6.00 523.0
2457220.55501 17.540 0.014 4.73 447.0
2457220.60865 17.530 0.013 4.32 397.0
2457220.66632 17.500 0.012 4.05 393.0
2457220.71030 17.558 0.013 3.94 416.0
2457220.75453 17.485 0.012 4.19 423.0
2457220.80299 17.497 0.013 4.32 467.0
2457221.51537 17.487 0.016 6.16 490.0
2457221.55886 17.552 0.016 5.46 468.0
2457221.61207 17.515 0.013 4.57 390.0
2457221.66848 17.490 0.014 4.95 406.0
2457221.71178 17.474 0.014 4.69 430.0
2457221.75579 17.539 0.012 3.95 391.0
2457221.79935 17.546 0.014 4.58 436.0
2457222.47474 17.496 0.018 6.32 653.0
2457222.52799 17.529 0.017 5.87 526.0
2457222.57649 17.529 0.016 5.65 488.0
2457222.62856 17.542 0.015 5.69 561.0
2457222.70752 17.547 0.019 6.17 590.0
2457222.75411 17.515 0.017 5.47 584.0
2457222.80939 17.512 0.015 5.12 514.0
2457223.57435 17.494 0.017 5.87 489.0
2457223.62937 17.534 0.015 4.96 445.0
2457223.68331 17.508 0.014 4.82 428.0
2457223.72629 17.517 0.015 5.11 450.0
2457223.77631 17.526 0.019 6.64 466.0
2457224.49528 17.505 0.017 5.80 570.0
2457224.53928 17.505 0.016 5.85 479.0
2457224.58600 17.537 0.017 6.13 426.0
2457224.65980 17.493 0.019 7.03 408.0
2457224.71497 17.489 0.016 5.70 447.0
2457224.75876 17.495 0.019 6.73 448.0
2457225.46606 17.538 0.019 5.65 983.0
2457225.51116 17.484 0.018 6.19 528.0
2457225.55468 17.496 0.014 4.36 509.0
2457225.60839 17.510 0.014 5.11 470.0
2457226.49897 17.523 0.018 6.21 487.0
2457226.54290 17.485 0.016 5.57 473.0
2457226.59994 17.525 0.013 4.31 439.0
2457226.64559 17.517 0.013 4.23 427.0
2457226.69865 17.557 0.015 5.17 403.0
2457226.74178 17.501 0.014 5.08 446.0
2457226.78448 17.512 0.016 5.58 471.0
2457227.48235 17.545 0.021 5.57 916.0
2457227.52563 17.565 0.020 5.39 908.0
2457227.56902 17.521 0.013 4.42 424.0
2457227.62453 17.514 0.013 4.36 407.0
2457227.68077 17.509 0.012 4.27 385.0
2457227.72370 17.528 0.013 4.52 396.0
2457227.76789 17.520 0.015 5.25 406.0
2457228.51379 17.497 0.017 6.00 544.0
2457228.55720 17.531 0.015 4.82 498.0
2457228.61231 17.485 0.013 4.13 456.0
2457228.66790 17.492 0.015 5.17 441.0
2457228.72056 17.543 0.017 5.85 449.0
2457228.76537 17.510 0.013 4.66 381.0
2457229.48347 17.517 0.017 5.49 582.0
2457229.52648 17.507 0.014 4.73 581.0
2457229.56988 17.532 0.013 4.28 484.0
2457229.61452 17.509 0.013 3.84 482.0
2457229.66249 17.525 0.013 3.71 494.0
2457229.70568 17.482 0.013 3.97 597.0
2457229.74908 17.527 0.015 4.07 697.0
2457229.79190 17.478 0.015 4.67 585.0
2457233.66713 17.521 0.019 3.86 1190.0
2457233.71734 17.518 0.023 4.87 1183.0
2457233.75106 17.508 0.024 4.54 1359.0
2457235.49773 17.509 0.021 6.17 793.0
2457235.63353 17.543 0.017 4.79 708.0
2457235.68271 17.472 0.020 5.59 784.0
2457235.73113 17.476 0.017 4.64 863.0
2457235.78246 17.590 0.025 5.73 1044.0
2457236.50966 17.519 0.023 6.52 656.0
2457236.55699 17.495 0.022 6.02 840.0
2457236.64074 17.496 0.016 4.59 592.0
2457249.50654 17.492 0.016 5.96 453.0
2457249.57083 17.504 0.017 6.30 423.0
2457249.61015 17.509 0.014 5.31 376.0
2457249.64817 17.532 0.014 5.09 370.0
2457249.68727 17.499 0.018 6.54 421.0
2457249.72773 17.527 0.018 6.53 422.0
2457250.58855 17.468 0.014 5.46 584.0
2457250.66227 17.491 0.015 5.58 567.0
2457252.51733 17.565 0.019 5.96 538.0
2457252.58238 17.498 0.016 5.99 453.0
2457252.64922 17.519 0.015 5.42 484.0
2457252.69984 17.519 0.016 5.70 458.0
2457253.48872 17.555 0.018 5.79 485.0
2457253.55417 17.518 0.014 4.83 412.0
2457253.60237 17.524 0.014 4.87 411.0
2457253.65106 17.480 0.015 5.60 426.0
2457255.47578 17.532 0.017 5.06 650.0
2457255.52933 17.454 0.014 4.96 449.0
2457255.58971 17.498 0.018 6.04 466.0
2457255.63400 17.445 0.014 5.05 416.0
2457256.49381 17.507 0.017 5.17 569.0
2457256.55283 17.455 0.020 6.24 663.0
2457256.60759 17.485 0.019 5.86 672.0
2457256.65158 17.473 0.020 6.61 570.0
2457257.55402 17.505 0.017 4.08 1084.0
2457257.61567 17.499 0.015 4.38 655.0
2457257.66987 17.494 0.016 5.16 567.0
2457257.70699 17.512 0.015 4.68 540.0
2457258.48690 17.497 0.020 4.86 1118.0
2457258.50440 17.524 0.015 4.19 585.0
2457258.63439 17.551 0.024 5.35 1221.0
2457258.66774 17.519 0.019 5.58 701.0
2457261.49650 17.545 0.024 6.18 899.0
2457261.54956 17.541 0.034 6.16 1958.0
2457261.58950 17.440 0.019 5.70 839.0
2457261.63451 17.538 0.024 6.49 896.0
2457261.67721 17.526 0.026 6.81 983.0
2457263.51439 17.521 0.014 3.74 698.0
2457263.55971 17.511 0.014 3.86 682.0
2457263.60450 17.504 0.015 4.29 679.0
2457263.64921 17.542 0.015 4.28 698.0
2457263.69268 17.527 0.018 4.60 968.0
2457264.52131 17.516 0.015 4.15 637.0
2457264.56648 17.523 0.015 4.42 629.0
2457264.61073 17.510 0.018 5.53 659.0
2457264.67910 17.507 0.019 5.67 742.0
2457265.47916 17.531 0.015 4.52 571.0
2457265.49659 17.524 0.015 4.68 526.0
2457265.54456 17.540 0.014 4.22 524.0
2457265.59022 17.481 0.015 4.68 528.0
2457265.64452 17.499 0.016 5.62 568.0
2457265.70139 17.523 0.018 5.16 670.0
2457267.56607 17.486 0.017 6.35 421.0
2457267.62142 17.542 0.016 5.05 460.0
2457267.69138 17.484 0.017 5.68 539.0
2457268.51941 17.507 0.013 4.42 406.0
2457268.57301 17.496 0.012 3.92 405.0
2457268.63624 17.507 0.012 3.84 415.0
2457268.68178 17.497 0.014 4.54 482.0
2457269.48631 17.544 0.019 6.50 477.0
2457269.54240 17.532 0.014 4.86 427.0
2457269.58593 17.540 0.014 5.05 432.0
2457269.65383 17.490 0.013 4.76 432.0
2457269.69720 17.493 0.015 4.99 528.0
2457270.50957 17.515 0.016 5.72 451.0
2457270.56401 17.504 0.014 5.04 423.0
2457270.60783 17.521 0.013 4.72 405.0
2457270.67238 17.516 0.016 5.83 426.0
2457271.49075 17.479 0.022 7.39 484.0
2457271.54930 17.505 0.016 5.59 432.0
2457271.59257 17.508 0.016 5.53 447.0
2457272.50032 17.475 0.018 6.34 591.0
2457272.54507 17.513 0.018 5.88 516.0
2457272.62325 17.562 0.024 7.70 526.0
2457273.56548 17.478 0.018 6.28 548.0
2457273.61941 17.529 0.015 5.10 464.0
2457273.66869 17.524 0.018 5.92 521.0
2457274.52003 17.536 0.021 6.70 583.0
2457275.57747 17.476 0.023 5.86 979.0
2457275.62154 17.512 0.022 5.52 990.0
2457275.66459 17.485 0.017 5.95 505.0
2457277.47852 17.526 0.023 6.90 618.0
2457277.52700 17.517 0.016 5.75 410.0
2457277.59292 17.533 0.018 6.51 412.0
2457277.63600 17.504 0.020 7.04 431.0
2457277.67981 17.518 0.019 6.40 464.0
2457278.51048 17.533 0.022 7.04 494.0
2457278.58222 17.526 0.014 4.66 457.0
2457278.62514 17.517 0.018 6.39 451.0
2457278.66835 17.501 0.021 7.09 449.0
2457281.52325 17.519 0.021 6.92 470.0
2457281.58287 17.502 0.015 5.12 434.0
2457283.61303 17.463 0.020 7.27 521.0
2457284.53117 17.535 0.015 5.33 498.0
2457284.58473 17.533 0.015 5.15 738.0
2457291.50657 17.473 0.026 8.03 716.0
2457291.57814 17.554 0.027 7.51 771.0
2457292.51735 17.512 0.026 7.13 776.0
2457292.58916 17.489 0.024 6.51 899.0
2457293.50190 17.486 0.019 5.58 772.0
2457293.55990 17.508 0.015 5.02 539.0
2457294.47922 17.520 0.032 7.35 1263.0
2457294.56621 17.569 0.024 7.50 682.0
2457294.60386 17.555 0.023 6.46 924.0
2457295.52758 17.523 0.018 6.27 500.0
2457295.59118 17.514 0.018 5.71 650.0
2457296.58337 17.525 0.024 7.04 701.0
2457299.51144 17.561 0.019 6.74 592.0
2457299.55626 17.562 0.020 7.36 580.0
2457300.48129 17.542 0.029 7.67 942.0
2457301.48600 17.503 0.024 7.70 688.0
2457307.55033 17.514 0.018 6.06 509.0
2457311.50141 17.519 0.015 4.88 521.0
2457311.54648 17.502 0.020 6.75 529.0
2457312.52242 17.493 0.020 6.30 628.0
2457313.51618 17.476 0.020 5.60 996.0
2457317.52239 17.471 0.018 5.67 673.0
2457318.52162 17.501 0.018 5.21 758.0
2457322.50038 17.539 0.026 6.21 971.0
2457324.49714 17.493 0.030 6.93 1053.0
2457325.49672 17.498 0.024 6.39 1025.0
2457328.50541 17.522 0.036 7.96 1288.0
2457329.52020 17.515 0.021 6.18 704.0
2457332.50401 17.509 0.024 6.12 1081.0
2457334.50450 17.497 0.030 6.92 1245.0
2457435.85892 17.469 0.016 5.96 628.0
2457435.89171 17.541 0.022 5.89 782.0
2457436.85664 17.505 0.018 6.29 488.0
2457436.88683 17.504 0.016 5.04 581.0
2457437.83749 17.500 0.013 4.86 418.0
2457437.89257 17.544 0.016 5.08 569.0
2457438.84959 17.509 0.016 5.34 573.0
2457438.88774 17.542 0.020 6.46 568.0
2457439.89040 17.537 0.017 5.01 673.0
2457440.84193 17.530 0.016 4.29 774.0
2457440.88833 17.516 0.014 3.71 709.0
2457441.85211 17.506 0.016 4.74 723.0
2457441.89018 17.508 0.015 4.41 681.0
2457442.84610 17.468 0.016 5.04 720.0
2457442.88883 17.556 0.019 5.24 709.0
2457444.89293 17.543 0.015 4.38 580.0
2457445.83883 17.510 0.016 5.13 581.0
2457445.87521 17.564 0.014 4.45 520.0
2457446.82007 17.533 0.015 4.83 573.0
2457446.85706 17.514 0.013 4.20 531.0
2457446.89866 17.520 0.014 3.72 807.0
2457447.83030 17.517 0.016 5.55 550.0
2457447.86802 17.545 0.014 4.19 492.0
2457448.80148 17.526 0.023 5.35 1389.0
2457448.85005 17.510 0.014 5.05 482.0
2457448.89255 17.512 0.013 4.30 476.0
2457449.85146 17.479 0.020 5.16 1238.0
2457451.84211 17.547 0.018 4.98 895.0
2457451.88705 17.519 0.016 3.94 947.0
2457452.82620 17.534 0.012 3.91 476.0
2457452.87154 17.509 0.012 3.79 417.0
2457453.79333 17.538 0.014 5.79 471.0
2457453.83788 17.522 0.012 4.23 451.0
2457453.89179 17.517 0.013 4.48 443.0
2457454.87345 17.581 0.015 4.89 446.0
2457455.79199 17.528 0.021 7.54 474.0
2457455.84690 17.529 0.015 5.62 420.0
2457455.90064 17.487 0.015 5.55 469.0
2457456.82111 17.485 0.016 5.44 510.0
2457456.87632 17.547 0.017 5.62 477.0
2457457.78664 17.535 0.019 5.86 606.0
2457457.83238 17.525 0.017 5.19 579.0
2457457.88742 17.491 0.017 5.76 497.0
2457458.79397 17.529 0.019 6.45 496.0
2457458.84151 17.516 0.014 4.81 450.0
2457458.89652 17.517 0.013 4.67 422.0
2457460.81027 17.528 0.015 5.40 485.0
2457460.86658 17.529 0.013 4.38 462.0
2457460.91137 17.516 0.017 4.26 1090.0
2457461.81319 17.487 0.013 4.33 445.0
2457461.86748 17.509 0.012 3.86 437.0
2457462.76937 17.553 0.016 4.95 556.0
2457462.81487 17.516 0.013 4.24 478.0
2457462.87380 17.516 0.013 4.33 432.0
2457463.80382 17.550 0.014 5.02 453.0
2457463.87362 17.511 0.013 4.40 435.0
2457464.82228 17.497 0.015 5.46 550.0
2457465.76911 17.562 0.016 5.20 525.0
2457465.81383 17.531 0.015 4.57 551.0
2457465.86737 17.513 0.015 5.58 507.0
2457465.91321 17.502 0.015 4.72 600.0
2457466.88947 17.508 0.014 4.72 500.0
2457467.81391 17.542 0.016 5.18 509.0
2457467.85934 17.519 0.014 4.98 404.0
2457467.90427 17.506 0.014 5.14 431.0
2457470.78561 17.542 0.018 5.37 685.0
2457470.83056 17.482 0.017 5.57 614.0
2457470.88365 17.492 0.016 5.09 588.0
2457471.75166 17.507 0.024 6.99 809.0
2457471.79606 17.572 0.019 5.53 692.0
2457471.84154 17.513 0.016 4.75 634.0
2457471.89802 17.508 0.017 5.39 607.0
2457472.76161 17.562 0.019 5.75 674.0
2457472.80625 17.530 0.017 5.06 616.0
2457472.85184 17.502 0.017 5.58 575.0
2457472.90854 17.551 0.017 5.12 575.0
2457473.82466 17.515 0.016 4.57 1023.0
2457474.79432 17.511 0.018 5.71 638.0
2457474.83201 17.501 0.015 5.02 604.0
2457474.87077 17.531 0.014 4.38 591.0
2457474.91016 17.508 0.016 5.02 635.0
2457475.77400 17.538 0.022 6.24 749.0
2457475.81266 17.505 0.022 6.64 680.0
2457475.85264 17.530 0.025 6.31 1105.0
2457475.89107 17.520 0.015 4.88 616.0
2457476.76367 17.495 0.017 4.73 982.0
2457476.84209 17.504 0.015 4.82 626.0
2457480.90464 17.512 0.020 6.62 535.0
2457484.80325 17.487 0.015 5.88 435.0
2457484.91384 17.504 0.014 4.94 470.0
2457485.81622 17.478 0.015 6.04 413.0
2457485.90970 17.488 0.013 4.63 428.0
2457486.71857 17.502 0.021 7.14 496.0
2457486.82298 17.521 0.018 6.41 461.0
2457487.71548 17.504 0.020 6.80 503.0
2457487.82045 17.544 0.015 5.42 496.0
2457488.71812 17.511 0.014 5.11 438.0
2457488.84007 17.504 0.013 4.18 508.0
2457489.79739 17.548 0.015 5.23 545.0
2457491.73068 17.497 0.015 5.63 457.0
2457491.83942 17.504 0.012 4.44 412.0
2457492.71336 17.494 0.015 5.48 447.0
2457492.82774 17.521 0.012 4.21 442.0
2457493.70676 17.549 0.017 5.52 501.0
2457493.81569 17.514 0.013 4.46 377.0
2457493.92648 17.545 0.018 4.67 864.0
2457494.80083 17.540 0.013 4.70 405.0
2457494.91334 17.516 0.013 4.02 479.0
2457495.75841 17.504 0.016 5.17 486.0
2457495.87841 17.490 0.016 5.73 455.0
2457497.90454 17.555 0.018 5.78 492.0
2457498.76026 17.495 0.016 4.61 672.0
2457498.90933 17.510 0.017 6.07 523.0
2457499.75128 17.504 0.015 5.03 612.0
2457499.85124 17.477 0.014 4.98 587.0
2457500.69336 17.550 0.019 5.17 772.0
2457500.79203 17.514 0.019 5.86 673.0
2457500.89460 17.476 0.018 5.92 659.0
2457507.80126 17.503 0.014 4.35 547.0
2457508.75131 17.508 0.011 3.86 433.0
2457508.85153 17.505 0.013 4.20 478.0
2457509.74465 17.479 0.015 5.10 457.0
2457509.84760 17.505 0.016 5.50 483.0
2457511.69909 17.523 0.014 5.54 439.0
2457511.80768 17.523 0.012 4.07 447.0
2457511.91945 17.515 0.013 4.54 500.0
2457512.88744 17.460 0.011 4.16 462.0
2457516.71153 17.494 0.015 5.84 506.0
2457522.82079 17.555 0.024 7.52 547.0
2457522.92647 17.516 0.021 6.60 632.0
2457523.92285 17.508 0.015 5.30 513.0
2457526.69640 17.529 0.019 6.01 610.0
2457526.83698 17.498 0.016 4.81 642.0
2457526.93729 17.531 0.022 5.78 961.0
2457528.92904 17.515 0.020 6.05 731.0
2457529.86234 17.497 0.029 7.71 879.0
2457530.80369 17.512 0.020 5.19 940.0
2457534.67053 17.526 0.019 5.49 877.0
2457534.78210 17.498 0.020 4.40 1499.0
2457534.88772 17.495 0.015 4.19 788.0
2457536.66290 17.554 0.016 5.12 459.0
2457536.88186 17.521 0.015 4.71 744.0
2457545.82447 17.529 0.014 4.83 433.0
2457545.92786 17.497 0.017 5.89 543.0
2457546.74923 17.477 0.014 4.91 419.0
2457546.84832 17.500 0.016 5.87 483.0
2457547.60094 17.526 0.021 7.61 444.0
2457547.72489 17.522 0.014 5.10 383.0
2457547.84186 17.483 0.014 5.22 416.0
2457548.65771 17.487 0.012 4.93 504.0
2457549.57621 17.538 0.018 6.72 515.0
2457549.73404 17.513 0.013 4.82 370.0
2457549.85256 17.540 0.015 5.65 406.0
2457550.59859 17.521 0.017 6.24 441.0
2457550.74508 17.518 0.014 5.16 448.0
2457550.84511 17.524 0.016 5.52 544.0
2457552.87897 17.509 0.018 6.96 672.0
2457554.62553 17.508 0.016 5.66 572.0
2457555.53256 17.477 0.020 6.10 874.0
2457555.64440 17.520 0.016 5.72 563.0
2457555.75259 17.498 0.014 4.51 499.0
2457555.86406 17.537 0.014 5.11 462.0
2457557.58361 17.509 0.020 6.15 759.0
2457557.69149 17.551 0.015 4.56 688.0
2457557.76281 17.526 0.017 5.13 734.0
2457557.84147 17.500 0.016 5.10 716.0
2457561.59548 17.459 0.017 5.00 829.0
2457561.70924 17.537 0.016 4.36 771.0
2457561.81215 17.516 0.018 4.98 822.0
2457562.57548 17.542 0.023 5.68 1203.0
2457566.54882 17.504 0.019 6.65 493.0
2457566.66766 17.528 0.015 5.45 420.0
2457566.76925 17.474 0.017 6.27 462.0
2457566.86846 17.523 0.023 7.21 644.0
2457567.57735 17.515 0.016 5.56 565.0
2457567.69820 17.565 0.015 5.08 489.0
2457567.79833 17.508 0.015 5.07 513.0
2457568.57143 17.548 0.020 6.84 449.0
2457568.68318 17.503 0.014 5.44 386.0
2457568.79706 17.492 0.016 5.56 484.0
2457569.58871 17.542 0.017 5.81 462.0
2457569.71422 17.493 0.014 4.92 431.0
2457569.81542 17.465 0.016 5.74 662.0
2457570.68144 17.498 0.015 5.62 373.0
2457570.72254 17.517 0.014 5.18 362.0
2457570.76600 17.523 0.017 6.70 472.0
2457570.83221 17.532 0.016 5.82 469.0
2457573.59187 17.497 0.018 7.00 416.0
2457573.64015 17.529 0.019 6.92 400.0
2457573.69349 17.526 0.019 6.98 405.0
2457573.73628 17.519 0.021 7.92 418.0
2457575.50997 17.499 0.021 7.62 442.0
2457575.52394 17.525 0.018 6.65 429.0
2457575.57344 17.469 0.016 6.27 405.0
2457575.62620 17.509 0.018 7.00 422.0
2457575.67594 17.502 0.013 4.87 393.0
2457575.71577 17.503 0.014 5.23 399.0
2457575.75424 17.508 0.012 4.58 399.0
2457575.79267 17.536 0.014 4.84 431.0
2457575.83094 17.498 0.014 5.23 468.0
2457576.49252 17.488 0.016 6.37 475.0
2457576.54423 17.551 0.017 6.31 398.0
2457576.60854 17.507 0.013 4.88 387.0
2457576.65921 17.532 0.013 4.64 365.0
2457576.69854 17.514 0.014 5.22 364.0
2457576.73710 17.510 0.014 6.03 365.0
2457576.77468 17.493 0.014 5.21 379.0
2457576.81343 17.534 0.015 5.34 422.0
2457577.52892 17.557 0.020 6.93 436.0
2457577.57374 17.536 0.016 6.23 489.0
2457579.60274 17.526 0.017 6.26 444.0
2457579.64608 17.494 0.014 5.48 424.0
2457579.71211 17.542 0.014 5.53 421.0
2457579.75249 17.522 0.015 5.52 414.0
2457581.72596 17.500 0.013 5.11 478.0
2457581.79231 17.526 0.016 5.72 515.0
2457581.83258 17.575 0.018 6.20 507.0
2457582.69414 17.531 0.017 6.02 478.0
2457582.70734 17.510 0.015 5.47 437.0
2457583.72858 17.496 0.020 6.19 678.0
2457583.78305 17.522 0.017 5.78 488.0
2457584.56510 17.479 0.019 6.13 588.0
2457584.60329 17.496 0.016 5.20 526.0
2457584.64371 17.521 0.018 5.88 531.0
2457584.68197 17.515 0.017 5.59 512.0
2457584.72016 17.504 0.017 5.51 529.0
2457584.77036 17.508 0.016 5.58 548.0
2457584.81416 17.569 0.021 6.31 580.0
2457589.48511 17.462 0.031 8.01 978.0
2457589.52676 17.556 0.023 6.10 902.0
2457589.56997 17.508 0.020 5.49 854.0
2457589.61120 17.483 0.018 5.11 871.0
2457589.66041 17.509 0.020 5.69 793.0
2457589.69803 17.553 0.018 4.84 780.0
2457589.74451 17.504 0.021 5.73 883.0
2457589.78273 17.521 0.020 5.01 1019.0
2457589.81426 17.537 0.024 5.78 1124.0
2457590.49729 17.551 0.022 6.45 696.0
2457590.53504 17.521 0.017 5.03 716.0
2457590.57311 17.532 0.014 4.16 669.0
2457590.61317 17.509 0.014 4.05 607.0
2457590.65753 17.534 0.015 4.88 582.0
2457590.69548 17.527 0.015 5.08 574.0
2457590.73315 17.497 0.016 5.03 698.0
2457591.47787 17.459 0.020 7.20 720.0
2457591.53810 17.454 0.020 6.28 657.0
2457593.47198 17.518 0.019 6.64 495.0
2457593.51026 17.556 0.016 5.90 410.0
2457593.56710 17.499 0.014 5.39 383.0
2457593.61072 17.525 0.015 5.47 399.0
2457593.65081 17.470 0.013 4.79 378.0
2457593.68834 17.499 0.013 4.78 376.0
2457593.72609 17.561 0.013 4.79 383.0
2457593.76438 17.515 0.014 5.21 401.0
2457593.79721 17.512 0.014 5.04 445.0
2457595.52513 17.570 0.024 8.15 459.0
2457595.64546 17.552 0.022 7.48 466.0
2457596.48650 17.526 0.014 5.58 424.0
2457596.54035 17.499 0.011 4.30 375.0
2457596.59121 17.511 0.011 4.04 374.0
2457599.48462 17.444 0.019 6.34 533.0
2457599.55204 17.521 0.018 6.27 457.0
2457599.62333 17.508 0.016 5.78 396.0
2457599.68839 17.541 0.016 5.20 401.0
2457599.74635 17.471 0.013 4.27 412.0
2457599.78383 17.516 0.017 5.54 442.0
2457600.49387 17.507 0.020 7.06 455.0
2457600.56123 17.484 0.018 6.42 446.0
2457600.65628 17.520 0.018 6.49 392.0
2457600.70302 17.566 0.017 6.19 409.0
2457601.71517 17.480 0.013 5.09 357.0
2457602.48511 17.526 0.020 6.74 494.0
2457602.53088 17.492 0.019 6.79 441.0
2457602.56879 17.524 0.017 6.14 422.0
2457602.61730 17.500 0.015 5.46 406.0
2457602.66467 17.519 0.015 5.49 414.0
2457602.70233 17.524 0.015 5.51 412.0
2457602.74222 17.515 0.020 7.04 468.0
2457602.77819 17.494 0.020 7.04 499.0
2457603.49785 17.549 0.015 5.28 391.0
2457603.54432 17.511 0.013 4.53 379.0
2457603.59225 17.520 0.014 5.20 384.0
2457603.63040 17.530 0.014 5.37 381.0
2457603.66791 17.509 0.012 4.55 368.0
2457603.70509 17.530 0.013 4.91 379.0
2457603.74536 17.542 0.015 5.88 401.0
2457603.78263 17.501 0.016 6.00 430.0
2457604.50871 17.552 0.020 6.92 458.0
2457604.54604 17.538 0.014 4.74 426.0
2457604.58533 17.489 0.013 4.46 387.0
2457604.62387 17.492 0.013 5.25 365.0
2457604.66253 17.526 0.013 5.18 344.0
2457604.69992 17.525 0.013 4.56 366.0
2457604.73842 17.520 0.016 6.02 400.0
2457605.47510 17.557 0.018 6.14 450.0
2457605.51726 17.458 0.014 5.42 381.0
2457605.56449 17.479 0.013 4.64 368.0
2457605.61597 17.525 0.015 5.72 393.0
2457605.65376 17.506 0.015 5.33 402.0
2457605.69144 17.521 0.016 6.15 411.0
2457605.72860 17.535 0.015 5.15 430.0
2457605.76574 17.568 0.019 6.11 491.0
2457606.67483 17.481 0.016 6.17 383.0
2457606.72793 17.465 0.020 7.42 415.0
2457607.48762 17.485 0.017 6.53 422.0
2457607.55118 17.489 0.016 5.95 420.0
2457607.59907 17.543 0.018 6.80 395.0
2457607.64293 17.514 0.015 5.64 365.0
2457607.68645 17.497 0.014 5.23 374.0
2457607.73003 17.509 0.014 5.04 390.0
2457608.47438 17.465 0.018 6.41 511.0
2457608.52243 17.481 0.015 5.84 395.0
2457608.60156 17.505 0.012 4.44 373.0
2457608.64960 17.482 0.012 4.38 373.0
2457608.69402 17.482 0.012 4.16 393.0
2457608.73914 17.473 0.014 5.02 422.0
2457609.47522 17.557 0.019 5.74 559.0
2457609.51947 17.483 0.018 6.03 459.0
2457609.58562 17.475 0.014 5.19 424.0
2457609.63029 17.469 0.014 5.19 407.0
2457609.67754 17.523 0.014 5.00 403.0
2457609.72284 17.508 0.014 4.81 409.0
2457609.75129 17.594 0.018 5.71 501.0
2457610.48897 17.504 0.016 5.67 458.0
2457610.53435 17.476 0.019 7.05 453.0
2457610.60419 17.475 0.016 5.94 452.0
2457610.64816 17.529 0.014 4.64 462.0
2457610.69236 17.521 0.014 4.45 474.0
2457611.48712 17.606 0.028 7.54 722.0
2457611.61825 17.531 0.017 5.68 474.0
2457611.66380 17.567 0.016 5.40 472.0
2457611.74545 17.527 0.021 7.34 491.0
2457612.50927 17.484 0.017 5.87 508.0
2457612.54689 17.522 0.014 4.70 463.0
2457612.58764 17.514 0.014 4.60 486.0
2457612.62543 17.490 0.015 5.15 499.0
2457612.66303 17.517 0.015 5.24 503.0
2457612.70071 17.529 0.015 4.97 518.0
2457612.73860 17.561 0.016 5.26 538.0
2457616.56229 17.528 0.017 5.19 694.0
2457616.60900 17.543 0.016 4.81 675.0
2457616.71611 17.464 0.014 4.33 769.0
2457617.54535 17.550 0.022 5.99 674.0
2457617.59050 17.467 0.019 5.50 670.0
2457617.63427 17.550 0.020 5.68 692.0
2457617.67818 17.512 0.018 5.00 744.0
2457617.72137 17.498 0.024 6.29 840.0
2457618.50458 17.471 0.020 6.05 685.0
2457618.55186 17.509 0.017 5.16 663.0
2457618.59521 17.527 0.018 4.99 685.0
2457618.63904 17.501 0.020 5.92 703.0
2457618.68272 17.534 0.022 6.01 791.0
2457618.72042 17.531 0.022 5.83 929.0
2457619.53975 17.513 0.020 6.26 605.0
2457621.47396 17.548 0.019 5.77 705.0
2457621.53759 17.489 0.017 6.53 399.0
2457621.58554 17.476 0.017 5.71 623.0
2457621.63765 17.504 0.017 6.09 458.0
2457621.68428 17.459 0.019 7.11 499.0
2457622.48841 17.518 0.017 5.97 414.0
2457622.54148 17.517 0.014 4.61 385.0
2457622.58996 17.524 0.014 4.58 430.0
2457622.65278 17.494 0.013 4.54 451.0
2457622.69522 17.512 0.014 4.75 467.0
2457623.47346 17.488 0.021 5.55 865.0
2457623.52002 17.463 0.013 4.51 423.0
2457623.57465 17.518 0.014 5.07 402.0
2457623.62831 17.532 0.014 5.25 385.0
2457623.67245 17.511 0.015 5.58 442.0
2457623.71398 17.545 0.018 6.05 487.0
2457624.50571 17.483 0.016 5.55 440.0
2457624.57171 17.496 0.016 6.36 416.0
2457624.62017 17.506 0.014 5.38 392.0
2457624.66696 17.538 0.015 5.61 393.0
2457625.49279 17.538 0.015 5.39 461.0
2457625.55629 17.528 0.015 5.50 454.0
2457625.60996 17.490 0.015 5.70 425.0
2457625.65414 17.537 0.018 6.54 410.0
2457626.49562 17.521 0.015 5.28 452.0
2457626.54295 17.487 0.016 5.71 455.0
2457626.61754 17.579 0.016 5.31 432.0
2457626.66202 17.467 0.014 5.10 415.0
2457630.50630 17.553 0.016 5.83 427.0
2457630.56180 17.553 0.015 5.13 397.0
2457630.60621 17.507 0.015 5.51 403.0
2457630.65093 17.506 0.016 5.61 391.0
2457631.49893 17.488 0.014 4.76 440.0
2457631.55414 17.536 0.014 5.16 397.0
2457631.59880 17.518 0.013 4.66 397.0
2457631.64248 17.513 0.012 4.51 387.0
2457632.49832 17.511 0.015 5.23 389.0
2457632.55337 17.535 0.015 4.95 420.0
2457632.59863 17.505 0.014 5.03 403.0
2457632.64224 17.487 0.014 5.03 435.0
2457633.56588 17.544 0.022 7.48 433.0
2457633.61136 17.536 0.017 5.81 423.0
2457633.65336 17.490 0.017 6.21 433.0
2457634.54171 17.478 0.018 6.41 398.0
2457634.59550 17.502 0.017 6.60 461.0
2457635.51864 17.495 0.019 6.70 464.0
2457635.57945 17.536 0.020 7.21 423.0
2457636.48091 17.496 0.020 6.54 551.0
2457636.53571 17.505 0.019 6.53 465.0
2457636.58094 17.539 0.016 5.71 440.0
2457636.62516 17.551 0.016 5.77 454.0
2457637.48172 17.468 0.014 5.20 466.0
2457637.54156 17.504 0.013 5.19 395.0
2457637.58549 17.517 0.014 5.15 405.0
2457637.62969 17.519 0.015 5.47 428.0
2457638.50654 17.486 0.019 6.37 523.0
2457638.55900 17.499 0.015 4.86 602.0
2457638.64167 17.521 0.014 5.11 527.0
2457639.51790 17.546 0.017 5.00 486.0
2457639.57592 17.550 0.014 4.58 451.0
2457639.62059 17.543 0.014 4.80 461.0
2457643.55370 17.477 0.027 7.13 906.0
2457643.62110 17.527 0.023 5.95 836.0
2457644.52799 17.533 0.028 6.69 1062.0
2457644.56619 17.574 0.028 6.53 1033.0
2457644.62108 17.514 0.026 5.75 1411.0
2457645.51231 17.480 0.025 6.71 997.0
2457647.50428 17.498 0.025 7.18 742.0
2457647.55021 17.503 0.018 5.41 650.0
2457647.59404 17.518 0.019 5.65 682.0
2457648.51547 17.526 0.017 5.18 568.0
2457648.55939 17.474 0.018 5.61 612.0
2457648.60319 17.522 0.017 4.99 673.0
2457649.50967 17.498 0.013 4.03 585.0
2457649.55429 17.516 0.014 4.34 555.0
2457649.59918 17.495 0.014 4.78 599.0
2457650.54207 17.466 0.014 4.83 469.0
2457650.58612 17.521 0.016 5.39 553.0
2457651.53369 17.506 0.015 5.22 511.0
2457651.58630 17.521 0.015 5.06 604.0
2457652.52077 17.496 0.014 5.09 409.0
2457652.57655 17.527 0.014 5.34 452.0
2457653.52279 17.495 0.013 4.64 420.0
2457653.58427 17.561 0.014 4.81 424.0
2457654.53638 17.499 0.018 6.53 490.0
2457655.55315 17.491 0.014 5.73 425.0
2457656.48112 17.517 0.021 5.60 920.0
2457656.56621 17.496 0.018 6.26 472.0
2457657.52079 17.536 0.016 5.30 463.0
2457658.48408 17.480 0.021 6.71 680.0
2457659.58369 17.488 0.016 5.52 503.0
2457660.53650 17.506 0.018 6.12 513.0
2457660.58012 17.459 0.020 7.02 503.0
2457661.55205 17.519 0.020 6.98 492.0
2457662.48443 17.553 0.024 7.02 722.0
2457662.55304 17.520 0.018 5.42 560.0
2457664.52227 17.510 0.021 6.70 585.0
2457664.56919 17.523 0.019 5.78 616.0
2457666.52287 17.542 0.021 7.05 538.0
2457667.48780 17.552 0.018 5.62 706.0
2457671.50961 17.548 0.030 5.31 1668.0
2457672.51225 17.467 0.023 7.02 795.0
2457675.51768 17.532 0.027 7.68 708.0
2457679.49935 17.484 0.023 7.36 635.0
2457681.51075 17.522 0.020 6.95 515.0
2457684.50207 17.489 0.024 7.51 694.0
2457689.50937 17.553 0.018 5.87 584.0
2457691.50654 17.504 0.015 4.50 639.0
2457790.87381 17.503 0.017 5.80 594.0
2457791.86890 17.487 0.016 5.65 511.0
2457792.86517 17.521 0.022 7.21 672.0
2457793.86258 17.497 0.018 5.51 698.0
2457794.86335 17.482 0.027 7.21 898.0
2457795.87550 17.503 0.023 6.41 856.0
2457797.85829 17.522 0.021 5.80 862.0
2457798.85647 17.499 0.018 5.53 616.0
2457799.85355 17.467 0.024 7.22 711.0
2457799.89372 17.528 0.033 6.58 1655.0
2457800.88038 17.492 0.015 4.54 554.0
2457801.87118 17.522 0.021 5.88 740.0
2457802.86817 17.475 0.024 7.50 725.0
2457803.85170 17.532 0.019 5.03 968.0
2457803.90031 17.479 0.024 4.17 2162.0
2457807.85835 17.472 0.015 5.50 448.0
2457808.82498 17.511 0.023 7.57 481.0
2457809.81929 17.477 0.020 7.12 512.0
2457809.86927 17.489 0.017 6.06 471.0
2457810.81839 17.498 0.017 5.71 512.0
2457810.86420 17.493 0.014 4.99 457.0
2457811.82415 17.478 0.021 7.18 504.0
2457811.86964 17.489 0.016 5.66 450.0
2457812.83920 17.501 0.014 4.69 493.0
2457812.88563 17.470 0.012 3.73 471.0
2457813.83015 17.481 0.016 5.26 550.0
2457814.83976 17.494 0.013 4.61 458.0
2457814.88750 17.483 0.012 3.96 437.0
2457815.85146 17.490 0.014 4.37 472.0
2457815.89839 17.485 0.013 4.48 471.0
2457816.84320 17.484 0.015 5.15 473.0
2457816.88852 17.488 0.014 5.07 432.0
2457817.83984 17.453 0.014 4.92 527.0
2457817.88511 17.472 0.012 3.71 485.0
2457818.82605 17.471 0.014 5.18 483.0
2457818.87119 17.490 0.013 4.15 456.0
2457819.80589 17.477 0.015 5.49 453.0
2457819.85098 17.474 0.013 4.25 430.0
2457819.90330 17.435 0.013 3.91 584.0
2457820.86042 17.485 0.013 4.41 487.0
2457820.90534 17.460 0.014 4.20 609.0
2457821.84349 17.474 0.016 5.20 521.0
2457821.88808 17.498 0.017 5.28 516.0
2457822.83622 17.481 0.019 6.08 656.0
2457822.88095 17.474 0.014 4.74 496.0
2457823.82171 17.491 0.019 5.58 720.0
2457823.86605 17.500 0.015 4.80 607.0
2457824.81622 17.497 0.023 7.04 725.0
2457824.86208 17.487 0.018 5.44 651.0
2457825.80925 17.494 0.016 4.77 721.0
2457825.85387 17.489 0.015 4.85 613.0
2457825.89843 17.483 0.015 4.31 625.0
2457826.81228 17.428 0.017 5.35 706.0
2457826.85732 17.473 0.016 4.97 653.0
2457826.90228 17.447 0.014 4.16 651.0
2457827.83120 17.448 0.016 5.32 599.0
2457827.87550 17.449 0.014 4.57 542.0
2457828.80034 17.434 0.017 5.50 634.0
2457828.84490 17.470 0.015 4.77 579.0
2457828.88967 17.471 0.016 5.31 561.0
2457829.82699 17.440 0.021 6.61 680.0
2457830.79011 17.446 0.017 4.78 924.0
2457830.82522 17.464 0.017 4.99 700.0
2457830.86765 17.455 0.015 4.59 696.0
2457830.90689 17.476 0.014 4.32 651.0
2457834.81784 17.469 0.015 5.41 462.0
2457834.86498 17.453 0.018 6.83 468.0
2457834.91204 17.441 0.016 5.64 550.0
2457835.78508 17.442 0.019 6.92 439.0
2457835.86352 17.401 0.017 6.52 430.0
2457835.91037 17.447 0.016 5.77 523.0
2457836.80040 17.470 0.022 7.78 445.0
2457836.84930 17.447 0.014 5.26 394.0
2457836.89635 17.436 0.017 6.72 420.0
2457837.76794 17.439 0.015 6.20 403.0
2457837.81429 17.486 0.015 5.72 386.0
2457837.86082 17.424 0.014 5.41 403.0
2457837.90876 17.423 0.014 5.41 453.0
2457838.78313 17.467 0.015 5.58 458.0
2457838.83867 17.463 0.013 4.66 444.0
2457838.88600 17.428 0.015 5.48 443.0
2457839.74530 17.409 0.012 4.64 386.0
2457839.80454 17.443 0.012 4.22 367.0
2457839.85144 17.423 0.011 3.63 355.0
2457839.90327 17.452 0.011 3.59 368.0
2457840.77336 17.408 0.017 6.61 425.0
2457840.83049 17.430 0.015 5.89 419.0
2457840.87608 17.433 0.013 4.81 404.0
2457841.74516 17.447 0.020 7.49 437.0
2457841.80065 17.471 0.020 7.40 416.0
2457841.84694 17.450 0.018 6.92 435.0
2457841.89574 17.445 0.017 6.31 424.0
2457842.74854 17.462 0.017 6.40 418.0
2457842.79486 17.436 0.014 5.69 403.0
2457842.84135 17.472 0.016 5.75 413.0
2457842.88889 17.442 0.014 5.23 411.0
2457843.75305 17.401 0.015 6.06 401.0
2457843.79914 17.431 0.015 5.88 384.0
2457843.85466 17.444 0.016 6.07 400.0
2457843.90209 17.434 0.013 5.17 377.0
2457844.74948 17.430 0.014 5.79 406.0
2457844.80478 17.432 0.014 5.30 380.0
2457844.85072 17.406 0.017 6.72 424.0
2457844.89872 17.413 0.014 5.77 391.0
2457845.74276 17.415 0.016 6.40 436.0
2457845.79809 17.410 0.012 4.68 401.0
2457845.84424 17.426 0.012 4.45 397.0
2457845.89141 17.421 0.013 5.23 395.0
2457846.74457 17.431 0.019 7.31 418.0
2457846.79020 17.421 0.014 5.50 384.0
2457846.83616 17.423 0.013 5.12 394.0
2457846.88266 17.402 0.012 4.54 395.0
2457847.72422 17.422 0.016 5.99 431.0
2457847.77021 17.436 0.014 5.32 411.0
2457847.81659 17.419 0.013 4.73 414.0
2457847.87255 17.440 0.016 5.99 413.0
2457847.92177 17.417 0.017 5.21 775.0
2457848.75328 17.428 0.016 6.08 422.0
2457848.79914 17.416 0.013 5.22 384.0
2457848.84540 17.384 0.013 5.39 385.0
2457848.90394 17.422 0.012 4.88 376.0
2457849.73547 17.397 0.016 6.04 524.0
2457849.78189 17.395 0.012 4.33 405.0
2457849.82763 17.402 0.012 4.29 401.0
2457849.88513 17.403 0.011 3.76 373.0
2457850.71700 17.409 0.017 6.06 574.0
2457850.76295 17.419 0.016 5.43 525.0
2457850.80933 17.424 0.014 4.97 471.0
2457850.86643 17.413 0.012 4.65 404.0
2457850.91482 17.410 0.015 5.72 462.0
2457851.74997 17.421 0.016 5.51 580.0
2457851.79599 17.374 0.016 5.75 532.0
2457851.84253 17.413 0.013 4.79 481.0
2457851.90200 17.397 0.013 4.97 424.0
2457852.82314 17.399 0.019 7.45 513.0
2457852.87171 17.379 0.017 6.71 463.0
2457853.85874 17.376 0.020 7.50 536.0
2457853.90461 17.371 0.016 5.98 502.0
2457854.70665 17.367 0.016 5.08 777.0
2457854.75001 17.371 0.016 5.24 674.0
2457854.80535 17.399 0.013 4.22 583.0
2457854.85357 17.393 0.014 4.63 570.0
2457854.90245 17.326 0.012 4.04 561.0
2457855.74870 17.387 0.015 4.79 723.0
2457855.79558 17.381 0.016 5.27 666.0
2457855.84323 17.388 0.014 4.74 624.0
2457855.90262 17.365 0.013 4.25 593.0
2457856.72485 17.386 0.021 6.82 727.0
2457856.77277 17.384 0.018 5.99 645.0
2457856.82198 17.348 0.017 6.09 628.0
2457856.87151 17.379 0.023 7.68 639.0
2457857.83638 17.327 0.025 6.59 1368.0
2457857.87486 17.377 0.025 6.49 1249.0
2457857.90299 17.348 0.015 5.27 631.0
2457858.79751 17.380 0.014 4.87 579.0
2457858.83286 17.343 0.015 5.25 650.0
2457858.87411 17.371 0.014 5.08 585.0
2457858.92122 17.360 0.014 4.90 589.0
2457862.71660 17.321 0.015 6.17 489.0
2457862.76322 17.347 0.017 6.64 485.0
2457862.81060 17.323 0.015 5.98 484.0
2457862.85906 17.326 0.014 5.46 487.0
2457862.91912 17.299 0.013 4.73 475.0
2457863.78841 17.308 0.013 5.18 434.0
2457863.86000 17.310 0.012 4.89 450.0
2457863.92031 17.321 0.012 4.44 490.0
2457864.74681 17.291 0.010 4.32 383.0
2457864.83036 17.278 0.011 4.22 401.0
2457864.88179 17.323 0.011 3.76 430.0
2457865.67322 17.300 0.012 4.89 433.0
2457865.71891 17.283 0.012 5.05 423.0
2457865.76485 17.301 0.011 4.54 405.0
2457865.82311 17.290 0.010 3.59 412.0
2457865.88819 17.305 0.011 3.69 470.0
2457866.68406 17.282 0.012 5.16 439.0
2457866.73065 17.270 0.012 5.18 419.0
2457866.77705 17.286 0.011 4.33 404.0
2457866.84435 17.273 0.010 3.85 404.0
2457866.89463 17.279 0.010 3.52 432.0
2457867.70287 17.257 0.012 4.84 422.0
2457867.74969 17.250 0.010 4.15 384.0
2457867.80559 17.296 0.010 3.58 376.0
2457867.86502 17.255 0.011 4.50 404.0
2457867.91228 17.282 0.011 4.44 419.0
2457868.77520 17.254 0.014 5.48 433.0
2457868.83523 17.271 0.016 6.34 469.0
2457868.89896 17.235 0.018 7.42 490.0
2457869.69471 17.262 0.013 5.96 413.0
2457869.74328 17.233 0.011 4.37 411.0
2457869.78950 17.238 0.010 4.01 397.0
2457869.85753 17.238 0.010 3.86 416.0
2457869.90599 17.238 0.010 3.69 457.0
2457870.72281 17.267 0.011 4.49 373.0
2457870.77017 17.229 0.010 3.90 372.0
2457870.83683 17.224 0.011 4.31 385.0
2457870.88562 17.224 0.011 3.79 409.0
2457870.93270 17.233 0.015 4.05 1140.0
2457871.73947 17.223 0.010 4.17 437.0
2457871.78584 17.213 0.010 3.98 427.0
2457871.85801 17.231 0.010 3.87 409.0
2457871.91172 17.229 0.011 3.84 437.0
2457872.68627 17.203 0.011 5.07 450.0
2457872.75475 17.204 0.010 3.64 426.0
2457872.82222 17.219 0.009 3.11 403.0
2457872.88604 17.204 0.010 3.52 429.0
2457872.93464 17.203 0.015 4.07 1428.0
2457873.70366 17.192 0.011 4.86 436.0
2457873.74966 17.202 0.010 3.70 417.0
2457873.79655 17.166 0.009 3.72 376.0
2457873.86569 17.185 0.011 4.18 453.0
2457873.91635 17.178 0.011 4.36 445.0
2457874.67917 17.182 0.013 6.19 480.0
2457874.73412 17.203 0.017 7.30 470.0
2457874.79065 17.205 0.014 5.94 459.0
2457874.83979 17.182 0.014 6.20 470.0
2457874.88838 17.189 0.011 4.44 482.0
2457874.93482 17.184 0.017 5.52 1043.0
2457875.82860 17.158 0.011 4.72 701.0
2457875.88665 17.190 0.011 4.37 498.0
2457875.92423 17.154 0.011 4.42 595.0
2457876.67494 17.120 0.014 6.31 571.0
2457876.72176 17.144 0.013 5.57 502.0
2457876.77976 17.143 0.011 4.31 465.0
2457876.84408 17.123 0.010 4.01 465.0
2457876.89155 17.134 0.011 4.38 473.0
2457877.65303 17.108 0.012 5.71 558.0
2457877.69907 17.119 0.011 4.79 483.0
2457877.75571 17.114 0.009 3.57 437.0
2457877.81396 17.125 0.009 3.43 443.0
2457877.86369 17.119 0.011 4.04 525.0
2457878.65915 17.082 0.013 6.14 625.0
2457878.75200 17.103 0.010 3.85 488.0
2457878.81024 17.119 0.009 3.42 437.0
2457878.87079 17.053 0.010 4.10 445.0
2457878.91683 17.099 0.010 3.89 494.0
2457879.67960 17.049 0.011 5.35 525.0
2457879.72597 17.088 0.015 6.92 553.0
2457879.77201 17.082 0.013 5.82 569.0
2457879.86320 17.052 0.014 6.87 509.0
2457880.67784 17.053 0.016 7.48 564.0
2457880.72386 17.054 0.011 5.32 523.0
2457880.77020 17.038 0.013 6.20 552.0
2457880.78595 17.064 0.014 6.67 561.0
2457880.81162 17.062 0.013 5.98 555.0
2457880.83028 17.055 0.014 6.30 561.0
2457880.88483 17.008 0.015 7.00 542.0
2457881.73957 16.992 0.019 6.72 1280.0
2457881.76882 17.003 0.014 6.50 596.0
2457881.81829 17.037 0.013 5.49 586.0
2457881.86789 17.015 0.013 5.81 647.0
2457881.92261 17.019 0.015 7.09 600.0
2457881.93651 16.988 0.018 7.07 1002.0
2457882.71329 16.986 0.015 7.12 611.0
2457882.75915 16.977 0.011 5.20 564.0
2457882.82816 16.976 0.010 4.56 600.0
2457882.87517 17.002 0.012 5.45 647.0
2457882.93081 16.964 0.011 5.20 563.0
2457889.89134 16.748 0.014 6.15 1141.0
2457889.93859 16.730 0.017 6.48 1790.0
2457890.72778 16.691 0.009 5.34 582.0
2457890.81231 16.705 0.013 7.31 667.0
2457890.87045 16.672 0.010 5.52 656.0
2457893.63070 16.528 0.011 8.13 498.0
2457893.67459 16.544 0.008 5.93 452.0
2457893.72092 16.512 0.009 6.18 476.0
2457893.77689 16.507 0.009 6.19 496.0
2457893.83488 16.518 0.008 4.95 458.0
2457893.88224 16.498 0.008 5.12 499.0
2457893.92826 16.487 0.007 4.50 556.0
2457894.61770 16.432 0.009 7.65 537.0
2457894.65839 16.447 0.007 5.48 476.0
2457894.71385 16.459 0.007 4.79 428.0
2457894.76977 16.425 0.007 5.82 421.0
2457894.81725 16.438 0.007 4.49 421.0
2457894.86407 16.442 0.007 4.94 479.0
2457894.91080 16.433 0.007 4.80 485.0
2457895.60512 16.378 0.008 7.06 593.0
2457895.68058 16.393 0.007 5.81 573.0
2457895.80032 16.365 0.006 4.59 502.0
2457897.66879 16.223 0.007 5.97 452.0
2457897.71571 16.214 0.007 6.17 446.0
2457897.77299 16.222 0.005 4.89 519.0
2457900.91392 15.890 0.006 6.83 514.0
2457901.59988 15.770 0.006 7.77 502.0
2457901.64735 15.778 0.005 6.16 435.0
2457901.69821 15.771 0.004 5.40 455.0
2457901.78721 15.745 0.005 5.03 478.0
2457901.83532 15.739 0.005 4.99 467.0
2457902.59841 15.614 0.005 7.10 470.0
2457902.64134 15.632 0.005 6.97 474.0
2457902.68869 15.597 0.004 4.71 407.0
2457902.74871 15.585 0.004 4.57 422.0
2457902.80468 15.597 0.004 5.05 471.0
2457902.90300 15.579 0.005 6.38 646.0
2457902.94449 15.561 0.005 6.21 915.0
2457903.76276 15.426 0.005 7.81 425.0
2457903.81038 15.388 0.004 5.30 417.0
2457903.86619 15.382 0.004 5.33 484.0
2457903.91234 15.371 0.004 6.19 519.0
2457904.62079 15.201 0.004 7.00 468.0
2457904.66379 15.178 0.003 5.21 402.0
2457904.72011 15.175 0.003 3.96 366.0
2457904.77954 15.178 0.003 3.79 361.0
2457904.82760 15.161 0.003 4.11 394.0
2457904.87377 15.133 0.003 4.51 455.0
2457904.92955 15.110 0.003 5.45 513.0
2457905.58605 14.910 0.003 6.66 493.0
2457905.63322 14.902 0.003 5.67 441.0
2457905.68892 14.893 0.003 4.03 382.0
2457905.74459 14.869 0.003 3.66 400.0
2457905.79422 14.858 0.003 4.41 444.0
2457905.84167 14.835 0.003 4.63 483.0
2457905.88894 14.823 0.003 4.11 513.0
2457905.93684 14.804 0.003 5.44 641.0
2457906.59693 14.512 0.003 5.28 509.0
2457906.64302 14.499 0.003 4.26 448.0
2457906.69986 14.479 0.003 3.95 437.0
2457906.75905 14.455 0.003 3.69 448.0
2457906.80688 14.429 0.003 4.00 477.0
2457906.85335 14.405 0.003 4.03 532.0
2457906.90054 14.368 0.003 4.24 629.0
2457906.93742 14.337 0.003 5.01 817.0
2457907.65373 13.851 0.003 5.17 607.0
2457907.69433 13.822 0.003 4.79 601.0
2457907.73796 13.794 0.003 3.65 590.0
2457907.78906 13.746 0.003 4.09 559.0
2457907.87571 13.658 0.003 4.12 737.0
2457908.56818 12.722 0.003 7.30 752.0
2457908.60225 12.685 0.003 6.29 636.0
2457908.64857 12.638 0.003 5.37 585.0
2457908.70396 12.600 0.003 4.28 517.0
2457908.76221 12.547 0.003 4.41 568.0
2457908.80987 12.504 0.003 4.96 483.0
2457908.85634 12.489 0.003 4.78 490.0
2457908.90310 12.481 0.003 4.61 598.0
2457908.93473 12.482 0.003 6.17 722.0
2457909.59141 13.538 0.003 5.83 711.0
2457909.63963 13.594 0.003 4.85 564.0
2457909.69635 13.657 0.003 4.22 530.0
2457909.74489 13.698 0.003 4.19 534.0
2457909.79188 13.756 0.003 3.88 563.0
2457909.83681 13.794 0.003 3.76 563.0
2457909.88047 13.824 0.003 4.53 639.0
2457909.92021 13.850 0.003 5.16 771.0
2457910.55906 14.285 0.003 6.53 804.0
2457910.59338 14.310 0.003 5.77 636.0
2457910.63949 14.342 0.003 4.88 584.0
2457910.69600 14.382 0.003 4.27 543.0
2457910.75621 14.413 0.003 4.38 554.0
2457910.80293 14.437 0.003 3.88 567.0
2457910.85710 14.456 0.003 4.01 807.0
2457910.90531 14.484 0.003 4.73 565.0
2457911.56340 14.758 0.003 7.29 958.0
2457911.60653 14.787 0.003 6.66 749.0
2457911.65336 14.802 0.003 5.19 656.0
2457911.69939 14.823 0.003 4.98 601.0
2457911.80373 14.866 0.003 5.99 811.0
2457911.90111 14.911 0.004 7.12 758.0
2457916.62124 15.853 0.006 4.46 1221.0
2457916.66385 15.862 0.005 3.90 1222.0
2457916.70360 15.865 0.006 5.08 926.0
2457916.74855 15.883 0.005 4.24 684.0
2457916.79164 15.883 0.005 3.74 743.0
2457916.83307 15.888 0.005 4.20 884.0
2457917.54003 15.971 0.007 7.58 686.0
2457917.58910 15.975 0.006 6.38 637.0
2457917.63916 15.995 0.005 4.77 550.0
2457917.68681 15.988 0.005 4.62 546.0
2457917.73749 16.007 0.005 4.06 535.0
2457917.78479 15.992 0.006 5.20 591.0
2457917.83085 16.015 0.006 5.40 693.0
2457917.87661 16.027 0.007 5.81 811.0
2457917.92013 16.061 0.009 7.27 1003.0
2457918.61581 16.112 0.007 6.72 660.0
2457918.69489 16.113 0.007 5.99 1027.0
2457922.60044 16.442 0.008 6.42 496.0
2457922.64666 16.449 0.007 5.38 445.0
2457922.71324 16.414 0.008 5.47 462.0
2457923.52416 16.504 0.010 7.00 587.0
2457923.56939 16.512 0.008 5.90 533.0
2457923.61523 16.501 0.008 5.68 480.0
2457923.67839 16.515 0.008 5.76 448.0
2457923.73703 16.535 0.010 6.75 477.0
2457923.78512 16.527 0.008 5.45 486.0
2457923.83030 16.512 0.008 5.57 499.0
2457923.88515 16.525 0.009 6.22 582.0
2457924.53658 16.555 0.008 5.89 485.0
2457924.58255 16.563 0.008 5.49 466.0
2457924.62828 16.573 0.008 5.46 452.0
2457924.68194 16.595 0.007 4.80 440.0
2457924.73991 16.588 0.007 3.86 442.0
2457924.78617 16.587 0.008 4.57 442.0
2457924.83203 16.582 0.008 4.36 501.0
2457924.88118 16.587 0.008 5.18 583.0
2457925.60629 16.621 0.008 5.92 433.0
2457925.65254 16.618 0.007 4.23 384.0
2457925.71721 16.640 0.007 5.38 389.0
2457925.77322 16.633 0.008 4.82 396.0
2457925.82681 16.645 0.009 6.19 455.0
2457925.87647 16.629 0.009 6.24 509.0
2457926.59166 16.668 0.009 6.34 442.0
2457926.64722 16.687 0.009 6.24 406.0
2457926.72299 16.687 0.009 5.78 436.0
2457926.77346 16.690 0.010 6.34 451.0
2457926.82994 16.692 0.010 6.36 469.0
2457928.58795 16.760 0.009 5.75 419.0
2457928.63692 16.764 0.010 5.79 476.0
2457929.57997 16.800 0.009 5.69 866.0
2457929.82046 16.816 0.011 7.42 681.0
2457932.63613 16.916 0.011 5.77 434.0
2457932.69460 16.941 0.013 6.65 444.0
2457932.75455 16.914 0.011 5.81 411.0
2457932.80022 16.920 0.012 6.38 429.0
2457933.57916 16.951 0.014 7.63 437.0
2457933.62538 16.939 0.011 6.28 405.0
2457933.67450 16.980 0.013 6.99 381.0
2457933.73225 16.960 0.011 6.19 373.0
2457933.78903 16.986 0.012 6.64 408.0
2457933.81771 16.954 0.013 7.18 420.0
2457933.82580 16.947 0.013 7.10 429.0
2457933.83464 16.981 0.015 7.70 444.0
2457933.84860 16.981 0.014 7.48 481.0
2457934.52999 16.976 0.011 5.88 481.0
2457934.57554 16.963 0.010 5.20 447.0
2457934.62132 16.991 0.011 5.56 413.0
2457934.69685 16.993 0.009 4.27 403.0
2457934.72898 16.986 0.010 4.70 412.0
2457934.77575 16.983 0.010 5.16 440.0
2457934.82153 16.973 0.012 6.17 400.0
2457934.85514 17.004 0.014 7.18 438.0
2457935.51463 17.011 0.011 5.68 531.0
2457935.56164 16.990 0.010 4.96 454.0
2457935.62801 17.017 0.010 4.87 407.0
2457935.67712 17.015 0.010 4.99 431.0
2457935.72505 17.028 0.009 4.21 383.0
2457935.77166 17.023 0.009 3.96 368.0
2457935.81868 17.005 0.009 3.86 379.0
2457935.87014 17.014 0.009 4.56 427.0
2457935.88168 17.017 0.010 5.05 439.0
2457936.52288 17.034 0.012 5.86 500.0
2457936.57025 17.027 0.011 5.48 432.0
2457936.61818 17.046 0.011 5.61 409.0
2457936.68082 17.003 0.010 5.06 390.0
2457936.73771 17.047 0.010 5.05 393.0
2457936.79510 17.028 0.010 5.01 368.0
2457936.84130 17.045 0.012 6.62 394.0
2457936.87158 17.067 0.015 7.75 448.0
2457937.51163 17.072 0.012 5.32 585.0
2457937.55933 17.066 0.012 5.53 533.0
2457937.60676 17.066 0.011 5.45 455.0
2457937.65413 17.065 0.010 4.89 434.0
2457937.71234 17.061 0.011 5.25 426.0
2457937.77014 17.074 0.012 6.12 432.0
2457937.81687 17.079 0.015 7.38 442.0
2457938.53495 17.094 0.014 5.67 598.0
2457938.58323 17.061 0.015 6.79 527.0
2457938.63466 17.129 0.016 7.48 556.0
2457944.47670 17.208 0.018 6.36 887.0
2457944.51711 17.208 0.017 6.04 803.0
2457944.55698 17.261 0.016 5.64 753.0
2457944.59596 17.177 0.013 4.92 705.0
2457944.63549 17.187 0.014 4.94 857.0
2457944.69365 17.178 0.014 4.99 674.0
2457944.74072 17.216 0.015 5.23 671.0
2457944.78062 17.197 0.013 4.62 744.0
2457944.81989 17.199 0.020 7.08 840.0
2457945.47050 17.189 0.019 7.58 765.0
2457945.49576 17.223 0.016 6.22 687.0
2457945.54333 17.221 0.014 5.46 601.0
2457945.59092 17.192 0.013 5.12 532.0
2457945.63779 17.198 0.010 3.85 511.0
2457945.68674 17.184 0.010 3.86 482.0
2457945.73447 17.218 0.011 4.01 531.0
2457945.78122 17.222 0.014 5.23 621.0
2457945.82803 17.211 0.014 4.91 711.0
2457946.47865 17.221 0.014 6.44 468.0
2457946.53418 17.243 0.013 5.43 504.0
2457946.58210 17.206 0.012 5.05 507.0
2457946.62981 17.217 0.012 4.71 497.0
2457946.69532 17.211 0.012 4.67 476.0
2457946.74343 17.218 0.013 5.10 480.0
2457946.79193 17.229 0.015 6.09 503.0
2457946.83543 17.240 0.016 6.24 607.0
2457947.53268 17.235 0.016 7.15 421.0
2457947.58129 17.235 0.013 5.66 446.0
2457947.62991 17.248 0.013 5.86 419.0
2457947.72685 17.229 0.015 6.31 479.0
2457947.77423 17.232 0.015 6.36 518.0
2457947.81103 17.256 0.017 7.04 553.0
2457948.48743 17.231 0.015 6.68 452.0
2457948.54473 17.258 0.011 4.86 418.0
2457948.60222 17.273 0.012 5.09 399.0
2457948.65422 17.226 0.015 6.28 539.0
2457948.70086 17.241 0.013 4.83 621.0
2457948.77094 17.242 0.012 5.10 493.0
2457948.81761 17.249 0.018 7.07 592.0
2457949.56172 17.267 0.017 6.19 670.0
2457949.60737 17.250 0.015 6.03 642.0
2457949.66758 17.265 0.017 6.62 587.0
2457952.67007 17.313 0.013 4.52 409.0
2457952.72302 17.319 0.013 5.26 392.0
2457952.77851 17.321 0.016 6.57 415.0
2457952.82529 17.307 0.016 6.69 450.0
2457953.50347 17.312 0.014 5.25 464.0
2457953.56355 17.283 0.012 4.96 404.0
2457953.62578 17.308 0.013 5.24 379.0
2457953.67804 17.298 0.012 5.07 354.0
2457953.72801 17.325 0.011 4.53 357.0
2457953.77894 17.315 0.013 5.15 421.0
2457954.46642 17.330 0.017 5.65 803.0
2457954.51994 17.318 0.013 4.66 546.0
2457954.56985 17.328 0.011 4.15 391.0
2457954.64554 17.327 0.011 3.92 363.0
2457954.69855 17.334 0.011 4.32 376.0
2457954.76445 17.296 0.011 4.30 457.0
2457955.71728 17.346 0.011 3.83 451.0
2457955.77170 17.314 0.013 5.54 398.0
2457955.81422 17.363 0.015 6.06 454.0
2457956.52684 17.359 0.014 5.02 492.0
2457956.58288 17.324 0.012 4.48 407.0
2457956.65004 17.267 0.011 4.18 361.0
2457956.70003 17.326 0.012 5.00 392.0
2457956.74914 17.353 0.014 5.53 410.0
2457956.80013 17.357 0.017 7.08 455.0
2457957.65776 17.353 0.014 5.62 412.0
2457957.70825 17.341 0.015 6.51 420.0
2457957.78765 17.238 0.016 7.28 422.0
2457958.60283 17.396 0.016 6.26 441.0
2457958.63659 17.352 0.017 6.88 405.0
2457958.67875 17.347 0.018 7.15 424.0
2457958.73223 17.340 0.015 5.81 404.0
2457958.78123 17.352 0.016 6.55 428.0
2457958.80023 17.356 0.015 6.35 454.0
2457959.47931 17.373 0.013 5.19 463.0
2457959.51521 17.380 0.013 5.28 430.0
2457959.56413 17.370 0.013 5.03 408.0
2457959.61424 17.291 0.012 4.70 386.0
2457959.66420 17.397 0.012 4.42 352.0
2457959.71381 17.371 0.013 5.08 375.0
2457959.76493 17.358 0.014 5.98 386.0
2457959.80168 17.331 0.015 6.78 434.0
2457960.51531 17.388 0.014 5.68 413.0
2457960.56311 17.373 0.012 4.82 361.0
2457960.63482 17.381 0.013 5.50 341.0
2457960.68289 17.357 0.012 4.94 356.0
2457960.73611 17.380 0.013 5.12 416.0
2457960.78639 17.369 0.013 5.67 402.0
2457960.80735 17.327 0.017 7.29 408.0
2457961.57827 17.355 0.012 5.30 471.0
2457961.62064 17.361 0.013 5.28 457.0
2457961.66118 17.429 0.013 4.55 390.0
2457961.72100 17.404 0.014 5.81 509.0
2457962.48327 17.367 0.013 4.99 464.0
2457962.52372 17.377 0.013 4.90 414.0
2457962.57351 17.380 0.011 4.18 439.0
2457962.78081 17.376 0.014 5.58 475.0
2457964.47125 17.395 0.022 6.14 1204.0
2457964.55616 17.388 0.014 5.09 480.0
2457964.60668 17.405 0.013 4.50 423.0
2457964.65539 17.324 0.013 5.24 435.0
2457964.71673 17.401 0.013 4.71 488.0
2457965.62601 17.384 0.013 4.38 462.0
2457965.66322 17.365 0.014 5.08 445.0
2457965.69295 17.384 0.013 4.50 450.0
2457966.49624 17.385 0.021 7.35 544.0
2457966.55036 17.359 0.017 6.38 489.0
2457966.58108 17.409 0.015 5.78 436.0
2457966.63219 17.394 0.016 6.01 413.0
2457966.68044 17.404 0.015 5.55 415.0
2457966.72710 17.373 0.018 6.93 443.0
2457967.62178 17.358 0.016 6.01 487.0
2457967.69625 17.423 0.016 5.71 508.0
2457971.46877 17.493 0.031 6.69 1440.0
2457971.50994 17.459 0.022 5.44 1118.0
2457971.58747 17.462 0.018 5.35 685.0
2457971.62425 17.415 0.016 4.69 716.0
2457971.66140 17.449 0.016 4.66 711.0
2457971.70237 17.413 0.016 4.60 799.0
2457972.46939 17.450 0.031 6.99 1302.0
2457972.52170 17.467 0.026 7.15 737.0
2457972.55851 17.410 0.022 6.82 712.0
2457972.59832 17.461 0.018 5.14 675.0
2457972.64118 17.469 0.020 5.58 683.0
2457972.69238 17.425 0.017 4.80 755.0
2457972.73139 17.443 0.023 6.29 861.0
2457972.75525 17.445 0.024 6.23 983.0
2457973.57240 17.435 0.020 6.08 670.0
2457973.63043 17.460 0.018 5.45 663.0
2457973.67783 17.434 0.021 6.57 734.0
2457973.75198 17.496 0.029 7.35 952.0
2457974.51410 17.342 0.014 4.92 530.0
2457974.56265 17.360 0.015 5.50 522.0
2457974.61401 17.432 0.016 5.38 534.0
2457974.66179 17.452 0.016 4.87 558.0
2457974.71182 17.413 0.017 5.13 635.0
2457975.47519 17.415 0.022 7.71 566.0
2457975.64256 17.456 0.019 6.57 485.0
2457979.50050 17.458 0.013 4.74 435.0
2457979.55933 17.440 0.012 3.95 412.0
2457979.61003 17.432 0.013 4.18 455.0
2457979.67053 17.436 0.012 3.96 451.0
2457980.51737 17.425 0.016 5.46 500.0
2457980.57939 17.489 0.018 5.78 532.0
2457980.62588 17.429 0.017 5.81 496.0
2457980.67364 17.437 0.018 6.02 510.0
2457981.51824 17.405 0.016 5.43 516.0
2457981.59969 17.454 0.014 4.31 441.0
2457981.64679 17.457 0.014 4.74 447.0
2457982.47542 17.468 0.019 5.76 663.0
2457982.54038 17.499 0.016 5.46 416.0
2457982.58793 17.469 0.015 5.03 420.0
2457982.63629 17.457 0.015 5.27 441.0
2457983.49926 17.460 0.018 6.17 465.0
2457983.54822 17.468 0.016 5.78 439.0
2457983.59543 17.457 0.014 4.60 415.0
2457983.64077 17.493 0.014 4.91 401.0
2457984.48827 17.448 0.018 6.95 484.0
2457984.53984 17.479 0.022 7.64 446.0
2457984.59019 17.462 0.015 4.73 419.0
2457984.63732 17.436 0.015 5.39 409.0
2457985.50231 17.468 0.021 7.09 495.0
2457985.55790 17.422 0.023 7.87 487.0
2457985.60450 17.451 0.016 6.00 427.0
2457986.49167 17.477 0.013 4.39 443.0
2457986.56303 17.449 0.012 3.94 379.0
2457986.61413 17.430 0.013 4.56 395.0
2457986.66383 17.454 0.013 4.80 389.0
2457987.51698 17.431 0.012 3.77 414.0
2457987.57423 17.455 0.013 4.30 451.0
2457987.63089 17.456 0.013 4.43 445.0
2457990.47774 17.496 0.019 5.73 575.0
2457990.53537 17.464 0.018 5.84 482.0
2457990.59479 17.409 0.015 5.28 455.0
2457990.64030 17.461 0.016 5.58 434.0
2457991.49473 17.460 0.014 4.60 463.0
2457991.54520 17.439 0.017 6.24 453.0
2457991.61248 17.483 0.018 6.48 423.0
2457991.65883 17.460 0.016 5.73 438.0
2457992.51214 17.464 0.014 4.75 444.0
2457992.55963 17.479 0.014 4.66 422.0
2457992.61504 17.489 0.015 5.09 427.0
2457993.47871 17.477 0.017 5.49 600.0
2457993.52774 17.459 0.015 4.94 465.0
2457993.57523 17.466 0.015 5.17 446.0
2457993.62203 17.473 0.014 4.88 404.0
2457994.49179 17.485 0.016 5.23 510.0
2457994.54066 17.455 0.017 5.92 504.0
2457994.58756 17.460 0.017 6.14 490.0
2457994.63638 17.510 0.018 5.98 499.0
2457998.49324 17.499 0.022 4.30 1753.0
2457998.53274 17.437 0.019 4.93 1004.0
2457998.57005 17.433 0.019 4.52 1222.0
2457998.61149 17.472 0.018 5.19 753.0
2458000.47815 17.535 0.025 6.68 785.0
2458000.51846 17.485 0.022 7.14 587.0
2458000.56078 17.518 0.018 5.60 588.0
2458000.60377 17.440 0.020 6.17 685.0
2458001.47922 17.499 0.018 5.02 758.0
2458001.52813 17.477 0.014 4.41 549.0
2458001.57477 17.485 0.016 5.00 600.0
2458001.62099 17.483 0.016 5.10 612.0
2458002.53007 17.538 0.036 6.37 1800.0
2458002.57659 17.418 0.030 5.98 1976.0
2458003.53392 17.468 0.025 7.57 599.0
2458003.60540 17.453 0.020 5.75 635.0
2458004.52075 17.474 0.017 5.63 530.0
2458004.57754 17.527 0.022 6.84 545.0
2458005.47860 17.452 0.027 7.59 789.0
2458007.51501 17.492 0.021 6.97 502.0
2458007.57348 17.567 0.020 6.67 476.0
2458008.51880 17.522 0.017 5.68 463.0
2458008.57574 17.448 0.018 6.19 451.0
2458010.52129 17.483 0.019 6.17 502.0
2458010.58137 17.500 0.018 6.20 511.0
2458011.57101 17.479 0.020 6.83 481.0
2458012.49927 17.499 0.015 4.84 512.0
2458012.55591 17.505 0.014 4.64 520.0
2458013.48753 17.486 0.015 5.21 517.0
2458013.54403 17.504 0.014 4.30 503.0
2458014.48175 17.522 0.017 4.74 647.0
2458014.53778 17.613 0.015 4.80 459.0
2458014.58511 17.528 0.016 5.34 499.0
2458015.51018 17.505 0.020 6.78 476.0
2458015.57119 17.526 0.017 5.77 461.0
2458016.51251 17.483 0.018 6.30 520.0
2458016.55993 17.370 0.015 6.29 432.0
2458017.52226 17.434 0.015 5.48 463.0
2458017.56821 17.423 0.015 5.40 490.0
2458018.53276 17.496 0.016 5.42 471.0
2458019.48394 17.490 0.016 4.69 583.0
2458019.54379 17.527 0.014 4.72 443.0
2458020.51242 17.463 0.016 4.81 468.0
2458020.56209 17.500 0.016 4.64 473.0
2458021.52213 17.508 0.019 5.87 582.0
2458026.52512 17.518 0.020 4.69 1133.0
2458028.49576 17.490 0.026 7.65 669.0
2458029.52568 17.468 0.022 6.05 725.0
2458030.48542 17.534 0.017 4.16 877.0
2458030.53308 17.492 0.018 4.78 968.0
2458032.53287 17.505 0.021 6.18 705.0
2458035.54758 17.525 0.019 5.80 575.0
2458036.55595 17.487 0.021 6.74 547.0
2458039.51615 17.525 0.022 7.01 561.0
2458040.49864 17.551 0.023 6.55 649.0
2458040.54712 17.416 0.019 5.88 645.0
2458041.50373 17.489 0.016 5.39 533.0
2458048.49925 17.490 0.015 5.00 546.0
2458053.51371 17.511 0.029 6.14 1278.0
2458055.50271 17.443 0.022 6.12 850.0
2458057.50739 17.491 0.023 6.52 783.0
