 19493  544.00 2771.65 18.300  5.377 12.922   7   0 0.170  153   0 0.069
 19503  493.54 2545.70 17.629  3.677 13.952   7   0 0.010  153   0 0.004
 19530  307.61 2513.03 19.660  4.381 15.280   7   0 0.046  153   0 0.008
 19531  240.28 2519.44 18.752  3.548 15.205   7   0 0.026  153   0 0.007
 19532  187.57 2546.95 20.862  6.068 14.794   6   0 0.145  148   0 0.083
 19533  266.92 2557.53 19.736  4.946 14.791   7   0 0.072  153   0 0.025
 19537  434.60 2653.05 18.296  3.647 14.649   7   0 0.025  153   0 0.007
 19538  484.79 2657.15 18.942  3.739 15.203   7   0 0.032  153   0 0.008
 19544  162.27 2761.95 19.485  4.120 15.365   7   0 0.018  142   0 0.007
 19547  505.26 2786.79 19.186  4.114 15.072   7   0 0.025  152   1 0.008
 19548  529.57 2834.79 20.747  6.000 14.747   7   0 0.183  153   0 0.077
 19574  560.65 2482.88 17.829  1.855 15.974   7   0 0.019  151   2 0.007
 19578  231.19 2554.16 20.039  3.651 16.388   7   0 0.025  150   1 0.008
 19579  325.47 2559.43 18.019  1.993 16.026   7   0 0.017  153   0 0.007
 19582  355.10 2628.30 20.021  3.714 16.307   7   0 0.049  153   0 0.008
 19586  189.92 2671.79 19.400  3.261 16.139   7   0 0.032  148   0 0.007
 19590  517.02 2698.94 20.293  3.893 16.400   6   1 0.030  153   0 0.008
 19592  467.30 2718.25 18.464  2.176 16.289   7   0 0.017  153   0 0.007
 19596  229.94 2763.88 19.724  3.356 16.368   7   0 0.049  151   0 0.008
 19679  361.38 2434.24 20.778  3.509 17.269   7   0 0.125  153   0 0.013
 19680  403.88 2436.21 20.103  3.685 16.418   6   1 0.024  153   0 0.009
 19681  259.79 2440.01 19.907  3.235 16.672   7   0 0.035  152   1 0.010
 19684  386.64 2448.84 20.175  3.324 16.850   7   0 0.091  153   0 0.009
 19687  293.50 2468.10 20.580  3.311 17.269   7   0 0.063  153   0 0.014
 19688  543.82 2477.74 19.856  3.145 16.711   7   0 0.019  153   0 0.008
 19695  319.43 2512.53 19.877  3.338 16.540   7   0 0.043  152   1 0.009
 19703  214.02 2556.02 20.522  3.333 17.189   5   2 0.031  150   0 0.014
 19707  178.15 2568.87 20.099  3.308 16.791   7   0 0.029  146   0 0.011
 19710  480.43 2586.46 20.032  3.547 16.485   7   0 0.056  153   0 0.008
 19712  245.85 2606.64 20.730  3.560 17.169   7   0 0.146  153   0 0.015
 19713  446.90 2607.17 19.645  2.567 17.077   7   0 0.033  152   1 0.010
 19716  220.84 2634.58 20.599  3.396 17.203   6   0 0.065  151   0 0.013
 19718  558.74 2640.87 20.636  3.331 17.305   7   0 0.083  153   0 0.015
 19721  301.12 2664.76 20.612  3.292 17.320   6   1 0.055  153   0 0.023
 19724  396.49 2716.60 19.331  2.163 17.168   7   0 0.029  153   0 0.014
 19729  208.56 2732.75 20.600  3.408 17.192   7   0 0.084  149   1 0.014
 19730  267.63 2746.69 20.591  3.335 17.256   7   0 0.050  153   0 0.015
 19731  572.87 2750.70 18.510  2.039 16.471   7   0 0.016  151   2 0.010
 19732  470.06 2752.23 20.420  3.226 17.194   6   1 0.013  153   0 0.015
 19736  364.21 2774.96 20.311  3.196 17.114   7   0 0.053  152   1 0.011
 19739  328.88 2795.50 20.565  3.562 17.003   7   0 0.075  152   1 0.010
 19740  621.53 2795.42 20.759  3.686 17.073   7   0 0.109  153   0 0.012
 19744  519.41 2807.11 20.249  3.295 16.954   6   1 0.018  152   1 0.010
 19747  179.64 2822.08 20.656  3.402 17.254   7   0 0.064  148   0 0.013
 19748  252.54 2821.55 20.555  3.316 17.239   7   0 0.070  153   0 0.015
 19753  350.63 2847.23 20.365  3.198 17.167   7   0 0.071  153   0 0.013
 19754  562.92 2854.76 19.340  2.372 16.969   7   0 0.029  152   1 0.012
 19756  383.08 2857.67 20.608  3.359 17.249   7   0 0.182  153   0 0.014
 19921  206.45 2431.51 20.865  3.296 17.569   6   0 0.056  150   0 0.019
 19924  515.17 2433.90 21.392  3.416 17.976   6   1 0.079  152   1 0.026
 19926  397.16 2438.27 21.168  3.428 17.740   6   1 0.033  153   0 0.020
 19928  162.74 2442.26 20.759  3.134 17.625   7   0 0.046  142   0 0.019
 19932  426.12 2452.78 20.984  3.192 17.792   6   0 0.050  153   0 0.020
 19935  322.50 2465.58 20.965  3.402 17.563   6   1 0.085  152   1 0.017
 19936  416.12 2466.66 21.118  3.418 17.700   7   0 0.070  152   1 0.018
 19937  359.12 2473.30 20.906  2.732 18.174   7   0 0.124  152   1 0.028
 19942  279.78 2487.98 20.101  2.650 17.451   7   0 0.045  153   0 0.016
 19946  211.50 2491.63 21.532  3.379 18.152   7   0 0.194  150   0 0.031
 19951  443.95 2504.52 20.844  3.441 17.403   6   0 0.150  153   0 0.017
 19952  400.22 2507.07 21.057  3.275 17.782   6   1 0.080  152   1 0.019
 19954  188.75 2512.77 20.731  3.358 17.373   7   0 0.018  147   1 0.015
 19955  568.00 2515.62 21.311  3.391 17.920   6   1 0.075  153   0 0.022
 19962  508.17 2526.94 21.591  3.526 18.065   6   0 0.064  151   2 0.025
 19964  266.73 2542.34 19.751  2.322 17.430   7   0 0.029  153   0 0.016
 19967  292.69 2545.11 20.914  3.288 17.626   7   0 0.079  153   0 0.019
 19968  358.40 2545.11 21.119  3.459 17.661   7   0 0.065  153   0 0.018
 19969  552.31 2545.23 20.994  3.567 17.427   7   0 0.104  153   0 0.016
 19970  215.19 2546.97 20.886  3.369 17.517   6   0 0.071  151   0 0.019
 19972  294.16 2548.91 20.711  3.297 17.414   6   1 0.050  153   0 0.018
 19981  376.49 2573.53 21.206  3.446 17.760   7   0 0.157  153   0 0.020
 19984  261.50 2578.49 20.979  3.179 17.800   6   1 0.050  153   0 0.022
 19985  436.56 2579.64 21.016  3.496 17.519   7   0 0.169  153   0 0.017
 19986  196.70 2581.98 20.638  3.113 17.526   7   0 0.061  148   1 0.015
 19988  471.70 2585.50 21.098  3.682 17.416   7   0 0.103  153   0 0.016
 19992  201.99 2599.13 21.340  3.147 18.193   7   0 0.118  148   1 0.026
 19993  427.50 2601.96 20.518  3.160 17.358   7   0 0.041  153   0 0.013
 19994  593.40 2602.61 20.890  3.342 17.548   7   0 0.096  152   1 0.022
 19996  305.57 2606.52 21.438  3.457 17.981   6   0 0.054  153   0 0.026
 19997  408.59 2608.21 21.122  3.450 17.672   6   0 0.053  153   0 0.021
 19999  597.76 2615.52 21.038  3.232 17.807   7   0 0.081  153   0 0.022
 20006  365.80 2618.89 21.293  3.260 18.033   7   0 0.136  153   0 0.024
 20007  494.81 2621.20 21.358  3.601 17.758   6   0 0.079  153   0 0.021
 20009  373.47 2626.04 21.153  3.094 18.059   7   0 0.047  153   0 0.029
 20012  182.12 2631.88 20.361  2.612 17.749   7   0 0.048  147   1 0.019
 20015  409.95 2639.40 20.853  3.311 17.543   7   0 0.059  152   1 0.015
 20017  523.78 2644.17 20.980  3.192 17.788   7   0 0.103  153   0 0.022
 20022  292.71 2655.99 21.176  3.360 17.816   7   0 0.067  152   1 0.022
 20023  498.22 2655.51 21.377  3.576 17.801   7   0 0.098  153   0 0.024
 20028  174.15 2672.40 20.829  3.175 17.654   7   0 0.060  144   1 0.022
 20031  202.25 2677.79 20.442  2.983 17.459   7   0 0.102  148   1 0.017
 20034  192.78 2685.20 20.574  2.506 18.069   7   0 0.052  148   0 0.024
 20036  224.40 2688.70 21.001  3.073 17.928   7   0 0.200  151   0 0.024
 20038  299.64 2698.54 20.869  3.331 17.538   7   0 0.046  152   1 0.018
 20040  583.95 2699.85 21.365  3.251 18.114   6   0 0.137  153   0 0.025
 20048  343.98 2715.45 20.268  2.520 17.748   7   0 0.061  153   0 0.021
 20050  551.01 2729.42 20.845  3.546 17.299   6   0 0.060  152   1 0.015
 20052  253.21 2731.61 21.193  3.507 17.686   7   0 0.062  153   0 0.018
 20053  474.39 2731.85 21.202  3.294 17.908   7   0 0.151  153   0 0.023
 20054  412.52 2734.53 20.966  3.496 17.471   7   0 0.058  153   0 0.018
 20055  464.98 2734.31 20.948  3.405 17.543   6   1 0.033  153   0 0.016
 20057  475.19 2737.77 20.943  3.482 17.462   7   0 0.074  152   1 0.016
 20058  558.17 2738.45 21.275  3.381 17.894   7   0 0.070  153   0 0.024
 20060  584.39 2745.19 20.671  3.388 17.283   7   0 0.104  153   0 0.016
 20062  600.05 2747.96 20.884  3.322 17.563   7   0 0.063  153   0 0.016
 20063  479.65 2748.99 20.942  3.246 17.696   7   0 0.073  153   0 0.022
 20064  335.27 2752.99 21.447  3.384 18.063   5   0 0.061  151   2 0.024
 20066  415.73 2758.06 20.617  3.127 17.490   7   0 0.059  151   2 0.016
 20069  320.69 2761.13 20.645  3.136 17.509   7   0 0.060  153   0 0.019
 20074  272.86 2774.55 20.472  3.113 17.359   7   0 0.045  153   0 0.017
 20076  211.45 2776.15 20.755  3.244 17.512   7   0 0.040  150   0 0.017
 20078  266.34 2779.99 21.007  3.246 17.760   6   0 0.074  153   0 0.023
 20079  538.16 2783.30 20.747  3.279 17.468   6   0 0.071  152   1 0.046
 20080  351.72 2782.81 20.507  2.352 18.156   7   0 0.072  152   1 0.024
 20081  458.12 2784.04 20.618  3.153 17.465   7   0 0.057  153   0 0.016
 20082  487.21 2784.99 21.218  3.542 17.676   6   0 0.076  153   0 0.020
 20083  535.99 2786.35 21.332  3.532 17.800   6   1 0.052  152   1 0.031
 20087  163.35 2792.40 20.896  3.146 17.750   7   0 0.094  142   0 0.018
 20088  268.39 2793.01 20.805  3.424 17.381   6   1 0.018  151   2 0.013
 20090  389.59 2795.28 20.850  3.273 17.577   7   0 0.114  153   0 0.032
 20091  393.51 2794.82 20.936  3.393 17.544   6   1 0.046  153   0 0.022
 20092  585.71 2796.43 20.818  3.465 17.354   7   0 0.089  152   1 0.015
 20094  316.19 2797.97 21.204  3.307 17.897   4   2 0.011  153   0 0.025
 20095  170.82 2799.77 20.947  3.167 17.780   7   0 0.069  145   0 0.021
 20097  390.14 2804.80 21.350  3.268 18.082   6   1 0.087  153   0 0.026
 20102  549.43 2813.21 21.129  3.490 17.639   7   0 0.116  152   1 0.020
 20104  355.26 2829.25 20.751  3.254 17.498   7   0 0.031  153   0 0.017
 20106  607.70 2834.28 20.939  3.499 17.440   7   0 0.076  153   0 0.017
 20108  597.30 2835.87 21.247  3.491 17.756   6   0 0.111  153   0 0.022
 20109  219.15 2843.62 20.875  3.115 17.760   5   1 0.021  151   0 0.020
 20111  511.19 2847.23 20.620  2.731 17.889   7   0 0.069  152   1 0.024
 20114  254.80 2854.29 20.866  3.491 17.375   7   0 0.100  153   0 0.013
 20117  169.23 2866.08 20.684  3.014 17.671   6   1 0.058  144   0 0.020
 20118  168.96 2870.80 20.901  3.347 17.555   7   0 0.096  143   1 0.018
 20119  517.33 2870.74 21.025  3.399 17.626   5   1 0.054  153   0 0.021
 20120  436.80 2873.08 20.784  3.281 17.503   7   0 0.064  153   0 0.016
 20121  470.35 2873.62 20.659  3.203 17.456   7   0 0.082  153   0 0.016
 20124  605.95 2880.63 21.230  3.284 17.946   7   0 0.140  153   0 0.024
 20343  346.38 2715.95 99.999  9.999 18.499   0   0 9.999  153   0 0.040
 20346  439.31 2876.25 21.249  3.050 18.199   7   0 0.131  153   0 0.032
 20444  222.89 2431.82 21.408  2.684 18.723   7   0 0.357  150   1 0.047
 20447  429.72 2440.13 21.644  3.382 18.262   6   0 0.127  152   1 0.024
 20451  222.64 2448.78 21.791  3.323 18.468   7   0 0.127  151   0 0.034
 20452  424.86 2448.86 99.999  9.999 18.544   0   0 9.999  153   0 0.039
 20454  405.62 2451.46 22.133  3.080 19.053   7   0 0.166  152   1 0.053
 20455  353.50 2454.65 21.793  2.853 18.940   7   0 0.225  152   1 0.045
 20457  476.86 2458.19 22.325  3.584 18.741   7   0 0.350  152   1 0.043
 20460  551.40 2477.22 21.302  2.856 18.446   7   0 0.073  151   2 0.032
 20464  227.72 2481.00 20.894  2.565 18.328   7   0 0.168  150   1 0.032
 20465  378.57 2481.21 21.595  3.407 18.188   7   0 0.237  153   0 0.028
 20468  409.67 2484.42 22.132  3.312 18.820   7   0 0.231  153   0 0.047
 20471  235.65 2493.06 22.177  3.233 18.944   6   0 0.368  152   0 0.059
 20472  297.24 2496.70 21.664  3.428 18.236   7   0 0.227  152   1 0.032
 20476  298.35 2511.00 21.988  3.063 18.925   7   0 0.290  153   0 0.065
 20479  290.43 2515.12 21.954  2.901 19.053   5   1 0.128  153   0 0.048
 20484  610.27 2537.39 21.505  2.334 19.171   6   1 0.098  151   1 0.064
 20488  249.45 2543.37 21.610  3.151 18.459   7   0 0.227  152   1 0.033
 20491  342.92 2549.44 99.999  9.999 18.893   0   0 9.999  151   1 0.053
 20494  170.76 2553.54 21.092  2.578 18.514   6   1 0.029  144   1 0.044
 20495  393.83 2558.89 21.777  3.349 18.428   7   0 0.152  153   0 0.034
 20506  583.90 2587.27 21.949  3.426 18.523   7   0 0.228  152   1 0.033
 20507  390.35 2586.98 99.999  9.999 19.125   0   0 9.999  152   1 0.069
 20510  485.53 2597.92 22.255  3.545 18.709   6   0 0.184  153   0 0.048
 20511  358.30 2599.87 21.434  3.135 18.299   7   0 0.187  153   0 0.032
 20513  483.96 2602.48 99.999  9.999 18.930   0   0 9.999  152   1 0.054
 20521  331.38 2620.93 21.815  2.700 19.115   6   0 0.310  153   0 0.069
 20524  215.17 2627.21 21.748  3.134 18.614   7   0 0.223  151   0 0.045
 20526  332.52 2628.99 21.768  3.238 18.530   7   0 0.146  153   0 0.037
 20527  561.70 2628.81 22.053  3.322 18.731   7   0 0.193  152   0 0.044
 20529  579.83 2633.74 21.890  3.425 18.465   5   1 0.135  152   1 0.032
 20532  258.85 2635.47 20.870  2.328 18.542   7   0 0.101  153   0 0.037
 20534  281.68 2638.38 22.353  3.643 18.709   7   0 0.173  153   0 0.047
 20535  574.86 2640.05 99.999  9.999 18.771   0   0 9.999  153   0 0.048
 20538  438.96 2646.28 21.946  3.022 18.924   7   0 0.258  153   0 0.072
 20544  443.46 2653.90 21.941  2.915 19.026   7   0 0.320  153   0 0.068
 20547  331.62 2658.41 21.688  3.328 18.360   6   0 0.118  153   0 0.034
 20548  379.57 2658.02 21.765  2.762 19.003   7   0 0.230  153   0 0.058
 20552  486.54 2665.07 21.987  3.130 18.857   6   0 0.166  153   0 0.061
 20556  605.64 2670.88 21.211  2.729 18.482   7   0 0.136  153   0 0.037
 20559  553.61 2680.73 21.987  3.094 18.893   6   0 0.153  152   1 0.049
 20560  532.31 2682.53 21.340  2.618 18.721   7   0 0.214  153   0 0.044
 20562  432.72 2690.43 21.555  2.481 19.074   5   1 0.142  153   0 0.065
 20565  341.40 2695.22 21.686  3.167 18.519   5   0 0.131  153   0 0.040
 20570  571.29 2703.33 21.635  3.003 18.632   5   2 0.042  153   0 0.041
 20571  549.27 2703.76 21.709  2.836 18.873   6   0 0.176  152   1 0.044
 20574  618.52 2710.38 21.876  2.953 18.923   7   0 0.158  153   0 0.053
 20577  297.83 2712.43 22.247  3.203 19.044   6   0 0.226  152   1 0.058
 20582  259.09 2722.90 99.999  9.999 19.006   0   0 9.999  153   0 0.050
 20583  420.93 2724.64 21.976  2.871 19.105   5   0 0.291  152   1 0.059
 20586  343.15 2729.22 22.086  3.564 18.522   7   0 0.334  153   0 0.040
 20587  266.30 2729.06 21.992  2.984 19.008   7   0 0.234  152   1 0.056
 20588  569.34 2729.42 22.225  3.327 18.897   7   0 0.216  153   0 0.055
 20592  395.07 2739.05 21.549  3.078 18.471   6   1 0.030  153   0 0.035
 20596  494.03 2751.42 21.818  3.107 18.711   7   0 0.350  153   0 0.045
 20598  554.33 2754.77 21.512  2.779 18.733   7   0 0.195  153   0 0.059
 20599  438.63 2764.53 21.980  3.004 18.976   7   0 0.121  153   0 0.052
 20601  333.74 2767.12 21.378  3.217 18.160   7   0 0.081  153   0 0.029
 20602  403.71 2771.26 21.678  2.787 18.891   7   0 0.128  153   0 0.052
 20605  280.05 2777.51 21.890  3.278 18.612   6   0 0.123  153   0 0.041
 20607  344.43 2780.43 21.480  3.272 18.208   7   0 0.230  153   0 0.030
 20612  543.66 2795.04 21.517  3.266 18.250   7   0 0.212  153   0 0.036
 20613  551.47 2798.54 21.561  3.405 18.156   7   0 0.178  153   0 0.030
 20616  295.88 2801.23 22.112  3.072 19.040   6   0 0.101  153   0 0.060
 20621  341.49 2817.61 21.464  3.277 18.187   7   0 0.215  153   0 0.028
 20624  166.02 2824.65 21.821  2.971 18.850   7   0 0.294  143   0 0.049
 20625  391.80 2825.95 20.772  2.062 18.710   7   0 0.089  153   0 0.040
 20626  342.03 2829.43 22.372  3.745 18.627   7   0 0.353  153   0 0.043
 20629  251.37 2844.94 21.818  3.321 18.497   7   0 0.261  153   0 0.044
 20634  345.46 2851.02 21.951  2.932 19.019   6   0 0.129  153   0 0.062
 20635  567.67 2854.06 22.164  3.500 18.664   5   0 0.184  153   0 0.059
 20637  394.53 2856.46 20.909  2.351 18.558   7   0 0.083  153   0 0.042
 20638  416.63 2858.44 22.326  3.253 19.073   7   0 0.291  153   0 0.061
 20639  387.87 2859.99 22.166  3.246 18.920   6   1 0.096  153   0 0.054
 20640  603.48 2863.30 21.890  3.330 18.560   7   0 0.211  152   1 0.036
 20643  423.64 2866.64 21.914  2.842 19.071   6   0 0.168  153   0 0.053
 20647  478.85 2878.86 22.397  3.538 18.859   6   0 0.157  153   0 0.047
 20879  610.95 2540.47 99.999  9.999 19.338   0   0 9.999  153   0 0.077
 20884  575.25 2636.01 99.999  9.999 20.103   0   0 9.999  149   1 0.137
 20885  439.16 2644.27 21.946  2.288 19.658   7   0 0.258  153   0 0.113
 20887  332.50 2770.03 99.999  9.999 19.953   0   0 9.999  152   0 0.155
 21103  586.75 2427.37 22.498  3.380 19.118   7   0 0.348  153   0 0.056
 21104  303.57 2428.19 99.999  9.999 19.726   0   0 9.999  153   0 0.095
 21108  419.39 2430.91 22.417  2.509 19.908   7   0 0.332  152   1 0.117
 21110  343.81 2433.08 99.999  9.999 19.919   0   0 9.999  153   0 0.153
 21113  417.97 2437.74 99.999  9.999 19.687   0   0 9.999  152   0 0.099
 21116  190.47 2439.11 99.999  9.999 20.050   0   0 9.999  145   0 0.133
 21118  574.58 2444.00 99.999  9.999 19.398   0   0 9.999  153   0 0.094
 21119  199.58 2444.46 99.999  9.999 19.741   0   0 9.999  147   1 0.108
 21122  611.32 2444.23 99.999  9.999 20.111   0   0 9.999  152   0 0.129
 21124  233.08 2446.97 99.999  9.999 19.813   0   0 9.999  151   0 0.106
 21126  420.34 2449.00 22.013  2.866 19.146   6   1 0.111  153   0 0.068
 21127  449.69 2448.34 99.999  9.999 19.861   0   0 9.999  153   0 0.115
 21128  424.25 2445.54 99.999  9.999 20.599   0   0 9.999  151   0 0.225
 21136  331.45 2457.81 22.120  2.939 19.181   5   0 0.312  152   1 0.061
 21138  311.75 2458.81 99.999  9.999 19.836   0   0 9.999  152   0 0.120
 21147  440.70 2470.20 99.999  9.999 19.939   0   0 9.999  151   1 0.108
 21148  194.89 2471.93 22.294  3.013 19.281   7   0 0.253  149   0 0.072
 21156  492.06 2478.16 99.999  9.999 19.400   0   0 9.999  152   1 0.082
 21163  266.30 2482.65 22.254  2.744 19.509   7   0 0.329  153   0 0.087
 21167  309.89 2486.91 99.999  9.999 19.505   0   0 9.999  152   0 0.082
 21168  497.28 2487.08 99.999  9.999 19.793   0   0 9.999  150   1 0.092
 21169  199.55 2488.73 99.999  9.999 19.264   0   0 9.999  148   1 0.075
 21174  440.85 2493.68 99.999  9.999 19.228   0   0 9.999  153   0 0.084
 21175  406.93 2492.96 99.999  9.999 20.027   0   0 9.999  153   0 0.149
 21179  490.05 2497.11 99.999  9.999 19.465   0   0 9.999  152   1 0.081
 21180  336.24 2497.16 99.999  9.999 20.020   0   0 9.999  152   0 0.146
 21181  464.11 2497.80 99.999  9.999 19.840   0   0 9.999  152   0 0.113
 21189  215.57 2505.47 22.246  2.559 19.686   5   0 0.133  149   0 0.105
 21191  568.29 2508.79 99.999  9.999 19.785   0   0 9.999  152   0 0.098
 21193  238.17 2509.90 22.443  2.671 19.772   6   1 0.155  153   0 0.132
 21194  514.07 2514.29 99.999  9.999 19.454   0   0 9.999  151   1 0.078
 21198  445.40 2517.37 21.687  2.129 19.558   7   0 0.148  153   0 0.089
 21207  513.73 2527.12 99.999  9.999 19.210   0   0 9.999  152   1 0.067
 21223  425.50 2542.24 99.999  9.999 19.871   0   0 9.999  153   0 0.127
 21233  220.70 2547.54 22.235  2.986 19.249   6   0 0.320  150   1 0.069
 21236  258.29 2550.93 99.999  9.999 19.733   0   0 9.999  152   0 0.117
 21241  187.13 2555.46 22.320  2.594 19.725   6   0 0.355  138   1 0.240
 21245  603.93 2562.20 22.425  3.112 19.313   7   0 0.302  152   1 0.072
 21248  477.69 2563.19 99.999  9.999 19.512   0   0 9.999  153   0 0.099
 21250  439.56 2563.27 99.999  9.999 19.832   0   0 9.999  152   0 0.108
 21251  528.12 2564.99 99.999  9.999 19.490   0   0 9.999  152   1 0.080
 21256  317.30 2569.44 99.999  9.999 19.868   0   0 9.999  153   0 0.118
 21257  585.70 2567.99 99.999  9.999 19.929   0   0 9.999  153   0 0.130
 21258  263.87 2570.75 99.999  9.999 19.683   0   0 9.999  150   1 0.096
 21261  315.45 2574.91 99.999  9.999 19.662   0   0 9.999  153   0 0.085
 21262  529.31 2575.56 99.999  9.999 19.232   0   0 9.999  153   0 0.064
 21266  512.24 2576.14 99.999  9.999 19.849   0   0 9.999  151   0 0.116
 21268  191.77 2577.85 99.999  9.999 19.337   0   0 9.999  148   0 0.076
 21280  462.18 2588.41 99.999  9.999 19.511   0   0 9.999  153   0 0.096
 21283  604.99 2587.97 99.999  9.999 19.922   0   0 9.999  153   0 0.116
 21285  411.91 2589.84 99.999  9.999 19.960   0   0 9.999  152   0 0.128
 21288  341.61 2593.29 99.999  9.999 19.444   0   0 9.999  152   1 0.085
 21291  575.65 2593.19 99.999  9.999 19.947   0   0 9.999  153   0 0.122
 21293  345.79 2594.22 99.999  9.999 20.126   0   0 9.999  151   1 0.148
 21294  425.94 2595.71 22.269  2.672 19.597   5   0 0.076  151   2 0.087
 21296  477.60 2599.58 99.999  9.999 19.655   0   0 9.999  153   0 0.107
 21299  181.12 2606.03 99.999  9.999 19.727   0   0 9.999  146   2 0.104
 21300  257.33 2604.76 99.999  9.999 19.982   0   0 9.999  151   0 0.129
 21301  541.05 2606.07 99.999  9.999 19.625   0   0 9.999  153   0 0.092
 21309  489.85 2611.34 99.999  9.999 20.002   0   0 9.999  152   1 0.133
 21311  515.76 2615.50 99.999  9.999 19.633   0   0 9.999  153   0 0.099
 21314  440.09 2618.30 99.999  9.999 19.973   0   0 9.999  151   0 0.117
 21316  471.97 2620.19 21.777  2.678 19.099   5   2 0.037  152   0 0.058
 21323  542.56 2626.16 99.999  9.999 19.428   0   0 9.999  153   0 0.079
 21326  405.75 2632.53 99.999  9.999 19.952   0   0 9.999  152   1 0.133
 21329  428.42 2635.58 99.999  9.999 20.074   0   0 9.999  152   0 0.150
 21332  453.43 2639.79 99.999  9.999 19.140   0   0 9.999  153   0 0.062
 21333  236.77 2639.85 99.999  9.999 19.307   0   0 9.999  153   0 0.072
 21336  484.02 2643.43 99.999  9.999 19.725   0   0 9.999  153   0 0.106
 21341  175.29 2649.35 21.975  2.740 19.235   6   0 0.180  146   0 0.074
 21342  326.44 2650.07 99.999  9.999 19.462   0   0 9.999  152   0 0.082
 21347  278.85 2653.88 99.999  9.999 19.535   0   0 9.999  150   3 0.071
 21348  356.59 2654.24 99.999  9.999 20.070   0   0 9.999  153   0 0.136
 21349  342.13 2655.17 99.999  9.999 19.560   0   0 9.999  153   0 0.084
 21351  301.80 2656.23 99.999  9.999 20.303   0   0 9.999  151   0 0.183
 21352  309.70 2656.05 99.999  9.999 19.808   0   0 9.999  153   0 0.105
 21353  392.82 2655.61 99.999  9.999 19.889   0   0 9.999  151   1 0.128
 21354  463.38 2657.89 22.094  2.272 19.822   5   0 0.157  152   0 0.117
 21356  397.78 2660.31 99.999  9.999 19.790   0   0 9.999  152   0 0.113
 21357  594.48 2660.69 99.999  9.999 20.012   0   0 9.999  152   0 0.128
 21362  316.61 2672.77 99.999  9.999 19.634   0   0 9.999  152   1 0.099
 21365  392.70 2674.70 99.999  9.999 19.973   0   0 9.999  152   0 0.123
 21366  422.68 2676.25 99.999  9.999 19.347   0   0 9.999  152   1 0.088
 21370  356.02 2683.59 99.999  9.999 19.690   0   0 9.999  152   0 0.096
 21374  189.29 2687.10 99.999  9.999 19.878   0   0 9.999  147   1 0.126
 21381  349.27 2690.58 99.999  9.999 19.760   0   0 9.999  152   1 0.107
 21382  354.37 2691.93 22.124  3.012 19.112   6   1 0.129  152   1 0.061
 21386  429.89 2692.81 99.999  9.999 19.728   0   0 9.999  153   0 0.110
 21388  185.95 2696.32 99.999  9.999 19.393   0   0 9.999  148   0 0.086
 21391  609.44 2697.56 99.999  9.999 19.470   0   0 9.999  152   1 0.086
 21396  163.90 2697.99 99.999  9.999 20.044   0   0 9.999  141   2 0.167
 21397  282.86 2698.37 99.999  9.999 20.039   0   0 9.999  152   0 0.140
 21401  561.96 2701.07 99.999  9.999 20.132   0   0 9.999  152   1 0.141
 21404  212.02 2704.63 99.999  9.999 19.553   0   0 9.999  149   1 0.096
 21405  492.21 2704.56 99.999  9.999 19.713   0   0 9.999  152   0 0.099
 21409  339.83 2708.35 22.135  2.515 19.619   7   0 0.289  153   0 0.094
 21412  547.99 2711.17 99.999  9.999 19.651   0   0 9.999  152   0 0.095
 21414  254.42 2712.34 99.999  9.999 19.868   0   0 9.999  152   1 0.115
 21415  373.19 2713.24 99.999  9.999 19.883   0   0 9.999  153   0 0.134
 21419  198.43 2717.32 21.738  2.581 19.157   7   0 0.158  148   1 0.061
 21420  439.77 2718.03 99.999  9.999 19.697   0   0 9.999  153   0 0.111
 21421  496.16 2718.62 99.999  9.999 19.362   0   0 9.999  153   0 0.084
 21424  567.80 2719.84 99.999  9.999 19.950   0   0 9.999  153   0 0.133
 21429  490.08 2727.24 22.498  3.308 19.190   7   0 0.260  152   1 0.068
 21431  307.39 2729.92 99.999  9.999 19.552   0   0 9.999  153   0 0.086
 21432  598.25 2730.59 99.999  9.999 19.576   0   0 9.999  151   2 0.089
 21434  203.18 2730.31 99.999  9.999 19.763   0   0 9.999  148   0 0.113
 21440  441.81 2735.64 99.999  9.999 19.419   0   0 9.999  153   0 0.076
 21442  591.12 2739.99 22.094  2.851 19.242   7   0 0.186  152   1 0.068
 21446  402.30 2742.93 99.999  9.999 19.585   0   0 9.999  152   0 0.082
 21447  573.30 2742.95 99.999  9.999 19.585   0   0 9.999  153   0 0.096
 21449  551.06 2744.27 99.999  9.999 19.470   0   0 9.999  152   0 0.090
 21461  365.18 2754.47 99.999  9.999 19.679   0   0 9.999  151   1 0.093
 21462  462.83 2754.09 99.999  9.999 19.987   0   0 9.999  153   0 0.126
 21468  408.99 2758.52 99.999  9.999 19.908   0   0 9.999  152   1 0.118
 21470  186.39 2761.89 99.999  9.999 19.952   0   0 9.999  146   0 0.139
 21472  544.24 2765.28 99.999  9.999 19.148   0   0 9.999   82   0 0.681
 21474  341.31 2763.60 99.999  9.999 19.525   0   0 9.999  153   0 0.090
 21476  549.87 2765.10 99.999  9.999 20.213   0   0 9.999   89   0 0.647
 21479  499.02 2766.74 99.999  9.999 19.920   0   0 9.999  153   0 0.121
 21480  291.89 2769.40 99.999  9.999 19.783   0   0 9.999  151   1 0.114
 21482  252.29 2770.16 99.999  9.999 19.707   0   0 9.999  152   1 0.098
 21483  555.74 2771.18 99.999  9.999 19.512   0   0 9.999  148   0 0.229
 21488  275.96 2774.05 99.999  9.999 19.281   0   0 9.999  153   0 0.085
 21489  552.06 2773.54 99.999  9.999 19.836   0   0 9.999  109   0 0.601
 21491  301.50 2777.45 22.419  3.181 19.238   6   0 0.370  153   0 0.064
 21492  494.33 2776.01 99.999  9.999 19.356   0   0 9.999  152   1 0.074
 21493  460.22 2777.58 99.999  9.999 19.794   0   0 9.999  152   1 0.108
 21494  538.06 2778.32 99.999  9.999 19.770   0   0 9.999  105   0 0.586
 21495  196.82 2780.40 99.999  9.999 19.878   0   0 9.999  149   0 0.126
 21496  333.68 2780.87 99.999  9.999 19.762   0   0 9.999  150   1 0.117
 21497  397.20 2780.59 99.999  9.999 19.415   0   0 9.999  153   0 0.085
 21499  301.08 2782.52 99.999  9.999 19.578   0   0 9.999  153   0 0.090
 21501  294.95 2783.45 99.999  9.999 19.682   0   0 9.999  153   0 0.092
 21502  205.32 2784.45 99.999  9.999 19.972   0   0 9.999  149   0 0.130
 21505  419.52 2789.06 99.999  9.999 19.343   0   0 9.999  152   0 0.078
 21506  425.19 2787.77 99.999  9.999 19.925   0   0 9.999  151   1 0.115
 21509  525.72 2790.80 99.999  9.999 19.738   0   0 9.999  153   0 0.132
 21510  311.52 2794.09 99.999  9.999 19.826   0   0 9.999  152   0 0.130
 21514  373.22 2804.88 99.999  9.999 19.823   0   0 9.999  153   0 0.105
 21519  408.63 2812.82 99.999  9.999 19.741   0   0 9.999  153   0 0.118
 21520  526.56 2815.23 99.999  9.999 19.209   0   0 9.999  152   1 0.070
 21521  286.31 2815.53 99.999  9.999 19.735   0   0 9.999  152   0 0.099
 21525  541.08 2818.13 99.999  9.999 19.912   0   0 9.999  151   2 0.130
 21527  420.06 2818.25 99.999  9.999 19.996   0   0 9.999  152   0 0.129
 21532  279.35 2825.11 99.999  9.999 20.001   0   0 9.999  151   1 0.136
 21534  406.25 2828.17 22.288  2.825 19.463   5   1 0.054  153   0 0.086
 21538  442.13 2827.88 99.999  9.999 19.889   0   0 9.999  152   0 0.122
 21539  423.98 2830.26 99.999  9.999 19.535   0   0 9.999  153   0 0.095
 21542  409.60 2833.88 99.999  9.999 19.870   0   0 9.999  149   2 0.111
 21546  497.33 2841.33 99.999  9.999 20.061   0   0 9.999  152   1 0.122
 21548  206.90 2842.64 99.999  9.999 19.552   0   0 9.999  149   0 0.088
 21550  374.93 2844.89 99.999  9.999 19.475   0   0 9.999  151   1 0.083
 21555  250.83 2851.01 99.999  9.999 20.020   0   0 9.999  150   2 0.127
 21561  581.85 2861.08 99.999  9.999 19.993   0   0 9.999  149   1 0.127
 21566  343.26 2866.38 22.266  2.823 19.443   5   0 0.279  153   0 0.077
 21570  552.78 2868.55 99.999  9.999 19.807   0   0 9.999  151   1 0.108
 21574  278.04 2870.70 99.999  9.999 19.223   0   0 9.999  153   0 0.072
 21575  184.78 2870.61 99.999  9.999 19.993   0   0 9.999  148   0 0.131
 21576  566.21 2873.38 21.884  2.491 19.392   7   0 0.152  152   0 0.079
 21579  228.64 2876.14 99.999  9.999 19.856   0   0 9.999  150   0 0.122
 21580  358.03 2875.22 99.999  9.999 20.054   0   0 9.999  150   1 0.130
 21581  470.96 2876.34 99.999  9.999 19.473   0   0 9.999  151   2 0.093
 22090  346.28 2848.19 99.999  9.999 20.220   0   0 9.999  153   0 0.184
 22104  191.85 2437.20 99.999  9.999 20.906   0   0 9.999  145   0 0.273
 22105  613.26 2446.48 99.999  9.999 20.129   0   0 9.999  151   1 0.128
 22106  329.04 2454.40 99.999  9.999 20.605   0   0 9.999  150   0 0.219
 22108  334.07 2499.07 99.999  9.999 20.711   0   0 9.999  146   0 0.239
 22111  240.49 2511.92 99.999  9.999 19.989   0   0 9.999  148   2 0.178
 22115  440.42 2567.14 99.999  9.999 20.768   0   0 9.999  150   0 0.282
 22116  525.80 2568.13 99.999  9.999 20.293   0   0 9.999  150   1 0.166
 22119  465.76 2659.90 99.999  9.999 20.296   0   0 9.999  150   1 0.184
 22124  201.96 2718.37 99.999  9.999 20.287   0   0 9.999  149   0 0.158
 22126  597.13 2727.45 99.999  9.999 20.551   0   0 9.999  151   0 0.196
 22128  301.06 2774.69 99.999  9.999 20.019   0   0 9.999  152   1 0.135
 22875  541.69 2425.66 99.999  9.999 21.050   0   0 9.999  148   1 0.317
 22876  603.33 2427.12 99.999  9.999 20.000   0   0 9.999  151   1 0.122
 22882  353.56 2427.33 99.999  9.999 20.795   0   0 9.999  148   0 0.239
 22883  389.26 2427.58 99.999  9.999 20.341   0   0 9.999  149   0 0.185
 22887  240.65 2428.01 99.999  9.999 20.577   0   0 9.999  149   2 0.232
 22889  281.14 2427.78 99.999  9.999 21.078   0   0 9.999  149   0 0.328
 22890  578.20 2428.97 99.999  9.999 20.769   0   0 9.999  149   0 0.237
 22891  439.97 2429.80 99.999  9.999 20.390   0   0 9.999  152   1 0.183
 22893  174.40 2429.87 99.999  9.999 20.720   0   0 9.999  141   1 0.220
 22894  257.01 2431.13 99.999  9.999 20.501   0   0 9.999  150   0 0.225
 22895  320.44 2430.62 99.999  9.999 20.659   0   0 9.999  150   0 0.234
 22900  601.21 2431.51 99.999  9.999 20.751   0   0 9.999  150   0 0.240
 22903  232.69 2434.21 99.999  9.999 20.260   0   0 9.999  151   0 0.140
 22904  279.41 2433.80 99.999  9.999 20.869   0   0 9.999  149   0 0.285
 22905  546.09 2433.17 99.999  9.999 20.612   0   0 9.999  148   0 0.195
 22907  498.66 2433.76 99.999  9.999 20.911   0   0 9.999  149   0 0.286
 22908  612.94 2434.87 99.999  9.999 20.731   0   0 9.999  151   1 0.257
 22914  263.84 2436.07 99.999  9.999 21.002   0   0 9.999  147   0 0.367
 22915  488.11 2436.02 99.999  9.999 20.869   0   0 9.999  151   0 0.250
 22917  324.35 2437.93 99.999  9.999 20.601   0   0 9.999  151   0 0.219
 22918  580.89 2437.91 99.999  9.999 20.649   0   0 9.999  153   0 0.245
 22923  339.42 2438.33 99.999  9.999 20.860   0   0 9.999  146   0 0.286
 22924  527.73 2439.19 99.999  9.999 20.748   0   0 9.999  152   0 0.252
 22929  590.19 2439.79 99.999  9.999 20.627   0   0 9.999  147   1 0.207
 22932  271.08 2442.10 99.999  9.999 20.609   0   0 9.999  151   0 0.230
 22933  463.58 2440.80 99.999  9.999 20.523   0   0 9.999  151   0 0.210
 22939  343.03 2441.35 99.999  9.999 20.942   0   0 9.999  141   0 0.331
 22942  480.42 2443.66 99.999  9.999 20.633   0   0 9.999  149   0 0.234
 22946  168.67 2444.84 99.999  9.999 20.819   0   0 9.999  140   0 0.253
 22947  279.21 2445.42 99.999  9.999 20.098   0   0 9.999  152   0 0.144
 22952  223.82 2444.01 99.999  9.999 20.865   0   0 9.999  143   0 0.282
 22953  400.88 2446.52 99.999  9.999 20.255   0   0 9.999  153   0 0.179
 22957  293.63 2447.20 99.999  9.999 20.351   0   0 9.999  149   0 0.188
 22958  488.50 2449.72 99.999  9.999 20.404   0   0 9.999  151   1 0.169
 22959  571.05 2447.84 99.999  9.999 20.660   0   0 9.999  147   0 0.219
 22963  197.94 2450.13 99.999  9.999 20.178   0   0 9.999  146   1 0.154
 22968  348.65 2448.58 99.999  9.999 20.881   0   0 9.999  144   0 0.315
 22969  416.63 2449.24 99.999  9.999 20.914   0   0 9.999  146   0 0.314
 22973  618.95 2451.16 99.999  9.999 20.348   0   0 9.999  150   1 0.209
 22975  296.86 2451.61 99.999  9.999 20.635   0   0 9.999  148   0 0.227
 22978  179.12 2452.14 99.999  9.999 21.154   0   0 9.999  133   0 0.437
 22979  290.27 2452.24 99.999  9.999 20.869   0   0 9.999  147   1 0.261
 22980  498.70 2453.90 99.999  9.999 21.039   0   0 9.999  148   0 0.313
 22988  201.45 2458.98 99.999  9.999 20.296   0   0 9.999  148   0 0.168
 22989  393.23 2456.90 99.999  9.999 20.378   0   0 9.999  151   0 0.207
 22992  566.42 2456.22 99.999  9.999 20.839   0   0 9.999  151   0 0.272
 22995  163.23 2458.90 99.999  9.999 20.108   0   0 9.999  141   0 0.147
 22996  446.34 2458.99 99.999  9.999 20.410   0   0 9.999  151   0 0.182
 22999  578.24 2459.16 99.999  9.999 20.734   0   0 9.999  148   0 0.226
 23001  297.78 2460.74 99.999  9.999 20.866   0   0 9.999  146   0 0.302
 23002  472.08 2460.41 99.999  9.999 21.080   0   0 9.999  145   0 0.311
 23003  503.36 2459.37 99.999  9.999 20.750   0   0 9.999  148   0 0.271
 23004  517.67 2461.55 99.999  9.999 20.309   0   0 9.999  151   1 0.165
 23006  275.48 2461.61 99.999  9.999 20.236   0   0 9.999  152   0 0.161
 23010  402.63 2462.09 99.999  9.999 20.635   0   0 9.999  147   0 0.216
 23013  395.82 2464.53 99.999  9.999 20.742   0   0 9.999  152   0 0.239
 23016  341.79 2464.26 99.999  9.999 21.126   0   0 9.999  143   0 0.340
 23021  514.23 2464.98 99.999  9.999 20.916   0   0 9.999  148   0 0.294
 23025  450.54 2466.82 99.999  9.999 20.705   0   0 9.999  151   0 0.261
 23026  558.25 2466.95 99.999  9.999 21.234   0   0 9.999  143   0 0.358
 23027  615.07 2467.53 99.999  9.999 20.332   0   0 9.999  151   1 0.176
 23034  266.96 2467.35 99.999  9.999 21.315   0   0 9.999  147   0 0.422
 23035  300.99 2468.98 99.999  9.999 20.879   0   0 9.999  148   0 0.304
 23040  206.29 2470.22 99.999  9.999 20.626   0   0 9.999  149   0 0.219
 23041  604.14 2470.20 99.999  9.999 20.346   0   0 9.999  151   0 0.182
 23042  621.52 2470.26 99.999  9.999 20.464   0   0 9.999  149   1 0.222
 23045  214.37 2471.05 99.999  9.999 20.815   0   0 9.999  149   0 0.242
 23048  449.82 2474.25 99.999  9.999 20.257   0   0 9.999  150   0 0.176
 23051  243.76 2474.97 99.999  9.999 20.394   0   0 9.999  150   0 0.165
 23057  184.34 2474.44 99.999  9.999 20.917   0   0 9.999  146   0 0.292
 23058  520.97 2474.46 99.999  9.999 20.758   0   0 9.999  150   0 0.252
 23059  600.94 2473.26 99.999  9.999 20.859   0   0 9.999  152   0 0.280
 23062  290.91 2476.13 99.999  9.999 20.600   0   0 9.999  151   0 0.228
 23063  411.89 2475.31 99.999  9.999 20.706   0   0 9.999  148   0 0.240
 23069  394.80 2476.72 99.999  9.999 20.662   0   0 9.999  152   0 0.247
 23070  400.14 2475.03 99.999  9.999 21.201   0   0 9.999  147   0 0.377
 23071  516.68 2476.93 99.999  9.999 20.608   0   0 9.999  152   0 0.212
 23073  591.39 2479.87 99.999  9.999 20.269   0   0 9.999  152   0 0.199
 23077  468.36 2478.37 99.999  9.999 21.077   0   0 9.999  150   0 0.325
 23081  238.84 2480.46 99.999  9.999 20.738   0   0 9.999  151   0 0.286
 23082  476.47 2481.34 99.999  9.999 20.130   0   0 9.999  150   0 0.165
 23085  207.79 2482.92 99.999  9.999 20.302   0   0 9.999  147   0 0.187
 23086  527.01 2482.40 99.999  9.999 19.997   0   0 9.999  152   0 0.150
 23088  163.44 2483.23 99.999  9.999 20.396   0   0 9.999  137   0 0.205
 23091  545.98 2483.85 99.999  9.999 20.387   0   0 9.999  151   0 0.202
 23096  325.89 2485.71 99.999  9.999 20.153   0   0 9.999  151   1 0.142
 23097  484.86 2484.55 99.999  9.999 20.450   0   0 9.999  149   0 0.174
 23102  180.45 2488.49 99.999  9.999 20.160   0   0 9.999  145   2 0.137
 23103  314.82 2484.78 99.999  9.999 20.851   0   0 9.999  151   0 0.312
 23104  358.63 2484.79 99.999  9.999 21.052   0   0 9.999  143   0 0.334
 23112  193.24 2488.56 99.999  9.999 20.708   0   0 9.999  145   0 0.263
 23113  228.58 2487.87 99.999  9.999 20.772   0   0 9.999  149   0 0.255
 23114  416.49 2488.45 99.999  9.999 20.615   0   0 9.999  150   0 0.208
 23117  251.21 2489.83 99.999  9.999 20.653   0   0 9.999  152   0 0.240
 23118  395.34 2488.84 99.999  9.999 20.901   0   0 9.999  146   0 0.254
 23119  426.55 2489.54 99.999  9.999 21.186   0   0 9.999  144   0 0.345
 23124  368.51 2492.71 99.999  9.999 20.858   0   0 9.999  150   0 0.270
 23126  265.60 2494.15 99.999  9.999 20.404   0   0 9.999  152   0 0.178
 23127  323.20 2494.10 99.999  9.999 20.450   0   0 9.999  153   0 0.198
 23128  475.09 2495.67 99.999  9.999 20.224   0   0 9.999  151   1 0.146
 23129  613.96 2494.21 99.999  9.999 20.376   0   0 9.999  152   0 0.201
 23134  382.80 2496.70 99.999  9.999 20.766   0   0 9.999  149   1 0.242
 23135  416.87 2496.13 99.999  9.999 20.359   0   0 9.999  151   1 0.180
 23137  172.64 2495.75 99.999  9.999 20.843   0   0 9.999  143   0 0.286
 23138  201.78 2497.01 99.999  9.999 20.139   0   0 9.999  146   1 0.150
 23139  253.75 2495.63 99.999  9.999 21.026   0   0 9.999  148   0 0.316
 23151  230.89 2500.68 99.999  9.999 20.401   0   0 9.999  149   0 0.210
 23153  214.72 2500.65 99.999  9.999 20.472   0   0 9.999  151   0 0.206
 23161  367.10 2502.39 99.999  9.999 20.409   0   0 9.999  150   1 0.179
 23166  201.10 2504.27 99.999  9.999 20.976   0   0 9.999  146   0 0.313
 23167  509.06 2505.06 99.999  9.999 20.895   0   0 9.999  150   0 0.285
 23171  617.68 2505.79 99.999  9.999 20.716   0   0 9.999  151   0 0.261
 23175  219.46 2507.00 99.999  9.999 20.281   0   0 9.999  149   0 0.165
 23176  447.55 2507.22 99.999  9.999 20.292   0   0 9.999  151   1 0.198
 23177  480.87 2507.09 99.999  9.999 20.498   0   0 9.999  153   0 0.199
 23179  542.47 2507.93 99.999  9.999 19.969   0   0 9.999  153   0 0.121
 23182  166.45 2508.05 99.999  9.999 20.929   0   0 9.999  140   0 0.301
 23183  312.86 2508.16 99.999  9.999 20.952   0   0 9.999  140   0 0.331
 23187  198.80 2509.97 99.999  9.999 21.050   0   0 9.999  142   0 0.323
 23188  213.44 2508.97 99.999  9.999 20.836   0   0 9.999  145   0 0.261
 23191  509.76 2510.01 99.999  9.999 21.130   0   0 9.999  146   0 0.284
 23195  292.45 2510.89 99.999  9.999 21.000   0   0 9.999  151   0 0.339
 23196  565.51 2511.42 99.999  9.999 20.630   0   0 9.999  149   0 0.239
 23200  387.93 2512.28 99.999  9.999 21.009   0   0 9.999  146   0 0.314
 23201  483.20 2512.16 99.999  9.999 21.061   0   0 9.999  148   0 0.305
 23204  252.99 2516.79 99.999  9.999 20.288   0   0 9.999  152   0 0.181
 23205  560.30 2513.97 99.999  9.999 21.149   0   0 9.999  146   0 0.363
 23206  614.73 2512.78 99.999  9.999 21.192   0   0 9.999  151   0 0.332
 23213  333.84 2516.30 99.999  9.999 20.680   0   0 9.999  147   0 0.254
 23216  272.48 2516.48 99.999  9.999 21.290   0   0 9.999  145   0 0.431
 23217  327.96 2516.75 99.999  9.999 20.843   0   0 9.999  149   0 0.282
 23218  419.39 2518.21 99.999  9.999 20.052   0   0 9.999  150   1 0.128
 23221  207.95 2519.13 99.999  9.999 20.338   0   0 9.999  147   0 0.178
 23222  581.07 2519.57 99.999  9.999 20.331   0   0 9.999  148   1 0.151
 23227  531.93 2519.38 99.999  9.999 20.740   0   0 9.999  149   0 0.221
 23234  165.30 2519.82 99.999  9.999 20.900   0   0 9.999  134   0 0.295
 23235  229.42 2519.74 99.999  9.999 20.798   0   0 9.999  149   0 0.295
 23236  247.10 2520.25 99.999  9.999 20.648   0   0 9.999  148   0 0.291
 23237  302.08 2520.90 99.999  9.999 20.516   0   0 9.999  146   0 0.236
 23238  590.24 2521.42 99.999  9.999 20.150   0   0 9.999  151   0 0.169
 23239  345.87 2521.98 99.999  9.999 21.286   0   0 9.999  144   0 0.360
 23241  536.71 2522.98 99.999  9.999 20.367   0   0 9.999  151   0 0.200
 23242  614.81 2522.82 99.999  9.999 20.873   0   0 9.999  149   0 0.312
 23248  290.14 2524.15 99.999  9.999 21.112   0   0 9.999  150   0 0.357
 23249  599.94 2524.48 99.999  9.999 20.664   0   0 9.999  149   0 0.222
 23255  188.14 2528.37 99.999  9.999 20.225   0   0 9.999  145   2 0.173
 23269  387.13 2530.87 99.999  9.999 20.883   0   0 9.999  146   0 0.318
 23274  251.37 2531.24 99.999  9.999 21.322   0   0 9.999  139   0 0.377
 23275  533.38 2531.47 99.999  9.999 20.678   0   0 9.999  151   1 0.236
 23276  550.04 2532.06 99.999  9.999 21.130   0   0 9.999  146   0 0.377
 23277  566.04 2531.98 99.999  9.999 20.787   0   0 9.999  149   0 0.276
 23279  365.43 2532.68 99.999  9.999 20.444   0   0 9.999  149   1 0.174
 23280  493.77 2533.74 99.999  9.999 20.507   0   0 9.999  150   0 0.261
 23281  616.25 2532.30 99.999  9.999 20.924   0   0 9.999  150   1 0.263
 23288  222.15 2533.62 99.999  9.999 21.083   0   0 9.999  145   0 0.336
 23289  474.90 2535.06 99.999  9.999 20.439   0   0 9.999  151   0 0.209
 23290  502.89 2535.70 99.999  9.999 21.049   0   0 9.999  149   0 0.383
 23295  190.40 2535.41 99.999  9.999 20.899   0   0 9.999  137   0 0.330
 23301  375.43 2537.05 99.999  9.999 20.678   0   0 9.999  151   1 0.261
 23302  593.37 2537.96 99.999  9.999 20.183   0   0 9.999  152   0 0.136
 23304  271.94 2539.59 99.999  9.999 20.471   0   0 9.999  151   0 0.233
 23305  436.64 2539.61 99.999  9.999 20.526   0   0 9.999  150   0 0.210
 23306  486.18 2537.51 99.999  9.999 20.861   0   0 9.999  139   0 0.338
 23307  588.70 2538.82 99.999  9.999 20.495   0   0 9.999  151   0 0.174
 23311  535.49 2539.57 99.999  9.999 20.904   0   0 9.999  147   0 0.291
 23313  206.63 2540.11 99.999  9.999 20.864   0   0 9.999  146   0 0.314
 23314  429.16 2539.81 99.999  9.999 20.950   0   0 9.999  148   0 0.295
 23315  454.81 2539.88 99.999  9.999 21.092   0   0 9.999  149   0 0.334
 23316  529.16 2540.59 99.999  9.999 20.730   0   0 9.999  150   0 0.252
 23320  555.90 2541.57 99.999  9.999 21.145   0   0 9.999  148   0 0.341
 23327  440.40 2541.68 99.999  9.999 20.954   0   0 9.999  149   0 0.273
 23331  420.64 2545.00 99.999  9.999 20.502   0   0 9.999  151   1 0.222
 23335  502.56 2548.69 99.999  9.999 20.569   0   0 9.999  145   0 0.317
 23340  195.95 2546.64 99.999  9.999 20.455   0   0 9.999  131   0 0.468
 23341  587.15 2547.61 99.999  9.999 19.981   0   0 9.999  151   2 0.112
 23345  390.75 2547.55 99.999  9.999 21.113   0   0 9.999  150   0 0.341
 23349  225.45 2548.56 99.999  9.999 21.007   0   0 9.999  146   0 0.317
 23350  233.04 2548.52 99.999  9.999 21.009   0   0 9.999  147   0 0.364
 23351  479.55 2548.29 99.999  9.999 20.844   0   0 9.999  144   0 0.344
 23352  543.07 2548.21 99.999  9.999 20.898   0   0 9.999  150   0 0.277
 23354  260.98 2550.13 22.146  2.366 19.780   7   0 0.170  150   1 0.139
 23358  267.00 2550.67 99.999  9.999 20.213   0   0 9.999  147   0 0.318
 23359  399.38 2550.80 99.999  9.999 20.935   0   0 9.999  147   0 0.302
 23360  602.59 2550.48 99.999  9.999 20.447   0   0 9.999  153   0 0.187
 23362  255.60 2555.08 99.999  9.999 20.300   0   0 9.999  151   0 0.190
 23363  255.88 2550.33 99.999  9.999 20.701   0   0 9.999  149   1 0.266
 23364  329.86 2551.91 99.999  9.999 20.922   0   0 9.999  148   0 0.308
 23367  249.50 2552.31 99.999  9.999 20.897   0   0 9.999  150   0 0.287
 23368  371.53 2553.40 99.999  9.999 20.211   0   0 9.999  153   0 0.158
 23383  587.89 2558.55 99.999  9.999 20.831   0   0 9.999  149   0 0.248
 23391  273.92 2561.35 99.999  9.999 20.427   0   0 9.999  146   0 0.308
 23392  553.61 2561.23 99.999  9.999 20.567   0   0 9.999  153   0 0.200
 23400  215.35 2562.31 99.999  9.999 20.194   0   0 9.999  148   0 0.173
 23401  594.01 2563.14 99.999  9.999 20.099   0   0 9.999  152   0 0.153
 23407  190.00 2565.41 99.999  9.999 20.700   0   0 9.999  145   1 0.289
 23408  297.29 2565.79 99.999  9.999 20.425   0   0 9.999  152   0 0.209
 23413  170.98 2567.05 99.999  9.999 20.513   0   0 9.999  143   0 0.214
 23414  209.43 2565.53 99.999  9.999 21.072   0   0 9.999  146   0 0.339
 23415  505.14 2566.17 99.999  9.999 20.357   0   0 9.999  152   0 0.187
 23418  513.03 2567.62 99.999  9.999 20.679   0   0 9.999  151   0 0.251
 23423  334.17 2568.21 99.999  9.999 21.451   0   0 9.999  138   0 0.461
 23425  259.06 2570.75 99.999  9.999 20.568   0   0 9.999  151   0 0.248
 23427  223.48 2572.98 99.999  9.999 20.663   0   0 9.999  148   0 0.247
 23428  279.88 2571.63 99.999  9.999 20.781   0   0 9.999  149   0 0.276
 23430  269.60 2571.34 99.999  9.999 21.010   0   0 9.999  145   0 0.344
 23432  367.58 2573.52 99.999  9.999 20.332   0   0 9.999  152   1 0.181
 23433  590.72 2574.04 99.999  9.999 20.713   0   0 9.999  149   2 0.232
 23437  325.83 2574.02 99.999  9.999 20.832   0   0 9.999  147   0 0.259
 23438  466.94 2574.75 99.999  9.999 20.953   0   0 9.999  151   0 0.359
 23439  598.99 2574.33 99.999  9.999 20.713   0   0 9.999  149   0 0.249
 23440  162.39 2575.19 99.999  9.999 20.563   0   0 9.999  141   0 0.221
 23445  405.87 2576.45 99.999  9.999 20.368   0   0 9.999  152   0 0.152
 23446  492.86 2577.14 99.999  9.999 20.441   0   0 9.999  152   1 0.206
 23451  353.41 2579.40 99.999  9.999 20.653   0   0 9.999  151   0 0.195
 23453  170.97 2578.28 99.999  9.999 20.543   0   0 9.999  140   2 0.220
 23456  280.11 2581.53 99.999  9.999 20.386   0   0 9.999  151   0 0.183
 23462  461.14 2582.65 99.999  9.999 20.222   0   0 9.999  150   0 0.158
 23463  502.29 2581.48 99.999  9.999 20.580   0   0 9.999  152   0 0.240
 23464  529.82 2582.24 99.999  9.999 20.546   0   0 9.999  148   1 0.188
 23465  607.34 2582.00 99.999  9.999 20.784   0   0 9.999  149   0 0.268
 23467  543.47 2581.70 99.999  9.999 20.638   0   0 9.999  150   0 0.215
 23471  518.24 2583.31 99.999  9.999 20.789   0   0 9.999  148   0 0.274
 23473  314.97 2584.45 99.999  9.999 20.697   0   0 9.999  147   0 0.265
 23474  431.89 2583.91 99.999  9.999 21.091   0   0 9.999  144   0 0.363
 23478  279.14 2585.86 99.999  9.999 20.941   0   0 9.999  149   0 0.273
 23479  380.82 2586.88 99.999  9.999 20.412   0   0 9.999  150   0 0.204
 23480  568.28 2586.38 99.999  9.999 21.152   0   0 9.999  143   0 0.325
 23486  184.37 2586.99 99.999  9.999 21.064   0   0 9.999  139   0 0.333
 23487  197.28 2588.57 99.999  9.999 20.303   0   0 9.999  147   1 0.170
 23488  375.32 2587.73 99.999  9.999 20.364   0   0 9.999  150   0 0.173
 23493  193.12 2589.31 99.999  9.999 20.330   0   0 9.999  145   0 0.193
 23494  499.60 2587.42 99.999  9.999 20.965   0   0 9.999  147   0 0.310
 23500  217.41 2591.82 99.999  9.999 20.437   0   0 9.999  148   0 0.191
 23501  236.59 2591.91 99.999  9.999 20.775   0   0 9.999  151   1 0.286
 23502  296.87 2591.63 99.999  9.999 20.251   0   0 9.999  152   0 0.159
 23503  524.57 2592.16 99.999  9.999 20.941   0   0 9.999  152   0 0.292
 23504  606.65 2591.34 99.999  9.999 19.930   0   0 9.999  152   0 0.130
 23507  547.06 2591.71 99.999  9.999 20.979   0   0 9.999  147   0 0.302
 23511  171.42 2594.78 99.999  9.999 20.293   0   0 9.999  144   0 0.173
 23512  390.43 2594.00 99.999  9.999 20.617   0   0 9.999  151   0 0.222
 23513  620.14 2594.45 99.999  9.999 20.287   0   0 9.999  150   2 0.154
 23519  454.31 2594.65 99.999  9.999 20.556   0   0 9.999  149   0 0.224
 23521  204.97 2596.56 99.999  9.999 20.302   0   0 9.999  147   0 0.193
 23522  294.44 2595.96 99.999  9.999 20.347   0   0 9.999  151   1 0.162
 23524  458.06 2596.70 99.999  9.999 20.449   0   0 9.999  151   0 0.186
 23525  491.52 2597.96 99.999  9.999 20.090   0   0 9.999  152   0 0.138
 23526  600.43 2597.18 99.999  9.999 21.011   0   0 9.999  145   0 0.310
 23531  313.92 2598.86 99.999  9.999 20.328   0   0 9.999  151   1 0.187
 23543  232.67 2601.34 99.999  9.999 20.676   0   0 9.999  151   0 0.270
 23548  226.43 2603.36 99.999  9.999 20.434   0   0 9.999  150   0 0.201
 23549  179.47 2602.70 99.999  9.999 20.793   0   0 9.999  145   0 0.277
 23553  184.82 2604.16 99.999  9.999 20.769   0   0 9.999  145   0 0.258
 23557  294.64 2606.03 99.999  9.999 20.921   0   0 9.999  150   0 0.351
 23558  340.65 2605.77 99.999  9.999 20.771   0   0 9.999  150   0 0.257
 23563  350.96 2608.04 99.999  9.999 21.054   0   0 9.999  147   0 0.306
 23564  618.72 2608.48 99.999  9.999 20.127   0   0 9.999  150   2 0.145
 23570  183.54 2607.82 99.999  9.999 20.397   0   0 9.999  146   0 0.164
 23571  224.93 2610.05 99.999  9.999 19.969   0   0 9.999  150   0 0.133
 23572  590.73 2607.86 99.999  9.999 20.997   0   0 9.999  148   0 0.313
 23573  611.91 2608.25 99.999  9.999 20.774   0   0 9.999  150   0 0.246
 23574  220.61 2609.00 99.999  9.999 20.794   0   0 9.999  146   1 0.236
 23577  210.64 2609.76 99.999  9.999 20.994   0   0 9.999  139   0 0.306
 23578  474.01 2611.63 99.999  9.999 20.246   0   0 9.999  151   1 0.163
 23581  175.50 2611.68 99.999  9.999 20.993   0   0 9.999  136   1 0.294
 23582  398.24 2612.53 99.999  9.999 20.404   0   0 9.999  151   0 0.182
 23583  496.72 2611.18 99.999  9.999 20.829   0   0 9.999  149   0 0.266
 23585  301.51 2612.33 99.999  9.999 20.713   0   0 9.999  146   0 0.228
 23596  425.74 2614.92 99.999  9.999 21.063   0   0 9.999  146   0 0.347
 23597  569.98 2615.86 99.999  9.999 20.587   0   0 9.999  148   0 0.241
 23608  358.30 2618.92 99.999  9.999 20.728   0   0 9.999  148   0 0.234
 23612  219.40 2619.62 99.999  9.999 20.837   0   0 9.999  149   0 0.266
 23613  347.80 2622.10 99.999  9.999 20.175   0   0 9.999  152   0 0.142
 23614  463.07 2620.88 99.999  9.999 20.651   0   0 9.999  147   0 0.215
 23616  351.95 2621.50 99.999  9.999 20.814   0   0 9.999  148   1 0.285
 23617  477.68 2622.41 99.999  9.999 20.244   0   0 9.999  152   0 0.166
 23628  288.20 2625.01 99.999  9.999 20.538   0   0 9.999  152   0 0.210
 23631  393.01 2627.17 99.999  9.999 20.108   0   0 9.999  153   0 0.142
 23632  486.11 2627.66 99.999  9.999 20.196   0   0 9.999  152   0 0.174
 23633  519.30 2625.41 99.999  9.999 21.127   0   0 9.999  151   0 0.309
 23634  559.24 2626.40 99.999  9.999 20.648   0   0 9.999  148   0 0.242
 23638  312.55 2629.56 99.999  9.999 20.317   0   0 9.999  153   0 0.176
 23639  362.13 2627.30 99.999  9.999 20.834   0   0 9.999  145   1 0.260
 23640  586.60 2629.18 99.999  9.999 20.693   0   0 9.999  147   1 0.234
 23648  162.51 2629.13 99.999  9.999 20.778   0   0 9.999  138   0 0.266
 23649  545.78 2630.89 99.999  9.999 20.196   0   0 9.999  152   1 0.136
 23653  328.64 2630.57 99.999  9.999 20.867   0   0 9.999  147   0 0.295
 23654  467.18 2631.89 99.999  9.999 20.437   0   0 9.999  151   1 0.176
 23656  189.53 2632.32 99.999  9.999 21.011   0   0 9.999  145   0 0.315
 23657  202.13 2631.70 99.999  9.999 21.061   0   0 9.999  145   0 0.331
 23658  277.33 2633.54 99.999  9.999 19.957   0   0 9.999  152   1 0.123
 23659  455.68 2633.55 99.999  9.999 20.081   0   0 9.999  153   0 0.135
 23664  262.53 2633.69 99.999  9.999 20.763   0   0 9.999  147   0 0.248
 23669  347.52 2635.77 99.999  9.999 20.350   0   0 9.999  149   0 0.182
 23670  435.61 2638.29 99.999  9.999 20.950   0   0 9.999  150   0 0.291
 23671  561.30 2636.41 99.999  9.999 20.545   0   0 9.999  151   1 0.189
 23677  367.07 2636.68 99.999  9.999 21.135   0   0 9.999  145   0 0.308
 23678  476.17 2640.47 99.999  9.999 20.226   0   0 9.999  152   0 0.145
 23679  374.42 2638.82 99.999  9.999 20.098   0   0 9.999  152   0 0.147
 23680  472.48 2638.25 99.999  9.999 20.389   0   0 9.999  151   1 0.177
 23683  424.66 2639.28 99.999  9.999 20.996   0   0 9.999  144   0 0.315
 23684  585.85 2640.12 99.999  9.999 20.299   0   0 9.999  150   0 0.160
 23688  343.17 2641.38 99.999  9.999 20.387   0   0 9.999  151   1 0.179
 23692  225.62 2642.86 99.999  9.999 20.162   0   0 9.999  151   0 0.148
 23693  313.19 2641.27 99.999  9.999 20.851   0   0 9.999  149   0 0.264
 23694  604.21 2641.40 99.999  9.999 20.876   0   0 9.999  151   0 0.301
 23699  328.73 2643.34 99.999  9.999 20.290   0   0 9.999  151   1 0.157
 23700  488.30 2643.16 99.999  9.999 20.684   0   0 9.999  152   0 0.240
 23702  270.99 2642.53 99.999  9.999 20.779   0   0 9.999  150   0 0.239
 23703  351.98 2643.26 99.999  9.999 20.681   0   0 9.999  150   0 0.261
 23704  388.86 2644.59 99.999  9.999 20.092   0   0 9.999  151   0 0.141
 23705  427.07 2644.79 99.999  9.999 20.898   0   0 9.999  144   0 0.327
 23707  174.20 2644.05 99.999  9.999 20.797   0   0 9.999  139   1 0.245
 23708  480.84 2644.79 99.999  9.999 20.367   0   0 9.999  152   0 0.192
 23709  514.09 2644.03 99.999  9.999 21.179   0   0 9.999  150   0 0.363
 23716  166.67 2645.73 99.999  9.999 20.522   0   0 9.999  141   0 0.210
 23717  322.15 2645.02 99.999  9.999 20.911   0   0 9.999  148   1 0.296
 23720  497.61 2646.73 99.999  9.999 20.341   0   0 9.999  151   1 0.173
 23721  619.08 2647.20 99.999  9.999 20.850   0   0 9.999  150   0 0.261
 23728  288.77 2647.63 99.999  9.999 20.343   0   0 9.999  151   0 0.199
 23730  189.29 2647.92 99.999  9.999 21.277   0   0 9.999  139   0 0.399
 23731  372.79 2648.14 99.999  9.999 20.725   0   0 9.999  151   0 0.267
 23733  240.05 2649.42 99.999  9.999 20.616   0   0 9.999  149   0 0.212
 23734  530.27 2648.99 99.999  9.999 20.603   0   0 9.999  147   1 0.224
 23735  558.43 2649.40 99.999  9.999 21.241   0   0 9.999  142   0 0.352
 23737  172.18 2649.86 99.999  9.999 20.478   0   0 9.999  140   2 0.188
 23738  391.32 2649.51 99.999  9.999 20.927   0   0 9.999  150   0 0.324
 23743  199.35 2652.78 99.999  9.999 20.309   0   0 9.999  146   0 0.171
 23747  398.14 2651.85 99.999  9.999 20.776   0   0 9.999  151   0 0.255
 23748  568.34 2653.54 99.999  9.999 20.483   0   0 9.999  150   1 0.220
 23750  334.47 2653.83 99.999  9.999 20.932   0   0 9.999  148   0 0.311
 23751  517.63 2653.63 99.999  9.999 21.002   0   0 9.999  151   0 0.270
 23765  203.08 2659.83 99.999  9.999 19.987   0   0 9.999  147   0 0.123
 23770  191.43 2661.40 99.999  9.999 20.151   0   0 9.999  145   0 0.150
 23771  394.45 2661.44 99.999  9.999 20.065   0   0 9.999  152   0 0.129
 23772  401.32 2661.87 99.999  9.999 20.896   0   0 9.999  149   0 0.305
 23778  258.76 2666.10 99.999  9.999 20.484   0   0 9.999  152   0 0.205
 23779  453.32 2663.68 99.999  9.999 20.622   0   0 9.999  149   0 0.215
 23787  599.11 2664.79 99.999  9.999 21.055   0   0 9.999  147   0 0.317
 23788  412.92 2664.34 99.999  9.999 20.908   0   0 9.999  148   0 0.299
 23791  230.25 2666.53 99.999  9.999 20.608   0   0 9.999  149   0 0.224
 23792  173.43 2667.61 99.999  9.999 21.204   0   0 9.999  142   0 0.393
 23793  462.50 2667.48 99.999  9.999 20.907   0   0 9.999  149   0 0.331
 23808  372.88 2671.93 99.999  9.999 20.641   0   0 9.999  152   0 0.234
 23816  484.45 2672.47 99.999  9.999 20.819   0   0 9.999  152   0 0.272
 23821  552.97 2675.04 99.999  9.999 20.636   0   0 9.999  151   0 0.224
 23826  216.49 2675.75 99.999  9.999 21.048   0   0 9.999  145   0 0.331
 23827  263.31 2676.49 99.999  9.999 20.566   0   0 9.999  152   0 0.215
 23828  505.92 2676.40 99.999  9.999 20.791   0   0 9.999  150   0 0.247
 23829  607.83 2677.15 99.999  9.999 20.650   0   0 9.999  152   0 0.245
 23833  165.20 2677.86 99.999  9.999 21.153   0   0 9.999  141   0 0.347
 23836  190.98 2679.36 99.999  9.999 20.909   0   0 9.999  144   0 0.364
 23844  443.87 2681.85 99.999  9.999 20.821   0   0 9.999  152   0 0.279
 23849  314.77 2684.75 99.999  9.999 20.214   0   0 9.999  153   0 0.154
 23852  331.35 2685.21 99.999  9.999 20.543   0   0 9.999  149   2 0.168
 23853  393.00 2686.40 99.999  9.999 20.498   0   0 9.999  149   2 0.178
 23857  432.85 2687.13 99.999  9.999 20.246   0   0 9.999  152   1 0.158
 23861  271.39 2687.91 99.999  9.999 20.180   0   0 9.999  150   1 0.178
 23862  303.10 2687.17 99.999  9.999 20.864   0   0 9.999  146   0 0.294
 23863  402.68 2688.55 99.999  9.999 20.596   0   0 9.999  148   1 0.216
 23864  619.61 2686.99 99.999  9.999 20.684   0   0 9.999  150   0 0.258
 23872  278.90 2690.50 99.999  9.999 20.809   0   0 9.999  150   0 0.272
 23873  413.82 2690.48 99.999  9.999 20.395   0   0 9.999  152   0 0.186
 23874  252.51 2692.91 99.999  9.999 20.330   0   0 9.999  151   0 0.187
 23875  316.76 2691.44 99.999  9.999 20.486   0   0 9.999  152   0 0.234
 23877  302.33 2691.72 99.999  9.999 20.800   0   0 9.999  146   0 0.306
 23878  345.05 2692.87 99.999  9.999 20.605   0   0 9.999  152   0 0.225
 23879  378.18 2692.95 99.999  9.999 20.705   0   0 9.999  149   0 0.247
 23880  616.87 2692.06 99.999  9.999 20.621   0   0 9.999  149   0 0.214
 23883  167.79 2694.04 99.999  9.999 20.343   0   0 9.999  142   0 0.188
 23884  455.45 2694.56 99.999  9.999 20.433   0   0 9.999  151   1 0.194
 23887  243.54 2694.23 99.999  9.999 20.885   0   0 9.999  148   0 0.272
 23891  211.43 2697.92 99.999  9.999 20.482   0   0 9.999  147   0 0.213
 23892  536.29 2700.98 99.999  9.999 20.211   0   0 9.999  152   0 0.158
 23899  174.83 2697.85 99.999  9.999 20.314   0   0 9.999  144   0 0.173
 23900  279.16 2698.49 99.999  9.999 20.534   0   0 9.999  150   0 0.243
 23903  245.20 2699.79 99.999  9.999 20.252   0   0 9.999  151   0 0.164
 23905  587.93 2700.57 99.999  9.999 20.159   0   0 9.999  153   0 0.164
 23906  611.79 2700.18 99.999  9.999 20.048   0   0 9.999  152   1 0.142
 23911  512.22 2703.01 99.999  9.999 20.127   0   0 9.999  149   0 0.149
 23914  507.38 2701.67 99.999  9.999 20.709   0   0 9.999  148   0 0.220
 23915  593.39 2703.67 99.999  9.999 20.344   0   0 9.999  151   1 0.191
 23917  444.40 2703.85 99.999  9.999 20.644   0   0 9.999  150   1 0.247
 23918  481.80 2704.44 99.999  9.999 20.718   0   0 9.999  152   0 0.258
 23919  536.32 2703.66 99.999  9.999 21.376   0   0 9.999  140   0 0.396
 23921  178.18 2705.64 99.999  9.999 20.140   0   0 9.999  145   0 0.154
 23922  244.20 2704.20 99.999  9.999 20.634   0   0 9.999  152   0 0.245
 23923  409.69 2705.62 99.999  9.999 20.382   0   0 9.999  151   0 0.178
 23929  473.73 2707.47 99.999  9.999 20.634   0   0 9.999  147   0 0.233
 23932  531.12 2707.89 99.999  9.999 20.778   0   0 9.999  148   0 0.271
 23935  208.16 2708.73 99.999  9.999 20.294   0   0 9.999  148   0 0.159
 23936  219.94 2709.97 99.999  9.999 19.987   0   0 9.999  150   1 0.155
 23937  602.46 2709.31 99.999  9.999 20.420   0   0 9.999  151   1 0.214
 23939  173.54 2710.06 99.999  9.999 20.388   0   0 9.999  145   0 0.210
 23940  354.31 2709.65 99.999  9.999 20.634   0   0 9.999  150   0 0.227
 23944  403.52 2709.82 99.999  9.999 20.856   0   0 9.999  148   1 0.275
 23947  428.42 2711.17 99.999  9.999 21.090   0   0 9.999  146   0 0.333
 23950  333.20 2715.51 99.999  9.999 20.159   0   0 9.999  152   0 0.156
 23951  610.85 2714.46 99.999  9.999 20.558   0   0 9.999  151   0 0.219
 23953  422.57 2716.82 99.999  9.999 20.329   0   0 9.999  150   1 0.173
 23957  324.47 2717.08 99.999  9.999 20.959   0   0 9.999  146   0 0.285
 23958  491.46 2717.07 99.999  9.999 20.874   0   0 9.999  149   0 0.246
 23959  508.50 2716.74 99.999  9.999 20.953   0   0 9.999  150   0 0.309
 23962  242.04 2718.99 99.999  9.999 20.555   0   0 9.999  149   1 0.212
 23963  351.15 2719.71 99.999  9.999 20.007   0   0 9.999  151   1 0.118
 23964  562.46 2718.35 99.999  9.999 20.832   0   0 9.999  148   0 0.230
 23965  575.28 2719.06 99.999  9.999 20.549   0   0 9.999  150   0 0.213
 23966  615.02 2718.54 99.999  9.999 20.975   0   0 9.999  149   0 0.289
 23967  308.29 2719.86 99.999  9.999 20.677   0   0 9.999  151   0 0.277
 23968  356.53 2719.35 99.999  9.999 20.401   0   0 9.999  148   0 0.194
 23973  411.74 2720.56 99.999  9.999 20.686   0   0 9.999  149   0 0.247
 23974  554.53 2721.51 99.999  9.999 20.402   0   0 9.999  149   0 0.175
 23979  225.55 2722.01 99.999  9.999 20.796   0   0 9.999  148   0 0.274
 23980  602.78 2722.24 99.999  9.999 20.741   0   0 9.999  151   0 0.254
 23988  209.09 2724.92 99.999  9.999 20.572   0   0 9.999  146   0 0.226
 23989  360.18 2725.83 99.999  9.999 19.961   0   0 9.999  151   0 0.122
 23993  182.38 2726.38 99.999  9.999 20.267   0   0 9.999  146   0 0.186
 23994  308.66 2725.05 99.999  9.999 20.846   0   0 9.999  149   0 0.307
 23995  477.90 2726.47 99.999  9.999 20.780   0   0 9.999  152   0 0.291
 23998  219.47 2727.72 99.999  9.999 20.201   0   0 9.999  149   0 0.160
 24000  192.60 2726.64 99.999  9.999 20.992   0   0 9.999  141   0 0.298
 24003  560.99 2728.10 99.999  9.999 21.003   0   0 9.999  151   0 0.331
 24004  611.05 2727.96 99.999  9.999 21.025   0   0 9.999  146   0 0.310
 24011  216.08 2730.62 99.999  9.999 20.808   0   0 9.999  143   0 0.281
 24012  258.75 2731.49 99.999  9.999 20.166   0   0 9.999  151   1 0.171
 24013  290.48 2731.46 99.999  9.999 20.233   0   0 9.999  153   0 0.181
 24014  530.53 2730.48 99.999  9.999 21.056   0   0 9.999  145   0 0.324
 24019  317.36 2731.44 99.999  9.999 20.411   0   0 9.999  151   0 0.172
 24021  245.33 2731.76 99.999  9.999 21.007   0   0 9.999  145   0 0.303
 24022  523.36 2732.23 99.999  9.999 21.016   0   0 9.999  145   0 0.339
 24026  496.27 2734.84 99.999  9.999 20.201   0   0 9.999  151   1 0.166
 24027  568.83 2734.02 99.999  9.999 20.756   0   0 9.999  153   0 0.264
 24028  576.75 2734.62 99.999  9.999 20.284   0   0 9.999  151   1 0.161
 24038  232.81 2737.54 99.999  9.999 20.671   0   0 9.999  148   0 0.232
 24043  179.24 2740.19 99.999  9.999 21.091   0   0 9.999  139   0 0.298
 24044  445.78 2741.62 99.999  9.999 20.401   0   0 9.999  151   0 0.197
 24045  492.61 2740.74 99.999  9.999 20.554   0   0 9.999  150   0 0.231
 24049  341.34 2742.90 99.999  9.999 20.797   0   0 9.999  150   0 0.261
 24056  389.97 2744.49 99.999  9.999 20.504   0   0 9.999  150   0 0.205
 24057  544.40 2745.35 99.999  9.999 20.751   0   0 9.999  151   0 0.287
 24060  279.20 2745.00 99.999  9.999 20.990   0   0 9.999  149   0 0.347
 24061  285.49 2745.59 99.999  9.999 20.858   0   0 9.999  152   0 0.268
 24064  194.48 2746.61 99.999  9.999 20.960   0   0 9.999  144   0 0.310
 24065  333.71 2746.87 99.999  9.999 20.935   0   0 9.999  150   0 0.304
 24068  236.75 2748.14 99.999  9.999 20.961   0   0 9.999  143   0 0.299
 24070  199.94 2749.57 99.999  9.999 20.249   0   0 9.999  147   0 0.154
 24071  222.26 2750.42 99.999  9.999 20.802   0   0 9.999  146   0 0.232
 24075  484.07 2750.75 99.999  9.999 20.460   0   0 9.999  151   0 0.244
 24079  308.41 2751.48 99.999  9.999 21.552   0   0 9.999  141   0 0.500
 24080  503.50 2751.26 99.999  9.999 20.942   0   0 9.999  148   0 0.292
 24087  416.38 2753.66 99.999  9.999 20.178   0   0 9.999  151   0 0.163
 24096  475.91 2755.76 99.999  9.999 20.323   0   0 9.999  152   0 0.193
 24102  169.10 2758.58 99.999  9.999 20.073   0   0 9.999  143   0 0.175
 24103  194.70 2756.66 99.999  9.999 20.844   0   0 9.999  143   0 0.258
 24104  435.86 2758.19 99.999  9.999 20.523   0   0 9.999  147   0 0.207
 24108  495.22 2759.63 99.999  9.999 20.731   0   0 9.999  149   0 0.273
 24109  617.84 2760.69 99.999  9.999 20.118   0   0 9.999  152   0 0.139
 24111  537.98 2761.17 99.999  9.999 20.764   0   0 9.999  101   0 0.631
 24112  543.58 2760.93 99.999  9.999 20.841   0   0 9.999   93   0 0.653
 24113  582.83 2761.02 99.999  9.999 20.507   0   0 9.999  150   0 0.203
 24117  464.72 2762.11 99.999  9.999 20.614   0   0 9.999  148   0 0.256
 24122  216.86 2762.33 99.999  9.999 20.753   0   0 9.999  148   0 0.252
 24123  613.80 2762.58 99.999  9.999 20.449   0   0 9.999  152   0 0.205
 24126  288.83 2763.60 99.999  9.999 20.378   0   0 9.999  150   0 0.194
 24127  485.48 2764.33 99.999  9.999 20.130   0   0 9.999  149   1 0.126
 24129  325.70 2766.95 99.999  9.999 19.993   0   0 9.999  152   0 0.121
 24130  471.43 2764.54 99.999  9.999 20.668   0   0 9.999  149   1 0.232
 24132  389.08 2766.06 99.999  9.999 20.136   0   0 9.999  151   2 0.154
 24133  535.59 2765.10 99.999  9.999 20.790   0   0 9.999   67   0 0.663
 24136  446.46 2767.49 99.999  9.999 20.049   0   0 9.999  153   0 0.134
 24137  564.37 2767.82 99.999  9.999 19.966   0   0 9.999  153   0 0.204
 24141  174.11 2766.56 99.999  9.999 21.066   0   0 9.999  135   0 0.303
 24142  361.64 2768.13 99.999  9.999 20.412   0   0 9.999  151   0 0.196
 24144  418.74 2768.44 99.999  9.999 20.887   0   0 9.999  148   0 0.290
 24145  430.31 2768.48 99.999  9.999 20.980   0   0 9.999  148   0 0.297
 24147  589.94 2771.00 99.999  9.999 20.462   0   0 9.999  152   0 0.202
 24152  593.57 2769.67 99.999  9.999 21.028   0   0 9.999  151   0 0.337
 24156  314.96 2771.90 99.999  9.999 20.717   0   0 9.999  148   0 0.225
 24157  323.73 2771.55 99.999  9.999 20.903   0   0 9.999  151   0 0.286
 24158  336.44 2773.05 99.999  9.999 20.480   0   0 9.999  151   0 0.239
 24159  386.99 2773.75 99.999  9.999 20.716   0   0 9.999  149   0 0.256
 24160  472.37 2773.22 99.999  9.999 20.684   0   0 9.999  150   1 0.229
 24163  327.95 2775.17 99.999  9.999 20.595   0   0 9.999  152   0 0.219
 24164  249.87 2776.40 99.999  9.999 20.777   0   0 9.999  149   0 0.279
 24165  503.08 2776.65 99.999  9.999 20.429   0   0 9.999  150   1 0.206
 24168  555.09 2775.53 99.999  9.999 20.635   0   0 9.999  112   0 0.516
 24169  619.20 2775.35 99.999  9.999 21.017   0   0 9.999  149   0 0.335
 24171  439.11 2777.55 99.999  9.999 20.973   0   0 9.999  148   0 0.283
 24173  217.53 2778.82 99.999  9.999 20.450   0   0 9.999  148   1 0.187
 24178  203.73 2780.38 99.999  9.999 20.905   0   0 9.999  142   1 0.317
 24181  169.20 2782.04 99.999  9.999 20.235   0   0 9.999  142   1 0.175
 24182  392.69 2780.46 99.999  9.999 20.866   0   0 9.999  145   0 0.277
 24184  306.69 2783.84 99.999  9.999 20.051   0   0 9.999  152   1 0.127
 24185  449.92 2782.94 99.999  9.999 20.264   0   0 9.999  149   0 0.165
 24190  550.56 2777.97 99.999  9.999 20.267   0   0 9.999   81   0 0.650
 24191  551.23 2782.88 99.999  9.999 21.199   0   0 9.999   90   0 0.676
 24194  200.98 2784.81 99.999  9.999 20.881   0   0 9.999  145   0 0.267
 24202  404.85 2787.67 99.999  9.999 20.621   0   0 9.999  150   0 0.228
 24204  358.08 2789.37 99.999  9.999 20.069   0   0 9.999  151   1 0.142
 24205  496.39 2790.83 99.999  9.999 20.261   0   0 9.999  148   1 0.194
 24208  237.90 2793.66 99.999  9.999 19.974   0   0 9.999  151   1 0.119
 24209  610.61 2791.51 99.999  9.999 20.164   0   0 9.999  151   0 0.173
 24211  235.44 2790.57 99.999  9.999 20.840   0   0 9.999  147   0 0.259
 24217  355.26 2791.99 99.999  9.999 20.331   0   0 9.999  151   0 0.188
 24218  482.67 2791.51 99.999  9.999 20.907   0   0 9.999  149   0 0.317
 24221  199.78 2793.02 99.999  9.999 20.981   0   0 9.999  142   0 0.277
 24223  247.14 2795.34 99.999  9.999 21.062   0   0 9.999  151   0 0.351
 24228  376.35 2795.87 99.999  9.999 20.673   0   0 9.999  152   0 0.266
 24229  451.13 2794.79 99.999  9.999 21.056   0   0 9.999  147   0 0.346
 24236  506.42 2797.53 99.999  9.999 20.506   0   0 9.999  148   0 0.206
 24240  335.97 2798.28 99.999  9.999 20.980   0   0 9.999  147   0 0.317
 24245  264.49 2800.53 99.999  9.999 20.572   0   0 9.999  151   0 0.222
 24246  373.42 2799.75 99.999  9.999 20.954   0   0 9.999  145   0 0.313
 24247  546.34 2801.34 99.999  9.999 20.143   0   0 9.999  152   0 0.157
 24251  241.01 2802.18 99.999  9.999 20.593   0   0 9.999  150   0 0.234
 24252  421.34 2802.25 99.999  9.999 20.542   0   0 9.999  151   0 0.245
 24258  441.97 2803.19 99.999  9.999 20.837   0   0 9.999  150   0 0.282
 24260  535.75 2804.96 99.999  9.999 20.285   0   0 9.999  149   1 0.166
 24261  579.51 2805.40 99.999  9.999 20.572   0   0 9.999  153   0 0.224
 24265  190.36 2809.33 99.999  9.999 20.466   0   0 9.999  144   0 0.241
 24266  236.30 2805.94 99.999  9.999 20.249   0   0 9.999  153   0 0.181
 24268  313.94 2807.35 99.999  9.999 20.087   0   0 9.999  151   1 0.150
 24269  620.15 2807.38 99.999  9.999 20.235   0   0 9.999  151   1 0.154
 24272  308.71 2808.40 99.999  9.999 20.393   0   0 9.999  150   0 0.178
 24275  494.77 2808.92 99.999  9.999 20.607   0   0 9.999  152   0 0.245
 24276  611.61 2807.89 99.999  9.999 20.533   0   0 9.999  152   0 0.229
 24280  524.26 2810.35 99.999  9.999 20.450   0   0 9.999  152   0 0.218
 24286  319.21 2812.07 99.999  9.999 20.280   0   0 9.999  153   0 0.175
 24287  615.92 2812.16 99.999  9.999 20.592   0   0 9.999  149   0 0.203
 24291  208.61 2813.54 99.999  9.999 20.737   0   0 9.999  143   0 0.254
 24292  382.99 2814.29 99.999  9.999 20.236   0   0 9.999  153   0 0.175
 24293  433.10 2814.85 99.999  9.999 20.427   0   0 9.999  150   0 0.182
 24294  512.98 2813.93 99.999  9.999 20.551   0   0 9.999  151   0 0.232
 24295  565.02 2813.45 99.999  9.999 20.275   0   0 9.999  152   0 0.174
 24298  220.60 2814.35 99.999  9.999 21.168   0   0 9.999  145   0 0.330
 24299  421.13 2814.22 99.999  9.999 20.510   0   0 9.999  150   0 0.217
 24300  599.89 2814.53 99.999  9.999 20.702   0   0 9.999  150   0 0.255
 24302  163.52 2815.72 99.999  9.999 20.267   0   0 9.999  142   1 0.175
 24305  405.86 2815.52 99.999  9.999 20.765   0   0 9.999  152   0 0.271
 24306  572.39 2818.01 99.999  9.999 20.289   0   0 9.999  152   0 0.174
 24309  257.64 2820.32 99.999  9.999 20.044   0   0 9.999  153   0 0.153
 24311  274.33 2819.12 99.999  9.999 20.442   0   0 9.999  150   1 0.195
 24312  416.12 2818.38 99.999  9.999 20.951   0   0 9.999  150   0 0.304
 24313  509.07 2818.68 99.999  9.999 20.682   0   0 9.999  150   0 0.268
 24315  266.77 2818.16 99.999  9.999 21.168   0   0 9.999  146   0 0.363
 24318  289.41 2821.26 99.999  9.999 20.619   0   0 9.999  153   0 0.249
 24319  317.60 2821.40 99.999  9.999 20.075   0   0 9.999  153   0 0.134
 24322  402.04 2821.86 99.999  9.999 20.474   0   0 9.999  149   1 0.174
 24324  440.01 2822.15 99.999  9.999 20.669   0   0 9.999  152   0 0.230
 24325  500.48 2824.28 99.999  9.999 20.561   0   0 9.999  150   0 0.210
 24332  237.44 2825.73 99.999  9.999 20.349   0   0 9.999  153   0 0.201
 24333  454.67 2825.05 99.999  9.999 20.466   0   0 9.999  150   0 0.179
 24334  600.71 2824.08 99.999  9.999 20.861   0   0 9.999  149   0 0.314
 24344  530.24 2827.40 99.999  9.999 20.223   0   0 9.999  133   0 0.432
 24345  382.76 2828.00 99.999  9.999 20.429   0   0 9.999  152   0 0.193
 24346  402.53 2827.24 99.999  9.999 21.032   0   0 9.999  142   0 0.345
 24347  583.32 2828.26 99.999  9.999 20.098   0   0 9.999  152   1 0.148
 24348  597.31 2826.94 99.999  9.999 20.720   0   0 9.999  148   0 0.218
 24350  616.69 2827.89 99.999  9.999 20.689   0   0 9.999  152   1 0.235
 24359  387.49 2830.68 99.999  9.999 20.166   0   0 9.999  151   0 0.161
 24360  482.65 2829.84 99.999  9.999 20.726   0   0 9.999  149   0 0.253
 24365  276.38 2831.67 99.999  9.999 20.970   0   0 9.999  148   0 0.283
 24366  349.04 2832.37 99.999  9.999 20.728   0   0 9.999  152   0 0.260
 24370  289.93 2834.39 99.999  9.999 20.644   0   0 9.999  151   0 0.218
 24371  340.39 2833.92 99.999  9.999 20.007   0   0 9.999  151   0 0.167
 24372  362.52 2834.59 99.999  9.999 20.339   0   0 9.999  152   0 0.170
 24375  316.79 2834.42 99.999  9.999 20.780   0   0 9.999  147   0 0.255
 24376  322.05 2833.29 99.999  9.999 21.209   0   0 9.999  146   0 0.346
 24378  537.82 2835.45 99.999  9.999 20.488   0   0 9.999  142   0 0.495
 24383  354.04 2837.46 99.999  9.999 20.427   0   0 9.999  152   0 0.218
 24389  227.85 2837.38 99.999  9.999 20.707   0   0 9.999  148   0 0.266
 24390  466.34 2837.12 99.999  9.999 20.642   0   0 9.999  151   0 0.251
 24391  564.32 2838.06 99.999  9.999 20.605   0   0 9.999  151   0 0.210
 24392  572.07 2837.31 99.999  9.999 20.545   0   0 9.999  149   0 0.209
 24395  438.73 2839.84 99.999  9.999 20.148   0   0 9.999  153   0 0.163
 24396  556.12 2839.29 99.999  9.999 20.259   0   0 9.999  153   0 0.192
 24403  211.17 2841.52 99.999  9.999 20.156   0   0 9.999  147   0 0.148
 24404  447.13 2840.26 99.999  9.999 20.827   0   0 9.999  149   1 0.277
 24407  305.90 2843.16 99.999  9.999 20.400   0   0 9.999  152   1 0.181
 24408  421.43 2840.99 99.999  9.999 21.167   0   0 9.999  142   0 0.405
 24409  538.08 2840.29 99.999  9.999 20.723   0   0 9.999  146   0 0.353
 24414  476.15 2842.54 99.999  9.999 20.530   0   0 9.999  146   1 0.203
 24415  513.46 2843.03 99.999  9.999 20.283   0   0 9.999  153   0 0.172
 24419  180.33 2843.15 99.999  9.999 20.556   0   0 9.999  144   0 0.195
 24421  313.83 2844.34 99.999  9.999 20.452   0   0 9.999  149   0 0.195
 24424  213.81 2845.17 99.999  9.999 20.897   0   0 9.999  147   0 0.299
 24425  222.76 2846.43 99.999  9.999 20.410   0   0 9.999  150   0 0.220
 24426  440.75 2847.81 99.999  9.999 20.518   0   0 9.999  152   0 0.205
 24430  619.93 2846.53 99.999  9.999 20.574   0   0 9.999  148   0 0.201
 24436  177.18 2847.57 99.999  9.999 20.750   0   0 9.999  144   0 0.242
 24439  375.46 2848.45 99.999  9.999 19.907   0   0 9.999  152   0 0.145
 24440  608.03 2848.95 99.999  9.999 20.784   0   0 9.999  151   0 0.268
 24442  244.10 2850.21 99.999  9.999 20.714   0   0 9.999  151   0 0.239
 24443  285.24 2849.96 99.999  9.999 20.760   0   0 9.999  149   0 0.255
 24444  546.11 2849.79 99.999  9.999 20.703   0   0 9.999  152   0 0.277
 24445  298.80 2850.88 99.999  9.999 20.988   0   0 9.999  148   1 0.286
 24446  534.15 2850.18 99.999  9.999 20.985   0   0 9.999  148   0 0.321
 24447  588.57 2851.33 99.999  9.999 20.489   0   0 9.999  149   1 0.174
 24451  174.74 2852.64 99.999  9.999 20.601   0   0 9.999  142   0 0.218
 24452  258.78 2852.68 99.999  9.999 20.246   0   0 9.999  153   0 0.156
 24453  312.64 2853.68 99.999  9.999 20.276   0   0 9.999  152   0 0.165
 24454  443.18 2853.91 99.999  9.999 20.624   0   0 9.999  152   0 0.236
 24455  496.09 2853.29 99.999  9.999 20.289   0   0 9.999  149   2 0.180
 24456  599.67 2853.28 99.999  9.999 20.529   0   0 9.999  150   1 0.196
 24460  450.39 2854.68 99.999  9.999 20.596   0   0 9.999  151   0 0.228
 24464  211.21 2854.72 99.999  9.999 20.805   0   0 9.999  149   0 0.241
 24465  364.64 2854.44 99.999  9.999 20.862   0   0 9.999  152   0 0.281
 24470  510.70 2857.64 99.999  9.999 20.668   0   0 9.999  150   0 0.247
 24473  180.34 2856.89 99.999  9.999 20.876   0   0 9.999  142   1 0.271
 24474  460.10 2857.33 99.999  9.999 20.418   0   0 9.999  149   1 0.178
 24477  360.03 2859.27 99.999  9.999 20.372   0   0 9.999  152   0 0.172
 24478  442.75 2858.85 99.999  9.999 20.243   0   0 9.999  152   0 0.143
 24483  248.06 2861.00 99.999  9.999 20.363   0   0 9.999  151   0 0.165
 24486  252.98 2860.23 99.999  9.999 20.987   0   0 9.999  143   0 0.291
 24487  275.43 2860.31 99.999  9.999 20.564   0   0 9.999  153   0 0.218
 24488  332.01 2861.28 99.999  9.999 20.689   0   0 9.999  150   0 0.220
 24489  395.81 2861.34 99.999  9.999 20.147   0   0 9.999  152   0 0.194
 24493  407.36 2863.13 99.999  9.999 20.277   0   0 9.999  148   0 0.170
 24494  483.24 2861.77 99.999  9.999 21.187   0   0 9.999  142   0 0.315
 24497  235.49 2864.71 99.999  9.999 20.056   0   0 9.999  151   0 0.134
 24498  265.88 2863.48 99.999  9.999 20.870   0   0 9.999  149   0 0.271
 24499  278.70 2864.32 99.999  9.999 20.276   0   0 9.999  150   1 0.158
 24500  438.67 2865.33 99.999  9.999 20.199   0   0 9.999  152   0 0.170
 24501  460.88 2863.82 99.999  9.999 20.361   0   0 9.999  152   0 0.193
 24504  221.33 2865.20 99.999  9.999 20.086   0   0 9.999  147   1 0.146
 24505  320.11 2865.46 99.999  9.999 20.508   0   0 9.999  150   0 0.219
 24508  335.46 2866.96 99.999  9.999 20.438   0   0 9.999  149   0 0.200
 24509  361.62 2866.92 99.999  9.999 20.215   0   0 9.999  152   0 0.143
 24510  606.21 2866.81 99.999  9.999 20.819   0   0 9.999  150   0 0.271
 24520  588.96 2868.80 99.999  9.999 20.861   0   0 9.999  150   1 0.263
 24526  188.49 2869.36 99.999  9.999 20.713   0   0 9.999  145   0 0.241
 24529  256.98 2869.23 99.999  9.999 20.977   0   0 9.999  145   0 0.299
 24532  283.22 2872.52 99.999  9.999 20.304   0   0 9.999  153   0 0.179
 24535  189.59 2873.29 99.999  9.999 20.654   0   0 9.999  144   1 0.214
 24536  392.43 2874.60 99.999  9.999 20.320   0   0 9.999  152   0 0.183
 24538  198.83 2874.93 99.999  9.999 20.090   0   0 9.999  148   0 0.140
 24539  220.70 2874.56 99.999  9.999 20.878   0   0 9.999  150   0 0.275
 24544  509.37 2875.76 99.999  9.999 20.497   0   0 9.999  153   0 0.214
 24546  541.34 2875.96 99.999  9.999 20.844   0   0 9.999  148   0 0.308
 24550  282.16 2877.62 99.999  9.999 20.803   0   0 9.999  151   0 0.300
 24551  399.49 2878.23 99.999  9.999 20.660   0   0 9.999  148   0 0.233
 24552  580.05 2878.23 99.999  9.999 20.488   0   0 9.999  149   0 0.212
 24553  585.66 2877.77 99.999  9.999 20.269   0   0 9.999  150   0 0.148
 24558  185.17 2880.81 99.999  9.999 20.061   0   0 9.999  147   1 0.125
 24562  367.41 2879.93 99.999  9.999 20.964   0   0 9.999  147   0 0.280
 24563  212.04 2881.54 99.999  9.999 20.558   0   0 9.999  146   0 0.192
 24564  592.43 2881.52 99.999  9.999 20.997   0   0 9.999  148   0 0.272
 24567  402.75 2882.59 99.999  9.999 20.780   0   0 9.999  147   0 0.307
 24573  312.89 2883.96 99.999  9.999 20.803   0   0 9.999  146   1 0.240
 24579  215.60 2884.71 99.999  9.999 20.873   0   0 9.999  147   0 0.260
 26338  568.62 2718.09 99.999  9.999 20.578   0   0 9.999  152   0 0.241
 26349  321.57 2811.29 99.999  9.999 20.679   0   0 9.999  152   0 0.214
 26651  262.33 2427.22 99.999  9.999 21.279   0   0 9.999  140   0 0.337
 26652  560.84 2427.62 99.999  9.999 21.494   0   0 9.999  148   0 0.408
 26657  524.65 2428.06 99.999  9.999 21.113   0   0 9.999  147   0 0.349
 26659  293.93 2429.73 99.999  9.999 21.371   0   0 9.999  148   0 0.389
 26662  483.92 2431.49 99.999  9.999 20.857   0   0 9.999  150   0 0.288
 26668  274.27 2432.46 99.999  9.999 20.936   0   0 9.999  148   0 0.295
 26676  464.71 2436.07 99.999  9.999 21.101   0   0 9.999  146   0 0.339
 26677  597.63 2435.43 99.999  9.999 21.076   0   0 9.999  151   0 0.312
 26678  163.27 2436.27 99.999  9.999 20.927   0   0 9.999  137   0 0.291
 26681  205.30 2437.54 99.999  9.999 21.113   0   0 9.999  141   0 0.380
 26688  447.20 2443.34 99.999  9.999 21.591   0   0 9.999  136   0 0.433
 26693  282.92 2449.24 99.999  9.999 21.157   0   0 9.999  144   0 0.314
 26696  484.01 2450.12 99.999  9.999 21.191   0   0 9.999  146   0 0.354
 26701  560.16 2452.82 99.999  9.999 21.189   0   0 9.999  147   0 0.342
 26703  201.39 2454.57 99.999  9.999 21.007   0   0 9.999  144   0 0.316
 26705  207.33 2455.30 99.999  9.999 21.458   0   0 9.999  136   0 0.453
 26707  306.40 2458.04 99.999  9.999 21.021   0   0 9.999  148   0 0.325
 26708  529.60 2458.37 99.999  9.999 21.451   0   0 9.999  145   0 0.441
 26716  361.02 2461.89 99.999  9.999 21.337   0   0 9.999  141   0 0.413
 26719  255.99 2463.25 99.999  9.999 21.083   0   0 9.999  147   0 0.298
 26720  420.21 2462.98 99.999  9.999 21.294   0   0 9.999  140   0 0.392
 26721  226.32 2464.42 99.999  9.999 21.432   0   0 9.999  141   0 0.409
 26723  335.61 2464.33 99.999  9.999 21.350   0   0 9.999  145   0 0.425
 26724  410.15 2470.06 99.999  9.999 21.112   0   0 9.999  150   0 0.355
 26725  583.15 2469.66 99.999  9.999 21.175   0   0 9.999  147   0 0.341
 26727  241.15 2470.62 99.999  9.999 20.935   0   0 9.999  149   1 0.278
 26728  447.06 2471.18 99.999  9.999 20.890   0   0 9.999  148   0 0.286
 26730  527.41 2472.04 99.999  9.999 21.131   0   0 9.999  144   0 0.320
 26732  254.60 2473.33 99.999  9.999 20.901   0   0 9.999  146   0 0.267
 26733  327.11 2472.37 99.999  9.999 21.040   0   0 9.999  152   0 0.317
 26734  472.84 2472.26 99.999  9.999 21.478   0   0 9.999  146   0 0.424
 26736  513.11 2473.61 99.999  9.999 20.903   0   0 9.999  147   1 0.287
 26738  238.26 2473.89 99.999  9.999 21.152   0   0 9.999  146   0 0.355
 26739  261.81 2475.20 99.999  9.999 21.325   0   0 9.999  144   0 0.389
 26740  432.54 2474.87 99.999  9.999 21.083   0   0 9.999  146   0 0.377
 26741  593.95 2474.28 99.999  9.999 20.875   0   0 9.999  151   0 0.303
 26743  214.70 2475.00 99.999  9.999 20.976   0   0 9.999  145   1 0.263
 26744  538.05 2475.02 99.999  9.999 21.046   0   0 9.999  146   0 0.350
 26748  204.23 2478.76 99.999  9.999 21.274   0   0 9.999  143   0 0.382
 26749  297.20 2479.04 99.999  9.999 21.248   0   0 9.999  143   0 0.389
 26755  181.18 2484.55 99.999  9.999 20.899   0   0 9.999  144   1 0.303
 26756  309.24 2483.03 99.999  9.999 21.083   0   0 9.999  148   0 0.309
 26757  270.70 2484.58 99.999  9.999 21.341   0   0 9.999  147   0 0.365
 26758  398.61 2484.81 99.999  9.999 21.195   0   0 9.999  146   0 0.365
 26760  173.93 2485.74 99.999  9.999 20.836   0   0 9.999  141   0 0.283
 26764  264.69 2488.07 99.999  9.999 21.418   0   0 9.999  139   0 0.428
 26765  322.57 2488.82 99.999  9.999 20.968   0   0 9.999  150   0 0.274
 26773  392.19 2495.39 99.999  9.999 21.348   0   0 9.999  140   0 0.419
 26774  619.20 2493.80 99.999  9.999 21.165   0   0 9.999  146   0 0.344
 26778  166.63 2494.77 99.999  9.999 20.964   0   0 9.999  133   0 0.417
 26779  484.96 2496.30 99.999  9.999 21.150   0   0 9.999  149   0 0.330
 26781  234.69 2497.57 99.999  9.999 21.180   0   0 9.999  146   0 0.348
 26786  419.18 2501.98 99.999  9.999 20.969   0   0 9.999  147   0 0.349
 26789  254.47 2502.64 99.999  9.999 21.153   0   0 9.999  147   0 0.386
 26792  381.29 2505.05 99.999  9.999 21.046   0   0 9.999  146   0 0.320
 26798  259.64 2508.21 99.999  9.999 21.158   0   0 9.999  146   0 0.339
 26800  583.83 2510.39 99.999  9.999 20.947   0   0 9.999  150   0 0.333
 26802  353.70 2510.25 99.999  9.999 21.001   0   0 9.999  148   0 0.297
 26803  374.48 2511.44 99.999  9.999 21.056   0   0 9.999  147   0 0.316
 26805  183.46 2512.40 99.999  9.999 21.022   0   0 9.999  139   0 0.317
 26807  254.49 2513.28 99.999  9.999 20.853   0   0 9.999  152   0 0.261
 26810  551.24 2514.88 99.999  9.999 21.234   0   0 9.999  146   0 0.375
 26814  537.92 2516.68 99.999  9.999 21.102   0   0 9.999  147   0 0.317
 26816  472.37 2518.67 99.999  9.999 21.259   0   0 9.999  146   0 0.353
 26817  410.47 2520.56 99.999  9.999 20.970   0   0 9.999  151   0 0.324
 26819  389.99 2519.97 99.999  9.999 21.194   0   0 9.999  141   0 0.375
 26820  501.12 2521.84 99.999  9.999 21.120   0   0 9.999  148   0 0.366
 26822  170.83 2521.44 99.999  9.999 21.119   0   0 9.999  136   0 0.348
 26825  433.99 2521.73 99.999  9.999 21.413   0   0 9.999  143   0 0.372
 26826  486.31 2525.73 99.999  9.999 20.858   0   0 9.999  149   0 0.285
 26827  276.61 2525.57 99.999  9.999 20.987   0   0 9.999  148   0 0.306
 26828  580.23 2526.87 99.999  9.999 20.982   0   0 9.999  143   0 0.286
 26830  205.76 2527.98 99.999  9.999 20.872   0   0 9.999  145   0 0.313
 26832  237.00 2529.92 99.999  9.999 20.614   0   0 9.999  146   0 0.266
 26833  300.37 2531.32 99.999  9.999 20.658   0   0 9.999  151   0 0.244
 26834  324.29 2532.24 99.999  9.999 21.382   0   0 9.999  146   0 0.376
 26835  488.21 2532.52 99.999  9.999 21.048   0   0 9.999  141   0 0.369
 26838  264.50 2532.72 99.999  9.999 21.235   0   0 9.999  144   0 0.381
 26839  506.08 2533.26 99.999  9.999 20.977   0   0 9.999  146   0 0.334
 26840  574.73 2534.12 99.999  9.999 21.064   0   0 9.999  145   0 0.305
 26842  237.65 2535.13 99.999  9.999 20.777   0   0 9.999  151   0 0.288
 26845  386.49 2535.94 99.999  9.999 21.111   0   0 9.999  147   0 0.364
 26846  584.24 2536.68 99.999  9.999 20.989   0   0 9.999  146   0 0.283
 26849  228.52 2537.81 99.999  9.999 21.156   0   0 9.999  148   0 0.369
 26850  461.65 2539.77 99.999  9.999 20.933   0   0 9.999  151   0 0.302
 26852  193.61 2538.92 99.999  9.999 21.449   0   0 9.999  112   0 0.528
 26860  502.67 2542.88 99.999  9.999 20.728   0   0 9.999  146   0 0.415
 26861  576.72 2541.40 99.999  9.999 21.048   0   0 9.999  147   0 0.356
 26864  521.25 2542.87 99.999  9.999 20.736   0   0 9.999  152   0 0.249
 26871  472.92 2548.24 99.999  9.999 21.251   0   0 9.999  147   0 0.410
 26875  386.57 2550.93 99.999  9.999 20.975   0   0 9.999  149   0 0.280
 26876  534.72 2550.56 99.999  9.999 21.062   0   0 9.999  146   0 0.284
 26879  336.20 2551.24 99.999  9.999 21.207   0   0 9.999  140   0 0.345
 26884  443.87 2553.55 99.999  9.999 21.116   0   0 9.999  145   0 0.326
 26885  584.46 2553.52 99.999  9.999 21.326   0   0 9.999  147   0 0.415
 26890  490.63 2555.78 99.999  9.999 21.267   0   0 9.999  139   0 0.487
 26894  293.02 2560.61 99.999  9.999 21.167   0   0 9.999  149   0 0.383
 26898  315.23 2561.27 99.999  9.999 21.380   0   0 9.999  141   0 0.412
 26902  228.66 2562.84 99.999  9.999 21.159   0   0 9.999  136   0 0.347
 26903  421.77 2565.47 99.999  9.999 21.130   0   0 9.999  144   0 0.321
 26904  485.02 2565.24 99.999  9.999 20.710   0   0 9.999  151   0 0.250
 26906  411.05 2567.18 99.999  9.999 21.218   0   0 9.999  146   0 0.412
 26908  201.16 2569.04 99.999  9.999 20.694   0   0 9.999  145   0 0.228
 26912  308.18 2570.03 99.999  9.999 20.996   0   0 9.999  148   0 0.309
 26914  612.74 2569.93 99.999  9.999 21.253   0   0 9.999  142   0 0.400
 26925  380.91 2581.54 99.999  9.999 21.023   0   0 9.999  148   0 0.300
 26926  183.31 2581.25 99.999  9.999 21.181   0   0 9.999  140   0 0.323
 26927  240.78 2582.41 99.999  9.999 21.200   0   0 9.999  142   0 0.344
 26933  267.74 2585.56 99.999  9.999 21.443   0   0 9.999  140   0 0.413
 26935  447.74 2588.10 99.999  9.999 21.149   0   0 9.999  147   0 0.329
 26936  453.62 2588.98 99.999  9.999 20.995   0   0 9.999  151   0 0.336
 26941  366.05 2596.19 99.999  9.999 21.446   0   0 9.999  141   0 0.407
 26942  511.00 2598.74 99.999  9.999 20.884   0   0 9.999  147   0 0.238
 26947  380.06 2601.77 99.999  9.999 20.951   0   0 9.999  152   0 0.289
 26948  620.78 2601.94 99.999  9.999 21.287   0   0 9.999  144   0 0.345
 26954  499.65 2605.11 99.999  9.999 21.132   0   0 9.999  147   0 0.379
 26955  531.73 2606.01 99.999  9.999 21.012   0   0 9.999  146   0 0.288
 26956  472.38 2606.20 99.999  9.999 21.488   0   0 9.999  137   0 0.438
 26961  284.35 2612.37 99.999  9.999 21.100   0   0 9.999  147   0 0.341
 26962  268.65 2613.75 99.999  9.999 20.981   0   0 9.999  148   0 0.313
 26964  306.24 2613.79 99.999  9.999 20.852   0   0 9.999  149   1 0.253
 26965  313.20 2612.97 99.999  9.999 21.108   0   0 9.999  148   0 0.321
 26966  581.33 2616.03 99.999  9.999 20.854   0   0 9.999  149   0 0.277
 26968  263.00 2617.19 99.999  9.999 21.113   0   0 9.999  146   0 0.320
 26970  273.92 2619.09 99.999  9.999 20.963   0   0 9.999  148   1 0.275
 26971  313.86 2617.59 99.999  9.999 21.093   0   0 9.999  151   0 0.322
 26972  619.29 2618.93 99.999  9.999 21.100   0   0 9.999  147   0 0.314
 26979  344.59 2623.28 99.999  9.999 20.897   0   0 9.999  149   0 0.284
 26984  276.76 2627.53 99.999  9.999 21.233   0   0 9.999  148   0 0.388
 26985  577.54 2628.07 99.999  9.999 21.075   0   0 9.999  148   0 0.310
 26987  228.04 2630.10 99.999  9.999 21.281   0   0 9.999  145   0 0.318
 26988  517.58 2629.73 99.999  9.999 20.969   0   0 9.999  148   0 0.301
 26990  321.70 2631.20 99.999  9.999 21.200   0   0 9.999  145   0 0.355
 26991  462.13 2631.13 99.999  9.999 21.296   0   0 9.999  143   0 0.371
 26992  557.33 2631.47 99.999  9.999 20.805   0   0 9.999  150   0 0.272
 26993  599.66 2632.18 99.999  9.999 21.155   0   0 9.999  150   0 0.367
 26995  207.14 2632.50 99.999  9.999 21.052   0   0 9.999  144   0 0.316
 26996  604.43 2632.68 99.999  9.999 21.173   0   0 9.999  144   0 0.297
 26997  335.60 2633.48 99.999  9.999 20.915   0   0 9.999  149   0 0.298
 27000  173.03 2634.70 99.999  9.999 21.044   0   0 9.999  137   0 0.365
 27001  437.27 2635.19 99.999  9.999 20.884   0   0 9.999  152   0 0.248
 27004  269.58 2637.83 99.999  9.999 21.058   0   0 9.999  147   0 0.283
 27007  228.48 2641.19 99.999  9.999 20.940   0   0 9.999  148   1 0.277
 27008  245.49 2641.46 99.999  9.999 21.040   0   0 9.999  149   0 0.346
 27009  506.86 2641.54 99.999  9.999 21.213   0   0 9.999  146   0 0.361
 27012  305.36 2642.16 99.999  9.999 21.131   0   0 9.999  146   0 0.354
 27019  289.79 2643.34 99.999  9.999 21.326   0   0 9.999  142   0 0.410
 27022  551.08 2644.38 99.999  9.999 21.109   0   0 9.999  143   0 0.291
 27023  223.03 2645.55 99.999  9.999 21.178   0   0 9.999  146   0 0.373
 27025  261.62 2647.72 99.999  9.999 20.889   0   0 9.999  149   0 0.307
 27028  415.64 2648.54 99.999  9.999 21.226   0   0 9.999  143   0 0.384
 27029  368.64 2650.55 99.999  9.999 20.699   0   0 9.999  150   0 0.263
 27032  272.37 2652.06 99.999  9.999 21.016   0   0 9.999  146   0 0.323
 27033  387.71 2652.13 99.999  9.999 20.950   0   0 9.999  147   0 0.312
 27034  448.52 2652.51 99.999  9.999 21.174   0   0 9.999  150   0 0.368
 27036  191.95 2654.61 99.999  9.999 21.156   0   0 9.999  141   0 0.346
 27037  251.97 2653.71 99.999  9.999 21.167   0   0 9.999  149   1 0.298
 27043  509.73 2658.34 99.999  9.999 20.947   0   0 9.999  149   0 0.277
 27047  351.38 2660.55 99.999  9.999 21.298   0   0 9.999  139   0 0.399
 27048  526.57 2661.40 99.999  9.999 20.834   0   0 9.999  149   0 0.316
 27050  343.14 2661.03 99.999  9.999 21.228   0   0 9.999  144   0 0.334
 27051  386.20 2661.92 99.999  9.999 21.175   0   0 9.999  146   0 0.360
 27057  251.49 2662.08 99.999  9.999 21.358   0   0 9.999  143   0 0.402
 27058  534.97 2662.04 99.999  9.999 21.136   0   0 9.999  147   0 0.333
 27060  212.36 2663.16 99.999  9.999 21.289   0   0 9.999  143   0 0.398
 27068  511.46 2665.70 99.999  9.999 21.189   0   0 9.999  138   0 0.366
 27071  420.76 2668.17 99.999  9.999 21.214   0   0 9.999  147   0 0.344
 27073  264.88 2670.19 99.999  9.999 21.153   0   0 9.999  150   0 0.339
 27074  408.88 2669.77 99.999  9.999 21.678   0   0 9.999  126   0 0.443
 27077  543.55 2672.88 99.999  9.999 21.321   0   0 9.999  141   0 0.359
 27079  498.60 2676.23 99.999  9.999 21.262   0   0 9.999  142   0 0.342
 27082  229.95 2678.27 99.999  9.999 21.210   0   0 9.999  139   0 0.359
 27087  260.00 2683.13 99.999  9.999 21.343   0   0 9.999  144   0 0.454
 27088  537.37 2683.05 99.999  9.999 21.217   0   0 9.999  144   0 0.386
 27090  461.99 2684.44 99.999  9.999 21.260   0   0 9.999  142   0 0.333
 27091  609.88 2684.21 99.999  9.999 21.030   0   0 9.999  152   0 0.308
 27095  604.29 2685.87 99.999  9.999 21.098   0   0 9.999  143   0 0.342
 27096  308.69 2686.30 99.999  9.999 21.265   0   0 9.999  144   0 0.361
 27097  406.47 2686.47 99.999  9.999 20.695   0   0 9.999  149   0 0.237
 27099  444.27 2687.66 99.999  9.999 21.123   0   0 9.999  150   0 0.337
 27106  199.05 2692.89 99.999  9.999 21.160   0   0 9.999  142   1 0.318
 27108  590.18 2695.65 99.999  9.999 21.070   0   0 9.999  148   0 0.351
 27111  324.46 2696.38 99.999  9.999 20.895   0   0 9.999  149   0 0.286
 27112  537.80 2696.80 99.999  9.999 20.962   0   0 9.999  152   0 0.319
 27119  307.55 2699.31 99.999  9.999 20.676   0   0 9.999  150   0 0.245
 27120  413.01 2698.94 99.999  9.999 21.334   0   0 9.999  146   0 0.386
 27121  467.90 2702.19 99.999  9.999 21.091   0   0 9.999  149   0 0.343
 27122  357.51 2703.97 99.999  9.999 20.855   0   0 9.999  147   0 0.281
 27133  272.54 2707.53 99.999  9.999 21.349   0   0 9.999  143   0 0.442
 27134  567.44 2708.98 99.999  9.999 21.078   0   0 9.999  147   0 0.336
 27135  607.54 2708.99 99.999  9.999 21.022   0   0 9.999  151   0 0.326
 27141  226.35 2710.84 99.999  9.999 21.245   0   0 9.999  138   1 0.302
 27142  494.00 2712.40 99.999  9.999 20.997   0   0 9.999  147   0 0.345
 27143  590.03 2712.83 99.999  9.999 21.085   0   0 9.999  146   0 0.342
 27147  284.24 2712.36 99.999  9.999 21.313   0   0 9.999  143   0 0.405
 27157  546.65 2719.95 99.999  9.999 21.451   0   0 9.999  139   0 0.420
 27161  175.60 2721.14 99.999  9.999 21.212   0   0 9.999  135   0 0.398
 27162  285.92 2722.87 99.999  9.999 20.780   0   0 9.999  150   0 0.288
 27163  453.30 2721.68 99.999  9.999 20.952   0   0 9.999  149   0 0.303
 27164  533.48 2721.76 99.999  9.999 21.439   0   0 9.999  144   0 0.444
 27165  474.64 2722.48 99.999  9.999 21.172   0   0 9.999  145   0 0.343
 27172  312.04 2729.61 99.999  9.999 20.968   0   0 9.999  145   0 0.294
 27173  355.39 2730.67 99.999  9.999 21.189   0   0 9.999  143   0 0.392
 27174  495.24 2730.15 99.999  9.999 21.013   0   0 9.999  148   0 0.298
 27175  191.37 2732.51 99.999  9.999 21.009   0   0 9.999  142   1 0.284
 27176  612.51 2733.47 99.999  9.999 21.134   0   0 9.999  145   0 0.330
 27179  164.61 2733.92 99.999  9.999 21.007   0   0 9.999  138   0 0.332
 27180  327.89 2735.61 99.999  9.999 21.214   0   0 9.999  146   0 0.388
 27181  343.80 2735.99 99.999  9.999 21.069   0   0 9.999  145   0 0.333
 27187  284.81 2739.16 99.999  9.999 21.102   0   0 9.999  147   1 0.295
 27188  427.50 2738.67 99.999  9.999 21.155   0   0 9.999  147   0 0.354
 27189  594.33 2738.09 99.999  9.999 21.207   0   0 9.999  144   0 0.368
 27191  354.69 2738.80 99.999  9.999 21.127   0   0 9.999  141   0 0.351
 27192  379.78 2739.03 99.999  9.999 21.235   0   0 9.999  148   0 0.397
 27193  417.89 2739.35 99.999  9.999 21.168   0   0 9.999  145   0 0.320
 27200  168.19 2743.33 99.999  9.999 21.089   0   0 9.999  136   0 0.368
 27202  271.97 2744.06 99.999  9.999 21.115   0   0 9.999  143   0 0.311
 27203  302.50 2744.02 99.999  9.999 21.502   0   0 9.999  136   0 0.461
 27208  364.09 2745.91 99.999  9.999 21.154   0   0 9.999  148   0 0.310
 27213  443.67 2751.73 99.999  9.999 20.890   0   0 9.999  146   1 0.274
 27215  321.44 2753.66 99.999  9.999 20.931   0   0 9.999  146   0 0.326
 27216  611.35 2755.38 99.999  9.999 20.904   0   0 9.999  148   0 0.267
 27218  345.15 2758.85 99.999  9.999 21.480   0   0 9.999  142   0 0.442
 27219  469.25 2759.55 99.999  9.999 20.881   0   0 9.999  153   0 0.299
 27220  480.51 2759.90 99.999  9.999 20.845   0   0 9.999  150   0 0.283
 27221  600.52 2759.14 99.999  9.999 21.371   0   0 9.999  143   0 0.386
 27223  534.51 2761.53 99.999  9.999 21.077   0   0 9.999   90   0 0.440
 27224  587.76 2759.63 99.999  9.999 21.258   0   0 9.999  147   0 0.403
 27226  383.92 2761.70 99.999  9.999 21.177   0   0 9.999  144   0 0.325
 27227  516.76 2761.36 99.999  9.999 20.882   0   0 9.999  150   0 0.291
 27230  240.33 2764.44 99.999  9.999 21.126   0   0 9.999  145   0 0.366
 27231  283.39 2766.32 99.999  9.999 21.017   0   0 9.999  143   0 0.287
 27232  404.12 2766.01 99.999  9.999 21.273   0   0 9.999  146   0 0.368
 27233  414.84 2765.24 99.999  9.999 21.131   0   0 9.999  144   0 0.385
 27238  197.70 2769.08 99.999  9.999 21.436   0   0 9.999  139   0 0.467
 27244  295.65 2772.78 99.999  9.999 21.140   0   0 9.999  148   0 0.354
 27245  528.19 2774.82 99.999  9.999 21.183   0   0 9.999  117   1 0.456
 27248  447.33 2776.59 99.999  9.999 21.195   0   0 9.999  142   0 0.349
 27249  598.48 2777.30 99.999  9.999 20.938   0   0 9.999  150   1 0.322
 27251  190.64 2777.04 99.999  9.999 21.342   0   0 9.999  142   0 0.408
 27252  474.87 2777.50 99.999  9.999 21.063   0   0 9.999  149   0 0.355
 27256  176.39 2782.61 99.999  9.999 21.363   0   0 9.999  136   0 0.412
 27257  284.91 2782.00 99.999  9.999 21.325   0   0 9.999  142   0 0.365
 27258  426.77 2781.92 99.999  9.999 21.326   0   0 9.999  143   0 0.395
 27259  561.60 2781.58 99.999  9.999 20.765   0   0 9.999  152   0 0.352
 27260  600.44 2782.51 99.999  9.999 21.289   0   0 9.999  140   0 0.403
 27262  523.02 2783.83 99.999  9.999 20.828   0   0 9.999  151   0 0.378
 27263  545.51 2782.42 99.999  9.999 20.723   0   0 9.999   86   0 0.621
 27265  230.92 2785.19 99.999  9.999 20.928   0   0 9.999  145   0 0.346
 27271  350.55 2787.85 99.999  9.999 20.867   0   0 9.999  146   0 0.289
 27272  221.27 2788.56 99.999  9.999 20.997   0   0 9.999  144   0 0.270
 27273  328.80 2788.27 99.999  9.999 21.121   0   0 9.999  143   0 0.365
 27276  411.72 2791.15 99.999  9.999 20.963   0   0 9.999  147   0 0.285
 27277  438.81 2790.13 99.999  9.999 21.008   0   0 9.999  148   0 0.321
 27281  488.23 2791.41 99.999  9.999 21.282   0   0 9.999  144   0 0.380
 27287  190.10 2794.12 99.999  9.999 21.269   0   0 9.999  135   0 0.372
 27289  384.07 2798.47 99.999  9.999 21.293   0   0 9.999  139   0 0.361
 27290  475.81 2797.69 99.999  9.999 21.024   0   0 9.999  146   0 0.339
 27291  344.88 2799.46 99.999  9.999 21.007   0   0 9.999  148   0 0.320
 27292  465.25 2798.80 99.999  9.999 20.892   0   0 9.999  150   0 0.256
 27295  590.77 2799.48 99.999  9.999 21.014   0   0 9.999  150   0 0.319
 27300  301.19 2800.45 99.999  9.999 21.003   0   0 9.999  150   0 0.336
 27302  310.03 2801.72 99.999  9.999 21.205   0   0 9.999  145   0 0.381
 27305  285.15 2803.01 99.999  9.999 21.103   0   0 9.999  149   0 0.321
 27306  188.64 2805.90 99.999  9.999 20.891   0   0 9.999  145   0 0.253
 27307  483.46 2805.57 99.999  9.999 21.011   0   0 9.999  146   0 0.298
 27309  291.03 2806.50 99.999  9.999 21.022   0   0 9.999  144   0 0.273
 27310  500.43 2804.83 99.999  9.999 21.213   0   0 9.999  147   0 0.354
 27311  426.30 2806.06 99.999  9.999 21.337   0   0 9.999  146   0 0.392
 27314  583.36 2808.34 99.999  9.999 21.137   0   0 9.999  148   0 0.381
 27315  334.17 2809.53 99.999  9.999 21.153   0   0 9.999  144   0 0.352
 27316  602.68 2809.21 99.999  9.999 21.208   0   0 9.999  146   0 0.381
 27319  375.19 2811.74 99.999  9.999 21.031   0   0 9.999  147   0 0.315
 27320  168.64 2811.62 99.999  9.999 21.240   0   0 9.999  131   0 0.325
 27321  397.07 2812.95 99.999  9.999 20.886   0   0 9.999  151   0 0.252
 27323  603.92 2814.65 99.999  9.999 21.136   0   0 9.999  144   0 0.347
 27326  231.67 2817.22 99.999  9.999 20.997   0   0 9.999  146   0 0.284
 27327  256.94 2817.21 99.999  9.999 20.665   0   0 9.999  152   0 0.232
 27329  279.32 2819.37 99.999  9.999 20.611   0   0 9.999  150   1 0.212
 27330  441.55 2817.38 99.999  9.999 21.186   0   0 9.999  142   0 0.348
 27331  496.21 2817.39 99.999  9.999 21.249   0   0 9.999  148   0 0.392
 27332  513.91 2819.00 99.999  9.999 21.271   0   0 9.999  148   0 0.420
 27336  393.63 2822.63 99.999  9.999 20.942   0   0 9.999  148   0 0.314
 27342  310.90 2825.34 99.999  9.999 21.089   0   0 9.999  148   0 0.288
 27345  370.32 2827.63 99.999  9.999 21.251   0   0 9.999  145   0 0.387
 27346  413.70 2827.66 99.999  9.999 21.231   0   0 9.999  145   0 0.350
 27347  558.73 2827.27 99.999  9.999 21.531   0   0 9.999  137   0 0.429
 27349  280.99 2830.38 99.999  9.999 21.094   0   0 9.999  144   0 0.302
 27352  505.18 2831.29 99.999  9.999 21.123   0   0 9.999  144   0 0.377
 27353  334.75 2833.13 99.999  9.999 20.815   0   0 9.999  150   0 0.272
 27355  397.72 2834.97 99.999  9.999 21.151   0   0 9.999  142   0 0.329
 27356  619.19 2835.82 99.999  9.999 21.384   0   0 9.999  143   0 0.439
 27359  276.54 2836.46 99.999  9.999 21.130   0   0 9.999  148   0 0.311
 27360  346.88 2837.03 99.999  9.999 20.987   0   0 9.999  149   0 0.309
 27362  371.23 2838.95 99.999  9.999 21.295   0   0 9.999  147   0 0.363
 27363  454.36 2839.18 99.999  9.999 21.371   0   0 9.999  143   0 0.403
 27370  385.91 2844.46 99.999  9.999 21.140   0   0 9.999  146   0 0.357
 27371  226.59 2845.49 99.999  9.999 20.688   0   0 9.999  148   0 0.264
 27372  290.90 2845.16 99.999  9.999 20.937   0   0 9.999  149   0 0.296
 27373  412.27 2844.75 99.999  9.999 21.048   0   0 9.999  150   0 0.322
 27375  330.65 2845.84 99.999  9.999 21.259   0   0 9.999  141   0 0.347
 27379  193.11 2849.34 99.999  9.999 21.117   0   0 9.999  143   0 0.308
 27383  274.67 2852.26 99.999  9.999 21.195   0   0 9.999  149   0 0.377
 27387  520.07 2856.63 99.999  9.999 21.423   0   0 9.999  141   0 0.447
 27390  506.30 2860.40 99.999  9.999 21.100   0   0 9.999  145   0 0.324
 27393  166.40 2861.76 99.999  9.999 21.072   0   0 9.999  137   0 0.325
 27394  338.78 2861.84 99.999  9.999 20.880   0   0 9.999  150   0 0.267
 27395  476.02 2861.76 99.999  9.999 21.320   0   0 9.999  142   0 0.358
 27398  441.56 2863.75 99.999  9.999 20.793   0   0 9.999  149   0 0.280
 27410  409.61 2875.73 99.999  9.999 20.870   0   0 9.999  147   0 0.249
 27413  186.79 2876.68 99.999  9.999 20.781   0   0 9.999  145   0 0.274
 27416  178.94 2878.42 99.999  9.999 21.171   0   0 9.999  141   0 0.373
 27418  276.94 2879.95 99.999  9.999 21.294   0   0 9.999  146   0 0.377
 27419  572.43 2879.30 99.999  9.999 21.154   0   0 9.999  150   0 0.370
 27420  268.39 2880.26 99.999  9.999 21.206   0   0 9.999  145   0 0.360
 27425  248.60 2884.85 99.999  9.999 21.186   0   0 9.999  140   0 0.370
 27426  422.74 2884.27 99.999  9.999 21.328   0   0 9.999  145   0 0.346
 27427  566.16 2884.74 99.999  9.999 20.949   0   0 9.999  148   0 0.281
