2455260.86715 16.928 0.010 4.35 615.0
2455261.80200 16.943 0.011 5.15 609.0
2455262.84044 16.961 0.024 6.42 2427.0
2455264.82510 16.954 0.011 5.09 506.0
2455264.87819 16.944 0.011 5.39 529.0
2455264.89554 16.941 0.011 4.83 573.0
2455265.80111 16.957 0.010 4.46 494.0
2455266.78918 16.943 0.011 5.72 483.0
2455267.83099 16.933 0.010 5.20 400.0
2455268.80224 16.942 0.010 5.66 408.0
2455269.79712 16.945 0.010 5.13 406.0
2455270.84149 16.942 0.010 5.09 393.0
2455271.79655 16.947 0.010 4.75 428.0
2455272.80340 16.947 0.011 5.64 390.0
2455273.85801 16.948 0.010 5.09 379.0
2455274.80674 16.931 0.011 5.89 405.0
2455275.79249 16.939 0.011 5.24 538.0
2455276.82739 16.947 0.009 4.54 379.0
2455277.79353 16.954 0.011 5.77 427.0
2455278.80358 16.936 0.010 5.37 411.0
2455280.85638 16.946 0.009 3.83 408.0
2455281.79132 16.935 0.010 4.76 431.0
2455282.77183 16.948 0.011 5.45 610.0
2455282.91667 16.944 0.012 4.08 873.0
2455283.77297 16.933 0.012 5.49 621.0
2455284.77498 16.946 0.011 4.26 726.0
2455285.77068 16.953 0.012 4.78 841.0
2455285.90009 16.929 0.011 4.95 640.0
2455286.76186 16.933 0.012 5.12 800.0
2455287.83149 16.948 0.010 3.77 639.0
2455288.76484 16.949 0.012 4.74 757.0
2455292.83500 16.917 0.015 4.17 2165.0
2455293.84293 16.945 0.010 4.61 412.0
2455294.76337 16.930 0.009 4.87 365.0
2455295.76486 16.938 0.009 4.98 336.0
2455296.80845 16.950 0.009 4.46 344.0
2455297.83963 16.945 0.009 4.43 336.0
2455298.87880 16.941 0.009 4.10 357.0
2455299.86276 16.948 0.008 4.96 340.0
2455301.79151 16.947 0.009 4.82 377.0
2455304.75277 16.946 0.011 5.65 526.0
2455306.72452 16.940 0.009 3.95 399.0
2455307.75257 16.946 0.010 5.09 427.0
2455308.74267 16.934 0.010 5.06 411.0
2455309.81390 16.941 0.009 4.16 361.0
2455310.79144 16.928 0.009 4.54 384.0
2455311.89757 16.955 0.010 5.01 442.0
2455312.88846 16.940 0.010 5.41 443.0
2455313.91468 16.953 0.012 5.06 662.0
2455314.86284 16.962 0.012 5.04 813.0
2455315.78834 16.923 0.011 4.41 815.0
2455316.74436 16.948 0.014 5.93 858.0
2455319.88836 16.929 0.020 4.20 4410.0
2455320.78225 16.930 0.011 5.03 605.0
2455321.72915 16.943 0.009 4.23 510.0
2455321.92324 16.947 0.011 5.49 608.0
2455322.89787 16.937 0.011 4.40 1435.0
2455323.84069 16.960 0.010 4.67 552.0
2455324.77127 16.962 0.010 4.86 425.0
2455325.68896 16.960 0.010 4.50 409.0
2455325.88922 16.948 0.010 4.70 460.0
2455326.81397 16.928 0.009 4.15 396.0
2455327.76112 16.941 0.009 4.69 357.0
2455328.62459 16.954 0.010 4.11 531.0
2455328.88438 16.922 0.010 4.19 459.0
2455334.81019 16.950 0.010 4.97 387.0
2455335.77608 16.918 0.011 6.03 404.0
2455336.84752 16.952 0.010 4.95 444.0
2455337.87531 16.940 0.012 5.95 541.0
2455338.90356 16.942 0.015 7.24 598.0
2455339.90938 16.958 0.018 7.52 747.0
2455340.85089 16.931 0.012 6.08 604.0
2455341.74568 16.920 0.010 4.45 554.0
2455342.80606 16.957 0.012 5.25 715.0
2455343.63038 16.929 0.014 5.66 1036.0
2455343.82328 16.961 0.012 4.93 872.0
2455348.77064 16.961 0.011 5.04 474.0
2455349.60718 16.929 0.015 7.49 666.0
2455350.65940 16.913 0.013 6.79 451.0
2455351.74987 16.969 0.011 5.00 492.0
2455352.76551 16.955 0.010 4.34 430.0
2455353.73318 16.950 0.009 4.32 398.0
2455354.67847 16.968 0.010 4.92 387.0
2455355.61945 16.952 0.012 6.27 488.0
2455357.61719 16.942 0.012 6.39 475.0
2455358.76528 16.959 0.011 5.55 419.0
2455359.63867 16.928 0.011 5.54 446.0
2455359.87436 16.956 0.013 6.36 580.0
2455362.80509 16.939 0.012 6.69 491.0
2455364.76988 16.950 0.011 5.95 392.0
2455364.88739 16.954 0.013 6.80 425.0
2455365.84589 16.949 0.012 5.68 483.0
2455369.80254 16.974 0.014 5.52 979.0
2455376.77746 16.923 0.011 5.02 627.0
2455377.70479 16.923 0.010 5.37 438.0
2455378.54119 16.951 0.010 4.66 441.0
2455378.82930 16.943 0.010 5.08 514.0
2455379.74585 16.958 0.009 3.91 404.0
2455380.56010 16.950 0.009 5.05 311.0
2455380.82785 16.961 0.013 6.44 489.0
2455381.70297 16.953 0.011 6.16 396.0
2455382.56654 16.941 0.015 8.24 422.0
2455382.77333 16.937 0.016 8.94 441.0
2455385.56927 16.929 0.008 3.48 364.0
2455386.50175 16.936 0.009 4.15 655.0
2455386.58386 16.937 0.009 4.07 513.0
2455386.66813 16.954 0.009 4.72 431.0
2455386.79862 16.945 0.009 4.46 348.0
2455387.78239 16.940 0.009 4.31 325.0
2455388.71571 16.938 0.009 4.79 251.0
2455389.58574 16.953 0.009 4.84 297.0
2455390.56787 16.949 0.011 6.69 337.0
2455390.82477 16.958 0.011 6.51 300.0
2455391.81073 16.918 0.010 5.01 445.0
2455392.70623 16.957 0.010 5.80 309.0
2455393.71913 16.938 0.012 7.14 330.0
2455396.61586 16.916 0.010 5.71 391.0
2455397.67859 16.961 0.013 7.16 396.0
2455403.65106 16.951 0.011 4.48 769.0
2455404.52218 16.945 0.010 4.72 543.0
2455404.71944 16.958 0.012 5.10 599.0
2455405.73506 16.943 0.011 4.37 498.0
2455407.58873 16.942 0.011 5.96 341.0
2455408.50459 16.938 0.011 5.89 388.0
2455408.71171 16.925 0.011 5.82 418.0
2455409.66836 16.930 0.008 4.82 322.0
2455410.67178 16.956 0.010 5.80 332.0
2455411.70732 16.940 0.008 4.58 316.0
2455412.64542 16.934 0.011 5.67 398.0
2455413.70023 16.939 0.009 5.65 278.0
2455414.74719 16.917 0.008 5.06 380.0
2455418.61423 16.952 0.009 5.24 281.0
2455421.64272 16.947 0.009 5.95 293.0
2455422.71880 16.942 0.009 5.09 319.0
2455425.55186 16.957 0.009 4.58 361.0
2455430.55173 16.927 0.011 4.80 619.0
2455431.54698 16.929 0.010 4.49 522.0
2455434.51134 16.942 0.012 6.28 462.0
2455435.48296 16.928 0.011 5.63 433.0
2455436.48090 16.974 0.012 6.37 427.0
2455438.51618 16.959 0.011 5.46 402.0
2455439.58436 16.932 0.011 6.06 375.0
2455443.59862 16.947 0.011 6.21 386.0
2455444.62391 16.963 0.012 6.16 396.0
2455446.50561 16.960 0.010 4.89 377.0
2455447.52211 16.934 0.010 5.58 368.0
2455448.62047 16.929 0.009 4.36 378.0
2455450.53453 16.958 0.012 6.80 380.0
2455451.66433 16.915 0.009 5.54 385.0
2455457.55991 16.947 0.009 3.99 494.0
2455458.59005 16.958 0.011 5.46 589.0
2455459.62119 16.950 0.010 4.97 635.0
2455461.50331 16.950 0.012 5.38 663.0
2455462.51816 16.940 0.011 4.91 519.0
2455465.52427 16.927 0.012 7.00 409.0
2455467.50410 16.948 0.010 5.10 439.0
2455468.57762 16.941 0.012 6.59 434.0
2455470.52849 16.941 0.010 4.77 419.0
2455471.53583 16.951 0.010 5.69 367.0
2455471.60059 16.935 0.010 4.76 405.0
2455472.56727 16.922 0.010 4.96 448.0
2455473.51741 16.933 0.011 5.69 426.0
2455476.50696 16.955 0.010 4.94 426.0
2455478.49507 16.937 0.011 4.98 434.0
2455479.52266 16.928 0.010 5.89 453.0
2455480.51892 16.908 0.011 5.63 455.0
2455481.48774 16.974 0.018 6.21 1254.0
2455485.53459 16.931 0.012 5.17 633.0
2455486.52093 16.926 0.012 4.65 634.0
2455487.50391 16.935 0.010 3.98 557.0
2455488.48785 16.915 0.016 5.05 1498.0
2455488.55413 16.901 0.013 5.93 742.0
2455489.54476 16.930 0.013 5.51 705.0
2455490.54080 16.933 0.015 6.22 751.0
2455492.53758 16.942 0.016 6.51 922.0
2455495.49118 16.944 0.015 4.51 1539.0
2455497.49388 16.965 0.019 6.10 1693.0
2455499.49830 16.950 0.018 7.09 1099.0
2455502.51049 16.922 0.011 5.09 612.0
2455598.87579 16.933 0.011 5.84 491.0
2455599.88395 16.950 0.011 5.06 750.0
2455600.87453 16.939 0.009 4.54 478.0
2455616.89161 16.932 0.012 6.19 570.0
2455622.89088 16.932 0.008 4.28 320.0
2455625.82454 16.948 0.010 5.59 387.0
2455627.81749 16.968 0.010 5.91 367.0
2455628.90066 16.936 0.009 5.11 363.0
2455629.82804 16.951 0.011 6.38 343.0
2455631.85673 16.954 0.010 5.87 383.0
2455632.90734 16.951 0.011 5.24 632.0
2455633.81182 16.970 0.009 4.75 398.0
2455634.80557 16.926 0.010 6.24 363.0
2455637.84084 16.946 0.013 7.68 505.0
2455639.80502 16.935 0.011 5.95 589.0
2455639.88053 16.943 0.010 5.10 475.0
2455640.77773 16.912 0.014 6.70 715.0
2455640.85414 16.942 0.011 6.24 554.0
2455641.76908 16.956 0.011 5.74 652.0
2455641.89388 16.941 0.010 6.18 489.0
2455642.83341 16.946 0.011 5.65 596.0
2455643.76020 16.913 0.011 5.34 719.0
2455643.85824 16.935 0.009 4.31 586.0
2455644.87908 16.940 0.010 5.24 583.0
2455648.74991 16.947 0.013 7.49 388.0
2455648.85646 16.958 0.009 5.28 358.0
2455649.75573 16.969 0.010 6.31 309.0
2455649.86237 16.942 0.008 4.95 306.0
2455650.74780 16.928 0.009 5.75 332.0
2455650.84923 16.942 0.008 5.24 321.0
2455651.76846 16.939 0.009 6.06 334.0
2455651.88186 16.935 0.010 5.87 345.0
2455652.81005 16.940 0.008 3.82 294.0
2455653.77850 16.940 0.008 4.31 335.0
2455654.78147 16.929 0.009 5.53 346.0
2455654.87162 16.946 0.009 5.01 309.0
2455655.78280 16.941 0.010 5.48 378.0
2455655.86561 16.934 0.008 4.84 317.0
2455656.81685 16.945 0.008 4.52 378.0
2455657.77922 16.930 0.008 4.12 347.0
2455657.86335 16.966 0.009 5.22 337.0
2455658.77442 16.934 0.010 6.65 458.0
2455658.87122 16.932 0.009 5.42 304.0
2455659.72803 16.941 0.009 5.59 371.0
2455659.80489 16.940 0.009 5.11 336.0
2455659.89389 16.968 0.009 4.80 313.0
2455660.77749 16.940 0.009 5.67 312.0
2455660.87651 16.925 0.010 6.29 313.0
2455662.76959 16.958 0.011 6.52 368.0
2455662.86960 16.956 0.009 4.71 402.0
2455663.77220 16.928 0.008 5.53 372.0
2455664.81546 16.931 0.009 5.17 365.0
2455664.91953 16.961 0.010 5.36 412.0
2455665.80211 16.923 0.008 5.06 304.0
2455665.91395 16.949 0.008 4.47 350.0
2455667.88010 16.949 0.009 4.73 363.0
2455668.88848 16.926 0.010 3.86 1142.0
2455669.87834 16.935 0.010 4.42 600.0
2455670.85615 16.929 0.010 4.46 665.0
2455675.73566 16.936 0.010 4.61 544.0
2455675.92599 16.945 0.011 5.07 603.0
2455676.82905 16.948 0.008 4.48 354.0
2455677.77836 16.957 0.009 5.12 377.0
2455679.69916 16.957 0.011 6.16 388.0
2455679.88491 16.947 0.009 4.57 377.0
2455680.77322 16.933 0.009 5.36 349.0
2455681.67655 16.974 0.010 5.70 422.0
2455681.85999 16.945 0.012 6.61 417.0
2455682.75199 16.964 0.009 4.91 379.0
2455683.69899 16.935 0.009 5.17 404.0
2455683.92080 16.944 0.009 4.34 427.0
2455684.83447 16.935 0.009 5.25 371.0
2455685.80774 16.943 0.008 3.81 330.0
2455686.71848 16.937 0.009 5.23 385.0
2455686.90419 16.977 0.011 5.59 406.0
2455687.79641 16.948 0.009 5.75 355.0
2455689.70224 16.913 0.007 4.78 365.0
2455690.70623 16.949 0.008 4.96 313.0
2455691.62538 16.940 0.013 7.45 675.0
2455691.84135 16.945 0.009 5.10 402.0
2455692.74405 16.944 0.009 5.28 393.0
2455692.89877 16.936 0.009 4.88 561.0
2455693.76785 16.955 0.008 3.94 393.0
2455693.92414 16.947 0.010 5.21 601.0
2455694.76842 16.939 0.009 4.67 472.0
2455694.92746 16.928 0.010 6.00 502.0
2455695.81537 16.934 0.009 4.11 502.0
2455696.62010 16.960 0.014 7.45 747.0
2455696.79960 16.954 0.009 4.53 485.0
2455697.62940 16.954 0.012 5.62 751.0
2455697.80700 16.958 0.010 4.42 628.0
2455698.63461 16.930 0.013 5.03 1181.0
2455698.80413 16.959 0.011 4.46 922.0
2455703.73295 16.930 0.012 7.09 538.0
2455705.76916 16.965 0.010 5.96 400.0
2455706.66051 16.946 0.013 7.91 348.0
2455707.60458 16.951 0.011 6.04 426.0
2455707.77798 16.938 0.010 5.19 439.0
2455708.57738 16.954 0.013 7.51 553.0
2455708.77151 16.928 0.009 5.51 352.0
2455709.61385 16.954 0.010 6.90 358.0
2455709.62651 16.939 0.010 6.18 346.0
2455712.67182 16.941 0.009 5.35 403.0
2455712.68442 16.935 0.009 5.12 391.0
2455712.84553 16.946 0.010 5.58 411.0
2455713.86145 16.966 0.010 6.06 402.0
2455715.62142 16.952 0.009 5.00 349.0
2455715.80642 16.939 0.008 4.87 335.0
2455716.69208 16.940 0.009 5.66 314.0
2455716.86902 16.938 0.010 6.20 370.0
2455721.78100 16.949 0.009 5.21 385.0
2455722.59222 16.933 0.009 4.17 475.0
2455722.80648 16.953 0.009 4.38 463.0
2455723.68532 16.946 0.010 5.71 388.0
2455723.84308 16.932 0.009 4.87 386.0
2455724.72502 16.928 0.010 5.22 437.0
2455725.63328 16.933 0.009 4.89 520.0
2455726.54970 16.913 0.014 6.01 922.0
2455726.72852 16.959 0.016 4.11 2336.0
2455734.70665 16.948 0.012 7.33 465.0
2455734.89047 16.920 0.013 7.38 578.0
2455735.83892 16.958 0.010 5.81 461.0
2455736.57962 16.954 0.010 5.22 435.0
2455736.78865 16.939 0.008 4.46 357.0
2455737.57750 16.946 0.008 4.34 369.0
2455737.76646 16.933 0.008 4.98 310.0
2455738.60577 16.965 0.010 5.66 329.0
2455739.69032 16.940 0.009 5.41 286.0
2455739.86424 16.930 0.011 6.41 436.0
2455740.66640 16.935 0.010 6.02 336.0
2455740.84980 16.926 0.011 6.49 457.0
2455741.61983 16.946 0.009 4.84 306.0
2455741.79908 16.934 0.009 4.77 341.0
2455742.55190 16.931 0.010 5.04 544.0
2455742.73235 16.956 0.008 4.25 313.0
2455743.60438 16.987 0.012 6.49 417.0
2455743.78155 16.941 0.010 5.62 388.0
2455744.53928 16.963 0.012 6.72 460.0
2455744.75166 16.942 0.009 5.78 311.0
2455745.52879 16.946 0.011 6.88 394.0
2455745.71484 16.949 0.009 5.36 353.0
2455746.54554 16.984 0.011 7.33 566.0
2455746.74291 16.919 0.010 6.23 323.0
2455747.63219 16.940 0.011 7.29 338.0
2455748.60784 16.940 0.010 5.50 452.0
2455749.57898 16.954 0.010 6.51 352.0
2455749.74593 16.949 0.010 6.70 334.0
2455752.63900 16.950 0.011 5.92 549.0
2455753.78874 16.940 0.013 6.77 811.0
2455759.84013 16.958 0.015 6.40 871.0
2455760.51863 16.960 0.012 6.67 470.0
2455760.72619 16.970 0.011 5.96 511.0
2455761.53716 16.941 0.006 4.40 331.0
2455762.57839 16.951 0.010 5.53 389.0
2455762.73475 16.957 0.011 6.03 433.0
2455763.80025 16.934 0.013 7.18 553.0
2455764.62875 16.926 0.008 4.45 321.0
2455765.49821 16.967 0.010 4.93 482.0
2455765.69350 16.945 0.010 5.68 411.0
2455766.56447 16.937 0.009 5.52 321.0
2455766.73990 16.948 0.010 6.38 307.0
2455767.63520 16.971 0.011 6.59 390.0
2455768.48959 16.938 0.009 5.46 394.0
2455768.68143 16.950 0.008 5.17 326.0
2455769.51324 16.947 0.009 4.94 390.0
2455769.72707 16.969 0.010 5.48 356.0
2455775.59649 16.965 0.011 6.60 307.0
2455776.65015 16.951 0.011 6.62 309.0
2455777.57821 16.954 0.010 5.87 360.0
2455778.50637 16.965 0.013 6.80 467.0
2455779.64514 16.930 0.009 5.18 356.0
2455783.56734 16.926 0.015 4.39 2140.0
2455784.59134 16.961 0.010 4.52 629.0
2455785.67072 16.939 0.011 5.25 664.0
2455786.61639 16.924 0.011 5.15 571.0
2455787.65076 16.944 0.010 4.70 572.0
2455788.57183 16.956 0.011 6.22 469.0
2455788.73470 16.933 0.014 7.17 651.0
2455790.63010 16.939 0.011 6.76 410.0
2455791.52757 16.962 0.010 5.61 390.0
2455793.48271 16.957 0.012 6.72 398.0
2455793.54821 16.956 0.009 5.03 343.0
2455793.60289 16.922 0.009 5.91 342.0
2455793.63882 16.944 0.010 6.02 351.0
2455793.69601 16.942 0.011 6.34 406.0
2455793.73036 16.943 0.012 6.88 438.0
2455794.48567 16.932 0.011 6.92 370.0
2455794.53988 16.972 0.010 5.99 321.0
2455794.63591 16.964 0.010 5.69 352.0
2455795.53036 16.956 0.012 7.29 349.0
2455796.50366 16.945 0.010 5.77 390.0
2455796.69562 16.957 0.012 7.06 425.0
2455801.61212 16.949 0.010 6.41 332.0
2455802.64489 16.918 0.012 7.26 355.0
2455804.59789 16.943 0.009 4.94 335.0
2455805.55963 16.947 0.008 4.27 321.0
2455806.55677 16.961 0.013 6.98 445.0
2455812.50025 16.971 0.014 6.58 651.0
2455812.65944 16.927 0.017 6.59 973.0
2455813.64111 16.941 0.010 5.29 637.0
2455815.61881 16.927 0.009 4.31 616.0
2455816.59033 16.941 0.011 5.57 587.0
2455817.59219 16.944 0.010 5.06 537.0
2455818.57243 16.943 0.011 5.25 516.0
2455819.58073 16.947 0.010 5.42 518.0
2455820.55879 16.959 0.010 5.28 446.0
2455822.52844 16.975 0.012 7.04 337.0
2455822.61690 16.946 0.010 5.03 371.0
2455823.54832 16.923 0.013 7.06 411.0
2455823.63235 16.966 0.013 7.09 454.0
2455824.56991 16.935 0.010 5.72 360.0
2455825.49071 16.971 0.013 6.59 474.0
2455825.58656 16.943 0.010 5.04 460.0
2455826.50974 16.968 0.012 6.70 405.0
2455826.59793 16.963 0.012 6.08 475.0
2455827.53580 16.933 0.013 6.46 516.0
2455827.61621 16.968 0.012 6.10 466.0
2455828.54917 16.934 0.009 4.59 363.0
2455828.62156 16.947 0.010 5.29 465.0
2455829.55996 16.951 0.010 5.28 439.0
2455830.48589 16.954 0.009 4.81 435.0
2455830.57288 16.963 0.010 5.66 393.0
2455831.54506 16.939 0.009 5.38 400.0
2455831.61817 16.939 0.011 7.50 467.0
2455832.56806 16.942 0.010 5.50 447.0
2455833.52635 16.941 0.009 4.83 384.0
2455833.60384 16.952 0.011 6.63 424.0
2455834.56331 16.928 0.009 5.08 398.0
2455835.54673 16.940 0.013 6.66 463.0
2455836.54238 16.977 0.013 5.12 844.0
2455839.48892 16.966 0.013 6.47 659.0
2455839.56779 16.930 0.012 5.87 658.0
2455840.51879 16.945 0.011 5.57 553.0
2455840.61312 16.952 0.012 5.06 680.0
2455841.54169 16.987 0.013 6.15 643.0
2455842.49785 16.910 0.017 8.26 595.0
2455842.59032 16.934 0.013 6.17 687.0
2455843.54459 16.950 0.012 6.25 542.0
2455844.48826 16.916 0.015 6.73 764.0
2455844.56918 16.945 0.013 6.20 666.0
2455845.53016 16.972 0.016 7.63 640.0
2455846.49074 16.960 0.017 6.85 870.0
2455846.57114 16.944 0.019 7.80 894.0
2455847.54658 16.978 0.017 7.68 739.0
2455850.51773 16.934 0.011 6.04 499.0
2455850.57755 16.950 0.010 5.29 489.0
2455851.55744 16.934 0.011 6.14 442.0
2455852.50865 16.996 0.014 6.50 639.0
2455854.49802 16.947 0.014 6.48 657.0
2455854.56164 16.895 0.015 7.65 701.0
2455855.55657 16.956 0.012 5.37 602.0
2455857.50059 16.936 0.015 8.01 597.0
2455859.50934 16.940 0.012 5.75 571.0
2455860.52483 16.918 0.012 6.36 542.0
2455861.53737 16.943 0.012 6.86 581.0
2455866.51375 16.913 0.016 6.39 992.0
2455867.51726 16.934 0.011 4.74 709.0
2455868.51826 16.940 0.014 6.37 714.0
2455869.50919 16.944 0.014 5.57 782.0
2455870.51485 16.962 0.011 5.46 788.0
2455970.87732 16.934 0.010 6.12 542.0
2455976.85662 16.964 0.010 6.36 370.0
2455977.84866 16.919 0.011 5.81 497.0
2455978.86684 16.946 0.010 6.21 377.0
2455979.87129 16.923 0.009 6.00 410.0
2455982.81857 16.951 0.009 6.11 402.0
2455983.82067 16.959 0.011 6.97 456.0
2455984.82003 16.964 0.010 6.30 407.0
2455984.90128 16.940 0.011 4.86 962.0
2455985.87600 16.922 0.008 4.70 363.0
2455986.85723 16.936 0.009 5.37 379.0
2455987.83359 16.933 0.010 5.61 447.0
2455988.82091 16.956 0.010 6.00 428.0
2455989.80639 16.942 0.011 7.62 360.0
2455989.88436 16.931 0.010 6.46 317.0
2455990.85047 16.952 0.010 6.26 359.0
2455991.82511 16.948 0.009 5.45 401.0
2455992.79735 16.933 0.012 6.42 593.0
2455992.88417 16.946 0.008 4.74 349.0
2455993.86342 16.909 0.012 6.39 467.0
2455994.83232 16.952 0.010 4.63 664.0
2455995.78905 16.945 0.010 4.46 714.0
2455995.84658 16.955 0.010 5.10 560.0
2455996.80017 16.945 0.010 5.32 550.0
2455996.88449 16.949 0.008 4.15 437.0
2455997.83160 16.925 0.010 5.55 492.0
2455998.78230 16.934 0.011 6.03 559.0
2455998.87256 16.948 0.009 4.52 445.0
2455999.80480 16.935 0.010 5.14 540.0
2455999.89170 16.933 0.008 4.26 459.0
2456003.88852 16.933 0.010 5.52 452.0
2456004.82144 16.946 0.009 5.08 418.0
2456004.90763 16.942 0.009 4.31 477.0
2456005.83146 16.938 0.010 5.80 352.0
2456006.76388 16.959 0.009 5.43 362.0
2456006.86655 16.940 0.008 4.67 324.0
2456007.76990 16.949 0.009 5.64 332.0
2456007.86534 16.942 0.008 4.44 288.0
2456008.76350 16.957 0.009 5.47 418.0
2456008.86082 16.930 0.009 5.17 350.0
2456009.76113 16.984 0.010 5.75 417.0
2456009.86108 16.966 0.008 4.62 389.0
2456010.75413 16.943 0.010 5.61 529.0
2456010.85479 16.933 0.008 4.38 347.0
2456011.73879 16.923 0.011 6.50 460.0
2456011.85101 16.908 0.010 4.68 678.0
2456012.75240 16.960 0.010 6.33 326.0
2456012.84957 16.934 0.008 5.15 281.0
2456013.75590 16.930 0.009 6.51 330.0
2456013.83476 16.935 0.008 5.36 293.0
2456014.73199 16.935 0.010 6.20 381.0
2456014.80890 16.945 0.008 4.60 313.0
2456014.90831 16.939 0.009 5.50 328.0
2456015.78712 16.940 0.007 4.44 303.0
2456015.87543 16.937 0.007 4.34 291.0
2456016.76874 16.934 0.008 4.60 349.0
2456016.87184 16.931 0.008 4.50 324.0
2456017.75677 16.957 0.008 4.53 344.0
2456017.83416 16.926 0.007 3.62 292.0
2456018.82255 16.922 0.008 4.78 305.0
2456019.72321 16.913 0.010 6.30 439.0
2456019.81962 16.943 0.009 4.95 308.0
2456019.89669 16.943 0.007 4.16 296.0
2456020.75549 16.927 0.009 5.21 381.0
2456020.84977 16.954 0.007 3.93 291.0
2456021.71134 16.911 0.012 6.93 542.0
2456021.78831 16.935 0.009 5.36 409.0
2456021.88540 16.935 0.008 4.31 338.0
2456022.73687 16.966 0.010 5.14 537.0
2456022.81340 16.960 0.008 4.09 435.0
2456022.91313 16.931 0.008 4.72 348.0
2456023.77077 16.924 0.009 4.42 557.0
2456023.85151 16.946 0.009 4.40 500.0
2456024.72743 16.949 0.012 5.94 687.0
2456024.82896 16.948 0.009 4.21 541.0
2456024.91992 16.944 0.010 4.49 733.0
2456025.70305 16.949 0.014 6.67 767.0
2456025.78111 16.958 0.012 6.21 580.0
2456025.88530 16.942 0.011 5.52 540.0
2456029.90937 16.923 0.010 5.21 491.0
2456031.76911 16.936 0.009 5.95 390.0
2456032.69793 16.895 0.011 6.52 483.0
2456032.87773 16.954 0.008 4.18 345.0
2456033.81580 16.931 0.009 5.51 362.0
2456034.75565 16.950 0.008 4.75 344.0
2456035.89898 16.926 0.009 5.77 378.0
2456036.88070 16.926 0.007 3.72 393.0
2456037.85262 16.950 0.008 4.09 405.0
2456038.80217 16.943 0.008 4.81 339.0
2456039.79299 16.932 0.009 5.73 362.0
2456040.77948 16.948 0.009 5.50 352.0
2456041.72625 16.951 0.011 7.33 384.0
2456041.91623 16.931 0.008 4.29 417.0
2456047.69583 16.954 0.009 5.68 381.0
2456047.88695 16.985 0.009 4.49 442.0
2456048.81489 16.922 0.008 5.64 308.0
2456049.73527 16.943 0.008 4.57 396.0
2456049.91590 16.945 0.008 4.68 393.0
2456050.82062 16.948 0.009 4.52 461.0
2456051.74342 16.940 0.009 4.83 481.0
2456052.80434 16.930 0.009 4.51 544.0
2456053.66077 16.947 0.012 5.27 1093.0
2456053.84955 16.929 0.010 4.19 762.0
2456058.69290 16.943 0.010 6.28 411.0
2456058.86362 16.948 0.009 5.18 445.0
2456059.74930 16.965 0.010 5.73 373.0
2456059.92608 16.928 0.009 4.76 427.0
2456061.82761 16.933 0.009 4.98 407.0
2456062.69689 16.941 0.009 5.79 459.0
2456062.87571 16.928 0.009 4.83 521.0
2456063.84484 16.940 0.009 5.56 349.0
2456064.77748 16.927 0.007 3.46 383.0
2456065.62173 16.926 0.009 5.14 480.0
2456065.80240 16.955 0.009 4.55 428.0
2456066.71519 16.942 0.009 4.75 405.0
2456066.90041 16.929 0.008 4.04 436.0
2456067.70220 16.935 0.008 4.01 347.0
2456067.88017 16.954 0.008 3.85 447.0
2456068.71407 16.937 0.008 4.65 332.0
2456068.93338 16.925 0.008 4.90 508.0
2456069.67904 16.932 0.008 4.81 347.0
2456069.86998 16.937 0.008 3.59 336.0
2456070.66658 16.940 0.009 5.41 383.0
2456070.84316 16.933 0.009 5.06 350.0
2456071.82234 16.950 0.008 4.95 344.0
2456075.62373 16.944 0.008 4.24 331.0
2456075.80610 16.946 0.008 3.96 303.0
2456076.65680 16.918 0.009 5.62 397.0
2456076.83838 16.952 0.009 5.64 374.0
2456077.77676 16.939 0.009 5.72 326.0
2456078.59908 16.924 0.010 4.97 520.0
2456078.77728 16.947 0.008 3.87 464.0
2456079.57488 16.926 0.009 4.77 545.0
2456079.76365 16.937 0.008 4.26 399.0
2456079.93315 16.943 0.009 4.58 488.0
2456080.70895 16.926 0.009 4.62 469.0
2456080.88581 16.961 0.010 5.83 467.0
2456081.65895 16.929 0.011 5.56 582.0
2456081.84009 16.927 0.009 4.01 599.0
2456082.65073 16.908 0.015 6.81 903.0
2456082.85438 16.964 0.015 5.93 1075.0
2456085.66317 16.949 0.011 4.27 1034.0
2456085.82606 16.944 0.011 5.81 584.0
2456086.59916 16.927 0.010 5.40 476.0
2456086.78265 16.936 0.009 5.08 425.0
2456087.57816 16.973 0.008 5.86 308.0
2456087.86228 16.936 0.013 5.79 974.0
2456089.63051 16.908 0.007 4.22 422.0
2456089.81882 16.953 0.009 5.17 459.0
2456092.66510 16.953 0.009 5.83 327.0
2456093.57981 16.946 0.009 5.57 352.0
2456093.77967 16.940 0.011 6.79 337.0
2456094.63055 16.957 0.010 5.68 401.0
2456094.80336 16.935 0.009 5.56 404.0
2456096.62120 16.947 0.009 6.01 323.0
2456096.81582 16.950 0.010 5.96 409.0
2456097.75231 16.993 0.012 7.48 349.0
2456097.90545 16.915 0.011 6.11 531.0
2456098.71339 16.939 0.010 6.85 346.0
2456098.88061 16.929 0.011 5.88 496.0
2456100.57302 16.935 0.010 6.24 389.0
2456100.74978 16.952 0.009 5.38 380.0
2456101.52663 16.933 0.010 5.51 476.0
2456101.68024 16.944 0.008 4.32 346.0
2456101.86716 16.970 0.011 5.55 588.0
2456102.66324 16.928 0.008 4.62 372.0
2456102.82125 16.942 0.009 5.46 440.0
2456103.57179 16.938 0.009 5.10 421.0
2456103.75084 16.958 0.009 4.96 371.0
2456104.57039 16.932 0.008 4.12 421.0
2456104.73546 16.941 0.007 4.01 332.0
2456105.48696 16.927 0.014 7.73 581.0
2456105.68353 16.921 0.008 4.87 311.0
2456108.67485 16.932 0.009 4.82 464.0
2456108.83700 16.937 0.009 4.65 493.0
2456109.66674 16.906 0.012 4.75 1043.0
2456109.82767 16.965 0.012 5.62 693.0
2456113.62973 16.938 0.011 5.53 677.0
2456113.78791 16.928 0.010 4.35 742.0
2456114.63859 16.945 0.011 6.21 513.0
2456114.81056 16.959 0.011 5.22 615.0
2456115.57408 16.980 0.010 5.14 471.0
2456115.80378 16.938 0.012 7.33 416.0
2456116.62516 16.926 0.008 4.58 341.0
2456116.80003 16.942 0.009 5.35 382.0
2456117.59326 16.931 0.008 4.15 346.0
2456117.77280 16.952 0.009 4.73 439.0
2456118.54651 16.927 0.008 4.59 349.0
2456118.73508 16.929 0.008 4.47 316.0
2456119.50910 16.962 0.011 6.98 342.0
2456119.68780 16.920 0.008 5.30 284.0
2456120.52378 16.948 0.011 5.93 381.0
2456120.71866 16.952 0.009 6.42 267.0
2456121.51555 16.956 0.008 4.75 323.0
2456123.55409 16.952 0.009 5.57 339.0
2456123.72941 16.938 0.009 6.42 263.0
2456124.52748 16.971 0.010 5.52 361.0
2456124.73797 16.951 0.008 5.03 343.0
2456125.54150 16.960 0.009 5.92 341.0
2456125.74538 16.964 0.008 5.14 303.0
2456126.57637 16.950 0.011 7.61 285.0
2456127.47906 16.921 0.011 6.39 482.0
2456127.75502 16.936 0.009 6.37 273.0
2456128.68259 16.939 0.008 4.84 342.0
2456131.55281 16.936 0.009 6.20 290.0
2456132.55506 16.950 0.009 5.49 318.0
2456133.53898 16.956 0.012 6.97 352.0
2456133.74199 16.966 0.010 5.88 340.0
2456134.66172 16.935 0.011 6.73 327.0
2456135.64106 16.984 0.013 7.79 377.0
2456136.48852 16.944 0.013 7.05 500.0
2456140.62279 16.982 0.012 5.42 715.0
2456141.64473 16.950 0.011 5.53 602.0
2456142.49277 16.917 0.013 7.09 539.0
2456147.50613 16.911 0.010 6.57 316.0
2456147.70395 16.909 0.011 7.49 315.0
2456148.64011 16.945 0.008 4.76 279.0
2456150.48438 16.910 0.010 6.68 340.0
2456150.67980 16.921 0.010 6.54 311.0
2456151.66221 16.937 0.009 5.85 295.0
2456152.53882 16.951 0.010 6.59 279.0
2456154.48712 16.935 0.010 5.74 375.0
2456154.72282 16.946 0.010 6.47 336.0
2456158.57601 16.965 0.010 6.22 356.0
2456158.73506 16.934 0.010 5.59 480.0
2456159.70199 16.941 0.010 5.36 382.0
2456160.66115 16.927 0.008 5.15 324.0
2456161.55782 16.962 0.011 6.56 303.0
2456164.55676 16.944 0.011 5.15 768.0
2456167.54005 16.938 0.010 4.44 699.0
2456168.54183 16.954 0.009 3.88 591.0
2456169.54544 16.940 0.012 6.33 535.0
2456171.49707 16.927 0.008 3.51 533.0
2456171.68826 16.937 0.010 4.87 617.0
2456172.64833 16.922 0.008 4.26 472.0
2456175.59829 16.930 0.009 5.11 435.0
2456179.51215 16.931 0.010 6.16 596.0
2456179.58959 16.947 0.012 6.62 411.0
2456180.57523 16.949 0.010 5.48 419.0
2456181.53591 16.933 0.009 4.55 451.0
2456182.53733 16.951 0.009 5.54 348.0
2456183.59534 16.946 0.008 4.15 328.0
2456184.47790 16.918 0.011 4.95 771.0
2456184.50522 16.930 0.009 4.65 350.0
2456184.52101 16.918 0.008 5.00 343.0
2456184.56500 16.917 0.008 4.30 298.0
2456184.59521 16.943 0.008 4.96 284.0
2456184.59963 16.946 0.008 5.26 287.0
2456184.63447 16.965 0.009 5.75 303.0
2456185.47510 16.936 0.011 4.31 975.0
2456185.54180 16.948 0.008 4.54 318.0
2456185.60230 16.930 0.008 4.64 329.0
2456186.55231 16.944 0.009 4.86 322.0
2456190.59018 16.928 0.008 4.25 398.0
2456191.62632 16.940 0.009 4.69 366.0
2456195.55994 16.964 0.010 5.70 556.0
2456195.63646 16.947 0.010 4.40 671.0
2456196.55696 16.924 0.011 5.14 566.0
2456196.63354 16.932 0.011 5.66 693.0
2456197.55870 16.939 0.012 6.30 578.0
2456198.56512 16.906 0.012 6.29 560.0
2456200.60000 16.979 0.015 7.34 639.0
2456201.58046 16.931 0.015 8.09 548.0
2456203.52088 16.959 0.011 6.54 433.0
2456203.61235 16.933 0.015 7.58 669.0
2456204.56376 16.951 0.011 5.43 481.0
2456205.50509 16.952 0.010 5.98 384.0
2456205.58619 16.936 0.009 5.44 359.0
2456208.53207 16.901 0.010 5.96 414.0
2456209.58141 16.949 0.012 6.60 442.0
2456210.55720 16.910 0.011 6.99 414.0
2456211.50791 16.939 0.009 5.45 399.0
2456211.58871 16.932 0.009 5.12 415.0
2456212.50737 16.943 0.009 5.28 453.0
2456212.58278 16.940 0.009 4.73 527.0
2456213.53664 16.958 0.010 5.76 402.0
2456214.51570 16.930 0.010 5.64 384.0
2456214.57662 16.965 0.011 6.23 430.0
2456216.51646 16.923 0.010 5.77 416.0
2456216.57815 16.952 0.012 6.43 474.0
2456217.54907 16.913 0.008 4.68 381.0
2456218.52415 16.914 0.010 5.57 487.0
2456219.55574 16.927 0.009 5.19 382.0
2456221.53036 16.983 0.022 6.27 1925.0
2456221.55625 16.986 0.020 6.24 1802.0
2456223.58213 16.901 0.012 6.07 756.0
2456226.51802 16.924 0.014 7.34 647.0
2456231.52303 16.898 0.012 5.60 787.0
2456233.55194 16.924 0.012 6.39 532.0
2456238.52730 16.942 0.013 5.35 647.0
2456334.88745 16.959 0.011 5.83 533.0
2456335.86443 16.940 0.009 5.65 375.0
2456337.87723 16.915 0.011 7.10 408.0
2456338.85480 16.905 0.010 6.73 380.0
2456339.85004 16.945 0.009 5.73 361.0
2456340.86977 16.926 0.009 5.47 343.0
2456342.83704 16.953 0.011 7.05 383.0
2456343.88191 16.950 0.010 5.55 399.0
2456344.88671 16.946 0.008 4.59 359.0
2456347.82843 16.930 0.010 5.64 533.0
2456348.82349 16.950 0.010 5.39 580.0
2456349.83486 16.972 0.011 5.46 594.0
2456350.83666 16.930 0.009 5.29 524.0
2456351.83673 16.933 0.010 5.83 483.0
2456352.83607 16.943 0.009 4.90 515.0
2456353.80955 16.942 0.009 5.00 477.0
2456354.78212 16.936 0.012 6.69 630.0
2456358.83198 16.961 0.008 4.51 387.0
2456360.82346 16.932 0.008 4.49 346.0
2456361.80849 16.948 0.008 5.12 366.0
2456361.88732 16.941 0.008 5.34 332.0
2456362.87041 16.929 0.008 5.04 319.0
2456363.79875 16.946 0.010 5.91 368.0
2456363.89844 16.955 0.008 4.75 346.0
2456367.89762 16.923 0.007 4.23 305.0
2456368.84882 16.919 0.008 5.35 309.0
2456369.78776 16.913 0.009 6.06 324.0
2456369.88226 16.924 0.007 4.69 298.0
2456370.83090 16.927 0.008 4.72 327.0
2456370.91405 16.939 0.009 4.58 514.0
2456371.84408 16.921 0.008 5.11 272.0
2456372.83654 16.934 0.007 4.44 310.0
2456373.76021 16.919 0.010 6.24 411.0
2456373.85375 16.931 0.008 5.27 311.0
2456374.77081 16.944 0.011 6.81 420.0
2456374.86072 16.920 0.008 5.26 326.0
2456375.76848 16.918 0.008 5.31 407.0
2456375.87574 16.923 0.008 5.80 292.0
2456376.77926 16.939 0.009 4.82 478.0
2456376.87387 16.947 0.007 3.69 364.0
2456377.79381 16.934 0.008 4.54 461.0
2456377.88435 16.940 0.007 3.33 399.0
2456378.79010 16.939 0.009 4.46 604.0
2456378.88014 16.932 0.007 3.27 516.0
2456379.77632 16.950 0.009 4.53 670.0
2456379.86502 16.946 0.009 4.33 542.0
2456380.77725 16.932 0.008 4.56 519.0
2456380.88057 16.922 0.008 4.23 467.0
2456381.79845 16.930 0.008 4.32 498.0
2456381.88639 16.940 0.007 3.67 422.0
2456382.79210 16.894 0.017 4.89 2686.0
2456382.87162 16.944 0.014 4.94 1470.0
2456386.78511 16.903 0.008 5.05 351.0
2456386.89021 16.947 0.010 6.57 346.0
2456387.77407 16.961 0.008 4.81 294.0
2456387.85740 16.942 0.008 5.45 301.0
2456388.79804 16.936 0.009 5.77 299.0
2456388.91157 16.919 0.008 4.50 383.0
2456389.79055 16.935 0.008 4.83 326.0
2456389.86586 16.921 0.009 5.81 346.0
2456390.73176 16.974 0.009 5.60 347.0
2456390.81373 16.965 0.009 4.97 333.0
2456390.90520 16.976 0.009 5.61 325.0
2456391.86275 16.938 0.010 6.83 380.0
2456393.85960 16.929 0.009 6.79 367.0
2456394.82246 16.957 0.009 5.53 365.0
2456395.77468 16.956 0.008 4.73 398.0
2456396.72409 16.951 0.008 4.72 386.0
2456396.90560 16.921 0.008 4.70 352.0
2456397.84945 16.959 0.007 4.23 320.0
2456398.76952 16.946 0.008 4.31 310.0
2456399.68622 16.955 0.010 6.14 377.0
2456399.85955 16.943 0.009 5.85 326.0
2456400.85439 16.940 0.008 4.83 312.0
2456401.78706 16.909 0.007 4.30 311.0
2456402.70765 16.956 0.010 5.75 409.0
2456402.88143 16.932 0.011 6.72 376.0
2456403.78791 16.954 0.007 3.80 327.0
2456404.73070 16.935 0.008 4.59 382.0
2456404.90735 16.947 0.008 4.51 372.0
2456405.83301 16.917 0.009 5.13 698.0
2456405.91721 16.924 0.007 4.05 381.0
2456407.65822 16.969 0.015 6.88 778.0
2456407.85292 16.912 0.008 4.53 529.0
2456408.79726 16.928 0.012 6.55 604.0
2456409.91065 16.945 0.012 5.92 721.0
2456415.86939 16.935 0.011 7.08 333.0
2456416.76686 16.934 0.008 4.62 342.0
2456417.69146 16.953 0.010 5.68 435.0
2456417.85523 16.942 0.009 4.90 431.0
2456418.71362 16.947 0.008 4.72 396.0
2456418.87817 16.929 0.007 3.92 345.0
2456419.76334 16.924 0.008 5.44 350.0
2456420.62796 16.944 0.009 5.56 390.0
2456420.77858 16.926 0.007 4.50 293.0
2456421.80719 16.958 0.008 4.58 330.0
2456422.75093 16.941 0.008 4.76 336.0
2456423.71033 16.937 0.009 4.83 465.0
2456423.90721 16.923 0.008 4.25 491.0
2456424.76956 16.952 0.007 4.13 397.0
2456426.62921 16.917 0.009 6.45 338.0
2456426.86950 16.947 0.008 4.93 361.0
2456427.90574 16.954 0.007 4.51 661.0
2456428.65996 16.939 0.010 6.86 370.0
2456428.85677 16.920 0.009 5.30 401.0
2456431.65823 16.974 0.009 5.93 386.0
2456431.84275 16.936 0.008 4.39 388.0
2456432.68207 16.969 0.010 5.79 397.0
2456432.86472 16.945 0.008 5.15 364.0
2456433.66901 16.915 0.009 5.55 372.0
2456433.86932 16.977 0.008 5.49 566.0
2456434.77209 16.936 0.009 5.05 492.0
2456435.61912 16.929 0.012 6.76 596.0
2456435.80558 16.923 0.009 4.65 591.0
2456436.60521 16.933 0.010 5.08 788.0
2456436.79591 16.938 0.009 4.36 718.0
2456437.73670 16.920 0.013 5.00 1309.0
2456437.89334 16.955 0.016 4.89 1934.0
2456441.71118 16.934 0.011 6.74 520.0
2456441.83256 16.969 0.013 6.37 768.0
2456442.61263 16.946 0.008 4.73 474.0
2456442.79654 16.956 0.007 4.19 365.0
2456443.59734 16.969 0.008 5.56 634.0
2456443.62945 16.934 0.007 5.20 527.0
2456443.67635 16.937 0.007 4.90 517.0
2456444.70729 16.942 0.009 5.83 347.0
2456444.81582 16.960 0.009 5.84 399.0
2456445.61552 16.944 0.009 5.33 386.0
2456445.82157 16.927 0.009 4.97 427.0
2456446.60522 16.946 0.008 4.58 358.0
2456446.79526 16.920 0.007 3.69 361.0
2456447.58250 16.945 0.009 5.16 404.0
2456447.76694 16.925 0.008 4.55 339.0
2456447.93002 16.934 0.008 4.33 438.0
2456448.69301 16.914 0.009 5.96 346.0
2456448.87844 16.943 0.010 5.60 455.0
2456449.65482 16.940 0.009 5.85 344.0
2456449.83852 16.967 0.008 4.44 395.0
2456450.60479 16.948 0.009 4.73 408.0
2456450.78857 16.930 0.008 3.97 429.0
2456451.54859 16.953 0.013 7.00 585.0
2456451.72973 16.966 0.008 4.41 372.0
2456451.90750 16.912 0.009 5.57 431.0
2456452.68271 16.933 0.007 4.17 303.0
2456452.91843 16.930 0.008 5.15 413.0
2456454.70157 16.934 0.007 4.42 302.0
2456454.87685 16.953 0.008 4.81 348.0
2456455.73930 16.952 0.007 5.09 399.0
2456456.65873 16.937 0.007 3.67 316.0
2456456.87994 16.929 0.007 4.23 338.0
2456457.81884 16.915 0.008 4.91 367.0
2456458.60219 16.940 0.010 5.91 398.0
2456458.78725 16.919 0.008 4.28 423.0
2456459.55426 16.939 0.010 5.81 506.0
2456459.74632 16.930 0.007 3.91 329.0
2456459.90620 16.941 0.010 5.81 501.0
2456460.84113 16.930 0.008 4.53 582.0
2456461.67029 16.971 0.009 4.99 495.0
2456461.89231 16.936 0.009 4.61 532.0
2456462.83289 16.913 0.010 5.96 419.0
2456463.60694 16.938 0.011 6.01 507.0
2456463.79823 16.929 0.009 5.58 520.0
2456464.61567 16.957 0.011 5.30 649.0
2456464.80680 16.943 0.010 4.68 667.0
2456468.60178 16.965 0.010 5.16 684.0
2456468.81568 16.918 0.010 4.67 710.0
2456469.68785 16.928 0.010 5.89 506.0
2456471.60970 16.949 0.010 6.77 344.0
2456472.65905 16.939 0.009 6.38 304.0
2456472.84470 16.948 0.011 6.67 493.0
2456473.62141 16.910 0.007 4.41 298.0
2456473.80606 16.921 0.009 5.95 385.0
2456474.56837 16.950 0.009 5.59 405.0
2456474.75914 16.938 0.009 5.44 453.0
2456475.53156 16.952 0.010 6.09 427.0
2456475.73512 16.955 0.009 5.12 389.0
2456476.50161 16.944 0.011 6.06 519.0
2456476.69016 16.925 0.009 5.26 381.0
2456477.68338 16.960 0.009 5.59 362.0
2456478.53318 16.938 0.010 6.34 402.0
2456479.59531 16.941 0.009 5.92 311.0
2456480.69337 16.941 0.008 5.45 283.0
2456481.50072 16.920 0.010 6.35 474.0
2456481.74416 16.971 0.010 6.37 348.0
2456483.61292 16.888 0.006 4.92 327.0
2456485.47191 16.965 0.010 5.77 471.0
2456485.70456 16.931 0.008 4.90 299.0
2456486.62775 16.918 0.007 4.35 303.0
2456486.82716 16.937 0.009 4.95 390.0
2456487.62827 16.944 0.007 4.57 321.0
2456487.82120 16.926 0.008 4.98 497.0
2456490.51118 16.935 0.009 4.88 441.0
2456490.69801 16.936 0.008 4.40 353.0
2456491.54429 16.922 0.010 5.68 449.0
2456491.76041 16.924 0.008 4.13 435.0
2456492.58277 16.947 0.008 4.61 380.0
2456492.76185 16.928 0.010 5.41 546.0
2456496.59658 16.972 0.015 7.68 732.0
2456497.70203 16.917 0.011 7.62 487.0
2456498.52929 16.935 0.007 4.21 392.0
2456498.70930 16.951 0.009 5.31 405.0
2456499.54334 16.928 0.008 4.75 332.0
2456500.69826 16.981 0.012 6.83 536.0
2456501.68111 16.944 0.008 5.25 281.0
2456504.69659 16.934 0.008 5.84 297.0
2456505.62563 16.950 0.010 6.58 341.0
2456505.78636 16.911 0.012 7.13 524.0
2456506.73970 16.925 0.011 7.57 368.0
2456508.49716 16.964 0.010 6.37 364.0
2456508.68940 16.933 0.008 5.70 352.0
2456509.61317 16.938 0.007 4.22 322.0
2456510.47741 16.924 0.008 4.61 367.0
2456510.69934 16.937 0.008 4.87 324.0
2456511.64076 16.934 0.007 4.54 334.0
2456514.49827 16.951 0.010 6.72 386.0
2456514.75325 16.930 0.009 6.11 391.0
2456515.73630 16.952 0.008 4.88 336.0
2456516.69109 16.963 0.010 7.08 302.0
2456518.69571 16.949 0.008 4.83 339.0
2456519.65389 16.936 0.008 4.04 376.0
2456523.56815 16.943 0.009 4.04 604.0
2456524.49104 16.929 0.009 4.21 650.0
2456525.49183 16.974 0.012 6.05 753.0
2456526.63515 16.938 0.011 5.71 491.0
2456529.57096 16.896 0.009 6.42 345.0
2456531.53862 16.973 0.009 5.61 342.0
2456532.53687 16.920 0.008 4.71 336.0
2456533.55105 16.916 0.009 4.87 446.0
2456534.61327 16.949 0.008 4.86 344.0
2456536.59384 16.948 0.007 4.34 337.0
2456539.48192 16.958 0.009 4.99 399.0
2456541.48009 16.935 0.008 4.85 347.0
2456543.55847 16.952 0.009 5.49 348.0
2456544.58645 16.938 0.009 6.07 301.0
2456545.63504 16.936 0.008 5.58 314.0
2456547.60383 16.961 0.012 6.08 654.0
2456555.57400 16.924 0.010 4.91 502.0
2456558.54135 16.925 0.008 4.61 404.0
2456559.58081 16.934 0.009 5.36 395.0
2456560.63971 16.928 0.010 5.80 463.0
2456562.59479 16.945 0.008 4.49 323.0
2456563.60612 16.925 0.009 5.44 360.0
2456564.53954 16.936 0.008 4.72 373.0
2456565.51124 16.920 0.010 5.82 423.0
2456565.60624 16.920 0.009 5.22 391.0
2456568.57549 16.934 0.010 6.18 403.0
2456569.53653 16.932 0.008 4.61 366.0
2456570.49090 16.939 0.011 6.92 446.0
2456571.52218 16.979 0.011 6.00 443.0
2456571.60645 16.939 0.010 5.86 485.0
2456572.58129 16.945 0.010 6.17 430.0
2456573.53196 16.938 0.009 4.72 472.0
2456577.51322 16.948 0.015 5.53 1204.0
2456578.49145 16.944 0.012 5.52 714.0
2456578.58513 16.941 0.010 5.30 548.0
2456579.56879 16.913 0.011 5.67 646.0
2456581.50648 16.934 0.009 4.30 525.0
2456582.51980 16.934 0.011 5.36 612.0
2456584.51264 16.932 0.012 5.17 692.0
2456585.51311 16.903 0.011 5.68 598.0
2456586.53405 16.941 0.013 7.04 485.0
2456590.51932 16.914 0.013 7.66 435.0
2456590.54657 16.903 0.011 6.09 464.0
2456593.49512 16.902 0.016 7.16 877.0
2456593.50929 16.918 0.011 5.62 520.0
2456593.51412 16.930 0.011 5.78 511.0
2456595.51716 16.973 0.012 6.44 509.0
2456695.88340 16.920 0.009 4.75 816.0
2456696.87637 16.932 0.008 5.15 488.0
2456701.85841 16.950 0.010 5.27 680.0
2456703.85916 16.926 0.014 7.43 793.0
2456705.87971 16.938 0.010 5.52 662.0
2456707.89159 16.920 0.009 5.35 585.0
2456709.84880 16.912 0.009 5.51 570.0
2456710.86506 16.940 0.008 4.42 666.0
2456711.88667 16.936 0.009 4.69 640.0
2456715.86423 16.916 0.007 4.74 370.0
2456716.85595 16.950 0.008 5.20 394.0
2456717.86840 16.939 0.010 6.51 431.0
2456718.88500 16.954 0.010 6.00 427.0
2456719.87819 16.925 0.008 5.07 472.0
2456720.85331 16.931 0.007 4.56 385.0
2456721.83325 16.970 0.009 5.47 461.0
2456722.81355 16.940 0.012 7.50 505.0
2456722.90769 16.940 0.010 4.16 1148.0
2456723.88866 16.946 0.008 4.35 449.0
2456724.86842 16.945 0.009 5.87 433.0
2456725.84332 16.968 0.008 5.44 415.0
2456726.80598 16.933 0.008 5.28 480.0
2456726.90270 16.952 0.008 4.28 475.0
2456727.87557 16.938 0.007 4.52 322.0
2456728.84594 16.935 0.007 4.30 369.0
2456729.79846 16.971 0.008 4.42 594.0
2456729.89417 16.945 0.007 4.27 382.0
2456730.84835 16.939 0.011 6.89 462.0
2456732.85670 16.950 0.014 7.71 597.0
2456733.79348 16.930 0.009 5.05 678.0
2456733.88566 16.939 0.008 4.03 529.0
2456734.82630 16.916 0.008 4.47 559.0
2456734.91610 16.949 0.009 4.23 905.0
2456735.86547 16.940 0.009 5.21 634.0
2456736.79693 16.923 0.011 6.08 632.0
2456736.89866 16.920 0.009 4.92 528.0
2456737.85387 16.939 0.007 3.47 558.0
2456738.79592 16.967 0.015 4.83 2002.0
2456741.85088 16.941 0.009 4.88 488.0
2456742.76953 16.966 0.008 4.97 410.0
2456742.85590 16.939 0.007 4.12 380.0
2456744.77079 16.941 0.009 5.88 398.0
2456744.86511 16.945 0.007 4.27 369.0
2456745.75336 16.924 0.008 5.38 420.0
2456745.85979 16.952 0.007 4.23 348.0
2456746.76167 16.949 0.009 6.00 390.0
2456746.85327 16.921 0.007 4.50 347.0
2456747.86662 16.947 0.007 4.32 353.0
2456748.88842 16.935 0.008 5.17 368.0
2456749.88283 16.901 0.007 3.93 379.0
2456750.90122 16.927 0.007 4.18 376.0
2456751.92347 16.915 0.009 3.59 1150.0
2456752.92051 16.939 0.008 4.74 563.0
2456754.89740 16.947 0.009 5.64 408.0
2456755.91376 16.936 0.008 4.72 415.0
2456756.86493 16.939 0.007 4.62 360.0
2456757.83173 16.946 0.008 4.97 357.0
2456758.85654 16.944 0.009 6.14 353.0
2456759.80158 16.940 0.008 4.31 436.0
2456760.74766 16.928 0.008 4.91 513.0
2456761.69706 16.936 0.012 7.33 691.0
2456761.86453 16.935 0.009 4.92 459.0
2456762.86385 16.928 0.006 3.19 356.0
2456763.78712 16.926 0.008 4.01 606.0
2456764.71773 16.909 0.009 4.77 792.0
2456764.89360 16.934 0.008 4.09 644.0
2456765.82834 16.924 0.008 3.77 644.0
2456768.79475 16.919 0.009 4.51 667.0
2456769.70477 16.926 0.007 4.57 444.0
2456769.87133 16.943 0.008 4.19 464.0
2456770.77243 16.932 0.008 4.89 421.0
2456771.70580 16.949 0.008 4.67 378.0
2456771.90104 16.912 0.007 3.43 493.0
2456772.81384 16.926 0.007 4.10 375.0
2456773.73327 16.948 0.009 5.72 426.0
2456773.91906 16.912 0.008 4.93 384.0
2456774.82222 16.964 0.011 7.11 414.0
2456775.81351 16.947 0.007 5.00 365.0
2456776.93609 16.923 0.011 5.59 695.0
2456777.92392 16.933 0.009 5.01 469.0
2456784.80869 16.936 0.008 4.06 408.0
2456785.78801 16.937 0.007 3.37 368.0
2456786.80757 16.918 0.008 3.33 399.0
2456786.83323 16.921 0.008 3.61 433.0
2456787.74579 16.934 0.008 3.36 737.0
2456788.84832 16.942 0.010 4.92 585.0
2456789.75377 16.935 0.009 3.72 525.0
2456790.62363 16.927 0.013 5.99 829.0
2456790.78782 16.952 0.009 3.75 550.0
2456791.63134 16.959 0.014 5.64 981.0
2456791.80107 16.917 0.009 3.49 794.0
2456792.63180 16.935 0.014 5.56 1112.0
2456792.79351 16.925 0.010 3.86 803.0
2456792.93109 16.939 0.011 4.43 1031.0
2456796.74355 16.937 0.009 3.86 572.0
2456796.91492 16.947 0.010 4.20 654.0
2456797.78297 16.942 0.009 3.82 632.0
2456797.93722 16.947 0.013 5.27 1423.0
2456799.83089 16.958 0.013 7.04 401.0
2456803.72616 16.940 0.008 4.60 285.0
2456803.89453 16.919 0.010 5.41 378.0
2456804.66682 16.944 0.009 4.71 338.0
2456804.85319 16.965 0.011 5.97 401.0
2456805.65465 16.942 0.012 7.06 395.0
2456805.84402 16.957 0.010 5.47 417.0
2456806.91136 16.940 0.012 6.85 456.0
2456807.79800 16.944 0.010 5.87 356.0
2456808.57496 16.928 0.014 7.45 481.0
2456808.77561 16.935 0.009 4.15 387.0
2456808.93479 16.932 0.011 5.98 474.0
2456809.74708 16.926 0.007 3.59 291.0
2456809.92840 16.928 0.013 6.49 539.0
2456810.73620 16.934 0.008 3.81 385.0
2456810.91852 16.911 0.011 5.08 615.0
2456811.69321 16.942 0.010 5.20 392.0
2456811.89009 16.935 0.010 5.11 556.0
2456813.76625 16.931 0.009 4.62 303.0
2456813.94344 16.960 0.013 5.73 747.0
2456814.79931 16.919 0.009 4.82 314.0
2456815.58386 16.935 0.012 6.59 425.0
2456815.78658 16.933 0.009 4.93 364.0
2456816.60925 16.929 0.012 7.10 444.0
2456816.82545 16.957 0.010 5.40 352.0
2456817.66960 16.935 0.010 5.66 435.0
2456817.85957 16.938 0.010 5.71 454.0
2456818.68730 16.901 0.013 4.40 1628.0
2456819.65655 16.931 0.016 4.98 1922.0
2456819.82390 16.945 0.014 6.43 741.0
2456823.83150 16.937 0.010 4.39 710.0
2456824.61693 16.950 0.013 5.95 643.0
2456824.81351 16.944 0.011 5.19 607.0
2456825.59457 16.928 0.009 4.00 428.0
2456825.78120 16.940 0.011 5.32 561.0
2456826.54556 16.941 0.011 6.13 440.0
2456826.73161 16.932 0.009 4.64 441.0
2456827.53118 16.966 0.011 5.39 459.0
2456827.74078 16.945 0.009 4.25 365.0
2456827.89728 16.938 0.010 4.83 520.0
2456828.67774 16.926 0.008 4.69 309.0
2456828.87334 16.914 0.010 5.26 462.0
2456829.62046 16.935 0.010 5.86 326.0
2456829.80560 16.931 0.009 5.19 350.0
2456830.59914 16.944 0.009 4.79 398.0
2456830.78539 16.952 0.006 3.90 366.0
2456831.68915 16.937 0.007 3.30 337.0
2456831.86633 16.896 0.012 6.73 525.0
2456832.68769 16.929 0.010 5.59 341.0
2456833.51391 16.923 0.013 6.72 603.0
2456833.70789 16.921 0.010 5.54 443.0
2456833.86467 16.958 0.013 5.68 743.0
2456834.64536 16.930 0.010 4.84 392.0
2456834.83073 16.937 0.013 6.41 532.0
2456835.66335 16.949 0.009 5.19 344.0
2456835.83761 16.936 0.011 6.42 419.0
2456836.63129 16.943 0.010 5.63 322.0
2456836.81212 16.935 0.010 5.21 437.0
2456837.59698 16.930 0.009 4.63 450.0
2456837.77917 16.921 0.009 4.51 470.0
2456838.54997 16.960 0.011 6.02 418.0
2456838.73535 16.931 0.009 4.87 368.0
2456839.51812 16.929 0.010 5.12 476.0
2456839.70715 16.932 0.010 5.11 470.0
2456840.48217 16.978 0.015 6.87 1245.0
2456840.71268 16.952 0.012 7.08 336.0
2456841.58180 16.945 0.009 4.81 812.0
2456841.76359 16.938 0.009 4.92 435.0
2456842.56557 16.949 0.012 6.52 504.0
2456842.74875 16.950 0.009 4.90 402.0
2456844.53619 16.926 0.009 4.50 492.0
2456844.72303 16.963 0.009 4.78 425.0
2456845.46904 16.932 0.011 5.12 746.0
2456845.62589 16.926 0.008 4.06 435.0
2456845.80748 16.937 0.009 4.99 370.0
2456847.57430 16.933 0.009 3.70 684.0
2456847.71680 16.932 0.009 3.80 623.0
2456851.61483 16.941 0.011 4.68 786.0
2456851.78782 16.941 0.012 5.22 860.0
2456852.61554 16.933 0.012 5.40 686.0
2456855.57976 16.955 0.011 6.38 323.0
2456855.76724 16.954 0.010 6.28 335.0
2456856.56157 16.930 0.009 4.84 378.0
2456856.74727 16.931 0.009 4.33 424.0
2456857.56033 16.933 0.009 4.14 384.0
2456857.75226 16.938 0.008 4.45 351.0
2456858.57537 16.943 0.008 3.80 331.0
2456858.76243 16.937 0.009 5.51 362.0
2456859.72263 16.916 0.010 5.20 412.0
2456862.67449 16.942 0.010 5.20 373.0
2456863.51763 16.927 0.008 3.93 395.0
2456863.70804 16.923 0.008 4.64 360.0
2456864.55041 16.933 0.009 4.85 282.0
2456864.74397 16.943 0.009 5.78 407.0
2456866.54976 16.935 0.011 6.82 336.0
2456866.55907 16.934 0.010 6.30 323.0
2456866.56991 16.948 0.011 6.66 334.0
2456866.64979 16.937 0.008 4.64 342.0
2456866.67790 16.928 0.009 5.11 348.0
2456866.69354 16.941 0.010 5.85 371.0
2456866.70109 16.920 0.010 6.11 322.0
2456866.70872 16.926 0.009 5.28 340.0
2456866.71791 16.936 0.009 5.13 326.0
2456866.72132 16.940 0.009 5.19 335.0
2456866.72732 16.937 0.009 5.08 331.0
2456866.73368 16.922 0.009 5.78 339.0
2456866.73965 16.941 0.010 5.97 356.0
2456866.74494 16.928 0.010 6.28 357.0
2456866.75091 16.942 0.010 5.92 368.0
2456866.75716 16.941 0.009 5.31 364.0
2456866.76317 16.943 0.009 5.70 355.0
2456866.76799 16.917 0.010 6.19 374.0
2456866.77401 16.954 0.010 5.84 383.0
2456866.77906 16.930 0.010 6.14 391.0
2456866.78504 16.937 0.010 5.79 409.0
2456866.79136 16.911 0.011 6.66 421.0
2456866.79736 16.930 0.010 6.11 426.0
2456866.80206 16.916 0.011 6.51 461.0
2456866.80658 16.895 0.010 5.99 485.0
2456866.81369 16.930 0.011 6.62 615.0
2456867.63565 16.956 0.009 5.98 296.0
2456870.69223 16.954 0.011 6.91 322.0
2456872.51600 16.951 0.010 5.66 347.0
2456873.47763 16.920 0.012 6.58 453.0
2456874.66156 16.935 0.009 5.45 332.0
2456879.64895 16.953 0.013 5.58 724.0
2456880.60497 16.954 0.015 6.91 664.0
2456881.49960 16.933 0.011 5.33 502.0
2456882.47833 16.949 0.011 5.33 441.0
2456882.65743 16.930 0.009 4.26 408.0
2456883.57049 16.945 0.008 4.49 276.0
2456885.55946 16.919 0.009 4.50 314.0
2456885.72867 16.924 0.010 6.58 427.0
2456886.65499 16.946 0.010 5.27 404.0
2456887.57872 16.942 0.008 4.28 306.0
2456888.49141 16.930 0.008 4.50 303.0
2456888.69244 16.959 0.011 6.18 418.0
2456889.63926 16.924 0.009 5.22 310.0
2456890.57853 16.941 0.009 4.92 297.0
2456891.50686 16.949 0.010 5.39 357.0
2456891.69014 16.931 0.011 6.13 378.0
2456895.64766 16.950 0.009 4.89 321.0
2456896.61234 16.943 0.009 4.93 335.0
2456900.54211 16.937 0.008 4.83 399.0
2456907.63219 16.917 0.011 5.81 577.0
2456908.54334 16.951 0.011 5.19 578.0
2456908.63164 16.941 0.011 4.78 824.0
2456912.49715 16.947 0.011 6.22 397.0
2456915.52159 16.924 0.009 4.93 361.0
2456918.50576 16.924 0.011 5.85 505.0
2456919.56200 16.938 0.010 5.05 393.0
2456922.54190 16.944 0.011 5.85 421.0
2456923.56481 16.908 0.012 6.50 439.0
2456924.60421 16.937 0.011 6.17 465.0
2456926.49981 16.932 0.013 6.96 429.0
2456927.55572 16.944 0.011 5.65 469.0
2456928.59809 16.943 0.012 6.32 438.0
2456930.52256 16.937 0.014 7.29 546.0
2456936.48914 16.948 0.011 5.15 676.0
2456937.49015 16.954 0.012 4.66 703.0
2456938.48993 16.929 0.013 4.77 794.0
2456938.57656 16.953 0.014 5.80 807.0
2456940.53881 16.916 0.012 6.13 598.0
2456942.50856 16.924 0.011 5.77 514.0
2456943.50715 16.943 0.014 6.99 555.0
2456944.54471 16.946 0.010 6.87 403.0
2456948.51815 16.924 0.012 6.89 489.0
2456951.53308 16.909 0.012 6.42 523.0
2456954.49791 16.923 0.013 6.15 671.0
2456956.52625 16.920 0.012 5.83 535.0
2456959.52618 16.953 0.018 5.65 1478.0
2456962.50878 16.937 0.020 7.18 1638.0
2457064.87664 16.931 0.010 5.04 635.0
2457066.88708 16.910 0.012 4.75 1179.0
2457070.85650 16.920 0.009 5.47 400.0
2457071.86887 16.929 0.008 4.82 373.0
2457072.87649 16.950 0.009 4.87 413.0
2457075.88255 16.942 0.011 7.00 422.0
2457076.88282 16.935 0.008 4.31 390.0
2457077.88007 16.934 0.010 5.68 403.0
2457078.87125 16.954 0.008 4.47 381.0
2457080.82462 16.946 0.012 7.38 385.0
2457081.88191 16.941 0.010 6.57 369.0
2457082.86043 16.946 0.008 4.34 338.0
2457083.83857 16.909 0.012 6.64 391.0
2457084.82043 16.950 0.010 4.74 595.0
2457084.90770 16.936 0.010 3.97 760.0
2457085.88101 16.914 0.009 3.98 536.0
2457086.85974 16.915 0.010 4.56 584.0
2457087.82544 16.938 0.011 5.02 732.0
2457088.80100 16.931 0.009 4.46 607.0
2457088.88641 16.953 0.010 5.29 480.0
2457089.85222 16.954 0.010 4.80 515.0
2457090.81880 16.932 0.010 5.15 550.0
2457090.90761 16.943 0.010 3.85 753.0
2457091.86134 16.945 0.010 4.80 518.0
2457092.81125 16.908 0.009 4.55 581.0
2457092.88962 16.936 0.009 4.50 499.0
2457097.78057 16.930 0.009 5.48 409.0
2457097.87341 16.927 0.007 3.74 328.0
2457098.82330 16.929 0.009 4.71 370.0
2457099.77342 16.927 0.008 5.20 373.0
2457099.86682 16.932 0.009 5.28 347.0
2457100.81183 16.920 0.009 4.27 454.0
2457100.90545 16.921 0.008 4.16 408.0
2457101.88727 16.930 0.012 6.55 465.0
2457102.85899 16.940 0.010 6.04 405.0
2457108.82698 16.949 0.010 5.40 418.0
2457109.87837 16.913 0.009 4.98 349.0
2457110.78683 16.917 0.007 3.77 365.0
2457110.89814 16.925 0.007 3.49 373.0
2457111.80756 16.941 0.008 4.56 327.0
2457112.82474 16.927 0.009 4.96 403.0
2457113.75160 16.927 0.010 5.76 463.0
2457114.73931 16.915 0.015 8.33 574.0
2457114.92300 16.916 0.011 3.02 1688.0
2457115.86565 16.940 0.008 4.02 428.0
2457116.85486 16.917 0.009 4.40 564.0
2457117.82943 16.944 0.010 4.46 566.0
2457118.87907 16.913 0.009 3.75 651.0
2457119.87684 16.942 0.010 4.44 542.0
2457120.81542 16.915 0.009 4.34 525.0
2457125.74874 16.930 0.012 6.60 444.0
2457126.70104 16.927 0.009 5.90 396.0
2457126.91416 16.913 0.008 3.39 474.0
2457129.84298 16.941 0.008 3.74 338.0
2457130.76149 16.930 0.009 5.45 340.0
2457131.68991 16.935 0.010 5.52 447.0
2457131.87558 16.920 0.008 3.59 356.0
2457132.79400 16.926 0.008 4.04 392.0
2457133.91589 16.940 0.010 5.36 393.0
2457134.79957 16.950 0.009 4.58 376.0
2457135.72764 16.917 0.008 3.98 392.0
2457135.91386 16.928 0.007 3.40 355.0
2457136.80648 16.936 0.009 4.43 378.0
2457137.71394 16.930 0.008 4.29 320.0
2457137.90004 16.927 0.010 5.30 382.0
2457138.77392 16.950 0.008 4.50 352.0
2457139.71451 16.900 0.010 6.14 405.0
2457139.89305 16.946 0.009 5.57 350.0
2457140.77058 16.936 0.008 4.27 426.0
2457141.67366 16.941 0.009 4.56 445.0
2457141.85967 16.918 0.008 3.55 396.0
2457142.72863 16.953 0.008 3.92 414.0
2457142.91341 16.944 0.009 3.90 400.0
2457143.78451 16.916 0.009 4.89 418.0
2457144.67404 16.956 0.012 5.90 646.0
2457144.88518 16.902 0.010 4.76 705.0
2457145.87328 16.938 0.010 4.14 641.0
2457146.71607 16.941 0.011 4.43 786.0
2457146.85715 16.923 0.010 4.38 779.0
2457147.69803 16.933 0.011 4.79 763.0
2457147.83828 16.921 0.010 4.59 669.0
2457152.83406 16.915 0.010 4.63 529.0
2457153.67205 16.921 0.008 4.36 384.0
2457153.83665 16.926 0.008 3.23 475.0
2457154.71606 16.942 0.008 3.74 372.0
2457154.90525 16.946 0.008 3.65 426.0
2457155.74227 16.920 0.008 3.50 389.0
2457155.92811 16.923 0.009 4.06 551.0
2457156.77499 16.937 0.008 3.96 380.0
2457157.75416 16.928 0.008 3.87 342.0
2457158.66761 16.923 0.008 4.52 377.0
2457158.85175 16.954 0.009 4.94 402.0
2457159.66837 16.893 0.008 4.13 384.0
2457159.85268 16.948 0.008 4.35 373.0
2457160.69117 16.932 0.009 4.90 412.0
2457160.87480 16.950 0.009 4.60 381.0
2457161.71870 16.929 0.008 3.77 402.0
2457161.90392 16.955 0.008 4.56 476.0
2457162.72063 16.945 0.009 4.87 372.0
2457162.90765 16.936 0.009 4.91 382.0
2457163.73063 16.930 0.010 5.71 452.0
2457163.91292 16.945 0.009 5.37 536.0
2457164.83886 16.935 0.009 4.98 373.0
2457166.67518 16.926 0.010 5.65 352.0
2457166.86045 16.926 0.009 4.90 427.0
2457169.60402 16.936 0.010 5.62 430.0
2457169.78910 16.924 0.008 4.30 324.0
2457170.59167 16.935 0.009 5.18 444.0
2457170.77900 16.962 0.009 5.00 356.0
2457172.59381 16.936 0.012 6.14 657.0
2457172.77770 16.911 0.010 4.83 528.0
2457172.94433 16.967 0.013 5.52 958.0
2457173.75325 16.924 0.010 4.76 537.0
2457173.92791 16.938 0.010 5.28 573.0
2457174.69677 16.956 0.010 4.40 617.0
2457174.87100 16.925 0.012 5.42 779.0
2457175.64864 16.930 0.012 4.18 1449.0
2457175.87676 16.944 0.013 4.89 1047.0
2457176.91779 16.973 0.015 5.59 1436.0
2457178.72655 16.935 0.010 4.34 698.0
2457179.69437 16.961 0.011 5.20 521.0
2457179.86451 16.953 0.011 5.51 569.0
2457180.64601 16.933 0.010 4.98 454.0
2457180.82116 16.923 0.009 4.47 435.0
2457181.58396 16.927 0.009 4.98 318.0
2457181.77405 16.926 0.009 4.90 358.0
2457181.93831 16.910 0.011 5.70 631.0
2457182.72291 16.926 0.008 4.23 354.0
2457182.89980 16.931 0.010 5.18 411.0
2457183.65667 16.951 0.010 5.94 313.0
2457183.84435 16.915 0.009 5.28 339.0
2457184.64843 16.955 0.011 6.32 367.0
2457184.83559 16.942 0.010 5.46 341.0
2457185.61264 16.926 0.010 5.77 382.0
2457185.79553 16.956 0.010 5.38 369.0
2457186.64661 16.972 0.014 7.76 415.0
2457186.91740 16.899 0.012 6.86 533.0
2457187.72096 16.927 0.009 4.77 338.0
2457187.88734 16.936 0.010 5.35 477.0
2457188.66810 16.937 0.011 6.02 388.0
2457189.54085 16.930 0.011 5.87 484.0
2457189.72897 16.918 0.009 4.68 423.0
2457189.89514 16.948 0.011 5.81 574.0
2457190.70255 16.918 0.008 3.76 410.0
2457190.88521 16.928 0.011 5.06 686.0
2457191.80770 16.944 0.010 5.87 386.0
2457193.63067 16.924 0.008 3.91 300.0
2457194.52226 16.923 0.007 5.05 228.0
2457194.71616 16.939 0.008 4.47 382.0
2457196.87939 16.939 0.010 5.50 429.0
2457197.55772 16.946 0.011 6.21 468.0
2457197.74319 16.946 0.009 5.39 289.0
2457198.54021 16.946 0.009 4.86 467.0
2457198.72568 16.933 0.009 4.75 385.0
2457198.89580 16.945 0.013 7.01 514.0
2457199.66206 16.928 0.008 4.00 326.0
2457199.84490 16.920 0.009 4.83 424.0
2457200.61432 16.933 0.008 3.81 409.0
2457200.78338 16.937 0.009 4.08 558.0
2457202.76127 16.922 0.011 4.77 715.0
2457206.57640 16.928 0.013 5.58 990.0
2457206.75017 16.945 0.011 4.52 931.0
2457207.55925 16.953 0.011 4.97 687.0
2457207.72385 16.954 0.012 5.91 637.0
2457209.65611 16.937 0.010 5.66 457.0
2457209.81506 16.931 0.013 5.69 896.0
2457211.59189 16.937 0.008 4.13 312.0
2457211.77568 16.936 0.010 5.11 432.0
2457214.54690 16.904 0.010 6.45 407.0
2457214.74496 16.962 0.009 5.06 403.0
2457217.76478 16.953 0.010 5.48 333.0
2457219.60994 16.930 0.009 4.82 351.0
2457220.51529 16.928 0.010 5.83 432.0
2457220.69891 16.926 0.008 4.06 342.0
2457221.50208 16.938 0.010 5.40 422.0
2457221.68450 16.926 0.009 4.59 327.0
2457221.82716 16.937 0.011 6.42 394.0
2457222.64747 16.936 0.009 5.46 367.0
2457222.66719 16.949 0.009 5.05 559.0
2457223.51856 16.917 0.013 7.27 456.0
2457223.70079 16.913 0.010 5.94 344.0
2457224.54228 16.910 0.009 5.45 383.0
2457224.74749 16.920 0.011 6.83 371.0
2457225.57208 16.907 0.008 4.17 433.0
2457226.60293 16.942 0.008 4.01 352.0
2457226.77327 16.934 0.010 6.12 391.0
2457227.55756 16.904 0.008 4.54 364.0
2457227.74095 16.938 0.010 5.66 327.0
2457228.56021 16.924 0.008 4.48 408.0
2457228.75561 16.918 0.009 5.68 307.0
2457229.58741 16.920 0.008 3.82 375.0
2457229.75207 16.931 0.009 4.34 630.0
2457235.52468 16.955 0.014 6.61 718.0
2457235.78544 16.934 0.013 5.67 1002.0
2457236.62878 16.925 0.010 4.91 496.0
2457249.62588 16.922 0.009 5.93 296.0
2457250.59200 16.906 0.008 5.42 484.0
2457252.65223 16.909 0.009 5.89 398.0
2457253.58941 16.941 0.009 5.20 313.0
2457255.55789 16.929 0.009 5.39 375.0
2457256.55584 16.917 0.013 6.04 673.0
2457257.61714 16.942 0.009 4.72 505.0
2457258.64304 16.935 0.012 5.88 654.0
2457261.58801 16.948 0.013 6.03 778.0
2457263.54628 16.919 0.010 4.80 647.0
2457264.48094 16.942 0.012 5.72 674.0
2457264.68057 16.937 0.011 5.34 692.0
2457265.62113 16.925 0.009 4.02 467.0
2457265.62288 16.929 0.009 4.15 469.0
2457267.57986 16.931 0.009 5.40 330.0
2457268.57604 16.932 0.008 3.77 341.0
2457269.55858 16.938 0.008 4.52 339.0
2457270.51104 16.915 0.008 4.45 357.0
2457270.69686 16.945 0.009 5.16 357.0
2457272.50204 16.934 0.011 6.35 476.0
2457273.62090 16.954 0.010 5.31 391.0
2457275.62453 16.915 0.013 5.65 822.0
2457277.61023 16.934 0.011 6.96 337.0
2457278.59964 16.903 0.009 5.21 366.0
2457283.57692 16.930 0.013 8.19 402.0
2457291.51683 16.957 0.015 7.62 640.0
2457292.52343 16.953 0.015 7.20 701.0
2457293.50800 16.935 0.011 5.07 648.0
2457294.48597 16.896 0.013 7.96 500.0
2457295.48438 16.924 0.015 8.51 527.0
2457296.52968 16.947 0.013 7.32 387.0
2457299.53295 16.941 0.010 6.46 484.0
2457300.51080 16.933 0.011 6.73 540.0
2457307.56878 16.950 0.011 6.21 436.0
2457312.49873 16.925 0.012 5.91 650.0
2457317.49927 16.946 0.014 6.23 895.0
2457319.50510 16.954 0.015 6.83 649.0
2457324.51372 16.916 0.012 6.13 581.0
2457328.51378 16.906 0.017 7.29 1041.0
2457435.86952 16.896 0.010 6.16 448.0
2457436.88835 16.879 0.010 4.86 545.0
2457438.84263 16.889 0.010 5.30 562.0
2457439.86627 16.862 0.010 5.30 543.0
2457440.88985 16.850 0.008 3.84 686.0
2457442.83517 16.858 0.012 6.41 692.0
2457445.81740 16.833 0.010 5.98 557.0
2457446.82461 16.830 0.008 4.79 511.0
2457447.82212 16.795 0.009 5.48 478.0
2457448.82373 16.793 0.008 5.24 450.0
2457449.86386 16.812 0.013 4.97 1463.0
2457451.89498 16.758 0.009 4.39 860.0
2457452.90860 16.744 0.007 3.39 680.0
2457454.86193 16.702 0.008 5.07 360.0
2457455.86455 16.680 0.007 5.13 337.0
2457456.88091 16.674 0.008 5.25 381.0
2457457.87739 16.629 0.007 4.47 440.0
2457458.87115 16.594 0.007 5.67 322.0
2457460.87268 16.533 0.006 4.51 367.0
2457461.87051 16.515 0.006 3.95 352.0
2457462.84895 16.457 0.006 3.99 378.0
2457463.89203 16.438 0.006 3.85 359.0
2457465.81688 16.363 0.006 4.34 458.0
2457466.87744 16.333 0.006 4.66 432.0
2457467.88041 16.310 0.006 5.12 332.0
2457470.83665 16.290 0.006 4.94 529.0
2457471.80063 16.277 0.006 4.82 604.0
2457472.75099 16.295 0.007 6.18 636.0
2457472.88124 16.311 0.006 4.76 479.0
2457474.75973 16.358 0.007 6.09 626.0
2457474.86269 16.370 0.006 4.65 520.0
2457475.79195 16.407 0.011 6.79 1081.0
2457475.89566 16.393 0.006 4.09 528.0
2457476.77740 16.421 0.007 4.82 896.0
2457484.86250 16.651 0.007 5.03 338.0
2457486.79613 16.734 0.009 6.17 358.0
2457487.90615 16.741 0.008 5.05 424.0
2457491.70433 16.807 0.010 7.03 397.0
2457492.76304 16.809 0.008 5.00 353.0
2457493.75079 16.814 0.008 4.99 329.0
2457494.73353 16.832 0.008 4.76 345.0
2457495.71759 16.853 0.009 5.36 440.0
2457497.86034 16.856 0.009 4.71 437.0
2457498.85986 16.868 0.009 4.78 484.0
2457499.82416 16.903 0.009 5.09 487.0
2457500.76532 16.882 0.011 5.52 592.0
2457507.78883 16.903 0.009 4.94 462.0
2457508.83777 16.908 0.007 3.51 367.0
2457511.68652 16.915 0.009 5.54 373.0
2457512.88893 16.937 0.007 4.05 370.0
2457522.94201 16.893 0.018 6.24 1684.0
2457526.85471 16.926 0.010 5.26 455.0
2457530.70450 16.927 0.012 5.12 880.0
2457534.84442 16.892 0.009 4.93 539.0
2457536.84095 16.866 0.009 4.65 409.0
2457546.67434 16.802 0.008 5.93 272.0
2457547.61833 16.827 0.008 5.38 317.0
2457548.75209 16.869 0.006 3.76 386.0
2457549.88200 16.880 0.009 5.55 335.0
2457550.86097 16.895 0.010 5.40 511.0
2457555.60127 16.914 0.010 5.23 483.0
2457557.54013 16.937 0.014 6.76 849.0
2457557.90475 16.932 0.012 5.52 745.0
2457561.69490 16.939 0.010 4.30 790.0
2457566.55185 16.957 0.010 5.90 402.0
2457566.87150 16.916 0.013 7.08 577.0
2457567.81532 16.928 0.009 5.01 457.0
2457568.83636 16.919 0.013 7.71 455.0
2457569.83278 16.923 0.010 5.31 485.0
2457570.82190 16.953 0.010 6.07 326.0
2457573.71244 16.946 0.009 5.80 283.0
2457575.64062 16.931 0.009 5.59 292.0
2457575.79415 16.934 0.008 5.06 318.0
2457576.58907 16.926 0.008 5.36 296.0
2457576.75268 16.935 0.008 5.18 282.0
2457577.57720 16.922 0.010 6.25 410.0
2457579.75398 16.938 0.009 5.36 324.0
2457582.73306 16.924 0.010 6.47 377.0
2457584.58088 16.916 0.010 5.72 480.0
2457584.72319 16.952 0.011 6.02 447.0
2457589.68821 16.922 0.010 4.49 700.0
2457590.48763 16.953 0.012 6.41 656.0
2457590.63240 16.925 0.009 4.37 495.0
2457591.48910 16.967 0.010 6.19 686.0
2457593.57009 16.931 0.008 4.79 270.0
2457593.71652 16.925 0.008 4.98 298.0
2457596.47556 16.917 0.008 5.48 403.0
2457599.54263 16.935 0.011 6.76 362.0
2457599.76198 16.915 0.009 4.77 333.0
2457600.65929 16.909 0.009 5.65 301.0
2457602.47555 16.940 0.012 7.11 460.0
2457602.64289 16.944 0.009 5.93 311.0
2457602.78120 16.946 0.012 7.11 429.0
2457603.62085 16.926 0.008 4.79 272.0
2457603.76090 16.931 0.009 5.50 300.0
2457604.58870 16.933 0.008 4.94 285.0
2457604.72829 16.926 0.008 4.62 298.0
2457605.58496 16.927 0.009 5.34 287.0
2457605.73161 16.937 0.009 5.14 340.0
2457607.47555 16.946 0.011 6.79 408.0
2457607.66051 16.927 0.009 5.37 257.0
2457608.56508 16.938 0.008 4.51 275.0
2457608.74213 16.935 0.009 4.65 353.0
2457609.61868 16.912 0.009 5.42 311.0
2457609.76223 16.974 0.013 7.14 399.0
2457610.65114 16.927 0.008 4.33 357.0
2457611.65188 16.906 0.009 5.09 364.0
2457612.57819 16.928 0.010 5.09 506.0
2457612.71643 16.949 0.009 4.70 425.0
2457616.59723 16.943 0.014 5.48 1172.0
2457617.54682 16.962 0.013 6.20 595.0
2457617.70876 16.904 0.013 5.66 721.0
2457618.59823 16.931 0.012 5.66 596.0
2457619.52682 16.878 0.012 6.45 530.0
2457621.60610 16.908 0.010 5.78 399.0
2457622.54463 16.952 0.009 4.90 300.0
2457622.72359 16.931 0.009 4.47 422.0
2457623.64617 16.930 0.008 4.84 327.0
2457624.59001 16.967 0.009 5.61 320.0
2457625.55929 16.943 0.009 5.31 369.0
2457626.53089 16.939 0.009 5.09 367.0
2457630.53530 16.918 0.009 5.19 312.0
2457631.50192 16.947 0.009 4.90 363.0
2457632.48113 16.954 0.010 6.15 355.0
2457632.65909 16.928 0.009 4.60 356.0
2457634.54506 16.904 0.010 6.52 299.0
2457636.50010 16.921 0.011 6.84 369.0
2457637.48351 16.937 0.009 5.40 359.0
2457638.49087 16.905 0.011 6.32 560.0
2457639.56217 16.914 0.009 4.64 386.0
2457643.63717 16.903 0.020 7.18 1223.0
2457645.51380 16.925 0.014 5.94 862.0
2457648.50216 16.906 0.012 6.59 490.0
2457649.52650 16.918 0.008 4.36 490.0
2457650.57438 16.904 0.009 4.82 450.0
2457651.60382 16.909 0.012 6.26 599.0
2457653.52583 16.926 0.008 4.21 342.0
2457655.53910 16.937 0.009 6.04 345.0
2457656.58374 16.959 0.010 5.33 395.0
2457659.55803 16.934 0.010 5.39 412.0
2457661.48682 16.910 0.012 6.97 511.0
2457662.57086 16.944 0.011 5.97 465.0
2457667.55699 16.953 0.009 5.26 412.0
2457673.54454 16.920 0.012 4.57 1222.0
2457681.51682 16.920 0.011 6.60 425.0
